100
100
74 23 38 65 87 18 83 82 89 88 80 88 94 71 83 52 17 41 48 55 89 21 96 18 29 77 75 58 72 71 16 90 85 57 35 17 51 14 83 29 54 23 11 28 28 3 31 5 4 27 35 15 28 29 24 14 10 13 19 17 25 6 21 8 1 22 34 23 33 7 2 16 11 32 12 9 20 26 30 18 68 11 67 34 61 91 73 92 93 13 1 76 37 31 64 63 31 37 25 79 
100
73 93 15 22 100 33 59 96 92 78 10 86 45 65 28 8 23 48 16 6 49 55 31 3 2 5 6 1 4 90 50 54 18 4 14 38 86 82 88 63 95 57 61 33 30 56 54 85 31 98 57 39 10 69 34 49 63 79 66 6 95 7 33 7 26 12 70 67 92 77 17 1 74 81 99 43 71 57 44 86 50 40 86 25 67 8 92 24 42 7 34 88 36 35 44 46 72 10 19 78 
100
19 36 36 32 89 27 63 32 89 42 79 60 26 98 61 66 2 3 1 5 4 8 66 95 4 42 2 67 20 43 14 44 50 16 78 33 8 40 49 49 51 100 88 1 100 54 25 85 69 94 18 21 75 40 34 52 16 27 54 47 12 89 80 18 25 69 33 41 54 10 96 30 53 11 86 100 30 9 60 19 98 50 36 38 13 19 41 45 51 57 41 82 55 1 17 73 6 14 57 11 
100
75 62 3 31 77 1 55 95 74 22 96 73 25 36 77 12 77 85 76 63 13 87 21 13 7 65 57 62 37 99 94 32 37 39 25 45 32 13 70 44 39 15 97 94 57 65 28 3 79 58 67 21 92 30 95 90 35 14 5 79 9 11 1 8 5 2 6 13 12 3 7 10 4 22 85 63 44 98 61 89 80 87 14 67 51 9 46 5 57 17 86 85 44 35 45 15 16 15 66 19 
100
62 57 63 38 20 30 13 5 46 29 50 80 54 16 67 11 5 56 68 44 44 86 29 46 46 59 56 25 8 12 80 9 42 36 7 73 32 17 33 4 16 39 6 34 41 40 15 10 25 30 18 42 7 2 23 29 28 22 35 8 9 26 24 38 11 14 21 5 13 27 1 20 19 3 31 37 12 36 53 72 3 85 87 19 84 74 53 41 41 36 60 66 72 9 40 44 82 1 95 34 
100
31 53 30 48 2 92 71 43 15 77 11 96 47 16 23 64 98 18 40 76 64 11 73 43 95 2 84 79 44 26 50 44 78 33 15 98 34 80 6 73 4 18 56 38 21 56 11 6 73 97 53 29 70 6 64 34 89 94 39 85 81 86 57 11 19 6 18 4 12 5 3 2 1 9 21 7 17 14 20 15 8 16 23 13 22 10 33 90 72 41 87 55 68 37 41 5 58 19 25 25 
100
26 82 63 53 24 60 36 17 50 88 5 30 87 67 33 64 61 99 58 29 61 12 4 54 16 85 20 92 95 64 80 61 26 21 2 62 40 46 88 96 41 23 82 60 60 57 83 98 45 3 78 79 48 77 26 97 73 10 16 7 6 3 10 17 15 5 1 2 16 8 14 9 11 18 12 13 4 24 42 58 95 67 72 40 52 16 100 26 21 88 44 3 26 66 57 42 44 29 11 28 
100
79 95 7 96 53 82 18 49 68 74 49 65 16 48 20 90 26 96 51 70 36 83 54 3 9 57 6 11 4 17 13 5 20 18 14 16 3 8 19 15 9 1 2 10 7 12 41 49 62 71 14 78 97 58 94 5 100 95 41 83 43 5 5 48 89 10 94 100 63 63 24 81 55 83 47 48 78 77 42 4 89 48 86 5 62 71 77 40 21 19 43 52 1 100 14 27 1 75 12 5 
100
70 99 60 59 17 97 13 84 30 47 37 42 65 86 75 46 47 87 39 37 43 41 12 3 13 15 6 1 4 9 14 2 8 11 5 10 7 77 82 89 9 84 63 15 31 18 81 95 61 88 22 13 60 85 54 72 68 29 45 1 58 31 5 92 52 34 35 100 3 52 16 88 69 89 99 19 75 81 11 80 33 60 48 52 63 90 28 56 15 54 4 71 14 8 23 87 20 25 60 71 
100
26 37 20 54 33 96 44 50 4 63 7 18 16 95 97 55 89 80 38 54 83 41 37 69 77 98 87 94 64 41 15 41 73 81 14 56 84 62 16 41 76 97 35 22 35 18 35 7 48 58 48 9 14 84 44 98 68 25 28 36 64 59 49 41 12 6 9 16 33 26 5 24 31 2 17 25 4 20 3 13 10 8 1 18 15 32 23 30 21 29 11 14 19 27 7 28 22 72 75 4 
100
92 5 14 16 4 7 6 10 2 9 3 13 12 8 17 1 11 15 92 90 90 42 89 1 30 24 10 70 80 14 4 28 35 85 52 1 3 37 59 8 100 77 46 40 81 83 33 50 40 44 61 7 86 71 100 95 76 65 18 22 20 11 44 75 22 64 90 96 28 34 11 28 48 10 86 37 15 40 89 1 71 1 82 20 55 24 4 51 85 27 67 28 51 87 35 61 85 61 89 60 
100
53 74 62 58 12 49 99 15 4 42 2 20 7 9 46 22 12 28 47 11 3 27 48 35 18 38 34 40 30 1 36 26 45 6 16 50 29 44 41 25 49 10 23 17 14 37 43 21 39 32 13 24 5 33 8 31 19 57 43 51 72 16 33 2 62 43 78 96 48 16 25 25 94 66 1 61 77 37 95 18 17 57 29 89 33 12 96 65 44 5 1 27 96 36 27 33 64 80 53 98 
100
75 3 70 90 75 66 5 86 3 99 72 54 5 71 73 72 47 39 28 48 48 84 8 92 87 2 100 25 89 28 40 35 78 47 45 93 100 98 7 63 75 90 90 25 6 22 30 33 29 1 9 20 7 24 6 14 26 32 18 10 37 8 5 2 13 39 28 35 15 31 34 19 4 3 25 17 27 16 12 11 38 21 23 36 40 41 34 92 60 36 63 88 94 36 79 37 97 89 6 65 
100
20 71 81 51 80 92 82 31 85 34 64 61 70 64 43 63 8 86 88 80 74 57 32 69 10 1 53 26 70 50 79 57 66 90 92 52 77 6 45 91 4 90 81 43 4 80 59 5 1 6 9 3 11 7 10 8 4 2 45 10 43 12 76 83 95 57 55 6 55 51 81 43 45 28 50 38 19 67 1 17 42 3 22 85 10 26 70 92 96 1 30 50 31 32 57 56 26 37 37 67 
100
54 73 67 96 81 33 32 8 97 54 77 96 75 5 25 17 24 6 5 26 33 1 16 31 10 14 3 18 32 29 2 12 4 19 15 9 8 20 13 28 30 11 7 34 22 21 23 27 23 43 100 9 16 70 58 80 37 29 45 87 80 4 67 17 91 87 73 66 45 61 13 63 30 28 13 47 23 9 45 18 15 100 69 86 38 54 61 15 59 31 23 94 78 100 29 51 17 84 73 28 
100
51 91 92 26 31 12 28 96 75 74 52 21 96 68 96 66 1 21 18 6 32 7 35 25 34 13 9 19 26 11 5 10 14 31 16 4 22 29 15 23 3 2 12 30 8 27 17 33 24 28 20 89 37 25 3 70 10 88 90 17 53 17 100 81 86 45 66 97 68 29 6 71 69 96 73 12 96 52 16 39 91 87 90 71 49 99 96 4 58 29 70 3 37 45 16 20 12 89 13 21 
100
93 86 90 15 46 97 75 12 31 91 87 96 83 16 81 29 28 34 27 24 13 3 28 99 79 83 15 49 55 29 30 73 18 56 34 78 3 30 74 24 1 4 69 63 69 2 32 44 83 75 34 20 29 74 54 6 23 84 8 45 90 43 98 78 34 44 10 6 17 13 3 4 14 19 18 2 15 5 1 12 11 7 8 9 16 86 62 75 69 34 44 64 67 35 67 72 99 7 99 12 
100
32 97 20 28 38 8 99 99 79 78 32 27 7 46 48 52 4 16 84 20 17 80 27 83 85 32 87 94 50 40 29 66 72 85 17 14 82 12 25 67 81 43 48 30 13 71 12 93 9 19 51 57 10 33 29 28 24 32 6 27 3 8 5 1 31 2 11 22 26 25 18 20 34 16 21 9 13 12 4 17 19 15 23 14 30 7 99 30 43 41 78 10 50 10 20 44 76 56 2 100 
100
39 47 35 36 48 9 87 26 67 55 50 2 13 58 94 93 43 43 98 10 52 16 19 57 37 84 84 64 4 2 93 46 57 20 68 67 3 19 12 90 6 55 72 74 24 29 21 8 93 41 30 73 4 32 8 4 24 12 30 2 27 6 11 1 10 19 20 22 9 29 14 17 21 25 26 28 7 15 23 18 3 13 16 5 88 15 59 28 63 29 75 91 47 26 42 18 69 30 70 72 
100
11 16 84 30 60 93 96 69 11 73 8 87 46 49 56 69 82 59 64 44 95 3 54 28 31 10 2 64 16 17 18 50 81 52 21 27 2 49 74 2 28 94 30 22 11 4 48 59 2 3 1 87 49 52 63 65 82 15 79 14 4 77 94 8 56 74 94 76 45 84 93 41 16 31 82 92 18 65 42 33 19 71 92 91 23 10 57 54 89 46 82 34 96 40 71 19 1 58 74 6 
100
84 71 84 35 42 5 83 100 91 86 18 45 10 85 83 57 3 22 88 2 52 1 84 82 56 90 94 12 73 44 9 80 4 41 47 46 55 21 66 38 18 96 93 79 22 68 30 22 25 21 10 17 20 9 1 12 28 18 23 4 41 16 40 5 38 11 34 13 15 33 24 8 32 2 31 19 37 7 6 29 35 39 14 36 27 26 3 1 44 3 32 17 6 27 73 15 71 65 19 83 
100
53 13 67 40 42 7 65 19 22 13 100 59 8 42 74 86 3 5 31 40 96 7 35 44 56 73 16 7 92 80 53 40 88 6 2 10 66 84 46 77 2 43 69 59 6 6 20 4 37 19 13 11 9 40 10 12 25 2 3 21 39 17 22 43 28 15 30 38 1 45 41 16 31 42 29 6 5 47 8 7 14 23 24 18 35 34 27 36 32 33 46 26 44 48 18 66 57 31 60 20 
100
16 79 94 7 15 37 44 43 95 55 49 47 21 2 39 16 69 21 84 50 27 14 27 22 92 11 16 74 84 51 100 98 13 65 37 15 91 85 48 5 29 7 76 83 1 13 11 20 34 23 4 28 39 29 38 9 27 35 2 17 14 33 22 24 6 16 3 7 37 41 5 10 25 40 42 31 43 26 32 8 12 15 36 30 21 44 1 19 18 68 98 81 8 78 42 77 39 51 53 95 
100
9 59 46 24 7 24 1 79 13 31 11 26 4 99 42 39 52 72 28 62 100 90 96 43 64 21 26 9 36 8 33 17 46 7 26 31 28 42 14 47 16 27 44 41 11 5 40 22 29 43 12 6 32 38 39 13 10 2 23 15 24 45 3 25 18 48 19 37 4 30 34 35 20 1 21 4 63 8 62 61 84 18 10 96 1 60 93 42 57 75 2 54 18 13 17 100 78 95 7 41 
100
69 83 21 9 4 6 17 7 10 1 14 11 2 15 16 18 3 12 5 8 13 71 38 77 73 1 40 58 47 2 5 66 55 73 61 26 57 90 28 93 47 93 69 14 59 83 55 38 83 86 48 43 8 61 34 85 25 16 8 5 64 3 42 2 60 95 23 74 68 82 7 22 63 84 7 63 45 36 71 59 74 44 23 25 1 45 46 62 9 30 33 14 72 97 77 44 36 14 94 57 
100
93 60 71 52 3 18 8 19 62 68 54 3 54 34 2 15 12 25 74 78 2 24 19 98 50 40 71 97 35 46 57 96 68 71 4 41 72 90 35 62 55 13 67 57 42 14 37 53 56 72 6 32 29 61 70 90 89 70 85 48 41 40 8 47 81 22 72 28 23 75 1 53 86 67 56 57 10 12 50 52 58 54 30 80 71 85 69 93 65 29 69 29 54 61 27 94 63 44 95 82 
100
84 43 15 81 45 71 8 21 28 20 33 11 25 27 9 24 19 23 14 4 3 2 16 32 7 5 13 31 15 29 12 18 22 30 17 26 1 6 10 8 50 25 50 1 9 99 2 44 84 51 24 97 47 15 35 57 43 62 91 100 57 65 1 26 12 43 62 82 91 32 62 3 92 9 77 2 67 85 91 16 20 88 71 46 56 75 77 63 57 5 28 7 24 70 68 87 61 64 5 82 
100
4 32 68 36 93 12 45 44 81 64 51 71 97 3 24 80 60 2 7 93 13 76 78 23 53 61 76 78 95 31 30 31 19 4 38 20 13 27 40 39 5 34 25 48 3 12 6 29 2 1 36 8 9 46 10 44 42 26 28 14 37 35 18 17 16 23 47 7 15 22 11 32 30 33 41 24 45 43 21 46 9 32 70 97 60 59 62 61 7 87 8 18 7 39 18 74 45 15 68 27 
100
70 60 90 3 87 14 37 5 5 4 56 62 61 98 42 57 80 67 54 58 94 46 6 8 70 22 17 64 1 50 100 43 23 56 12 96 96 85 19 70 18 83 90 98 28 4 2 1 3 7 34 64 58 13 82 12 54 69 8 10 98 46 72 68 21 61 20 74 87 17 64 20 72 15 29 47 44 51 59 18 91 71 61 20 95 22 96 11 54 40 92 21 4 48 52 50 5 21 25 89 
100
9 95 38 2 34 91 75 82 17 38 74 61 82 53 36 100 21 13 91 73 51 62 30 74 15 33 52 72 59 67 16 77 80 23 35 26 17 25 33 28 4 31 19 2 13 6 27 11 3 24 10 30 15 16 12 21 7 14 20 9 8 32 18 22 5 34 29 1 62 60 27 85 72 99 19 34 53 2 25 41 98 74 68 62 51 80 74 22 99 41 41 11 11 96 28 52 21 55 93 67 
100
28 55 31 42 27 3 73 9 38 59 26 23 10 17 20 7 21 27 16 33 14 6 31 18 15 32 9 3 11 30 2 29 12 8 13 5 4 19 1 28 25 22 24 21 40 79 28 10 44 2 96 50 86 99 75 73 62 18 86 94 25 33 60 14 80 2 39 36 27 73 92 23 17 26 96 7 36 21 5 27 48 65 29 23 60 31 83 92 8 82 36 18 74 23 36 71 56 31 74 76 
100
23 68 58 77 28 87 92 23 85 5 94 27 55 96 29 76 6 79 70 62 79 87 47 65 21 29 88 4 82 4 62 89 4 37 70 79 47 9 57 22 33 42 20 37 40 11 26 28 22 9 33 34 39 24 32 7 8 1 36 10 29 12 6 25 13 16 27 15 23 30 2 41 17 18 35 4 5 31 19 14 21 3 38 10 24 24 23 54 62 46 97 30 6 91 74 55 43 28 10 11 
100
43 99 31 10 50 93 71 55 5 18 53 65 23 91 55 68 36 99 86 10 11 49 73 78 49 59 57 23 100 26 39 7 88 7 48 11 56 11 16 27 18 29 7 12 13 14 1 30 26 6 3 25 20 19 21 24 10 28 22 15 5 9 23 2 8 17 4 28 92 70 44 44 80 22 11 19 36 94 97 32 100 47 94 8 72 75 59 29 71 33 88 85 78 42 6 14 84 82 29 12 
100
13 95 16 36 19 5 22 41 24 35 42 49 31 9 46 13 26 15 7 14 47 10 48 29 2 27 11 21 3 23 6 39 28 38 20 25 30 4 44 45 43 17 37 32 18 1 33 12 8 40 34 70 90 93 33 46 19 46 27 95 5 67 2 76 88 67 27 61 72 100 24 13 16 25 33 2 56 18 70 69 69 76 21 56 47 81 33 63 68 91 13 25 26 45 37 51 77 1 79 15 
100
5 56 40 90 41 31 41 13 43 55 83 65 41 72 41 84 28 7 9 86 80 22 23 19 77 57 50 34 95 23 100 10 8 28 25 68 89 98 29 18 9 55 55 8 19 11 24 21 12 7 13 25 9 20 22 1 23 5 26 15 6 3 17 27 16 28 18 2 10 14 4 25 93 3 19 79 21 71 91 96 82 17 50 71 72 27 99 67 12 92 16 81 57 67 84 36 59 44 68 93 
100
67 66 57 39 13 77 70 50 71 36 3 84 99 75 54 1 65 6 60 35 73 6 96 100 54 84 67 73 76 47 39 65 86 72 100 88 66 27 54 45 44 79 7 49 86 52 93 26 41 4 16 91 35 88 86 48 73 69 13 90 61 37 25 71 9 15 7 8 19 5 21 13 34 3 27 4 30 14 32 26 35 23 29 12 33 18 25 1 20 31 11 17 2 16 24 22 28 10 36 6 
100
82 39 73 61 22 57 61 22 7 80 13 33 31 5 58 80 15 11 26 2 27 20 18 14 9 4 10 25 28 30 1 32 29 17 22 7 8 19 6 13 24 21 5 23 31 16 12 3 78 72 91 4 5 36 38 27 50 86 88 49 53 27 99 72 85 79 90 6 19 17 51 51 9 7 71 84 31 21 46 44 83 100 36 55 91 69 89 5 22 62 37 37 1 29 28 72 38 68 64 18 
100
28 38 51 38 70 85 65 73 5 90 10 54 99 3 31 34 40 78 23 25 85 18 85 31 61 27 87 44 80 47 79 97 94 55 30 25 46 38 58 97 66 55 56 68 3 57 90 4 68 22 20 38 94 17 5 21 3 10 41 11 32 22 42 16 4 15 14 2 20 38 46 6 29 12 31 1 9 13 43 44 30 19 27 25 37 34 28 18 39 8 33 35 36 45 24 26 23 40 7 4 
100
56 74 46 33 86 75 78 37 81 98 66 9 87 32 100 90 55 19 70 85 63 47 18 71 13 2 59 39 68 54 70 40 12 37 89 83 4 69 53 3 1 2 11 94 100 80 78 13 68 9 16 22 10 18 96 91 45 53 86 23 100 13 18 14 42 23 76 8 46 28 80 72 96 71 61 15 2 8 87 18 6 83 80 18 90 12 34 60 90 7 17 17 54 91 60 26 69 79 13 12 
100
20 63 70 51 32 67 31 9 8 61 91 18 4 76 6 25 58 52 85 63 1 47 19 10 19 45 3 2 8 7 1 6 4 5 25 48 28 38 60 58 37 5 14 4 14 13 4 42 56 11 71 42 16 71 77 14 57 35 54 44 20 20 35 55 93 16 43 98 2 46 63 35 67 2 88 42 50 13 52 44 86 49 63 20 4 43 14 74 3 50 32 55 4 98 69 71 3 72 99 90 
100
32 22 87 27 59 100 69 82 39 21 50 86 95 42 44 30 3 44 35 71 1 31 2 42 18 75 36 30 40 27 34 70 29 52 79 66 46 50 3 8 57 9 66 81 20 44 29 25 38 5 45 7 11 35 6 22 34 19 13 18 30 33 23 43 28 24 40 2 3 4 8 21 26 17 41 42 9 46 12 16 31 37 14 15 36 10 32 1 27 39 6 78 6 17 29 53 66 83 93 94 
100
14 24 94 61 39 15 42 60 19 79 27 67 82 57 91 42 47 85 98 75 58 100 46 77 11 4 10 5 3 7 6 8 1 9 2 13 71 14 91 96 35 46 41 18 97 57 23 90 30 68 7 96 91 72 4 18 98 100 96 65 32 83 31 96 49 81 84 84 6 40 58 43 14 77 44 37 39 18 28 49 49 34 76 50 17 75 12 83 12 80 33 22 43 93 3 68 21 65 7 56 
100
28 67 93 89 3 35 46 74 20 4 12 1 5 23 22 11 3 17 2 24 9 16 21 8 14 20 18 15 10 6 19 13 7 7 37 56 56 74 56 53 63 22 38 91 6 25 43 55 5 36 92 63 38 8 86 17 61 83 3 35 13 53 50 62 34 77 82 9 30 81 64 99 76 17 29 84 99 33 84 99 29 6 81 17 72 71 13 98 55 41 86 93 2 8 96 23 91 43 94 54 
100
11 20 60 81 82 41 59 77 46 20 14 39 19 18 60 56 38 27 10 1 21 88 82 82 94 94 83 72 10 2 91 70 81 15 89 88 27 50 5 52 15 55 94 89 10 38 85 17 27 14 25 92 29 33 92 17 6 35 62 25 51 15 5 29 1 41 93 100 80 46 15 41 1 86 16 48 70 26 44 83 76 48 57 42 57 61 1 2 4 3 23 55 94 39 96 37 63 19 66 55 
100
23 74 72 74 75 55 64 20 98 71 54 37 45 77 10 7 36 9 84 74 71 83 30 20 23 18 6 12 20 4 22 5 25 2 21 17 8 19 14 1 3 9 16 13 11 24 10 7 15 23 54 44 66 73 56 60 86 98 57 1 33 43 12 55 40 31 62 75 1 16 100 86 86 43 56 38 76 76 28 20 28 64 8 31 69 11 57 81 2 59 7 11 54 58 78 99 80 77 77 55 
100
92 73 21 65 91 34 19 79 79 7 32 42 6 88 31 68 42 100 36 89 6 29 7 19 14 1 21 13 11 4 30 15 18 20 9 28 2 8 3 17 10 12 16 26 22 27 25 24 23 5 16 88 5 1 80 16 38 92 2 25 33 11 34 72 84 7 85 77 48 72 24 7 38 74 72 73 77 85 48 28 54 56 24 32 97 93 51 34 56 51 8 90 79 90 85 81 71 13 80 91 
100
100 32 60 39 7 50 89 88 97 98 51 74 14 77 5 68 71 16 6 50 94 84 90 16 100 91 90 39 66 36 51 12 88 87 64 76 68 31 35 81 53 67 86 91 59 54 51 57 65 93 71 76 6 75 21 78 16 5 82 64 90 21 31 100 32 79 83 20 17 60 19 45 94 94 44 2 3 1 49 6 87 15 72 7 2 52 28 91 100 89 11 39 16 18 30 92 94 90 65 86 
100
23 63 74 2 89 23 100 65 36 80 37 16 91 13 42 58 16 92 71 14 7 2 4 3 1 5 54 55 65 9 13 9 43 46 94 17 77 48 26 58 53 88 56 46 75 89 44 75 45 74 93 46 76 83 44 21 56 41 84 70 13 93 92 38 17 91 30 33 87 18 36 80 51 71 69 36 39 5 34 65 29 35 32 87 24 100 3 88 91 96 16 84 56 38 95 16 71 23 69 100 
100
66 24 18 82 16 34 93 74 2 72 24 77 52 46 82 33 38 37 77 12 33 71 4 53 95 2 53 5 18 90 64 12 2 33 72 18 36 33 59 49 64 35 31 65 26 68 66 74 65 1 94 78 63 28 2 29 67 95 18 5 2 4 3 1 69 15 38 68 91 53 5 19 78 35 46 18 71 50 45 76 44 24 16 22 27 46 19 39 83 65 77 32 85 99 39 35 1 8 60 14 
100
8 63 89 36 81 43 22 23 31 71 9 72 7 68 75 87 56 31 30 51 5 74 77 85 70 10 50 72 50 97 8 73 62 79 22 3 37 89 17 28 29 90 77 22 10 9 18 20 16 4 7 6 15 19 5 13 2 21 1 14 17 11 8 12 3 97 22 83 42 47 71 48 31 44 1 63 80 25 53 100 92 38 36 24 7 23 17 99 74 68 14 98 5 40 87 74 60 81 83 93 
100
11 71 86 83 73 12 40 8 70 95 89 7 29 75 86 68 59 76 3 36 49 30 78 22 26 2 28 6 12 24 9 3 30 8 22 19 14 43 36 40 16 35 10 33 23 4 5 7 27 1 41 37 18 29 21 39 17 13 42 31 25 11 32 15 45 34 38 20 44 22 39 96 15 48 94 53 6 76 95 94 50 92 22 38 62 87 84 98 98 26 19 19 3 10 41 46 6 99 82 57 
100
79 66 99 30 48 30 66 84 7 28 35 45 96 2 9 27 38 30 4 12 32 5 26 11 16 3 37 18 7 17 28 39 36 31 8 40 15 34 21 23 29 6 14 13 1 25 24 35 20 33 22 10 41 19 51 32 23 41 96 91 68 35 10 69 74 63 72 17 83 75 17 13 27 61 55 37 30 40 75 90 48 44 60 68 34 91 76 66 31 78 13 24 65 43 80 26 27 47 14 23 
100
62 47 85 96 41 100 81 77 31 22 46 46 53 49 66 59 16 44 43 66 77 41 90 93 51 71 7 73 11 72 77 48 8 12 17 3 11 12 8 2 7 9 13 19 4 10 16 15 18 1 6 5 14 1 29 69 91 80 24 49 34 60 57 47 81 36 14 39 7 57 10 3 80 19 8 47 3 50 14 86 52 63 36 36 55 62 25 39 4 22 97 49 81 37 22 28 8 24 26 59 
100
61 29 68 96 12 30 9 53 53 63 81 42 61 66 33 82 14 51 84 18 66 33 56 17 9 1 10 3 7 5 2 4 6 8 58 73 22 52 96 4 89 40 57 91 29 47 88 3 8 58 13 30 57 34 49 32 46 91 86 94 71 47 49 96 70 37 84 34 46 40 22 85 58 62 73 20 95 41 54 92 61 12 58 37 6 46 55 93 18 76 25 28 12 54 31 77 19 44 69 9 
100
52 58 98 60 25 12 16 94 54 68 39 64 63 73 12 28 97 71 33 60 86 11 52 30 14 21 24 56 21 35 82 42 99 1 6 4 9 7 10 5 8 3 2 85 30 82 20 99 66 79 71 44 81 21 1 12 34 37 39 75 68 49 34 9 85 91 35 82 4 34 29 58 84 8 58 20 97 1 21 50 23 35 56 57 70 69 67 95 70 97 60 4 30 19 80 100 33 94 40 39 
100
47 89 46 54 75 56 72 68 14 88 25 28 95 61 28 52 28 88 98 63 86 81 96 40 19 81 12 55 43 86 59 17 82 24 65 78 7 66 40 8 6 29 41 90 48 49 82 19 63 30 15 59 52 11 20 5 35 17 1 16 4 23 34 9 32 30 28 19 22 33 6 27 14 29 10 21 8 15 13 24 25 3 2 7 18 26 31 12 19 64 77 43 43 30 57 85 69 10 1 31 
100
59 18 93 29 30 19 15 18 75 52 2 33 93 40 37 7 56 57 53 14 24 1 95 93 30 41 40 6 15 18 3 20 5 34 22 33 2 27 36 1 44 39 31 37 21 12 32 11 23 25 42 19 13 35 38 24 29 10 7 4 8 43 28 17 16 14 9 26 61 33 36 21 34 64 56 10 71 14 32 27 18 26 27 42 58 34 58 58 51 29 52 93 92 2 58 27 8 88 19 84 
100
97 25 23 6 3 12 24 7 10 5 15 18 21 22 1 14 13 9 4 8 11 2 17 16 19 20 47 61 67 56 34 84 25 87 48 53 63 12 28 18 86 5 26 99 15 35 41 35 16 35 50 85 77 1 25 34 13 50 84 22 3 96 27 66 20 71 61 83 24 61 3 25 33 44 73 65 67 54 74 9 25 91 72 64 55 32 67 48 56 63 2 27 20 76 60 62 97 90 60 93 
100
13 44 76 84 29 13 21 90 60 60 43 84 83 17 12 92 83 11 24 25 26 97 73 75 56 21 72 88 46 40 77 63 21 14 47 81 75 25 93 11 98 6 1 2 4 5 3 7 41 13 22 15 27 19 77 78 14 87 100 90 99 20 28 57 59 46 16 19 22 56 64 49 93 100 43 87 21 99 73 31 89 20 87 81 6 95 60 75 71 79 23 38 35 47 80 2 18 40 39 46 
100
60 97 27 26 85 36 97 71 64 10 24 60 13 25 22 52 73 13 32 6 36 78 9 14 50 29 77 60 8 42 26 97 73 26 50 30 41 59 24 13 97 97 90 75 49 10 25 11 5 19 10 23 18 8 1 24 9 4 22 20 15 16 21 2 3 12 14 26 7 13 6 17 85 93 89 77 97 60 96 2 25 7 22 23 91 59 23 38 82 21 23 64 98 81 13 41 75 59 96 22 
100
14 66 33 54 79 34 71 69 99 96 74 75 18 65 58 91 35 34 50 14 62 59 26 47 84 59 5 12 98 66 51 30 69 90 20 16 39 42 28 12 20 8 29 15 30 36 41 14 13 26 27 44 22 21 37 35 6 9 23 4 1 34 31 40 17 18 38 3 43 32 2 25 5 7 19 10 11 24 33 45 66 59 37 75 38 17 75 15 13 9 30 89 7 22 67 59 90 60 56 21 
100
68 50 16 67 95 46 69 36 100 2 59 9 51 11 15 39 7 44 10 25 4 20 36 16 14 45 5 40 19 35 32 48 28 43 8 22 2 41 31 18 17 1 33 29 21 13 46 27 3 9 24 12 6 38 37 30 26 34 42 23 47 8 33 65 49 49 16 10 16 58 53 60 79 48 80 34 49 73 85 82 47 31 29 24 10 64 53 55 90 30 15 45 98 13 65 93 37 51 37 48 
100
69 38 75 74 35 4 43 18 21 1 58 73 31 84 6 72 33 89 84 87 82 90 53 21 53 14 21 57 26 94 30 3 44 8 53 42 51 21 96 60 38 94 27 67 98 18 43 40 85 63 39 31 29 58 42 59 98 36 62 63 35 10 47 84 22 81 1 12 12 97 93 84 33 7 76 98 6 17 19 3 7 22 4 20 1 21 10 9 2 18 11 5 14 13 16 12 15 8 30 65 
100
72 98 90 43 9 77 42 23 58 81 88 78 63 19 85 17 90 71 14 97 80 34 59 10 40 47 15 40 8 62 14 98 5 61 90 42 99 69 95 12 62 16 14 68 75 14 38 32 39 9 29 23 19 43 8 4 40 22 5 28 31 6 3 1 33 35 17 27 2 34 7 11 25 41 37 13 20 24 12 26 21 42 15 45 10 30 16 36 18 44 69 85 68 31 18 72 58 56 99 90 
100
47 30 89 73 62 6 2 11 3 100 24 68 22 23 94 57 77 94 37 95 86 17 97 75 29 38 18 99 99 36 71 65 55 9 13 16 60 75 76 36 40 65 6 53 68 11 16 10 5 7 4 3 14 6 8 18 12 19 13 15 17 9 2 11 1 5 51 69 39 88 55 64 8 32 58 93 24 42 37 27 40 51 9 27 2 7 94 69 99 88 45 88 7 94 24 68 78 83 62 84 
100
14 4 17 86 94 61 32 84 2 81 10 56 28 28 2 35 23 80 76 42 63 18 4 87 50 30 45 97 55 89 14 96 58 89 40 76 100 27 72 81 24 64 95 54 78 13 64 49 75 41 16 58 50 73 35 20 25 35 24 24 79 22 9 6 62 55 62 2 94 53 66 66 24 3 1 2 95 66 47 82 49 50 42 64 6 69 79 55 4 54 6 74 20 32 42 48 21 91 3 13 
100
66 49 73 23 91 99 68 41 64 34 43 49 49 74 10 34 6 35 21 26 38 27 14 23 7 37 33 9 43 31 44 15 40 19 11 2 1 30 22 45 41 32 13 4 36 16 3 17 39 8 29 25 18 42 28 20 5 24 12 6 61 76 19 23 34 36 5 14 82 79 19 3 94 64 40 6 52 80 39 47 17 93 32 97 40 4 44 69 29 34 84 6 44 20 91 97 7 40 53 60 
100
99 19 94 18 16 53 20 96 1 71 79 81 75 86 88 31 24 59 43 18 72 51 99 81 51 80 8 82 83 26 83 46 5 27 25 9 6 4 29 8 18 26 28 14 23 31 33 7 1 19 11 5 30 20 24 21 13 3 16 17 12 32 10 2 22 15 65 100 50 27 65 94 15 81 18 65 65 47 64 81 13 17 29 30 83 42 83 37 13 30 94 88 26 19 4 47 13 85 73 48 
100
30 25 57 26 7 29 88 77 27 100 60 33 2 5 6 1 10 4 9 3 8 7 81 44 35 17 75 94 90 15 81 100 61 68 89 41 61 55 71 10 60 86 54 52 43 54 6 52 25 88 67 78 4 79 11 2 86 44 13 32 74 32 23 3 16 1 83 31 100 66 19 55 90 74 31 80 87 20 9 41 65 92 44 65 82 68 19 61 4 89 12 96 83 66 66 71 47 35 61 70 
100
45 65 82 84 77 13 76 18 68 22 96 65 37 11 38 86 9 15 93 18 63 98 10 57 42 85 99 85 35 42 30 53 50 18 45 53 31 85 66 27 23 7 3 36 49 51 11 86 51 89 95 13 74 16 40 76 60 56 7 95 53 27 61 56 68 13 70 48 97 85 32 27 16 19 4 3 20 24 13 8 27 6 25 5 26 9 11 21 1 18 7 28 10 15 12 22 14 2 23 17 
100
85 84 91 83 40 10 15 39 78 68 65 16 80 6 8 1 3 4 2 5 7 91 45 8 30 10 46 9 64 42 79 43 22 84 83 33 33 39 34 13 6 6 78 31 7 96 73 43 42 18 51 78 91 17 96 84 89 6 81 78 15 55 5 52 85 60 12 70 43 64 57 78 78 99 86 69 4 37 21 63 47 65 90 88 38 32 77 5 54 68 31 13 32 5 19 42 42 86 63 29 
100
95 41 57 62 73 87 1 27 73 63 48 7 64 2 54 100 12 74 80 57 62 88 95 46 80 68 75 89 13 20 40 19 85 10 60 56 51 57 9 66 40 97 50 74 26 91 75 58 11 36 53 45 64 75 3 55 13 11 88 82 87 1 50 99 72 50 27 26 8 6 9 19 31 28 17 23 25 3 30 24 34 5 1 15 11 21 29 16 20 4 33 22 12 13 18 32 2 14 10 7 
100
40 25 99 31 40 91 44 20 41 23 2 76 51 14 100 91 9 3 5 7 11 14 4 8 12 1 10 2 13 6 14 71 3 25 42 74 24 29 81 64 34 72 75 29 37 97 96 19 5 99 30 53 97 55 19 27 14 56 8 3 27 10 68 1 10 31 48 23 7 99 64 50 67 47 34 95 32 6 78 72 74 59 62 74 64 56 61 57 86 60 86 10 59 82 77 2 27 76 1 99 
100
60 72 88 22 42 7 35 83 14 46 31 61 94 74 99 2 7 91 61 100 66 41 96 50 85 56 67 8 91 91 16 9 12 7 14 20 27 8 2 16 4 36 15 38 10 13 47 31 6 40 33 46 29 23 1 34 25 3 17 41 5 28 21 39 49 35 37 44 42 26 30 19 18 24 48 32 45 43 22 11 22 74 3 38 71 62 65 4 17 38 7 69 39 18 74 93 24 29 18 68 
100
26 52 82 39 14 22 69 33 91 70 58 29 37 55 46 5 19 1 12 5 10 14 4 13 11 15 16 17 7 9 2 8 3 6 18 46 40 98 78 13 18 78 40 26 68 38 15 69 73 91 23 75 71 91 3 68 39 93 71 23 85 2 85 75 25 37 90 56 41 47 93 44 24 79 81 5 37 100 68 85 61 86 38 52 81 84 3 32 68 85 28 2 98 96 89 70 36 40 54 73 
100
43 77 73 28 86 87 44 25 82 54 95 75 23 21 33 10 91 59 35 39 11 19 67 22 83 98 95 73 61 73 88 78 32 2 50 100 54 28 49 39 3 100 40 84 72 28 69 18 51 77 77 78 34 70 54 30 16 76 32 88 91 91 59 98 36 67 63 25 42 87 73 77 4 3 1 2 5 56 56 8 75 13 86 24 98 45 70 13 19 83 15 97 12 81 94 36 3 49 33 63 
100
18 32 57 67 26 97 87 80 52 7 33 35 42 79 91 98 56 85 23 88 75 79 5 88 32 4 14 99 28 28 48 40 76 47 45 10 30 14 78 37 26 38 98 92 25 86 75 61 68 6 24 26 42 4 28 65 49 96 5 53 58 72 64 15 2 6 4 1 3 5 86 51 63 10 66 83 31 16 67 48 53 46 76 92 80 21 7 65 51 11 12 34 83 95 30 28 75 89 6 77 
100
83 36 89 88 28 92 8 61 40 28 25 84 74 37 34 99 28 29 75 15 79 68 64 100 1 11 17 15 5 37 16 2 9 38 25 3 6 23 27 26 24 36 30 29 1 21 32 33 20 28 22 14 19 18 34 12 35 10 8 4 7 13 31 83 53 99 43 100 52 79 35 89 16 77 45 3 16 7 15 65 19 67 23 79 35 76 45 42 65 87 50 63 56 49 64 11 18 17 37 88 
100
42 56 59 53 79 38 100 63 98 91 65 97 76 25 86 71 2 77 95 94 47 82 93 48 57 94 6 3 10 5 20 8 16 9 18 14 4 13 7 2 12 11 19 15 1 17 33 7 52 45 85 93 26 37 22 86 82 52 88 72 67 65 99 39 10 53 85 38 49 87 41 44 19 40 24 9 65 50 43 57 40 96 31 30 25 48 50 33 63 59 58 8 4 51 22 45 75 67 76 83 
100
2 39 82 55 12 6 35 86 51 81 44 8 47 49 60 74 80 24 16 50 69 9 55 48 91 26 32 33 78 53 71 50 49 70 21 57 87 59 63 66 69 69 68 47 29 62 97 47 81 17 76 46 57 3 69 91 68 26 19 70 97 51 73 12 95 77 48 79 97 69 18 17 8 27 23 6 3 9 2 24 15 11 10 25 20 18 13 16 12 14 5 7 19 17 26 22 1 21 4 64 
100
8 99 40 29 36 18 63 41 63 50 58 98 9 31 96 54 54 75 5 69 18 13 43 36 38 75 16 4 31 77 53 33 45 31 46 18 92 99 72 27 82 81 46 78 58 35 72 83 96 33 44 25 53 24 4 97 37 98 55 88 59 7 81 17 59 60 12 29 69 74 57 46 92 90 100 13 5 11 9 12 4 3 10 2 6 1 7 8 87 25 85 72 31 34 23 8 40 90 78 56 
100
15 19 80 84 8 5 47 93 44 25 99 86 40 18 26 57 99 66 12 60 7 45 100 20 69 57 9 54 74 9 77 11 3 43 51 40 50 31 97 12 32 3 8 27 59 37 98 63 7 12 31 31 21 2 44 42 3 66 57 8 7 5 4 9 6 1 2 3 77 63 7 62 52 50 9 36 88 5 43 8 42 58 41 87 85 25 90 60 60 62 81 41 36 97 68 66 42 59 15 22 
100
47 34 2 89 65 87 40 39 74 57 66 19 45 1 46 21 44 75 47 47 4 55 89 57 85 24 42 96 80 36 63 79 13 13 70 14 93 35 7 19 25 7 72 5 3 2 1 4 48 51 52 38 53 6 44 23 55 80 42 33 48 52 94 57 37 26 75 10 89 81 37 79 53 7 45 3 29 80 92 46 18 98 67 95 100 100 59 23 1 100 44 15 93 31 20 9 27 97 56 29 
100
39 88 94 40 40 75 33 30 38 1 5 43 95 6 43 94 80 19 18 69 2 94 5 1 69 97 12 92 43 75 54 35 36 64 23 1 5 2 3 6 4 7 57 37 62 58 4 33 39 18 1 78 99 33 30 86 93 62 74 43 36 34 89 35 11 22 64 57 10 84 14 68 20 100 30 77 95 6 12 30 61 54 98 57 69 2 80 48 36 22 61 23 80 66 2 18 68 11 81 85 
100
88 8 49 69 61 95 27 20 32 22 53 56 58 59 6 48 22 81 86 8 74 16 32 38 95 10 48 60 29 87 94 81 60 50 49 61 55 73 67 42 26 14 27 51 88 54 41 75 87 50 83 66 63 89 50 13 49 70 91 37 76 45 33 2 15 74 78 76 76 31 70 52 90 64 63 95 9 81 62 19 81 58 58 85 50 1 61 73 54 75 24 4 49 14 78 14 74 29 10 72 
100
83 94 54 62 33 33 62 20 43 90 57 78 41 81 39 20 26 44 7 9 21 4 28 30 15 29 32 20 27 42 50 5 41 1 47 18 6 11 46 17 14 19 16 40 2 36 43 45 33 35 22 31 12 23 13 38 48 8 25 10 39 49 37 34 24 3 27 52 70 38 51 74 52 90 68 8 92 96 77 80 86 49 6 26 31 65 96 83 90 2 55 45 25 87 13 53 62 74 51 74 
100
54 79 52 62 67 92 57 53 67 95 63 25 82 38 98 55 69 100 3 16 58 83 8 57 65 57 42 16 24 57 20 86 92 94 87 15 45 65 55 71 7 27 35 26 77 33 56 53 18 61 13 48 21 36 21 93 2 3 4 1 30 63 78 26 15 31 12 88 34 83 4 87 28 96 49 56 46 53 79 15 36 66 8 88 87 33 94 21 85 36 4 29 42 10 47 39 8 24 47 50 
100
59 87 85 72 78 50 50 50 38 100 90 56 52 95 70 98 22 9 43 43 26 17 74 30 29 11 82 21 6 10 87 36 23 85 11 6 78 45 13 19 41 62 15 71 2 71 97 67 32 57 68 70 79 99 1 7 6 4 2 5 3 58 18 1 96 36 5 36 14 27 5 31 42 9 31 83 26 68 34 38 37 80 84 53 73 86 11 16 99 49 93 35 65 91 26 22 12 94 11 31 
100
84 26 10 59 39 19 97 62 19 47 38 26 16 37 70 34 67 86 99 14 90 96 54 24 12 2 5 17 3 10 6 13 27 7 25 19 15 9 4 1 20 14 8 11 16 21 18 23 26 22 56 22 31 14 39 36 3 58 29 85 55 7 77 64 40 81 1 75 89 36 48 19 9 37 5 20 16 96 82 58 52 92 93 54 83 21 47 66 86 2 34 2 35 94 59 26 86 93 76 74 
100
95 30 35 70 37 73 74 36 27 30 7 19 49 20 3 35 88 91 17 73 68 62 70 75 33 6 44 34 9 20 14 32 15 10 39 41 11 2 18 36 38 21 3 30 17 1 24 40 23 35 13 22 28 19 25 27 8 12 37 31 43 26 42 29 16 4 5 7 64 59 41 34 58 69 66 13 66 16 79 94 41 80 59 30 74 35 50 51 97 73 41 73 34 25 88 94 98 17 100 31 
100
79 30 19 27 78 55 88 15 68 55 33 40 9 6 35 82 72 38 66 97 98 20 49 73 24 41 90 7 24 49 13 67 24 73 35 10 4 1 19 31 23 5 15 35 16 29 32 12 9 18 30 33 26 24 14 8 34 25 28 13 2 17 21 7 3 6 20 11 22 27 78 42 40 15 75 92 40 55 80 69 37 47 32 99 48 34 39 75 88 61 32 73 34 23 67 62 84 70 77 99 
100
88 50 33 52 59 29 33 93 28 22 10 89 84 13 93 67 45 30 5 46 25 28 94 24 62 18 70 43 1 9 34 40 40 55 96 80 61 62 91 87 57 3 3 76 73 97 50 41 40 11 43 15 22 34 30 9 35 43 24 3 41 14 28 5 15 17 1 2 21 39 16 31 7 27 42 6 8 33 32 4 29 25 44 13 10 26 12 40 18 11 19 37 20 36 38 23 65 12 1 7 
100
61 20 28 60 4 81 94 28 29 52 48 73 22 15 59 43 65 73 5 33 97 1 41 47 87 8 30 28 97 17 23 10 6 58 44 34 39 74 95 6 39 10 37 83 57 8 1 2 5 10 9 4 6 7 3 58 96 88 68 6 85 88 21 52 56 48 8 67 19 92 91 37 26 27 51 92 40 44 100 21 23 56 11 85 18 31 16 39 50 68 98 43 74 29 56 96 55 66 43 68 
100
13 7 8 47 41 60 1 100 60 32 13 74 39 91 66 49 4 32 77 82 80 6 76 98 9 50 5 72 93 98 4 100 57 4 89 57 99 97 63 36 90 53 39 33 45 18 37 77 44 3 81 77 81 82 74 53 26 8 34 64 16 81 37 7 1 12 8 6 3 9 10 5 2 4 11 85 29 14 93 43 85 25 45 9 6 37 91 5 39 67 51 18 79 59 45 13 60 65 98 78 
100
76 29 15 53 17 22 79 6 36 22 31 44 37 39 15 41 46 19 26 1 32 45 4 30 35 5 47 12 21 17 40 43 34 38 33 29 20 10 16 3 14 9 24 25 13 11 18 42 7 27 28 8 2 23 71 83 39 29 87 49 7 54 98 13 5 60 78 42 56 59 87 96 37 67 100 69 22 12 19 17 84 14 41 34 58 27 100 83 45 79 59 13 93 20 4 28 22 47 76 58 
100
54 29 64 72 15 54 9 100 52 51 91 32 65 19 1 72 68 87 97 8 5 6 1 3 4 2 7 42 10 93 12 98 66 37 1 94 26 67 35 90 78 37 18 82 11 44 100 67 62 80 21 97 21 30 51 31 6 62 33 1 94 3 54 15 66 19 72 100 38 97 68 58 53 33 94 83 86 14 38 31 53 61 41 47 77 71 72 37 39 29 74 24 25 39 80 47 47 86 33 70 
100
24 99 96 17 21 96 13 12 88 56 22 87 62 26 98 51 77 44 18 16 62 80 23 4 27 52 32 1 61 50 65 60 30 30 31 97 87 9 18 79 47 92 53 63 91 5 80 10 55 67 99 52 60 26 82 95 24 18 30 45 1 5 36 83 76 89 29 23 16 5 30 31 1 21 20 28 17 2 3 7 33 26 9 11 18 12 14 10 8 15 6 32 22 24 19 27 13 4 25 20 
100
78 67 11 11 71 88 90 57 56 98 3 28 69 92 46 21 21 70 49 91 19 12 7 25 14 2 6 3 5 20 9 10 15 8 21 22 24 13 4 11 16 1 23 18 17 75 76 22 57 86 49 3 99 78 94 89 93 57 16 63 98 76 17 90 49 8 46 7 99 3 40 19 68 13 88 44 24 55 23 56 80 96 61 31 95 39 37 73 28 36 51 29 72 11 24 60 40 41 92 13 
100
42 37 24 42 51 15 90 4 25 19 14 15 5 13 11 8 22 23 18 24 3 1 17 2 12 6 9 20 21 16 10 7 83 55 32 31 71 95 91 99 97 33 50 96 62 59 56 85 95 29 95 53 29 14 21 98 68 59 55 38 65 97 6 68 51 12 84 64 3 39 14 78 97 78 28 11 56 71 70 47 17 77 12 2 57 84 19 55 37 61 73 34 18 35 30 78 73 67 33 2 
100
29 45 70 21 61 14 40 82 20 34 10 17 25 11 32 25 9 24 15 27 16 34 3 2 8 4 31 37 17 6 30 38 18 20 26 36 1 12 33 19 21 7 22 29 5 28 35 14 10 13 23 33 30 82 32 84 10 25 13 93 37 76 57 93 11 38 13 40 99 12 14 71 35 92 31 19 99 68 62 50 59 27 34 74 16 71 45 73 26 31 28 31 17 52 74 64 85 25 54 20 
