94
242
97 19
57 53
18 86
18 27
56 20
91 24
44 24
7 87
47 11
16 28
6 80
33 23
60 29
15 59
42 42
86 29
72 95
49 71
16 49
61 1
76 37
53 87
30 61
23 68
35 59
25 5
69 92
55 29
68 81
82 14
82 92
86 96
69 26
7 15
85 93
1 45
53 61
76 51
5 4
35 72
41 4
65 38
48 68
40 53
67 78
33 9
4 71
44 16
25 26
100 58
78 8
83 12
37 82
88 93
55 10
17 2
67 95
61 99
97 20
31 36
48 14
33 98
71 31
8 54
57 26
64 23
2 75
94 82
11 51
37 96
71 75
37 38
97 93
12 15
29 47
11 46
35 48
64 38
52 63
16 54
68 70
8 86
24 63
68 59
91 85
93 41
53 34
59 35
1 75
84 61
13 38
13 76
85 5
32 87
