95
196
70 36
58 2
88 50
17 99
37 3
93 66
17 63
83 12
70 12
58 41
7 27
80 60
71 46
60 43
70 84
36 46
77 38
45 8
53 6
2 94
73 98
19 53
44 30
41 4
47 12
59 71
38 80
30 33
7 31
39 54
56 65
55 13
58 36
67 49
19 65
27 92
27 84
14 41
86 89
94 14
53 38
62 77
39 22
65 29
26 78
56 8
28 49
35 29
86 89
55 76
74 67
21 21
77 38
96 21
28 66
1 30
59 23
66 25
79 1
65 29
76 10
70 86
31 46
62 9
74 52
19 24
25 20
63 68
89 82
15 16
22 5
24 45
72 92
41 66
46 37
61 74
92 98
65 2
74 84
24 75
76 75
46 7
87 2
85 76
19 82
43 81
85 71
25 62
39 69
37 32
41 18
33 61
1 55
54 3
28 15
