100
788
81 68
85 8
25 41
64 66
94 41
73 45
47 58
83 59
31 32
36 46
14 46
74 9
66 27
75 33
50 59
66 58
83 46
83 7
52 89
90 85
19 54
75 6
42 54
99 15
86 70
47 8
14 83
20 75
75 87
69 100
42 16
41 16
40 97
12 91
90 8
18 82
63 20
99 96
90 33
29 43
6 44
96 64
5 7
47 76
35 69
25 65
71 2
49 12
32 52
19 42
30 80
55 32
86 69
95 7
29 23
2 21
67 74
72 99
12 77
40 80
76 67
10 100
87 94
73 93
83 71
86 4
81 91
18 47
42 12
97 42
67 4
3 17
91 6
99 67
79 54
94 97
25 54
73 92
7 24
53 95
62 38
27 84
72 29
28 80
81 34
20 19
83 6
76 85
45 15
31 82
72 3
9 72
5 79
48 40
21 73
85 44
85 67
89 57
55 82
18 22
