28
22229
30670 38913
60597 45442 15017
39544 29095 17083 24680
20202 12395 37983 49641 21815
51169 48206 9230 39231 33515 23655
14261 53986 22633 41613 6592 34304 60217
51356 54029 33402 35387 38006 55422 25646 45137
22525 35569 37629 33882 28941 46920 17096 22838 51592
38497 29548 44485 22351 52510 28877 44263 7233 27741 21193
11644 9790 28928 32063 45668 36646 17381 8208 27263 31961 47598
14108 45229 41270 37881 35395 35790 47646 32487 44389 44738 37234 5017
32866 63592 32017 22253 44826 29602 57051 47557 45422 22352 42160 6399 19261
1616 18543 15740 35941 36738 20474 23581 53450 44488 19760 38336 16456 18434 24048
30535 20163 28942 11293 31120 48153 26572 60819 33149 37928 38686 25652 24556 44756 38371
24033 53695 45050 42747 46201 32724 34683 14663 52700 32525 28983 26533 39914 20552 29966 30965
7299 57447 26336 57369 22918 34888 26254 48113 26836 36045 24567 22363 27726 7893 2809 43319 37331
23359 27512 54375 4931 51949 20817 42954 13950 58044 55397 40512 52579 33681 59541 57001 13780 31302 46526
48101 22960 32705 49092 13524 44758 14556 21124 62550 14121 46716 34271 20811 32901 30078 15797 52883 42188 57028
43494 39694 51679 18220 50771 37276 8605 28568 56026 47389 27110 34022 31581 17520 27802 40952 34746 37496 32665 50605
43986 44562 33986 26340 57221 19998 59894 57471 26291 21886 10519 31580 20797 21266 51201 27741 31488 33208 55447 21600 35808
18512 30904 16455 30650 47548 53827 43248 32367 38108 39706 29500 43999 17550 38172 28684 22506 24498 36392 23614 42609 43306 24608
24756 34642 36821 28899 37452 46703 44691 45648 29159 15270 19525 8777 27750 27352 23497 19117 23207 25573 31743 16732 33164 37549 30665
43061 37363 12048 17927 11547 43198 48366 35223 35306 20171 35880 4441 33924 30972 47260 22575 28363 34863 10795 34040 42651 18758 38070 27284
38358 29983 30746 34787 45661 12444 41019 34757 32271 35995 9463 49434 34508 34302 59949 14018 58996 34211 40894 6045 49895 57452 16778 16011 19972
55095 38769 45676 50604 38629 13651 42528 29632 14423 31504 30854 44575 49259 38024 46208 22185 40963 31132 37102 23358 46077 60971 28846 46525 50490 33299
25248 27656 34971 37176 8614 36862 40702 50038 5280 49022 5445 36017 52844 42091 25678 11463 36330 29857 28923 44950 15868 29186 35882 27906 30081 27247 29373
35048 30553 47047 19858 29481 12901 49130 12683 26533 16771 29880 8070 60988 27539 21521 1125 23246 41847 26580 47366 19772 34831 50658 33355 12645 58425 36892 37139
