54
31443
17673 25243
31725 59519 34762
24873 49838 22280 60003
22086 52342 30929 45618 45651
36005 56376 24729 33199 29339 27552
45815 27832 27065 28005 8876 14290 22876
33771 25879 17243 9448 44431 27546 35762 43962
17585 25491 43320 51506 32691 46692 53325 21683 28916
35180 53586 41370 34516 15882 6309 32584 35763 29088 44711
47389 9713 32141 47032 38521 22509 30512 62521 23229 32777 12266
49288 50503 55460 46364 38150 37239 30750 53284 34324 30384 20694 34405
17424 10318 45359 39227 39772 21940 17285 34312 62551 10818 36411 34349 21344
19798 62384 3848 22744 25169 45636 20987 49439 34963 25686 48228 25750 56189 32841
30629 14235 29293 55417 26909 51855 24771 39753 45612 18898 13794 21272 45105 32197 32038
58950 31886 19143 15858 5938 27809 12598 31654 33854 37324 52598 46496 42953 14702 22501 26433
55347 60647 9442 34793 18396 29078 42190 35577 34084 51421 58377 57295 31338 12314 35572 29131 28176
41134 24045 43087 33397 20474 15701 26298 46585 44892 9612 35948 25340 27703 12019 29894 49118 61415 36329
30502 24318 57294 37580 26349 44734 40269 43520 37755 31101 17858 56290 51248 26011 45711 52436 52333 30072 30995
48436 25487 34676 27309 35171 52473 54766 38079 43458 17418 30536 49320 45743 32802 56801 29639 21644 46242 22553 28542
23479 37096 36944 12587 45201 16469 36070 29232 22394 59977 45114 42988 28883 45604 14510 33727 14587 46918 16546 29448 34896
38159 48755 40745 21302 25311 33925 28032 10763 13334 16692 32622 14638 38932 32483 45653 18688 39482 41968 40848 48609 16870 29374
7301 38962 37496 35241 14991 29777 35667 25365 18192 35487 42964 21854 19305 44924 24412 37607 36088 54089 9547 10766 36127 33381 26881
34102 35133 25902 38367 27323 31410 49160 37698 32001 5853 29521 17550 14949 20256 31592 35104 32071 20697 28846 15448 31753 34154 34691 46489
18698 37426 36936 51264 21162 22672 30555 17326 58185 30182 50461 29507 41287 17299 40430 7775 36611 22262 16943 34915 35551 33136 36414 28845 20282
20578 31356 37533 29300 36138 39754 42390 59116 48427 8454 56564 31493 41409 22546 26650 22811 14414 43213 62056 34705 47667 6038 41788 26822 7374 50382
40439 15130 4481 27861 33273 39148 34218 26636 27299 30879 41643 10961 28499 11407 52707 17797 41833 25375 43186 25736 38472 42670 36983 53307 21324 56732 40596
27901 57816 51784 43111 47916 50508 35604 48978 55084 32006 39519 12468 31067 33895 20105 34285 30232 21199 23026 33884 15812 23455 51962 44387 23743 36405 35840 48736
31594 22001 25446 12468 56867 39477 29579 14784 58699 48736 15055 51938 36162 41426 37778 37245 28265 8172 13364 30445 15647 4108 12052 41108 51650 50579 29332 28627 32950
36833 18707 33288 27224 14934 55537 12437 43786 35923 9358 37081 33578 51509 35402 29747 53017 45151 17540 26629 34616 32048 59806 13742 16357 26376 27639 25229 43394 41288 39407
45060 36973 56142 40422 39793 23815 49275 32316 24118 37808 30767 40272 28082 21705 42442 47492 31557 23729 26796 27960 29774 33734 56373 11977 33327 15980 38853 20635 35398 7425 11964
33034 44532 52196 12410 51833 51867 37750 43104 4934 31126 55319 40396 7636 36939 39464 37918 34943 40981 30215 35513 19883 63062 9237 31994 50100 7279 30898 57922 40189 55230 25663 44529
26596 43429 29467 53095 36556 53123 19876 45573 22545 17080 47166 15656 26135 14499 37703 21556 46907 41638 23326 22150 42461 11807 43044 40830 26719 50288 11961 34431 37152 35576 16190 24294 36480
25366 17937 30740 43743 27180 19347 40297 35997 31129 29732 5701 13849 42684 32805 42505 34229 49910 52212 35859 13776 23464 53234 33731 23754 47664 41088 17532 27906 58353 28156 33178 13531 6727 33992
27264 24241 23188 19779 10894 28903 56889 19404 26914 19932 39572 41156 18845 46064 49415 34955 60255 15746 16112 23426 27081 24821 15793 3591 23609 28837 41641 45179 22031 39669 36664 28478 26286 27204 57533
37553 39282 17650 12442 32563 30142 60766 21549 46370 32498 33258 23768 20706 46188 31989 6138 35537 37261 13535 36595 14158 3509 23560 34594 50874 40005 32976 33257 50549 44187 36246 15526 23520 10775 18620 45242
20057 31771 21665 37766 32065 34310 44965 22120 25848 10040 13352 9923 40415 47890 39050 60915 23637 6386 61226 20826 61624 37945 42602 12889 18284 31815 34985 44622 26830 40060 15431 40603 31040 48185 50084 39071 14624
40667 32032 28089 33999 33733 8986 11083 21678 42582 19444 39604 48411 15854 27149 16723 28280 32238 19397 24714 13603 38324 39804 30135 31101 45217 24466 47676 49126 30229 31334 9080 10431 35184 43610 25291 28775 35346 35278
26004 61244 37723 36639 21813 39330 48299 36017 5900 32759 39266 45280 19578 52890 47328 34319 53985 19948 42630 29340 50076 25165 27058 14570 29713 35870 34244 63317 30107 26557 31263 43073 5532 44427 16928 41482 23925 12776 21800
38675 37508 25909 42647 38330 46635 21457 42445 34914 34249 42522 48683 13671 31422 41076 22286 48941 51817 41789 54234 42001 26156 10964 37868 15987 31589 53146 29348 50357 62326 50671 51045 18742 29630 24116 25996 47702 23964 33991 40058
25205 20082 16905 46991 26611 40863 47706 32299 19759 59010 44571 13231 28811 29820 31146 38777 35942 22254 38248 25833 14112 22326 38326 21346 25368 31415 10994 38464 57009 33485 41342 56550 21575 27866 25017 53940 51773 29247 28674 40712 41714
34906 27834 58691 40134 24717 37953 17605 21016 26678 16120 55535 14667 18615 24893 14623 42171 26479 35697 30901 49867 26046 59892 10004 40410 41219 17703 20376 40008 45728 33129 31140 32884 28659 40728 10392 59584 27230 47768 56274 20363 28480 35911
3763 35637 34809 26756 14491 52766 31208 49072 19691 42662 18031 40491 47873 32556 43756 44118 28221 7698 41152 44687 19969 9655 23884 34103 48556 38011 20974 44206 7326 50366 44041 15701 17976 27872 21753 27531 37336 40768 29216 34734 21215 19008 25823
32290 55469 14399 19092 55108 28322 36765 31905 46966 56351 21178 36965 24342 25729 24566 55103 10885 18219 29104 24209 37412 49020 40522 28602 10833 34004 22563 36889 41838 19092 28059 33040 51673 49178 2322 49149 34291 37063 12520 34370 23580 25595 18300 51518
27829 23830 35632 47697 29725 39800 38500 50906 19122 47745 24437 38971 25816 20881 14535 37842 21229 29704 20662 23296 49488 45382 45477 19239 30818 38060 16882 32162 23683 42392 17408 51159 28180 26474 54827 47905 51571 22917 29399 42210 42753 30534 28768 36475 56094
47118 33065 15690 54827 36669 45968 12977 42119 27699 61944 11279 28304 14929 33469 41668 30890 24820 34883 52271 9011 50048 32999 39346 27274 16722 50953 47275 26384 13770 37131 37500 19749 30795 29004 52356 27946 23602 22060 51234 13181 45280 35339 41656 10367 16821 45897
46501 28816 54801 21573 5704 19473 45397 19297 38402 38752 37599 54012 16948 51934 13839 33142 25660 31468 21064 51502 33149 22504 39654 30855 23379 44596 48972 14813 28448 58927 27354 37779 30277 33848 17646 59400 26144 43184 28905 30108 28691 36855 36395 22190 33148 37486 47125
33185 50109 9331 34309 18641 7221 22119 35675 23201 11332 21674 22394 49520 20809 26525 30142 25502 9382 29599 28042 33674 31673 30990 16958 49046 26596 37966 29496 37409 46726 32189 31705 53643 28927 35258 21377 45108 23726 43174 28049 15484 31477 26337 14695 24770 35122 27852 8803
58216 32966 32453 36839 59085 5906 32045 25938 26961 15732 25700 33284 17748 8527 52427 16734 45366 11263 60097 31422 48982 33510 36516 33157 24086 34661 42200 9491 22485 55002 13754 12488 21235 19111 26028 27653 53712 30763 29964 39463 13004 45253 49211 31377 45126 33239 49050 51362 24736
13504 34695 15290 13881 52959 51300 34618 32625 37270 52879 23168 26280 31299 33385 24813 29246 49736 26706 49633 33938 57092 41131 8380 56326 33239 26579 40158 37626 38944 38440 53671 40907 52033 40974 54903 54493 32920 5603 16046 24716 22918 41990 6572 52539 45933 37592 29394 33096 10152 18105
20862 16150 35741 16394 47376 42241 28839 39721 43243 11629 42024 36983 40044 11958 12161 29780 35572 23359 22544 14113 26595 49510 40759 25917 41625 52110 49749 42758 9847 49171 47818 49376 56026 49497 48629 37673 41766 19901 48440 39488 24248 16287 26097 28294 26864 19809 41346 17499 39217 2402 38218
27680 49880 57858 41640 21043 46406 41377 26366 32501 15323 28319 48043 38598 40439 52059 46606 23047 40699 5687 42888 9494 32325 35218 40314 28756 30517 15308 57666 20514 49454 40772 30787 29918 36748 33373 9177 43754 37298 36723 24934 55973 29440 52457 27211 34926 56020 7454 46054 54438 27791 48754 28569
31661 18321 52036 35522 21988 34619 47607 11971 22441 17131 56551 49403 37213 3585 25207 25290 44896 30688 21766 61839 31251 35812 6900 34476 21973 53616 30368 30591 17156 19428 34412 21866 24068 31390 17591 60876 24371 22783 34785 51717 39664 24167 33354 44916 33180 32311 49746 40827 40855 42957 12888 22392 40258
50825 39102 20684 48891 16845 38883 16600 25891 31992 11815 39162 35866 55146 13802 34453 52289 44164 25996 29445 23031 21412 53100 33708 34202 41003 25068 39403 48014 57721 26475 54048 33840 25326 1609 34989 33762 27627 16614 20465 31490 49101 30114 31307 50673 40439 24284 38173 23824 16840 37622 27078 54461 25248 33871
