151
59196
20956 31780
14562 40252 29590
17775 46148 39275 42231
29593 21373 12328 23903 47362
23532 20948 36911 41994 20211 35535
44229 40720 27120 33658 7809 61558 42564
32819 19653 15003 14672 24923 39664 31711 38002
41810 26722 36514 25869 24185 36988 10564 38013 18223
27292 24100 51236 11730 51747 39844 24931 32454 32369 44067
32152 17000 21222 13825 30245 40218 36579 48030 57449 20282 30149
39770 36291 46377 18159 3988 35733 51016 15808 44718 41790 39413 37272
27399 55837 23954 30168 4863 29076 56957 39390 53494 26369 34071 10507 43852
62406 21952 19135 33888 36162 28889 8794 39572 25813 37569 20284 2120 59358 37846
27845 17369 49087 26748 4693 8107 20950 41233 21324 51738 16260 27124 16138 19849 26155
35718 24816 36950 24358 27175 49244 21732 32731 34360 24750 47503 22949 31767 49481 14523 14822
33829 23946 43204 43519 29378 44242 48141 28494 14415 41601 33012 35637 57643 44535 25052 15123 5556
47765 42273 30792 39502 44984 27943 30771 53079 28868 14411 11318 12590 56598 57581 49583 22580 20494 40303
41472 30921 8463 32816 29320 25422 9078 30608 38054 33825 42660 19951 42428 25507 30201 43437 32553 42548 22741
36137 46668 35893 37529 22213 7302 29188 25251 16608 48952 20482 1107 25050 26560 14992 12044 44050 39809 25100 38442
28139 7127 37592 26896 20929 26148 13651 21278 24055 13257 19932 31666 62700 31268 31956 34349 21760 27287 32411 4591 39058
29312 43922 14937 13829 47937 30743 38601 32693 10809 29835 15007 41989 24776 19790 13630 11604 15437 19137 37378 33282 22058 20803
55374 58478 33725 24882 2946 29434 22120 38642 43772 43013 7050 10977 12829 23023 23683 29022 38981 15128 24242 23242 20693 55776 41849
29573 52011 41126 26678 25584 29351 21964 42570 28777 11947 39857 37654 31057 25238 61621 40952 31496 28104 12088 31315 36335 11170 36250 35715
26213 29570 40506 63722 54472 39113 20346 41961 17788 27351 27577 43486 49374 46348 6487 25643 60240 16073 55988 26671 34096 19307 36400 34633 27359
39509 28202 20187 5310 26342 37124 34884 38699 26750 59677 47331 41608 21118 17621 41498 33587 21572 20108 49479 41357 39217 36002 53196 33270 51365 24950
49928 17615 34304 35690 19547 42615 28834 42206 22820 32588 41963 9263 37573 50098 46907 56257 24220 33799 15858 31216 24074 60586 18288 35103 28273 17916 24342
28588 43308 29789 35906 28666 25505 30766 53844 43109 12075 28109 45231 37713 22828 36251 41648 34586 27397 44024 40888 13859 43540 47429 6951 11978 38843 49633 33885
23410 29017 28202 50875 33399 45134 33412 18846 50749 35321 24397 61546 42273 28604 32996 39548 31107 36597 32682 41780 31173 53510 36863 25077 47174 56142 33348 10780 41830
36652 49879 51978 34181 35330 23065 36895 34051 42287 27754 16571 42047 30226 47659 8255 49563 52748 40890 28169 38774 14974 38264 25977 48176 33990 44998 48626 41512 45639 7938
43728 38849 33885 44942 56182 51031 30826 18889 31556 46925 18383 29202 12696 51714 26602 18634 41427 48598 35357 35409 27477 44328 39878 36616 10623 36443 17991 19277 29615 46027 28415
20353 23877 52187 46926 51204 30116 24810 31891 32055 51240 22872 22576 21369 23604 30596 40835 52008 13608 22992 58350 32936 21090 31387 62160 44119 12099 45125 21897 41620 17195 44334 20856
21440 33147 32694 26623 52283 22929 37436 54908 46182 46797 43810 38480 53407 32913 27847 23772 33095 39484 21899 39806 49854 25390 16334 32665 11621 14024 25072 62089 30107 27752 20048 39344 27582
22383 29520 22127 31794 51005 39759 17956 44884 34610 27821 16945 43398 24239 59850 24565 43814 37137 28934 28879 37013 23995 48320 33313 21044 32780 25434 23882 33889 12132 22323 34729 22398 40740 59051
17056 38889 32426 15394 35725 11779 31063 24056 39890 40492 46731 44684 26830 35013 55718 27712 41953 10797 33288 12660 14954 56002 19217 29829 21963 36584 19489 34775 23394 55037 39064 39366 27792 24416 49110
46261 26295 61554 19772 16130 25394 28307 18472 31504 46951 23076 46074 34619 62641 53123 36885 24039 26738 34577 22486 54640 39947 54574 33438 41017 21722 43579 33741 19616 37953 37527 19139 17672 38815 13984 49889
20429 22612 23226 54148 3923 35775 24387 24592 33271 41794 16538 51170 33305 19515 38688 26202 50715 28684 38709 4827 24668 46100 37178 41154 16188 63922 29069 24432 11547 24136 49295 39493 20569 15157 41632 39073 43861
42456 55329 7653 40049 28562 48496 26991 56844 42436 51950 46751 1670 37324 38140 48344 34878 14605 52216 44918 45463 23779 48196 15836 11501 31408 52799 37738 32931 19413 34376 55166 36632 17840 33984 44409 38572 39331 34311
46267 12734 46348 25214 34981 54961 49485 36483 49301 22497 41925 39543 28651 58289 32212 45754 9738 33920 44249 40877 28238 41134 18998 17839 20506 31386 43849 42270 20174 45222 24948 23134 27080 15665 14870 40397 40041 30363 16015
17354 24081 36676 46142 15542 41505 38284 40069 38129 22519 29650 46274 29916 27379 28792 30294 41173 17015 44509 38562 31037 16866 43617 34564 31348 18580 16484 29919 15579 45550 9798 18831 29905 21838 28262 43638 29364 34325 34598 30965
41704 37795 47845 21098 36298 18776 45059 36919 22460 28309 59616 18363 49436 50871 50140 19029 42571 37153 31574 42343 32682 35122 42416 41552 24983 26186 13641 18031 31860 23498 63617 21286 7327 39184 39352 17875 10873 18813 40782 22488 10850
38001 27554 32404 48315 40268 15638 27495 40419 33646 44554 35760 42552 25143 46299 35025 51742 20743 41965 18472 39411 25406 43420 27414 49686 43068 53323 20221 35560 11106 32344 36152 22729 29710 63014 31533 44058 34208 22033 43575 41273 24443 39037
26552 28807 31996 37830 15633 61028 21892 31311 28576 35633 56435 23158 32967 21325 33065 40606 44517 28438 44807 36131 28762 8944 52586 18537 32133 20281 49078 52941 18120 28752 58696 31407 31105 40598 39296 33393 32530 3691 46017 30834 31962 4144 34664
19218 21560 36931 58326 50353 8846 38661 37995 2991 16699 51414 57479 41579 17822 26135 35723 26439 33048 52006 21717 38050 33034 28772 30661 16604 36562 27186 11198 24148 45011 26862 9244 47981 42345 14586 36930 33411 27894 17077 39824 47609 16347 35454 28004
17454 37750 45238 43295 24450 39209 29117 28193 42580 48722 42484 22475 36615 44115 16825 32123 27639 51339 21869 29329 60295 13402 36208 50800 6166 52511 12835 33908 22532 11324 10213 46080 28080 42767 28436 22644 30588 52986 42004 28974 28615 29020 32579 31119 44273
38805 54528 26871 24922 34564 38316 45767 39778 16651 52647 50781 17768 33544 42322 36633 9678 50780 57611 29789 24307 49256 24883 55688 28471 25226 8746 40442 45306 55845 48209 40212 23196 37013 25607 44596 32380 43836 27050 42171 35580 35707 47518 53257 19067 20144 56384
31614 25433 52797 30194 28283 22518 40833 18194 27741 34482 37851 11265 13447 10732 47277 40224 33368 22534 22358 44749 36144 33631 30005 4458 34928 31319 21420 37205 41846 26446 28697 5871 35235 53412 33758 42648 25175 6328 33882 57521 53490 32236 41709 33177 29908 39584 19702
57774 26973 25905 43991 62804 50669 45059 42222 19689 40420 43378 22940 38092 32930 56289 42819 38238 31112 11694 42814 13055 36852 24892 12019 28176 51014 38119 20413 58095 7905 17171 55038 18941 37410 49692 19991 30618 39018 17509 31334 56359 42265 22604 56653 33795 42895 59444 46123
38796 35629 47737 30816 56102 14160 29055 24395 12079 36700 35747 23118 36870 29358 25413 38599 38412 15526 44743 32280 30113 17575 32904 13728 32550 24078 18152 7870 40697 55356 19527 22228 56699 32401 46853 14145 24332 39021 35201 21860 25613 26929 41501 33438 18652 45115 47928 19536 34266
43243 27442 31704 44904 35492 42090 38553 30180 35010 46403 24047 42416 21160 51225 20284 42795 37814 25423 9185 32436 29514 26948 20796 19628 38085 39000 34991 19827 38791 35562 47000 22890 38641 46941 34649 58607 43617 28685 23889 32867 25911 58205 23264 55334 22230 7084 23909 46233 35482 32602
32322 31259 34790 20678 37589 43274 21018 11858 11392 24010 26772 37469 39074 53433 18101 54087 24731 54838 58333 41840 51658 24226 45933 37176 21905 30301 42179 34558 49486 50632 41791 19236 34402 4417 5699 32777 23086 14633 24878 9229 11792 47584 58208 37264 44907 11207 30778 32498 51099 49981 30490
32402 39938 20640 45921 32466 36353 16468 31855 51729 47862 39606 40356 34479 31811 33832 24161 14092 59207 15624 33283 14728 19809 8631 18413 51330 48115 43670 27518 31324 31836 27651 9238 49525 37883 38496 42262 27693 17458 30219 7644 42212 2655 62309 14793 29178 40932 4814 8253 13774 31264 29863 29848
11970 19059 21839 22074 63286 32316 3364 57475 34183 16093 37002 43731 44057 29108 28639 18570 6472 47138 55170 51464 55159 28553 36820 14254 19716 12612 32053 39898 15442 21177 40966 30956 50109 25923 38053 20039 23977 46660 37747 38728 24690 20253 28880 19280 32379 29996 40221 23999 17954 10707 42169 15861 41418
43633 12290 22355 22479 28774 33628 37174 35477 12561 32549 20226 47225 24020 40892 28692 48091 9229 32130 20428 19229 27934 52439 50573 30878 24166 56860 42164 45758 22852 40367 48290 50141 31514 37873 55479 53851 7495 25922 16467 24727 21802 53763 14039 52467 29732 46738 31649 20942 34710 2896 51729 34184 55518 25758
55690 55936 27999 29402 56680 40729 34421 33382 34062 32175 41346 31649 31708 31909 30695 25322 26928 32346 32514 22690 28779 49454 26677 39209 12525 24448 41182 31968 17943 20403 53855 30757 18247 25635 25111 39769 18397 19251 61798 37596 22332 36674 56747 42767 32960 5808 49224 15441 19404 41948 28315 54016 15296 21800 31238
34688 20474 9459 45032 37423 33755 27037 6561 51052 52931 54662 31888 6040 42003 30478 23063 36627 29481 47252 28564 22078 10085 57466 13928 12663 10281 37151 25588 33055 22740 18659 27030 49558 39110 57894 29873 35645 17248 4936 28321 37491 45056 28328 31944 10134 45575 25256 32903 46858 39125 14759 38716 18732 12234 39429 39497
33374 15943 34338 40717 8958 34729 23646 30439 34669 19283 22296 44857 10252 17572 3250 37218 39225 43772 28555 41665 35670 12732 19971 9400 51905 34882 21114 38053 16347 23023 33616 44010 28420 20003 17124 57318 30877 34878 20376 25081 6405 42912 50124 40834 10394 51113 38365 16867 39872 32697 6191 44666 33493 58160 31006 34472 35384
33134 17165 42959 31306 26068 23642 11082 14187 6080 34664 26239 49660 39570 25235 27337 13915 28077 26687 34186 19689 35950 28360 16419 55814 28214 10385 24562 19987 34405 41976 26201 46447 50267 52064 37047 47224 37753 25893 55404 39826 23324 37803 62167 16155 32424 21839 20826 40818 23930 33905 41299 21752 21234 22387 52260 37901 46707 24756
30508 44306 23386 36500 33738 35941 37128 43891 36704 14951 8925 56753 29517 56184 55353 42925 17648 12281 29821 26569 54698 37960 14087 55396 45788 32966 56119 36830 42468 35284 39024 32918 46117 24528 8718 63727 40699 53020 10100 41797 25544 49175 21506 1531 48109 46880 53014 33648 7368 21656 15377 23044 47035 21727 14931 42006 31268 4182 58685
22537 36197 31579 54317 51257 22237 9807 39555 41737 30700 15762 51106 29400 19953 35205 26342 7686 29262 28295 32690 26354 14945 27894 38246 27646 46988 41270 42848 10121 46894 50085 45313 28659 17063 43170 43433 30620 40790 49294 33977 19684 20125 6089 45455 23082 36314 22196 39819 26064 22126 49581 43535 37429 56762 14613 49274 56761 38172 14668 15916
8892 10743 23219 32390 6046 34215 53673 22758 52926 52622 28300 41133 46718 25357 40384 42299 6461 58242 26530 45552 40283 43087 28820 36397 50488 18131 30964 32079 28468 4205 23843 16057 54702 37503 38274 36298 36616 38504 46703 41442 36257 41351 28748 44642 40921 30014 36727 25256 28688 36587 31825 27157 33958 42992 15162 27657 16378 46508 27795 35812 24686
27007 52411 26886 32866 45256 46096 40655 38451 13545 38646 50335 29765 56128 34251 28118 18676 50478 11502 43476 40611 53269 21696 33786 23472 5456 57761 33702 49790 27205 21490 44088 29033 24655 18449 32019 25301 50384 30303 29076 27934 41257 45884 33052 17063 15032 28425 40715 61902 37599 46629 47809 25846 59133 45294 16287 25211 12402 9160 38146 36033 42141 28433
40526 25125 13536 36648 47840 15623 36505 40046 50712 54217 39722 19267 38745 14538 32754 27656 33280 23146 40528 27419 21870 33545 37798 20701 56579 22791 47443 49582 24607 57027 42166 32239 41507 62111 42800 25086 25197 20218 20002 58940 23645 35380 25322 40714 51030 38572 27371 48326 54964 17093 42881 35794 47578 47323 38414 29837 39976 32593 28659 31574 42236 30854 10894
16526 30647 58074 30529 32917 46009 55468 50026 37836 29795 20575 14443 28305 53523 7247 15267 41285 56617 27359 28274 22600 43016 50798 44599 56315 48396 38236 37972 37053 41880 39432 30247 30444 57100 29396 25874 43756 61126 39455 44660 25883 52775 26185 23469 31192 29839 35250 45596 22916 21855 37562 13091 4223 24565 27584 7200 50986 32689 23334 26228 49635 39925 33611 51072
24843 6176 25231 45218 41218 54162 21330 53053 39465 43436 35828 36013 32991 29132 40660 36436 42370 32595 31316 13715 29814 41377 59603 40904 30232 42006 37041 9813 52938 19987 29774 56985 16106 25333 29194 39411 8921 8735 17476 26053 62200 18160 33118 2926 17317 35016 39863 36941 50498 39688 57775 46532 17453 44302 32166 31025 10439 59963 62972 37878 30576 31215 44304 31602 20617
32650 24900 24837 28785 39532 44280 45582 44934 26101 34441 38895 33324 31109 49243 30726 30913 26748 35018 29620 49060 16954 27193 26715 7990 37408 19206 28502 31703 24460 60820 24075 21992 11742 28735 17877 51655 31865 52587 29718 36821 50874 56180 29231 64626 33794 19645 34174 32767 10161 12196 44901 42715 41255 28300 44355 39268 23493 53201 30840 39934 16104 30167 50787 36615 44532 24315
34918 28382 34886 26013 60383 21476 43326 49183 23088 29305 26687 32992 30904 39678 39078 38464 43222 47569 35284 19103 34796 55123 34601 17501 61273 38884 22533 34265 29820 15333 49097 28021 26806 8116 32211 13712 22888 48050 19843 29834 36848 42048 26172 40130 37297 2492 31578 31899 8199 47240 48192 48753 14420 39171 21582 26791 5113 44940 27362 23964 43092 7300 9053 23472 9927 40011 40223
32066 31920 34626 29577 47285 54129 20935 15865 24677 36969 35899 36815 8885 21752 25342 30830 2564 32381 40561 33586 31922 42586 41715 14206 48414 41453 28898 6322 27050 33432 9378 42540 31925 38330 30353 56141 19615 58547 47886 44917 35784 13538 25210 38405 51344 34729 31029 32347 27990 39526 10144 54231 49276 26234 12825 32219 25697 8518 30977 24518 22373 15400 30904 22776 29672 58499 18847 17618
28746 33715 40981 31410 24298 16154 52344 19961 44586 30745 15148 36359 43113 19470 29838 34364 29703 37979 40192 32249 37732 26207 29920 14491 25824 37753 22671 30085 8922 10507 16494 28694 58292 28788 49371 24494 39373 28435 35384 30638 37765 26186 26851 26484 31548 21367 17725 55905 22354 28668 9126 30677 35366 12600 42111 58160 21018 18571 33831 15314 18830 41812 39676 40219 59103 27381 23906 40555 31857
33996 23479 54050 14496 37434 49754 51872 42447 28833 22956 36934 43612 14684 34317 43890 34986 16849 18398 8068 24341 7003 15229 27615 43009 37724 39243 35808 47562 45877 46504 30440 18131 49220 33013 8279 23930 48107 34705 30605 26658 25481 29146 26603 44327 45182 33844 22734 52973 22569 40701 44442 52177 19436 16020 50604 32307 14629 31578 31844 7285 35126 35247 10533 47350 24958 14836 40780 49686 9052 30855
44602 33333 27698 52681 41295 40883 5471 56858 49131 40175 46146 27099 52591 22603 6716 52586 35129 35878 21678 33064 44713 52960 44278 39286 62754 37592 43127 18098 36864 9841 34957 54590 11942 46087 19098 44409 31860 16893 43007 54210 8392 45746 5658 26746 48899 17542 17997 43009 30341 37336 42486 27320 25263 4363 24183 42237 39647 38011 54575 26417 45685 19083 43902 23988 47316 15770 16067 20711 47448 21512 43104
9513 47972 20532 48563 23256 49752 53376 36894 36440 52626 53067 27904 30727 22643 41717 23993 27716 23131 64990 42920 23408 18091 28262 19503 53739 36033 57068 34988 30742 38909 38354 22144 37455 20417 46455 60172 33015 38764 48187 47022 49262 20062 33918 27081 59669 53240 50336 27321 12107 29592 36608 24544 58222 35999 20992 43679 29154 60013 22527 26708 25348 22626 18269 29281 56118 7647 41594 56869 39638 32321 18358 31999
32325 47339 29040 23633 32228 35132 46602 17786 44561 42644 34787 48601 48942 17492 46427 34512 32153 37338 26834 40381 53683 47751 43176 48130 49116 26043 55100 55038 26741 14038 45808 40977 2013 52536 22052 33946 30322 50241 14133 44539 10392 45905 43143 33170 11949 44488 55414 41152 46352 49926 20837 26855 33826 32364 31154 29538 32835 26456 37824 38295 10708 33066 48619 24801 40243 19269 29335 8866 37569 49414 34848 25659 24286
55758 12521 27402 29163 35069 31568 47217 22599 15859 20920 35279 47696 58385 31357 22660 56426 25268 38915 23023 7923 40256 43175 32626 32330 29458 34505 30315 37584 49034 26827 43068 37093 23051 24844 47684 18666 38386 24044 36322 42813 49824 43467 49272 46143 11125 27401 43877 5200 38865 41989 25608 34769 19221 45857 48066 27424 33951 53948 49140 13982 32719 39222 47612 32428 29704 30958 12093 29608 38054 49223 24851 25076 37132 6557
19680 45551 38042 35667 44037 26616 50862 30664 62432 9328 19113 40284 54739 41911 16363 38510 48956 48686 49621 22881 55677 26675 26565 14481 35317 45607 50459 57953 29188 18538 26938 57648 28425 29533 24446 39774 39526 38751 44874 54090 18809 46286 23550 42838 3492 26638 25848 37345 46150 27005 17817 26955 50879 36218 30017 24564 35438 17510 26449 33852 32949 39585 2855 49282 26354 14476 52259 23336 13958 25221 37287 30349 42194 30957 48914
37137 41780 30756 46020 34068 57103 30859 51998 2294 16831 44673 23678 44822 28838 27236 15173 26070 19749 39064 14035 30613 29850 49530 39560 35507 16487 35180 11717 41360 17899 45260 13287 39564 22149 37883 27729 45062 32663 43866 37474 30816 35456 35655 23930 26105 31903 25636 33018 18225 38742 33359 44096 50792 22531 20009 35501 27134 30728 52242 17313 37970 60612 40043 31356 33734 26519 31635 52894 21178 54752 16872 23399 30603 57601 58318 47159
50333 28248 29091 30830 26700 40774 38854 43884 60667 53549 40600 23698 14600 40296 27257 37694 36566 55645 31690 53968 36033 38503 28393 39595 44333 41448 31799 26156 18038 34113 63508 44212 35583 34256 21217 57763 35110 42231 39165 29785 43854 8213 29382 53303 14291 28810 42144 56474 20761 19381 36585 31974 30077 41720 44544 36984 32607 41905 39494 29360 42273 14146 34843 31473 31010 33546 51168 31896 59842 26728 17907 50950 49505 33982 35509 42395 9823
45419 14982 24503 39707 33742 38343 14523 32247 52552 30934 28677 35154 39738 23572 49397 21388 46850 21474 25326 20228 42499 37022 35148 18973 10649 24234 25458 28467 16166 42597 40128 50345 40971 27694 23700 44254 16806 20582 50767 26162 21849 36717 31057 35588 18562 33188 37115 37303 17539 39785 9387 52391 11963 27933 18369 27191 43146 41760 35232 29894 36687 34259 62884 21172 31852 63893 37680 50784 50495 32452 26020 28204 31530 12740 27742 50295 27532 19187
41663 40865 40901 40624 32807 45578 23860 7516 30711 35346 9531 21335 31117 37400 13624 59650 28745 36990 34444 41659 17293 42915 20120 24803 22200 21991 32442 40922 2346 30122 50261 30721 13892 15692 35013 40375 46436 16172 29036 24922 23019 27052 24491 12110 29497 34603 28896 36848 19630 48649 32365 10146 44459 37030 7601 14018 55693 23906 40971 39345 36791 24220 37597 18640 35720 43702 49030 55421 1120 46095 11109 31002 11680 51463 38876 30469 13990 37886 33353
47775 19155 6996 9230 51272 37255 49512 29322 49249 11810 50332 40733 57161 16388 48976 5926 32094 25229 42977 33799 36612 44317 20659 19230 42137 45844 26658 36300 27260 33746 30865 43379 43278 43704 26718 46958 17583 44836 31212 36131 15808 38006 19351 15341 45215 55825 22467 37166 21933 64338 29900 38471 33098 28570 54549 37014 9175 43593 34556 33149 18867 6847 29924 9819 39740 44125 25897 30864 56534 50816 31279 44411 61151 52364 12883 46718 19894 40414 59381 49399
37308 38358 20855 46664 28497 35799 33080 15312 46806 21310 26008 45806 21673 15212 51447 14596 53547 36801 20917 42865 20668 38813 33329 37780 37821 38497 47309 20174 30348 19307 45032 26240 29066 29211 32226 41992 39192 16852 5402 3273 40340 60914 50163 25119 19296 42456 46281 8556 35547 5350 28159 33809 57444 57978 20980 32620 27740 45557 40712 50399 27427 41655 28570 49608 46362 53281 14861 40841 48799 20881 20669 17281 6163 14951 25101 53008 28118 39430 63580 40853 34889
31690 31242 52850 19403 26390 43382 45317 47290 24394 42242 22704 27514 25540 26381 37586 7273 28645 17911 26827 40934 31501 29728 40954 26194 30877 32744 47553 31757 22515 21422 29566 35192 33903 13780 50834 21233 58739 51385 26718 14553 24158 35517 51776 46992 52880 22080 39323 26487 37226 57762 49099 31981 32330 16194 57906 51280 26769 56706 25137 46596 8095 34497 23846 52838 28372 24927 44147 13784 40337 28604 25975 44216 28467 36920 22929 36711 41757 32050 38435 22086 62638 19724
25740 38323 39750 29221 51755 32272 51782 47837 34914 23483 12556 20884 7311 38677 31481 15530 49172 46206 20333 24190 26704 21591 53704 30066 50851 45823 8554 39910 18540 43220 22963 18487 38669 10810 37379 52425 38884 18319 23994 22520 27730 44338 19512 62503 61881 41860 59614 34740 49524 36581 15114 21762 12521 28598 50716 31341 20851 25173 35191 29273 28788 40739 32888 37666 5965 31360 41600 36651 2908 25805 25327 29906 52739 27241 45349 44666 40097 13234 30851 33407 28822 34060 41062
37701 32577 16085 35890 24361 47620 56684 6980 49291 20029 31026 43260 28109 9550 18055 36029 31054 25750 38348 6628 20846 28020 54111 40914 49293 23882 34721 59879 60683 36215 55026 49027 22855 4954 33203 58375 25507 49236 58434 38609 18046 41414 30464 37697 38968 33038 52814 37050 52016 58255 6794 17048 11721 35493 10262 55358 59999 29618 24401 32012 34645 55319 17562 55392 26378 44338 30802 36251 18398 9317 46809 15389 17456 11022 22672 32583 21091 27279 53717 28279 17619 18503 45833 40205
51683 26006 10380 6764 27634 40923 31423 29168 37216 36984 3585 11004 31884 36043 25264 51440 19416 42550 38192 52010 31139 10776 24031 44299 23629 8657 37148 26099 9782 21184 8008 26947 26046 48711 38083 42585 34116 41412 39406 2197 19242 30360 29479 30553 22991 29220 32975 22020 12179 34246 16198 33782 9942 57057 18157 23696 30200 26321 52259 46896 44888 17144 40774 59191 16728 21687 44218 48133 30295 14700 31964 33018 29877 19065 46094 32119 16082 40253 37550 29913 45838 791 29981 9859 35784
35177 21436 19924 24418 31122 17129 41516 41019 55537 62214 22252 7347 26856 12401 39794 32554 42709 25483 39711 19968 52250 37044 32083 27540 19990 22605 25966 38472 24105 30389 29392 26748 27058 17482 49369 55437 39443 13680 26345 47327 54442 55941 63584 14286 47832 24552 33950 24509 43519 36346 38660 38666 15226 18715 14064 40984 50351 37292 26562 39235 55033 33803 10461 31983 16314 22681 30110 41336 34899 25526 50534 47425 30242 38339 35733 21160 35465 64287 46987 22544 33511 48168 13481 36821 22684 40258
27212 40027 49415 32459 48088 31743 44426 23842 34986 35105 52099 20648 11298 31267 33876 36285 32163 57700 32092 58562 20618 44356 38906 16917 29752 10275 29072 44567 46093 30817 25469 19752 55145 8285 33568 24489 41389 32377 41434 49656 21047 19732 19724 27766 9319 41614 19988 62340 53152 61766 43605 34688 34622 1951 41771 29900 31396 36853 46584 41927 54578 37035 39965 39120 15942 27680 51960 29768 55617 24756 29675 29327 50563 35014 1108 27654 40557 23225 42389 21771 31581 43241 15629 48639 28595 41401 27676
54082 35538 20360 36897 23861 55318 39094 17022 49207 24290 49058 55441 31910 41622 25262 25532 44774 41616 31801 12638 36693 23089 25251 51927 29266 49369 51276 30086 18494 18921 48020 45773 40313 25791 9946 16394 39524 31931 20608 38558 33629 31039 23269 60394 47301 48554 17513 12620 14076 43356 26476 37927 38499 38838 31310 32215 35673 57366 36718 37822 58940 54749 38190 14141 37744 18539 21997 34226 6994 33568 30731 22655 41540 19805 32232 50435 26788 27263 17892 7325 19155 39401 35422 27823 49458 38650 25016 32408
57375 39186 48721 22455 55292 54162 61065 47470 29991 30168 40128 41243 8193 43845 20310 51232 23786 39737 26794 41948 52291 26900 42782 26031 10859 13366 42258 31480 20416 38911 22755 36121 45222 11215 38133 33136 23931 33542 34724 31070 33438 11524 15187 21061 26736 13610 5728 42368 29521 41686 56110 18549 41890 31080 10265 19583 38337 47171 30597 32512 33295 23236 8142 26969 48364 22604 21335 20712 14009 42043 41086 14095 31701 44529 29094 22829 46238 24783 36139 12450 42360 42034 38257 29389 44737 23422 35029 37136 19672
26128 16823 47305 6174 8008 30329 21338 17651 24201 14714 34338 41912 30512 31002 12928 41163 14494 32697 30166 17549 28211 29623 10627 45918 57167 22387 25318 11679 53075 35151 29536 36782 32157 50090 26706 20972 9613 40164 35610 35002 32390 34652 24859 58486 15332 53621 43953 12674 36106 42379 26686 22589 40280 35329 20515 23814 37932 24886 22718 24638 38119 27018 45937 40517 48873 15708 19866 28540 44435 54031 53403 51265 30787 31999 8659 14581 45657 27023 58018 28152 27448 8990 28775 12203 11836 36876 58500 25197 33480 62136
37975 34460 27708 27012 4418 47260 27126 28367 10404 45259 30551 22777 58333 50056 35775 23138 34892 24884 39567 33130 38739 5679 37669 14448 20048 35546 24801 17878 42660 33683 27429 52219 21936 24763 38224 18751 52434 7858 16066 38914 14701 21977 17116 28324 34013 14991 30972 24452 21636 40242 46211 22788 35267 27174 17617 9603 49656 43464 30022 60257 22149 32890 36163 44286 23753 44698 53285 18618 42531 37001 32079 63732 49141 40616 20512 21518 29598 27989 32760 52327 50813 44274 49208 45151 31220 10717 16446 43606 35681 52343 43883
16556 46118 39200 10527 54720 59810 45113 23738 42996 23861 20001 58780 53672 31806 52022 24357 18745 28703 39900 24757 24843 40502 20593 32172 51066 42980 38228 50538 34537 27275 45798 50000 34230 32646 36231 32444 34372 48187 42392 31502 42735 12805 38775 47017 25115 44614 39813 12266 36388 47711 34338 23346 23917 7086 51119 44257 24148 54165 27787 37975 31548 40819 40212 31989 31361 30888 7598 52760 32391 38035 20151 27428 34219 25750 11406 45942 27213 38415 53140 33390 25295 37472 27689 44911 33168 32488 21166 36310 46320 15622 28545 27908
51023 27164 19203 39001 57101 24457 35220 22325 32393 45740 27541 27897 33829 46310 19812 39171 43584 29592 10082 38579 34618 47136 36336 40300 36210 34785 45420 57482 35659 42039 24120 36720 43809 35460 31923 21886 29527 29737 4412 23058 17996 54916 15412 49293 25184 25335 47611 10319 25074 34528 58098 11449 15205 60321 11127 25897 16661 30361 41963 58623 8549 51496 30894 48030 59060 16557 29217 29794 30562 30346 29859 38574 38350 16413 32914 9698 24666 11976 12882 41308 20837 36842 49729 33917 48975 27875 33982 18085 23672 2834 59946 23349 14144
27609 32485 45451 14854 19606 27472 13575 43820 9898 29641 52491 11537 12150 30897 23798 15893 55384 30312 17448 47256 20147 34127 24066 21242 31715 55749 33250 40858 34122 17448 33577 36058 19529 45276 45367 25881 28222 43070 22380 20151 17547 52912 15657 52244 25743 25744 42443 48016 8105 17983 20661 22410 33595 60446 31046 46692 22692 27275 22238 51837 42307 61928 40158 25141 43642 52883 31396 42988 26023 26861 39825 41474 36908 50518 42757 45782 40808 33839 49248 39114 50363 25047 34562 28222 60804 46764 38475 43407 49957 30482 34203 40225 11004 45927
26706 30544 18026 38922 19920 17023 29393 27996 16758 25868 51596 38845 19106 41306 8193 38798 27828 38341 34699 35117 42767 15537 19852 42235 29968 27770 31589 48984 19992 22403 22132 51365 9607 35882 57371 52545 27325 29906 21945 30090 35099 22487 45230 34276 26622 55197 42585 24237 27338 29313 10268 31812 28892 33507 58197 30474 54676 16165 49510 33631 28757 47526 26542 29092 38012 24774 14220 44599 4458 32485 20066 49529 45695 47715 34191 53194 16155 38303 29298 39307 31391 28411 26220 31514 42089 32982 28382 27864 30681 57744 54566 33574 44114 33672 40615
28258 30000 46369 36029 31470 33238 8375 40138 37161 32164 19629 34863 46450 36856 7010 50250 34858 23603 52022 33405 17841 33205 63112 45094 18024 7135 5051 30375 32429 16911 29995 47967 32481 34725 18747 8110 29540 31748 39498 33011 42135 43656 52920 30864 63193 39572 43236 56291 27272 20360 50992 48206 39944 18626 9211 26416 17335 33187 5541 26089 13812 29067 20110 32216 25376 35803 23830 12383 22427 49137 11164 47836 15302 31021 32898 38576 21503 40689 32295 31036 32935 5276 41707 21470 15902 47502 51502 21497 42181 26920 42832 25321 26875 31432 53168 9744
23326 16847 45232 32463 26514 36253 38063 35460 38580 43410 41485 8849 36070 23823 23338 23637 35462 27505 40550 35119 27637 37915 42528 13953 10644 37484 2234 44458 22465 40388 47251 29705 9950 27012 33803 51968 25417 42250 5506 12269 30051 31671 29528 23602 57740 38123 32748 17710 51237 37894 31136 40001 25997 6248 64212 52938 37410 15729 31205 34347 49736 39553 51511 42946 34397 17144 38694 21744 35520 17974 60949 27415 6098 44956 13410 33682 37363 34440 44144 29639 31108 20058 29851 19729 27363 1653 34631 23762 40561 10806 47824 11371 59534 45310 49561 33082 47515
36397 10752 23713 40439 45347 24168 31743 15872 34113 42285 22708 56858 61924 8371 10271 56995 23152 53079 23458 15354 40514 35705 41115 36480 39098 35707 57452 35477 41275 25020 49268 32922 35618 31900 8722 23789 9680 42619 8872 10223 48293 34233 39829 34304 5889 40117 8760 46977 30789 18897 34802 39120 40911 18284 23076 8782 18687 11238 25132 26716 11064 27038 42349 39768 31190 20215 25923 34724 58428 34381 40720 38303 38346 38403 35893 18856 13790 57464 41488 17440 59353 41996 37379 16743 19227 31518 18796 39390 31493 56337 29101 16867 36597 6465 61477 18903 6731 24849
26164 56858 44138 48608 45369 18189 53422 38414 27286 59663 36474 44026 59305 50302 26926 40454 14804 30142 57384 59025 44662 46381 28361 23547 20207 55082 35953 45220 24734 52246 11393 29420 25829 41041 48727 36146 39202 31804 11603 17880 30390 42037 24791 48957 45826 30877 15426 30657 48996 30164 40692 51652 51519 13371 25678 27558 47599 26673 25518 28614 14038 57876 28789 50310 8533 36424 23043 46149 38602 29994 27576 25955 28823 47900 27893 55872 50203 41084 41239 28988 25269 33195 18305 25782 22983 22282 7058 19216 29360 46327 21674 5801 45775 19412 42538 38369 23430 26623 49008
29464 27187 29145 19421 13486 38968 28098 29393 15618 23284 31771 22444 19062 25543 22851 39374 30570 8208 56728 54423 14907 14641 32126 40807 58701 38024 18771 36254 42748 21366 28022 11932 35243 21341 45640 3522 29624 44440 31785 12910 10118 46989 19322 8192 50033 33431 15513 21979 49629 23576 34791 20316 31014 19825 33220 33764 39855 39936 39569 59091 14294 51495 24237 26505 47102 37445 30326 29031 25219 28858 42576 60362 22985 39397 52889 14870 39981 32552 27568 48040 33807 19937 38390 52192 51153 28530 33227 16929 31186 35130 32656 29128 34930 31896 31651 43574 48657 26350 32357 14027
16655 41371 44086 24295 5067 16894 50551 26091 38055 6520 42630 35637 32258 13674 51140 35365 26172 24370 48530 39454 16308 39987 47182 28284 22733 44489 33882 13986 23523 37206 35349 7664 53081 32827 19934 52164 38286 28630 28694 58239 27874 37257 11549 33921 28596 53938 23892 51755 37991 23731 29977 19419 11607 5355 33997 7409 26855 40122 47312 52432 53622 53631 55683 26324 19812 52380 52037 29280 7952 25455 36468 29396 25820 42842 49012 59278 39207 26044 38563 52207 37457 42997 26720 38743 33466 45924 9484 48423 30914 35179 22791 44221 24264 26472 44210 20857 31534 50876 25707 37565 28755
23752 57491 21480 15511 39658 40330 29786 14938 11909 46001 53108 40956 33013 22375 48276 32732 14236 22794 36635 51292 46043 9470 38505 50139 37648 50080 40414 6329 44701 22866 27867 51542 7137 42610 50877 46098 11323 34657 27367 37708 27917 29824 5304 32102 42934 33325 31632 25791 24981 24778 53968 38839 56332 23733 51670 49326 38009 56911 35843 26116 50238 27128 16567 27160 24762 40977 35666 35660 6989 48377 35636 25600 24918 39182 56253 27281 23607 10420 5197 29027 29006 31817 51268 42706 16892 49196 34562 38209 43939 48318 23528 41742 18334 22111 52820 37532 27475 36208 24998 33351 43037 32335
38209 27763 19294 24925 25730 42876 24183 35578 18122 26053 42694 27527 12153 13740 42413 36707 36335 33172 39051 40684 19853 36825 30912 24198 21936 33503 31659 44687 2492 22787 37550 35686 18702 27813 60199 36204 28422 29735 28280 26881 21255 33256 16896 28294 51310 33864 18206 35417 40604 17831 39732 17627 41201 27749 38817 49772 38605 31457 53700 17261 50065 53117 39678 42044 26267 9368 32944 23866 15179 37010 19512 33480 30980 34250 33529 17732 54050 53923 58959 28944 30984 41337 62364 28299 38422 30895 25665 16916 20906 47780 11676 35852 20261 42424 33039 35027 11751 54346 52216 4298 35153 48317 47033
38991 30913 12653 43441 44995 36759 24765 49984 33670 23862 54540 25029 23545 27898 29882 40610 40315 17990 33318 53045 51306 27770 39858 34016 31018 24308 48061 36098 26649 39189 14503 28923 27030 37437 50384 30250 28162 48589 28312 40433 33213 35619 8286 42414 19752 26015 41092 34498 38049 46243 37225 30350 14473 23438 29037 26224 46400 14784 39664 33739 41767 43674 50258 14331 13981 34170 32754 43106 49152 40385 15410 46689 43956 49871 50033 32598 33302 16388 48143 23715 26504 56513 10348 25511 40040 23651 59112 26049 32023 32333 45538 28755 33270 32222 8124 52412 48995 37494 41685 32859 26048 28534 35213 19602
16747 17468 32324 11967 47813 15401 34650 57412 54830 32413 1838 54912 46087 44792 48162 49875 4271 27802 49302 37532 17540 21219 35559 28477 17386 31027 60793 15892 40767 29418 38568 41090 33506 53096 4311 29673 14132 39438 49764 20900 41109 23098 28082 3865 48998 4940 45341 48547 45061 17575 34569 43684 10963 27048 50642 57213 33840 31152 40923 8588 44157 59423 41858 29235 12313 42069 47914 36561 14178 6579 11567 28870 34492 44950 39925 52593 32389 18786 34265 38452 39708 18036 50491 30829 29922 33324 36989 23934 16439 21485 31230 60102 52604 36628 28702 33188 35087 770 15677 16250 31569 64279 34747 32167 18594
16051 20983 20874 45411 37175 31315 3204 37362 12801 47918 48118 25264 23665 43752 43326 47102 51178 15328 22975 16954 42952 48249 36565 19910 11118 22287 50658 49921 32316 37381 14407 9802 18320 53178 23394 38914 43723 20110 24725 21641 18253 43232 46398 46144 47223 54547 33471 11141 38311 9603 44663 51897 29245 18579 22982 15932 23964 51362 25099 20079 25376 35856 24744 57265 35372 21820 43771 62048 22048 49800 21094 8928 18010 52819 9288 43407 54843 52989 10753 23244 64803 30438 43248 9976 11891 21614 41591 39539 22921 20980 21492 56734 27077 13786 14024 46295 50825 41599 32852 32895 54068 38467 8694 15606 28454 27526
51473 33437 30144 22696 24321 34259 48736 61448 35112 38646 40039 8200 43239 41578 57141 13063 23452 45196 21034 20325 31401 26046 15527 30594 39789 33374 57865 35262 36679 25293 435 16504 58265 32620 22276 45586 25026 27801 39260 20715 36641 23222 64540 60259 44312 38433 11938 43994 14597 34619 23631 39088 27722 45668 44163 5188 15430 47101 17054 23800 23129 21605 15872 36140 46050 24570 14857 6973 29251 20256 52761 22927 31450 12853 3472 30334 28424 13720 34766 31853 11311 41386 18484 53690 19370 23243 22048 14536 8927 24924 13554 20467 49961 53691 58381 37279 31210 25673 24270 21544 53379 28006 40086 18929 35922 23923 37061
33112 11961 16591 10939 58560 62743 16344 21977 47749 22732 40690 31100 9483 36663 48763 63752 8879 35258 6866 46042 36305 30131 52312 34130 40147 48260 34669 17619 25108 33676 40050 50618 52212 44074 30661 22376 42195 21440 41415 17725 4881 54189 16088 22169 39181 49488 36697 20189 38185 28170 28584 28007 16836 26428 22566 28055 46398 30276 23860 34512 25078 8325 44848 27758 5711 42843 39548 52692 31909 34856 34679 54882 7003 31821 31360 11638 54480 31016 5112 30321 26468 45083 36927 20659 28022 3716 18358 22429 23913 15813 11963 41613 35225 41789 21935 17635 41065 24652 26866 19970 11320 21073 45285 51526 37734 37550 37351 15890
38994 30401 35926 12230 22878 36844 48278 40384 53481 43918 23301 33633 21843 21255 15362 22537 39164 19382 53230 36633 43588 38653 41769 38895 29578 29242 24084 56811 47920 22222 17677 18543 41877 31258 47221 15066 43801 52604 13484 38028 44060 32343 53779 12518 23806 30215 17673 26438 53278 23022 24044 35597 29662 2925 35104 27547 37533 42978 20226 21584 21179 34991 21492 35981 46744 49971 22612 55215 40084 10445 47235 29977 48910 18143 27874 41002 13416 26312 35279 36930 28417 36327 49068 63682 15673 32158 23255 35080 18800 13131 17329 27765 39430 26704 65178 19049 37210 37388 11251 50756 28110 25055 34843 32614 18882 17704 27504 37167 39827
58697 51798 4863 13733 42912 46379 38966 18004 44430 55374 45108 22531 21621 31776 58970 53520 13744 34049 16902 29662 42661 62290 18072 24265 14511 25457 29555 35893 47408 36287 17396 53886 12681 50844 44924 25607 26392 32361 43371 53038 23359 49541 8481 32342 19293 47182 33279 14299 45266 10024 45922 40481 16637 28273 39086 44933 27968 35464 37184 18023 25337 37838 30840 39209 35722 16035 9657 14890 35922 56168 60512 6090 18096 22139 39886 31849 22534 14397 32611 36455 39347 9486 24191 20515 8470 23887 31875 8191 16272 15710 6349 47194 33410 15772 28349 44948 13130 29290 46518 30732 22347 35878 41236 24613 12257 22322 24634 4667 14958 48109
40584 38065 45139 16054 33628 51686 1774 32750 45591 28730 28577 48117 51737 8716 22474 19244 26307 54719 26827 41457 40819 23983 34819 20645 34697 59455 22226 33704 44648 32718 45719 33627 40812 35516 46260 13341 25080 19304 12935 38476 31084 57396 48498 50764 25894 17279 8916 31867 41095 52137 60429 36152 41711 43794 24188 26852 57279 61466 31619 7135 18005 34080 32896 20106 16913 45190 59092 50499 14933 38059 58336 24683 37504 45039 26882 40034 43506 23730 9117 37257 23564 53588 32013 29759 32812 41012 39604 38114 27059 47028 56819 57302 26625 25139 58408 23928 18038 17937 1717 45610 52339 26030 23289 40522 48469 40810 12883 32313 22655 44452 6693
51800 22864 42686 23502 5893 30504 32023 31917 5282 25960 32527 15908 36749 21358 22278 40337 28711 27803 35676 21590 47824 22607 32368 22482 36841 47594 28324 22885 43985 12492 30296 18030 59110 22613 35817 18511 13708 51173 33211 17510 43041 37596 34346 56340 27396 51354 41881 27835 18070 29824 16486 36790 40759 40428 40692 6763 30024 51262 23967 40501 25895 29401 30411 26742 42805 39194 49364 33423 36818 45666 28189 45534 36703 45585 36100 30661 12859 34695 34796 37283 41156 40485 42289 30936 8030 23880 34615 25283 36455 10324 11355 16582 59966 24230 28413 49215 52036 23454 34175 19088 26073 30367 33344 34072 35422 33542 21408 20790 42289 20532 17407 19532
16051 10633 31165 20409 31556 22117 30521 61660 39749 39465 39637 33046 64276 46131 40688 36296 37650 24547 6634 24656 30624 54428 32290 32273 55580 50618 39419 43111 33768 25248 6097 56500 24675 54958 32263 21593 29420 51522 12028 33972 23524 23997 26896 40743 55211 45951 18082 37136 16034 58857 48661 33745 34087 35929 8645 56521 48027 14895 40981 15704 36446 32462 50020 33501 50641 26002 29202 18106 18003 30174 28286 56909 36930 13074 22282 23288 16386 40076 9749 35354 3569 44461 45567 29971 20078 24021 44328 57666 29146 41061 42480 20489 33941 25787 34486 32454 44800 38455 38364 26330 46457 39995 30145 15782 30817 55846 42181 29832 29720 44888 32072 14563 16639
30514 46506 29715 37749 35090 24650 19322 48088 47193 27530 41081 42636 21607 41417 36974 56302 10396 43367 29883 32864 31833 33988 25279 54336 37627 37440 11225 46063 44005 3130 23915 38862 33398 35092 49364 37947 52750 31533 23411 22936 49678 45285 28330 46147 36308 21660 30679 35997 23745 27826 45148 26374 22069 23430 36248 25567 40336 57210 16619 49031 53810 37614 14260 21084 36731 27711 39765 37058 27851 48593 53548 35607 32130 13824 31386 28090 20736 24367 29953 33036 29350 40892 22972 43373 27090 47626 32305 26430 47588 52341 29627 55005 57919 20833 34748 12459 56896 40746 17301 51464 42312 26675 27812 36949 43703 47834 33867 37617 56813 33154 51177 31034 43595 33415
45278 34708 30510 24653 29833 40541 43002 39217 33868 47604 39948 34707 36229 29370 11972 25045 31126 32015 46981 47702 28126 10580 35244 32630 19388 25575 29850 31637 12434 13609 17327 21779 30143 16762 15947 3663 45218 51515 42959 34219 45724 43210 16281 30086 35086 22664 49417 62528 32086 27862 58242 29752 5335 5650 23136 17361 37101 41118 54534 36199 28410 29913 32468 22365 26719 38690 32552 33810 29306 10202 31075 20966 16045 58209 36069 23352 47702 8728 21775 38507 36567 55389 26943 21979 8591 38545 23765 51179 37854 35092 16180 63226 49955 30791 7096 51560 51392 51337 31172 33172 31251 31288 23736 15840 26750 10680 17394 30891 24928 36711 10963 34901 28185 32676 35003
40766 21512 27344 53515 52166 38031 23883 29473 30796 60684 32630 23133 27442 55008 38319 28193 50903 34668 32855 37324 35227 28686 48078 42174 36318 48681 57461 33368 35328 56089 8875 33272 36960 27712 21198 30463 36704 21247 56642 45261 20831 44212 19044 31426 31933 21185 48790 39999 5082 23173 31286 22689 29974 38239 55717 28491 56016 37041 54596 39836 23402 38362 33137 38132 26947 43577 36494 36532 21179 36656 51449 14394 49714 49693 39187 15591 15880 31842 33596 17435 43164 13150 42965 28982 49232 39025 49981 25496 40836 39162 44498 13985 48277 24155 23544 33201 27111 19954 24077 22568 21974 35104 24688 18790 35525 27975 43906 57548 28434 37826 41891 42424 50464 20983 51508 39818
43851 14657 14483 49573 39927 38658 43553 37734 28032 29851 29246 34862 21065 5994 33099 37725 22704 32977 25511 42067 27416 28207 49584 42609 20445 55524 24522 33044 43363 30287 40531 38816 30215 47058 31146 18802 36905 19147 35376 29162 11819 39068 33861 26731 57964 18084 47178 32850 39756 46658 37533 35072 9003 34008 39839 19925 41065 3013 30640 38449 38245 24680 26417 42357 24705 21538 18048 47871 15388 29780 36350 37423 48790 35420 21004 25192 55886 39837 17160 57094 23975 26995 44372 46956 29437 28992 31055 38650 41139 27749 43864 42254 51496 53312 25552 34057 10940 52787 24343 22091 24526 21404 30094 46133 24257 35293 39827 46629 31217 22101 57735 28539 24513 55908 29642 28570 39568
62313 39613 16862 37054 15046 15039 60842 33962 34265 54318 30302 38070 58884 33646 23384 47937 10406 32989 38905 20139 22303 41178 41889 33108 46798 21446 29105 24988 18709 9729 29063 23010 19282 16364 36483 45192 14054 58853 45063 34797 49458 30797 14706 24177 23444 29572 35364 36468 13167 28651 32126 20054 45599 41441 27358 12406 32006 22980 42405 9014 62853 33784 32051 28917 14586 43226 48360 49171 8391 27852 44069 37616 16971 4140 36423 18412 28389 28507 41649 39270 13303 33466 42178 7616 23264 24231 19418 18265 59647 45956 19290 58513 40886 19887 53920 40904 31843 5513 36109 32606 14440 36722 8705 26034 18724 23499 13532 37158 24567 14067 25854 39962 27200 31048 52679 31979 37217 38702
34455 34301 47800 41219 41678 58796 34726 17190 45516 42587 54669 50680 48882 44648 48584 36313 53662 16438 38333 39722 27952 31265 28359 35401 37131 54925 38472 37783 14476 43990 38305 35700 23316 44127 12848 25153 27651 26246 27991 42077 23225 50350 33909 31270 37527 36147 28906 10240 31482 25209 26645 36425 30534 17117 23384 10592 26328 35007 30737 37286 9488 27265 42914 31611 35153 31362 36714 46912 26360 42786 37064 45395 36198 15041 18718 61973 18427 23487 37323 40422 56855 35963 32814 29991 4891 43863 26024 21558 42597 29362 20378 45940 21333 30956 34658 10050 20814 45156 4707 24574 54188 26493 45561 10762 35282 51347 58246 60869 40736 55817 24683 12174 47860 32318 40454 36806 32943 29586 52665
51917 36785 21604 23778 14596 33627 38679 29923 20169 29451 36359 31515 40061 29217 26519 37098 52864 36864 44582 37807 11571 22532 51220 40140 40181 20880 30656 33183 40484 32772 56204 21386 19748 25278 28119 57324 25171 29983 34049 45093 45584 11911 21354 35220 11452 33367 59250 28059 24247 57325 11128 6552 28770 12969 26078 1772 42523 57837 14595 27384 24643 20760 41799 46874 6970 24458 32522 39093 28513 26788 33452 31013 37143 50116 16524 32204 53434 17483 42764 34827 39598 47513 32907 13632 30544 28430 29545 24269 35586 11275 33286 39441 38434 13293 35522 47211 29969 17943 51196 18237 41008 7656 20502 4070 43997 29376 38255 38853 51322 30720 26215 41020 49765 23814 27998 9897 33279 19763 45236 25710
35752 28647 37576 52970 32705 26754 20988 38781 39593 54884 34992 43910 46270 21741 44353 13415 49764 31613 37395 38782 54265 56692 25986 30252 5596 35378 45553 44499 20590 36120 23998 22478 26639 28036 11084 51587 23840 11990 14583 37965 19455 53361 33059 34190 27917 19890 55852 9895 38058 40442 63093 48374 45879 46249 25692 51677 21779 33055 36420 35515 8860 28349 14985 30960 24630 58592 35727 18907 28223 18156 32691 28382 18710 29758 29013 38231 35100 18486 5847 42664 25265 39479 33432 18480 42550 48542 41720 56142 16393 33228 16983 32100 14475 45601 34581 34769 46108 5629 62353 36852 29469 28865 26157 26414 53740 33227 39240 39648 51434 33915 41794 29800 27768 45108 30330 31017 27892 47186 57683 60031 5824
19512 36393 50636 53819 38726 33631 17521 41924 16602 41812 23500 43964 60501 44136 48447 9859 47383 47354 22056 27770 17025 16237 53225 29183 40945 37405 36833 18291 58567 24429 14192 39222 41062 45500 41973 44969 56874 28522 28370 28459 42358 23254 28005 55322 31146 37474 12560 34522 23076 36973 34610 46025 49733 43863 31019 13126 43373 38272 19546 30130 33533 23880 33313 34669 48723 60686 22494 37080 50895 35636 18162 22097 33747 23065 33982 47161 22718 55325 33440 45808 9456 24480 28155 24279 17354 9986 12331 28749 36010 16546 28306 14256 21233 39650 35473 8548 26111 32801 8582 46534 4404 38591 36051 39224 39921 24860 25047 35864 51603 15768 29169 27335 55677 26258 51843 11686 34574 62060 46316 26899 35238 54149
46731 19824 38054 22589 37058 10011 22380 43764 16623 56949 32089 53770 32884 30686 11725 45022 17584 37815 35880 33490 16131 28255 47050 58694 56524 24628 19475 19863 18285 23962 57443 36393 58436 30447 34842 21848 21682 22674 21144 11655 30233 19172 52030 32020 25044 12869 31082 34402 27977 36630 24700 26573 43475 32181 32727 39865 25812 46723 21208 30850 42925 36320 20704 12427 14268 29741 60751 53810 38499 30153 38789 18394 33025 15122 47843 22495 28918 34924 48838 42149 7073 15925 34450 11401 29284 22732 29092 51691 41629 28818 23388 45869 38318 14823 39709 31406 28918 34092 33860 36558 38356 16063 26162 14829 41386 28417 3143 8811 28119 14930 48611 51879 36794 24851 48743 37123 22708 49058 52529 45022 54822 20064 42401
15768 53614 8622 32538 44176 20463 27114 36088 19241 37637 29558 32414 17343 6162 42673 32620 40117 39031 34810 14016 47210 35218 47026 51195 21822 40133 29241 21117 36240 16238 36848 29095 55235 39663 34101 15575 34355 38055 57961 18285 18243 19958 21484 41164 9554 42043 41503 54352 34496 12504 45409 59740 44524 51499 33296 58192 47416 32406 45200 16778 8963 40568 30015 32619 49581 12849 42108 37971 51094 32544 11944 29603 17182 34471 40995 36025 40612 34340 8526 19189 41098 30456 30343 38329 27439 36484 32815 53348 31987 15910 47782 23126 45110 13121 15949 3824 47960 55089 49027 50576 12472 20312 36518 53655 32440 32023 6170 33381 28599 32204 25660 41818 10773 10969 38766 31703 45106 39325 29198 53049 24686 7031 20605 56547
29992 15817 43804 57396 33986 51698 5705 37004 33179 50513 16998 41292 47635 29000 31697 49618 55434 52021 43755 7551 25440 35962 21524 56243 48372 43638 38829 40910 9128 54921 45589 35120 12764 32274 31658 45881 24045 51827 26832 13641 31295 41226 35301 8896 46382 41784 35656 35582 39197 11871 46426 31076 35946 23514 27771 30032 53624 33039 12556 33314 34467 44889 40811 40765 9807 13338 28665 51198 34520 6323 30486 29638 55969 41602 9507 38389 45064 21225 34431 40427 29040 26439 50056 30473 25909 55548 41122 34988 44475 23911 32299 13880 18783 26090 55426 24330 37505 40931 51208 56962 16259 29876 33053 35843 25284 35260 21538 47850 60068 16474 44405 15000 41347 46576 38263 54893 44481 17373 45192 21961 37309 32640 16137 31757 43993
14906 40280 34967 46708 33132 17366 46791 18414 7796 18148 48640 21158 38581 22240 20894 9471 43915 16428 41220 26965 23128 60199 55186 42507 56445 23600 40102 48512 42840 13224 37793 28180 60491 11759 56291 21030 6324 41830 37069 24601 22005 34923 18877 27209 35181 27999 39443 40729 21628 32418 37170 35048 38017 33941 14966 3606 25310 25495 40258 28930 38129 39942 15606 20494 15388 51782 6384 42393 42430 42677 44177 51203 56119 34226 28473 27052 41446 22430 54345 39156 31533 43225 19231 49210 9322 8644 16155 42464 5886 34493 38815 27717 34890 47141 47114 37321 27052 45660 32700 28876 26759 36291 18966 16302 28215 32441 28278 37070 40990 21916 49213 53902 57245 32464 36555 53069 18962 33458 42368 44395 14559 34212 19389 28488 16739 51204
17631 29508 13565 42547 20553 29630 8463 39058 43354 1816 20216 45951 34674 40881 17431 10076 40434 35817 49614 16519 39992 30240 17787 26465 44453 58550 34944 41034 31129 14858 32828 35747 41844 13438 24079 26059 51862 28274 36696 34592 2655 24131 15737 58374 31279 22101 19920 36059 44390 34052 25022 44542 45924 29875 54949 36816 38794 35776 50656 38577 24886 3214 34005 17154 37832 5497 42207 12577 44707 41189 29536 6511 44324 34094 31161 53324 34476 29879 32072 50713 11931 32222 32623 34613 37969 35590 48525 15358 41775 25227 45314 43224 17042 42705 36653 44577 21982 22069 18800 18488 48240 19223 36137 36734 53672 48089 17338 47187 60649 15066 37506 37656 24976 46714 23264 35883 32510 31001 47670 44013 37011 10519 35299 38590 23983 18643 57158
3327 43443 46767 35776 27406 46077 44298 40114 43340 47085 49732 23418 23578 60646 26812 52603 46038 34372 61141 46097 31970 45930 32491 35998 8093 8120 40801 36995 41062 62092 12950 46366 40862 20295 30442 11217 22949 54601 34492 25082 9948 40947 55407 33019 31649 50851 48735 28211 26709 23737 26351 19202 39256 29080 23678 29895 55051 37020 34156 34020 34253 49448 42008 20663 9724 34460 22244 59810 21500 57430 38959 40196 18475 51639 48729 62525 22248 14879 31682 46252 28820 9455 24266 24499 41359 31109 53712 45744 37434 9025 39734 9988 34547 35205 23899 29200 57371 36784 38559 34098 39442 38178 41314 36301 19769 30012 46084 30013 44527 1884 57572 24804 35986 40675 38500 12835 54662 35633 7907 34392 37160 38822 41153 46821 25562 35747 40542 22825
36346 10885 30234 48771 27625 13231 57940 29781 30216 25216 31086 50174 49333 28248 44487 45789 31826 35480 19903 33364 30013 26270 33718 44993 37847 44491 54796 62598 23680 1919 42784 17922 28569 5914 13652 54677 35201 31740 39688 37022 33430 53637 52889 41087 53052 44821 8811 27286 32721 43020 17626 36932 49332 52170 16457 28395 55878 42416 31510 40934 45287 48412 47012 30875 50424 38254 37967 35429 13015 11785 35707 41638 45797 33354 29572 19135 39298 35218 32461 18446 22287 14145 15284 39925 30699 31415 38044 33747 42100 16213 20449 30984 41230 27768 36839 12531 19991 25988 21259 40182 42990 35286 29613 60015 50932 13518 10287 33472 24457 48591 33520 2888 49678 30774 29264 25958 56033 13156 49327 44668 45667 47801 37997 49129 27892 21909 28649 44812 19189
51033 45445 19782 43204 20323 5024 10232 32450 43283 44186 34944 57680 35788 28370 29761 32972 10986 43179 44183 43416 46544 33921 44772 17427 55262 2231 13449 21660 47218 38828 45796 31636 31469 28608 23383 30043 16047 43858 39744 39506 40729 49349 7169 24279 45961 33397 49913 21323 36703 40645 12680 9230 49662 40980 50445 39297 22210 27842 38634 38915 54542 50990 31869 40946 16450 52666 34600 19890 6076 64197 33866 22945 22237 9391 32067 6174 29957 32216 46962 31114 58773 38048 13369 35397 38891 54118 12534 29360 30567 32908 42762 30505 27499 48753 19414 30737 22358 35701 37048 29128 39560 49656 41747 31919 36962 39002 27715 52517 36930 8442 37290 45960 28041 19002 29865 7228 30615 24185 45726 36766 63948 33815 9451 45584 48009 48500 24815 50160 32811 26864
14345 41375 34581 49386 14235 50046 35750 23492 43268 15851 50494 43997 37283 16712 26430 32661 13018 39411 41220 33100 35335 45133 7665 14178 53388 34998 34149 33846 31688 17295 31424 42538 15643 40247 40290 14238 33252 28172 34987 44783 29573 43634 54267 56961 30556 25287 37554 29872 11978 17258 54320 31711 30513 38076 41942 23148 27116 15133 35074 53946 56417 14062 1812 33573 57323 9357 40303 26129 16876 48219 51056 20954 35781 53944 31864 30947 33492 22533 45031 27018 43131 22689 53533 36402 47641 31978 52091 44343 12558 35140 34398 26877 17081 56845 25898 16353 24700 30628 18236 35907 47029 28266 34804 1157 45510 63167 32437 15110 29710 24836 32476 40486 24556 39319 22474 30789 37570 10457 21727 28611 26095 13098 48507 34559 28370 30955 54527 40027 65228 22138 56009
27190 41790 50232 35385 34544 42374 22150 6834 25832 35591 15810 49040 53889 38173 50766 43062 31255 16682 22665 32772 25101 18575 30930 28248 27842 41130 51082 38547 55446 31453 33041 38933 16360 17542 32200 36415 39195 42759 12813 36975 46731 34751 44609 12805 18075 34830 7876 33380 21418 34131 52215 36072 17432 39152 39481 22772 23108 38979 35304 27112 46224 38062 46952 48930 52571 23440 56087 21507 31493 30281 51540 40939 61422 43576 29312 5691 47734 30911 25339 42577 50428 40764 49958 48013 21986 38672 22367 15697 36743 38300 32775 36604 61515 35902 47486 36846 21134 43097 39973 39816 27824 21321 23643 35112 20752 45680 19070 11311 28176 42799 21234 54269 36367 20196 32276 19442 55149 33521 28742 56175 19594 22709 27110 17873 19398 41359 18261 19067 36736 60129 33012 42188
44570 32266 43809 35876 39411 57449 30270 46052 8555 54112 11945 19306 28386 21581 15555 32279 35000 40082 42220 29515 20812 41358 34693 52838 34560 38049 41197 44744 50228 25386 51586 45009 32581 13963 30120 26849 35479 29730 13757 27992 38022 48464 46624 19606 42869 28535 16178 37372 43458 41970 13651 17640 24016 45095 39140 26810 25083 42353 1603 31957 45223 20786 46545 31894 41008 48331 31726 24414 25337 44442 18683 39053 34656 42241 43351 6019 30664 24671 17760 51105 31373 22804 24954 4164 45587 50303 24067 21712 40119 37890 46938 29858 38105 29947 34272 19226 53467 53452 32245 44955 25372 19668 28666 30082 14844 19058 18509 27696 40923 26376 36687 57093 15129 31733 26976 38241 36373 40600 38625 53925 30513 8274 29744 54831 45260 3716 31150 23391 20806 12940 48060 6552 51966
37325 27320 50230 27735 28067 54020 35484 24493 50032 56575 6186 43875 19605 36104 37950 45528 32368 33664 41529 12652 2659 31943 24955 50302 24012 20798 28005 24945 41485 30019 23893 23201 15493 31031 50347 24177 20116 2426 45770 30528 13721 28269 13070 35694 35574 35951 19674 23898 41993 58334 33678 35686 37428 37150 22152 36849 41686 19597 49449 49499 24399 27274 47825 20996 36094 56182 46817 20556 44357 43953 42167 9874 32130 33692 28595 39736 30486 42901 32567 20637 53090 30717 46754 17697 30660 28980 30036 54052 40351 43931 38574 12550 43599 23441 61966 28966 17206 20852 23253 33254 51637 31144 41059 11685 23338 23690 36376 39619 20727 40572 27477 19360 16507 32732 31607 40604 31509 23819 32225 19990 36391 11882 11762 61552 49936 34903 49930 63497 40751 39732 28810 13121 58342 45919
58832 52344 36499 14649 52797 51726 22680 12578 20785 3682 46932 47995 4620 55254 23591 38051 12334 49354 46192 38136 18167 16283 27025 45278 28103 42669 24808 30899 14334 42076 15318 39126 13564 49931 22461 55720 61474 26904 19960 40841 28878 22758 29677 60122 47712 45265 23287 22521 52283 27453 20600 40775 41404 56966 56785 38180 12868 48399 18528 10737 28979 38198 37255 27149 52713 53598 30373 32214 13255 14307 28954 43440 2602 27433 13893 52729 13430 59789 14216 26384 37384 36207 8769 36182 32320 36145 24530 29995 53377 31538 38298 28400 23592 17874 42232 26371 61590 14193 11086 26053 22827 30319 33275 36758 23879 34091 48734 42199 16459 16903 45528 33254 16789 26466 27082 40740 40069 35740 44946 37106 34942 41236 34963 34734 14556 30253 13865 20410 23810 46403 13750 20853 41040 58553 16539
37182 43556 26350 52278 44918 40415 31298 35305 26749 39649 47380 59154 5300 48267 39367 36115 43129 6715 28343 24907 46125 51025 26183 34074 25648 21296 35542 21983 32995 18740 49860 27900 28325 45248 53360 40911 44500 36148 21052 32698 56020 24046 17031 55836 44547 40527 30641 14421 31680 17847 42010 24516 13420 18311 22050 20939 25703 37661 30760 52168 13330 37849 53390 18204 26571 12573 33203 31016 24563 20040 35319 54090 39146 51898 50106 33509 11025 33236 25948 29013 19143 19188 33084 50172 18538 31099 34236 23611 36958 23753 48443 22384 43776 16446 19993 36605 15538 27451 47798 38977 34258 8477 24946 17563 25281 8519 64684 41325 19424 10008 41670 30742 21901 27120 17951 19957 45098 40240 13591 25708 43029 28726 39438 47321 42415 36451 31588 33950 44376 40727 47992 48410 57201 50610 6316 37805
30809 8596 11616 30134 53358 19997 61425 35991 23572 25261 45763 15790 11177 62116 42034 43612 27532 36194 52897 45059 25630 15944 39022 26622 31167 36020 50172 10163 44240 31750 28583 32893 6575 35745 38355 16318 30909 46818 36060 28375 40538 29994 34597 21286 31463 14809 4876 28173 39619 29775 39668 31979 42572 36845 25913 31008 25062 29712 37951 38923 44527 33820 9827 19214 34502 8046 30213 49031 33996 8550 47495 24280 23649 24935 33608 20064 24038 45774 16808 28542 30137 58620 48903 24468 44091 17233 8645 30721 9676 38189 27713 20004 8909 40433 31965 45918 32668 40187 36344 13584 13466 19883 13810 40088 54824 26468 26410 28505 38052 7554 28675 28335 48240 40808 31449 38908 46571 39030 36367 9377 34164 45066 35844 35324 19308 35205 45848 31087 17459 17479 40362 24664 51242 31665 49693 26649 19375
18209 29389 30225 24355 14839 24093 43936 12006 58262 36460 26149 33625 20314 27162 48898 16603 33958 13190 35733 59338 34522 35090 23872 38026 21844 25885 33122 32633 27509 40455 33115 31990 16541 26160 8842 32098 18477 52216 26193 3357 29059 47550 35342 21640 43007 30180 34594 38913 21251 8905 37614 47081 54766 48845 7888 12448 36896 9296 22571 39559 23802 2482 43099 10749 37850 33106 13506 44896 34849 31122 24257 38676 35119 15569 50102 26998 57956 29039 48387 19176 23329 39372 24583 31688 46787 37960 32289 55415 13485 39746 42163 22870 36926 50460 40220 37571 32982 33845 27835 13600 47574 42733 54514 36043 27292 22436 21279 33317 48777 40122 41124 39310 56573 55438 13024 29543 26968 18818 47923 52239 33530 35318 9980 31716 17731 36935 40861 30538 51091 44761 35444 52895 40266 37896 35042 44610 21960 18999
30793 24212 31854 47044 29188 50165 39066 40722 52089 24262 44460 40573 38403 19301 47879 45161 7940 16947 15368 43826 28637 38800 43024 16699 19948 15325 29311 32994 14995 47993 2741 21642 29489 48834 23571 33423 28966 2588 52726 44373 27089 32229 50114 21305 20116 5756 40148 52891 52429 60482 46220 21981 19934 45975 25165 31582 30502 48348 31092 44414 43524 29807 18786 13981 33754 25265 7543 15643 56839 44034 48403 50007 52714 37059 27543 10163 42212 27986 26721 42126 28758 47632 28369 20552 31134 35678 13898 40256 17951 4506 29224 23001 38709 6438 20942 45167 27202 2657 32924 42853 30887 27050 42480 8474 14274 22370 25899 23534 55541 36841 23981 29248 51614 27552 43735 55923 45855 57061 25607 26339 31447 31257 40093 50675 49702 27036 25596 33282 26219 30159 50560 33136 33032 33553 51340 34460 59227 4544 28800
12264 43718 15936 48314 30643 39080 49391 43163 46173 14945 60972 11139 6214 21840 46680 47315 45518 27351 42451 16361 27476 14420 25854 11301 35642 46888 47159 25833 46047 40116 32735 52628 25507 23126 14422 50566 29926 7537 31229 43040 7688 20321 31027 52416 29032 38280 34390 34503 23912 20807 36298 42389 44135 40956 38892 29834 33989 23305 51486 47879 26850 38861 57790 15465 46878 42919 48685 47123 43480 38905 54988 59748 22386 12834 49145 34748 45643 31617 43542 50812 35011 46456 24961 21762 34106 23909 52891 24239 11792 44202 30148 35555 58788 39078 30557 31998 59992 53945 36805 54368 54924 18498 38746 44137 41117 41635 33408 40057 6895 51002 24981 14320 29662 22376 24824 36398 13773 12431 18698 10900 50970 27658 32299 5248 27176 24383 32956 20306 48467 7049 27931 55917 47871 28234 31657 12590 14728 24803 32966 19190
27473 47282 27859 39717 24248 30489 19503 37147 32288 22903 18232 38969 36837 22828 41554 38876 13931 11159 48603 29544 28687 16922 38450 35386 38705 51731 50104 47026 25139 44260 31437 21299 58228 36844 3026 45082 35156 54410 25381 40392 7731 38944 35111 26525 18545 13325 41528 21753 35437 48560 28345 43325 49801 34410 51976 41927 43812 39836 44934 32759 23198 18084 12436 30000 50006 36069 32400 46798 13231 44987 26076 29748 22021 44168 52951 22722 12475 48301 48608 35798 9776 54664 21336 12497 29892 10363 19359 26387 46806 8932 32534 18941 58057 28197 25115 28909 51961 28573 34063 61251 40393 51372 37970 21602 26008 54961 22597 43942 35014 13070 46407 31858 51634 13089 43958 18982 50878 26700 55286 37920 31305 8174 29285 21953 47795 25447 53090 34409 14940 30742 24398 39289 34724 24413 44681 32335 36074 22170 58740 41035 37008
55086 18541 26319 13557 38522 47061 46394 30841 34268 45068 60140 46460 21175 51571 25414 8798 58983 14441 30118 20862 26190 52556 30061 45374 46029 29824 45563 35837 27714 46690 30384 34843 26895 14164 35565 43000 49043 47028 12815 18932 16685 37859 43897 43118 31551 17474 45706 55752 14120 56623 32418 20577 31303 3852 49954 55961 34302 42551 44904 8912 22443 2833 61141 44902 43184 49658 10441 25274 28268 27475 32932 31534 23103 50043 38342 37666 55688 41680 33679 41203 38313 32182 24927 30469 29696 25739 49814 17332 38382 33710 13972 37219 22741 41856 51386 50800 22032 10337 32870 9534 25349 37554 57592 19497 37135 32465 27091 46485 44432 42271 38484 47070 49641 55804 24028 34151 37752 36297 13259 44174 41887 19685 34689 38838 44989 16302 17503 36155 45362 43656 20930 44929 56669 28113 4878 31973 9632 34280 26528 20423 46937 2862
10968 24201 31722 45571 46105 48010 39090 51912 22208 21802 28432 16859 25134 30153 40038 40861 8643 17351 31251 34926 56543 16771 40310 48303 22243 19807 55280 39102 20269 8634 14050 38140 33053 21748 938 50634 42006 22892 50091 56198 27508 32133 14401 8850 34458 27547 57038 33613 41192 43537 28851 33302 25020 39750 58190 16206 27767 32154 26625 30549 24697 27500 27690 33420 55587 23327 39211 21841 28115 7951 21603 32773 12777 26015 48946 44808 13512 47406 14071 10939 33228 32796 21780 55165 41048 31944 28391 46508 37836 19860 38354 25004 23430 27871 38708 37851 29415 12553 31853 41112 53583 19570 35548 30788 27167 19834 17379 42815 11445 7808 58592 21994 33905 34278 26420 18595 55477 42507 32832 24523 36064 32079 41314 6082 32850 26130 30717 35049 36460 38580 28013 26527 36492 8596 10004 33858 21523 29972 34387 19254 11873 23443 43144
17624 26838 31601 59157 38282 51923 55054 22361 32170 38837 52426 19123 55705 36575 38660 52869 41400 27568 19486 44078 27237 58760 56951 26893 25602 45000 7279 50820 56045 31182 12390 16881 14215 28411 41148 38070 32304 46767 20432 46130 20297 29770 31748 53701 26417 50988 16312 23246 40518 19125 4425 30895 26860 38469 49947 37062 22401 48444 33674 50292 5732 52986 23801 61723 28150 22240 46534 45078 49815 23628 53332 22219 38056 25246 19199 30357 32903 26937 41003 23766 48789 27514 42548 37615 41778 24770 36733 56894 40639 48241 27236 49189 48539 28135 8524 30211 10276 24709 31377 31032 41662 31656 39063 32547 3527 41652 31163 31014 26014 13574 63581 38047 17060 3582 51935 47856 22841 34047 33696 4472 31166 28006 37120 31126 37009 38548 48479 37036 42515 19433 12061 45081 24228 54469 59545 27964 31397 29833 51253 39286 54900 27283 34896 49704
27250 29251 16202 12464 51968 49916 24450 60017 43132 4122 46939 45255 53064 35072 28977 33044 42947 55566 37735 5305 46668 10146 32860 24852 6980 38941 30320 38791 37643 18911 36866 42352 30210 55369 17269 13361 14471 23225 25381 10537 60155 58511 40309 42424 47550 34094 31940 34621 27953 51186 59250 26394 27059 13374 40926 39597 44962 19826 50282 13144 23394 37612 53109 32378 42321 32781 38751 34163 25038 35893 20104 36258 33082 43717 33616 39017 36853 19227 40982 25382 46688 55447 27452 59194 47321 15003 34593 23046 30657 21638 29221 44264 28536 34232 34472 36163 47199 43410 31498 58483 34517 6002 25002 55258 11064 41657 43242 51417 37356 39623 39721 21710 49998 51964 57031 21787 25536 31417 30244 24351 13216 27995 49056 17465 3919 25157 30106 4555 28462 38102 11892 37172 26523 48238 23693 18387 10488 35950 20037 30474 32675 46132 11772 39991 21501
24353 33298 28860 10854 46229 44262 59896 41791 55280 27866 47435 31463 26770 23630 52244 35260 33243 29087 19381 50210 47915 32561 40332 14967 10210 45920 25338 39194 22368 6287 31073 43116 21766 5404 31260 19661 43058 60266 47761 34462 21572 47573 19483 29245 22687 31425 31772 18443 45216 33930 21493 56424 54184 35219 39172 8117 46359 38970 19627 7761 17485 39650 11337 32922 27819 22503 12606 35572 38286 29101 37097 40381 41562 59025 48300 46420 29292 37107 25061 27162 24868 10037 59894 28783 50661 15286 31294 39092 29708 48342 29724 20295 15098 29941 29938 40073 26127 35443 54815 42202 15531 32687 11522 43163 33327 13067 19196 33834 30201 24294 15726 45032 21353 6560 52662 49206 20962 21912 33079 58738 42176 24881 39245 27646 31590 26311 37722 48185 33076 27837 43199 55938 23944 54642 52954 26426 46019 24390 46861 7873 41797 42136 52918 55672 18287 39883
16183 35773 14239 38715 28143 17905 34613 50507 31806 13428 17812 45146 51075 8103 32280 16072 26912 27625 47140 45812 46707 39320 30488 43840 16606 17688 47698 8715 21952 42695 32051 28085 32377 4868 46875 16542 32872 31280 23403 10534 23791 26795 22913 37292 53612 34518 40125 16530 22336 6415 35969 22583 9164 32695 35884 55035 43118 14126 31518 38718 37513 22485 46264 53088 19321 38411 36952 37312 30880 16942 24927 19648 64351 18594 30509 19135 28948 45508 40226 12829 45857 41462 39583 34106 22245 22934 45825 8822 44479 13573 42411 50224 17681 44196 44540 32970 26170 54481 33620 19107 38553 24046 22804 28699 38800 37977 24218 39826 26237 24691 16199 54120 48322 50844 41595 31228 36798 26421 11158 19888 4305 32413 31224 26852 11610 58674 43265 49653 36539 36696 20497 43847 39506 36205 33416 21302 29056 35792 20422 17445 29095 53986 49964 25714 13346 18179 25624
63104 36439 26772 46570 39083 37281 54259 47109 17751 35682 49537 26054 53984 34043 34206 13966 29609 17354 37035 7613 46608 51505 28423 35507 33912 21135 18704 59601 42301 22852 25386 40820 47811 37551 40371 37376 50023 61490 29962 40914 6537 7979 33168 42058 29579 35068 30629 30411 25548 21252 42922 27314 22700 24226 32253 53088 40075 51512 33535 28725 54729 27685 56080 38033 34501 23752 18065 32725 36321 60546 8672 29023 42364 43188 58718 42127 58358 55996 42348 20680 15278 34813 4712 43366 31495 29139 30900 24012 52317 38304 16559 6490 13843 44229 28344 33646 6792 44192 9008 49001 14364 18067 39543 27819 43310 26620 44270 42645 25633 47677 20211 33925 15185 41653 37095 6619 23841 17092 40746 62970 54256 30665 49693 42046 34334 56102 56863 44042 46602 16953 29582 37054 33302 48740 40654 20920 25761 40198 38973 27225 13323 26495 13370 53761 41652 25390 25382 31761
48892 37237 12641 55271 62274 12210 51020 53475 34280 46918 26949 20071 6477 56722 30637 13266 43985 37876 28388 24708 38868 34767 26443 45022 37814 8831 38209 31038 45526 35174 51492 36869 24726 40421 61272 50067 27221 32090 36922 24392 30067 33063 20524 43653 33872 48811 28556 59559 62796 34629 19131 22801 33478 26711 23066 46882 49952 43840 12807 47674 43193 54623 33508 38330 33265 10262 39183 63744 31016 41155 23785 36717 38078 30920 53970 32865 14098 42372 39723 28476 7814 55383 62035 64350 25978 32416 12456 16423 33355 49601 51854 54519 51037 34584 20579 52526 25356 28678 28294 47148 57275 23021 60760 41298 41928 24104 12601 36862 29078 53789 14986 34704 26497 18215 42409 34667 32749 35496 10999 35564 37174 42497 40660 35188 52671 24208 29089 30307 17382 13751 12221 16665 24078 26837 33158 54519 25235 29002 43872 6490 29657 33909 36265 29094 36925 5048 42176 48440 37407
52337 35078 22384 45025 38914 28379 38833 31714 7114 42656 20824 58498 47400 40115 54214 13345 36222 22901 27227 37151 29227 33094 23671 32219 31886 21639 60795 55479 32264 44950 56517 23570 33786 2772 26037 40524 22466 31394 16302 4548 32451 12126 40460 34013 47705 30058 45106 8691 34790 13605 8576 28521 41163 29422 6484 20382 31334 20262 47887 33010 50713 34349 42513 40388 28994 28772 30139 7287 9539 33321 16747 53095 18299 19421 40065 25847 31050 31200 38496 26502 38927 21651 47716 48500 15660 16469 36848 43296 48639 15748 39524 18668 11242 26756 55582 38711 21580 31155 51071 27233 16517 50544 23783 29898 46580 15388 36023 17618 13819 27159 50765 50392 32248 30658 29961 15166 34636 10619 32845 19043 34648 57251 52088 28839 28538 38554 46570 34922 27925 26305 39684 18444 27013 33911 21028 49644 35372 16410 11947 25708 45163 34318 32761 31211 31136 57008 37230 43209 16173 61026
10859 29542 38513 30082 36429 47138 53451 53361 31863 45404 31645 30608 12360 30070 24646 32573 24864 30415 33829 6106 16992 33735 43164 3525 33638 50878 19209 18783 53139 17940 9422 20232 52807 25640 11082 48929 8930 57180 36829 54793 27844 53776 49126 60446 51021 12961 25799 30148 51677 21363 25566 33625 2004 25314 24204 49468 4242 27473 45619 30670 28536 21278 30766 35695 44004 23724 34275 31872 51510 9815 27821 59231 50897 10883 31214 33901 40978 49036 46855 10250 52314 6101 26966 49815 48905 16828 37437 57459 59263 42916 61211 43516 45341 4073 63824 25494 33600 40175 26171 28063 16716 19731 42814 17526 19102 31413 27063 32892 64150 23607 38664 54801 10391 33784 54416 38294 10238 24664 33710 43881 18476 15287 16836 40939 21633 48245 26673 38780 37981 25841 35924 21117 19233 37773 32654 44364 47147 33448 53056 8266 38619 51362 50376 16344 40596 55258 25993 48212 33458 32435 29407
