23
1512
15734 39151
29466 55565 31883
47455 17859 26046 14720
32456 23871 38362 44347 26894
47214 24384 31894 50190 33328 17363
47222 10153 37221 20847 23992 30655 26861
41462 21822 58416 14248 23369 29670 26845 22646
44871 31378 19876 21047 56272 38432 42599 22474 43716
24434 54020 18450 61955 23399 32604 44524 4972 31454 41807
49208 31968 39609 33469 25048 43073 33750 11655 8620 39787 27415
32650 47762 26689 29018 8362 37738 11426 41857 33988 48918 37485 31338
27577 31862 20356 23286 24937 13928 42438 38406 15796 33740 25362 26744 9339
42884 24906 31534 34204 36975 34381 25350 40185 22893 50170 41185 29296 18783 6195
8608 23010 21283 36055 15905 29487 38297 47046 47942 43575 23459 15071 51693 46810 39969
50181 34552 40184 63985 36116 31557 11378 17395 56302 7094 33062 29961 33397 51497 33525 46098
24197 20608 26048 21486 55808 27289 43364 21373 27335 15446 6597 23967 4793 54933 20161 51508 24502
46648 44087 39196 27550 17437 25096 31799 56401 54566 27668 19813 25518 43569 37435 37766 16278 28703 26717
33146 14826 16337 52826 30240 43145 40485 28690 31834 27987 31741 17766 51976 30248 46647 37429 17672 15591 38324
26205 31034 18290 20309 40386 8832 42920 33784 57408 42938 31592 16511 41403 7110 27797 32200 41489 15748 45323 41141
60704 30678 35500 64036 23244 24987 51033 18167 36594 15795 16625 45068 31091 31487 23892 19013 54831 46173 36450 38528 44294
45229 20987 33183 20952 25297 45566 25728 25734 27049 17484 33797 53487 36883 43718 37133 20209 52463 37707 43127 57968 17183 14267
21285 23369 16770 56822 34292 21853 49912 22491 8649 14477 28257 33612 29566 14518 38557 51752 13305 21948 14988 8782 34836 23420 34062
