57
40547
17064 30537
45212 4532 49730
29554 35785 45580 44827
24273 42982 45772 55187 31432
20817 50002 26122 17589 28779 36607
24800 30202 35220 48435 43636 33782 15661
29006 33064 8201 18325 51888 32604 14226 33066
25785 39789 29683 24144 22217 42943 47754 28517 13376
21166 11448 24776 35966 9885 10207 31450 27364 35306 17754
41467 22224 16120 23183 22156 21410 25635 30937 13547 24765 29647
28058 62841 31102 50264 49715 27798 38214 34849 15362 35491 10101 19848
23657 23551 40811 32496 24775 35080 59529 25269 49788 22050 59948 39739 14055
41899 1976 9951 12138 60930 41098 57345 22883 52616 36866 32003 7732 30365 11651
36932 9020 47522 52330 34852 51674 33525 48152 44803 44912 23287 51181 11073 44381 58888
46921 32573 22784 25737 52621 35161 33722 13016 18967 33780 47852 51542 26695 34158 51188 48228
24448 32806 12341 15456 25374 17023 46347 38316 41604 30421 21464 45223 18706 41867 50685 4528 32294
43776 32984 22824 25889 52116 13771 17263 7523 40870 53812 43238 16973 40345 32629 32235 27453 38857 41709
53983 43923 15513 24060 54306 37554 38504 36353 51733 44022 35734 52318 39191 32450 24194 61041 49542 36470 11662
34204 24518 55920 29465 57150 44085 24081 34179 33975 31538 37049 5932 15206 15646 26057 46708 33965 32345 19615 52666
40426 26436 45211 41824 32894 15421 31007 22981 57802 23973 35210 28489 13100 18396 16700 48716 41479 37699 31638 32046 6071
29753 36854 48718 47518 15132 20925 28686 26909 21584 36939 23757 17298 18482 38656 43755 41567 47908 44349 23752 39651 28036 38495
53444 65149 15283 4553 16702 23183 40466 23258 50328 30840 43263 43250 19761 56727 36060 12146 43369 19278 38407 40376 33696 48891 44257
7973 57910 29184 21962 23321 10122 55740 12579 29940 37374 10127 31563 35862 48114 18648 3232 48095 39875 26361 55686 7087 33749 26448 29275
48870 8836 27454 33662 46308 33331 53285 21840 35082 35136 12128 52273 17078 31246 56917 26754 25928 29433 28255 50849 28707 28261 44256 40687 24228
49838 41785 17868 10284 8759 38600 43929 49179 7006 35055 23733 38353 39046 14093 33150 38063 24587 39554 24152 42002 37969 26797 21409 42846 13237 37616
23992 32240 39063 18089 38142 33576 31065 27962 44499 36457 26714 11266 30872 29456 21498 58464 25003 32894 34457 46006 29037 531 42647 29539 19518 48943 46675
14534 45695 31539 37935 21824 32910 30077 31370 54834 44748 26989 32708 34042 20890 36454 5692 26363 39254 38852 35925 48529 53858 46314 35947 34334 25885 37176 40161
31235 54758 21516 8214 36510 17694 8391 54378 30033 61221 5833 54332 39802 11356 20851 38383 10875 28961 26659 27615 34739 19925 28217 33903 54402 28376 62232 59902 28231
40075 33308 33516 28260 15181 41640 4504 43575 19324 55324 13412 45858 27004 41430 26031 22148 52651 31543 31705 40381 19560 23455 43330 52780 22036 46703 31818 26931 63247 31493
24400 44080 22458 38081 39094 36996 15475 27397 51931 19344 34203 24880 29727 52914 44946 54946 28386 51021 21177 42684 29060 40637 9071 43228 36452 31332 29202 12387 46052 48035 11014
36017 44131 32728 22184 35110 40513 41061 39258 27939 35806 45737 45946 31749 54170 34819 33129 29999 45012 44501 31624 37888 46830 28030 13877 4056 23367 19549 57810 39960 27455 3028 19133
26654 37174 43329 22871 8011 54156 24070 37376 26879 38048 40834 38169 59546 37588 40725 40705 48508 26760 18974 34838 33541 3097 18943 50364 20629 20459 33814 25937 14732 57946 39364 38452 19786
52681 59499 8134 38704 30870 35174 26215 40604 9508 21019 60024 26350 29135 21477 51287 61321 22779 56358 14437 46026 45316 29759 36610 43794 44109 24974 15503 18625 55604 42357 19819 31799 41500 32083
27124 12501 19809 25224 22158 52728 32103 35443 62359 14084 12427 26230 48494 19286 49453 41967 52340 26190 26031 44096 54537 57167 12400 42184 42894 35254 36816 28390 12385 46308 20015 43004 30691 44089 37357
10601 41588 14101 56681 34956 28789 39129 36613 38598 15940 37091 57632 24952 33858 23187 27162 45568 22224 44364 7250 36289 26188 48234 50731 46615 32536 46928 37377 10340 35219 18782 34359 40457 35356 39410 34092
35940 41236 19565 52544 42199 35547 32815 30930 21696 40914 53401 32325 17793 54359 21769 12277 56441 47307 41183 48197 47880 31118 17278 44436 48781 24321 18498 59970 32874 19843 13966 46254 22013 17778 37314 43834 53416
58162 55612 51269 48586 57121 34909 57903 42691 36254 38533 11096 20722 24330 30485 45600 15801 24517 39275 24806 43638 47152 26855 32268 4234 11433 52459 44017 42326 40337 10454 59637 23096 34632 23560 36728 23699 33327 16866
54746 5571 49829 45506 20090 11050 39176 32521 26554 32297 29116 30999 27641 44062 54558 27468 33175 36459 59280 40201 10996 14959 26992 20907 50800 33161 14111 51349 36458 28955 18686 15654 6468 21124 13163 26302 22877 43811 42696
63678 7445 15450 28531 41604 36556 33671 30157 36721 13538 47628 48694 26341 29110 21832 26895 52288 33706 34459 45751 24290 34078 15204 29580 47659 27759 40197 40946 30075 35841 4316 51271 42034 37424 47178 39146 21936 35167 28849 23100
38230 55276 21356 28829 60034 16442 46561 23662 22676 57509 43371 47629 57071 45969 31596 16859 30960 3930 13637 18488 40440 9827 7252 48517 49511 34570 45563 11809 53917 39858 45977 49770 15611 43703 6798 16068 26590 22141 39993 33677 13994
40289 43516 36132 35004 22979 28981 29674 14708 16901 56134 60479 8245 26758 36238 18052 36956 48038 26988 28439 22858 34245 35906 28249 18015 27971 53103 26794 40699 29823 18514 40555 9855 31195 51276 27642 40009 14262 23742 18872 48057 50288 20230
52230 15410 37480 42119 41794 20752 28673 40605 39886 43446 34711 47786 7689 29060 24461 45583 11858 53208 23106 31274 27914 26643 13846 17501 38545 55701 36200 32262 33608 49087 22171 20615 10125 45551 58379 41279 37825 17285 25627 37262 29764 33764 24874
32467 4471 32360 49560 624 53177 47732 18372 61891 12136 47976 37392 24110 19688 32930 39643 38160 24727 34179 14469 40905 16084 16747 40302 50104 55296 42939 22518 33343 47227 42961 53884 39100 34982 44301 21346 32912 3295 40657 32007 28444 9607 24700 19915
54718 20222 20846 40974 25049 41381 19720 43568 31945 20955 43688 32400 52208 45054 15791 35728 12463 10354 21885 7055 18532 50068 15730 21741 27761 42438 15599 14858 45621 36710 38737 10566 27407 56533 35835 56576 9313 34420 22092 27546 42890 41121 44452 51059 31209
23486 17764 16107 23776 33833 19690 31842 52685 33347 28567 34360 34322 55916 21707 16076 31502 11525 40934 25728 24097 13933 61512 37300 7338 52994 24913 48325 24587 60200 35425 14359 36258 6973 32472 45574 18128 35744 52758 13557 26871 33970 33660 42818 36210 27347 9832
19280 35239 48740 14906 16251 28401 39875 48725 32295 35506 15185 44566 23984 26187 29038 32990 36985 18202 44667 43533 42208 44673 32471 6403 34120 23007 35552 14625 30733 49812 38650 29124 40851 40447 33667 42576 31287 56706 52442 13858 25177 44667 35680 31898 3675 64076 29557
53531 37020 26196 21882 34562 55164 21490 40397 60848 11611 24712 54479 20613 47257 25973 40672 63201 31637 63512 48225 9253 54449 27090 35248 38831 32332 18436 32558 36063 3782 23564 12604 15128 30846 43853 20536 21942 35287 30499 43140 35868 27949 15600 41599 35242 43235 13845 49800
30142 40792 22512 10496 29625 36588 21475 37447 41723 37374 38732 22206 40677 40689 19341 27331 32469 34849 22021 24247 22059 31729 55316 24314 13386 33984 12057 13293 9358 35054 29814 49647 44634 19162 32137 35166 21774 26854 23476 42654 38920 23921 23638 21005 62121 32475 35023 24586 23633
32644 9854 16630 18529 28108 46789 33073 42551 13330 30466 51484 24883 39096 24726 23829 24759 15901 10466 40317 34850 41633 16708 34484 14036 41124 22303 45339 51246 28294 21455 20753 37774 40614 56502 14068 27733 40806 21301 20264 41443 47909 21674 41482 32664 38979 14967 21500 52437 14624 39419
42332 52471 31772 17557 29323 48993 39830 18343 46058 24434 44528 27792 32215 25738 42377 14511 32948 33290 20673 28006 35039 59216 23032 34835 32441 16317 51086 16920 26274 12977 31714 4308 24827 25484 46422 42407 43555 29102 36426 28144 39544 30839 32027 4881 42590 36679 21549 31336 24115 18814 49628
50518 28246 46716 20619 20797 7976 57762 26264 14200 21769 53838 50790 19821 36954 35808 36433 42103 28025 36283 47293 35320 42183 21308 39942 34641 35492 21444 27279 25056 36721 33459 45750 39687 16269 53097 57054 28709 50006 42311 13667 55962 24368 27562 55465 36805 29561 34294 18189 33032 31888 54152 23279
23489 37590 12224 51889 35154 27307 29185 43186 44826 54384 28072 25426 44664 48259 29206 50417 9422 43845 19115 29679 27515 50454 16071 62123 6110 19031 37323 40839 31576 38758 33557 46306 41802 42148 19973 18716 22802 34418 43518 52884 41491 60718 19036 37805 16297 42298 24194 49859 44854 38645 37328 57913 43547
50878 35748 21614 42422 54518 28511 22466 54121 32253 23649 34452 41106 39476 28171 22343 13971 40441 48059 39991 31435 39341 22737 33735 36506 14768 54448 38998 20319 50787 47796 16452 22140 42021 37440 15856 31055 21332 24244 12220 18746 28756 40814 36871 37788 13187 20431 46385 57813 28992 26423 20890 63812 39404 55559
29602 23371 14823 38045 34216 17736 31122 34137 52750 45212 7499 37533 28467 53928 34163 8136 26487 40138 44650 35898 4410 48229 12433 45908 41692 6869 16455 27764 44732 23932 11754 35579 41788 58811 26078 24137 19131 20720 28800 12734 19353 30845 29234 52411 10294 29121 43858 29341 48882 36379 30785 58055 51756 56045 53600
22680 24646 8598 51981 35696 29599 26485 38314 11952 21143 28140 32149 29110 42894 12889 27439 32739 30948 28190 25304 32919 10488 38554 34033 38706 30252 23853 3545 25364 31456 44854 54766 32669 11633 13847 20884 33837 24643 22318 37161 33828 49586 13276 49420 36578 23585 43395 43422 12232 38382 20862 44863 28212 12668 33075 53840
19846 52519 18941 44847 19745 25427 31038 32317 59490 19036 38999 5082 38570 13477 60582 57447 52057 45196 30605 28739 30159 10356 30315 27596 33133 25273 25248 5990 54672 33215 29067 21359 21916 33763 38030 7238 24814 50053 30983 2636 21222 30471 34904 20961 33511 45256 26592 17254 50254 57128 30974 52025 26236 19591 22804 61883 46289
