166
34403
9384 45962
43881 25524 27459
41917 47090 17728 20465
55962 47229 29415 22930 38402
23019 32905 47878 40918 46365 52742
21292 52725 20209 34622 11494 33343 38985
42002 32532 43668 28163 26721 11412 16595 39168
25609 50246 19166 20001 29422 33036 55956 44612 48364
51654 36308 50763 13799 45394 3713 36628 7613 30352 37495
60801 32844 33890 56216 12912 46456 61863 47045 39619 24862 33087
32989 53080 29471 41483 7360 25873 10075 28393 32078 23756 34226 11961
41063 9067 25092 21597 36842 37324 23602 32437 25016 27857 57371 30879 47026
25945 9629 14587 49079 38979 12444 25259 45991 36465 20725 50318 22882 15552 8841
22916 33479 33813 36153 51309 36280 45386 50402 58409 25620 32069 51560 43928 31674 36064
26280 18842 54925 28928 46211 38159 33385 42626 38617 37079 39216 5704 48522 27602 49347 38192
42103 32992 43777 25628 37758 22241 38346 45034 40577 8372 19198 4476 42334 48444 8317 36273 21494
46934 30758 38248 41513 17890 16346 34179 21463 52162 29051 42720 30945 55254 4837 44641 27940 42236 46587
48356 22660 6676 30876 24395 11998 18944 33959 36468 45075 29600 36862 12096 26627 33234 56448 37520 44686 35702
14348 30018 10133 54126 31876 32824 49910 51353 36807 51280 15507 34263 25524 20075 7242 21001 30253 32618 46588 40973
20753 46123 43401 36547 35392 45456 25297 26893 17305 43127 6580 42443 43775 46530 21010 59355 31310 25167 23500 32285 30568
41728 53952 58227 29743 22707 40655 16060 20095 53322 29658 25304 28730 17059 20926 52903 20289 54432 33887 44297 28019 38687 41883
21726 22704 34562 4945 51462 43736 36135 33634 47201 35275 32368 28590 32207 42856 39867 8213 8240 49552 4585 10359 53860 41508 63963
26804 62282 40707 22639 36012 36292 39437 7815 35904 22706 33058 43265 43855 46834 20001 49342 31159 14180 34540 39583 21340 5354 48482 55170
24602 46692 36706 33865 37845 44720 42703 39378 44651 48302 47493 31999 48058 19264 35174 32430 5030 28997 25683 23489 23052 29085 42027 48406 32461
15145 44750 46991 48585 26823 30236 52234 40672 49495 30709 26473 30194 47035 48696 25226 25312 27347 24262 33359 53641 42365 31616 63383 31179 24217 16965
24385 24458 14601 27893 16943 21155 33708 49520 38206 28407 14690 4501 14675 40039 33035 15174 31560 36560 44423 43106 5123 50710 48566 52936 10334 36374 23672
12379 18750 32433 24749 23287 29568 31687 52533 59518 36870 13624 53488 32465 62382 9957 50878 20431 24410 39084 13695 6488 32744 40559 20498 42316 28218 38924 62810
51595 44847 45412 45108 26612 45990 25175 46976 28264 22657 28357 28192 54985 26270 26255 58100 42739 4831 9618 20698 28873 32290 21426 40626 21034 46409 25804 24414 29941
45362 39105 20926 36620 54974 31601 24752 57934 30414 25788 41748 48282 20032 30851 23500 30674 34294 9892 31159 31189 13006 11009 38837 46210 21929 36216 31911 42427 23400 8682
39787 55135 40169 34871 37601 24398 24334 44095 44523 24423 21173 17890 25449 34189 38080 22784 22073 35740 44557 46458 54587 46966 37758 30510 56145 23293 9713 34301 36698 21517 45640
38344 50230 35976 29025 42604 30917 31311 34846 33741 22503 40769 34653 50633 14460 35134 27648 20543 40292 21030 7909 54032 13695 40921 29934 18972 56237 42038 12025 32067 38606 40222 31207
32869 39362 54386 28313 45922 50024 40977 37357 16922 7842 25051 21701 9326 25168 34736 37887 40509 29008 35695 39036 48997 23170 29434 38685 25546 22728 20528 45248 45896 54018 49392 29255 41411
23566 28445 21648 28441 13004 37011 15485 10024 49694 26420 31468 41428 41187 16609 19647 33530 37371 30585 23252 14971 33863 28892 47629 33847 37541 7914 27464 26638 33781 32643 56167 14816 19225 40070
25416 39310 34545 35796 51149 29431 33371 28494 47573 32249 46135 29907 22079 15992 48999 54851 42477 33873 29386 22910 40380 27493 51520 53347 40593 56213 27049 39124 30022 35006 9957 40112 23233 62148 32724
53718 29660 25988 40790 47657 20860 30943 23627 25477 28798 37045 47507 26572 14788 56550 58894 27871 33324 55635 15516 9373 35480 52698 17437 19686 32742 20061 44912 44954 31480 15034 23928 41625 32941 16082 55570
34754 33252 21125 22814 19702 23423 47539 49278 60439 22108 33853 40466 27393 10077 36352 11448 56215 28512 32480 54096 23480 15175 51898 9404 5443 33776 12655 24540 15898 11836 16095 28558 38940 35596 51946 27314 61736
22334 31089 37930 8992 15284 47698 23253 37859 19788 18799 55699 46416 36071 11942 22341 34121 26470 48600 18121 36269 13735 38629 18175 25692 48268 9645 41673 43829 44275 41488 20743 36891 41918 36846 62615 19690 43467 16168
23641 10116 46076 19356 33583 29131 41775 7467 36856 35227 50246 26550 54676 22742 20511 43802 21219 21853 27548 13115 45765 33039 42907 38903 52250 27084 33022 48429 8642 43380 24739 53950 25245 26087 39788 21642 27019 20740 29239
35441 15724 43180 37349 34899 4384 46784 37719 44560 17286 20767 31595 10120 24448 22953 15107 27804 39918 15934 12029 49451 23470 30909 41018 13587 44448 36616 17307 42040 19622 37630 14846 46710 40864 8830 4165 24497 14700 26475 16206
24519 22762 38817 44027 49814 26876 29954 42794 57346 32897 19823 28093 23528 25177 31431 43154 42537 32101 25322 60555 31397 27779 30648 14982 57660 63123 46865 32613 11726 36471 43732 37894 32828 21263 59618 48459 50277 36665 37660 44051 12839
14805 22369 32061 19814 30149 28561 47531 58879 4584 8588 54842 38867 35102 16177 46031 19139 33351 9826 40772 12972 20547 16638 53631 20338 29170 34020 28506 27890 37428 29687 35258 41741 34793 39955 40316 54691 22001 38682 37762 46228 43820 35565
16554 48065 25210 10603 26070 13064 33467 12404 45028 11851 48846 59880 47030 36200 30102 43943 33323 31808 45552 55184 32802 29363 10940 23428 36477 46241 17116 12645 63002 20971 35120 24335 27611 42606 47254 30309 37022 23054 47086 38214 28997 24744 39450
58769 34478 31261 40442 40232 46522 12877 11884 32234 20298 24856 25168 54710 36924 43615 31880 32366 41330 65024 27635 24049 38858 6109 19313 26142 29733 32724 25059 38103 41828 2502 41511 62459 32357 21907 11037 39274 18954 53019 51111 9987 14129 44606 28325
51881 58044 30428 49909 15928 21897 30934 37751 18322 33914 53258 23309 14489 20589 25689 16534 28457 34372 59812 38642 21796 24285 24520 56577 24683 32538 37545 15779 37597 30681 39461 36792 31322 17916 23067 22048 12482 21089 33388 16315 23541 29162 36600 42857 11730
58741 18335 37898 25658 23011 16449 14462 51470 26645 55486 29604 12845 38121 48374 20574 33143 53569 25802 34188 42188 31227 37913 30220 38411 55288 56001 45246 56086 8217 38054 28804 34252 62268 27044 7230 46092 24131 19871 18122 4025 23052 32885 44808 52911 52089 36356
16346 45776 33640 52784 36895 35325 48827 25814 58039 44565 9808 49623 42627 34040 53001 8467 30305 32902 47556 35434 39217 40607 54115 20924 33237 26914 29892 38634 20269 30192 25289 50643 52247 26346 52817 38485 28531 27119 21563 3156 23587 14559 32105 30637 24838 39322 48824
29761 30972 24063 30989 27121 51941 58352 31042 35994 43425 38220 63549 23584 5136 59378 39640 42080 46354 56773 29176 64827 25479 33953 31354 51857 41551 30312 7488 15426 8266 22779 44840 20015 47192 24121 28948 18486 29017 17410 36834 48697 32300 21558 42100 36886 48564 58549 13225
27054 47822 22366 44640 17121 11354 6674 29051 24463 30010 42675 17880 20377 42062 33565 24665 28380 62580 16691 25052 58684 52364 32468 22339 42646 16248 26079 14700 29387 35864 11318 27960 21947 40266 5048 17288 42822 35310 27204 31034 35661 38118 35260 46896 29102 44305 22527 37448 38475
60751 50924 35683 33026 40065 54373 36706 34228 11653 35401 30499 50241 48955 32376 1928 43145 40069 21201 29039 60012 48195 46391 20922 36298 16723 57222 45383 25220 31381 38816 34040 33912 58091 12135 11691 23431 8500 33975 30786 39826 2128 33138 40347 17526 5919 39801 49816 41495 30849 21675
30743 52307 33622 47848 15098 42761 47742 26640 29727 25114 19673 33283 30824 31078 5447 15008 2227 13517 39592 53192 20961 10287 36828 35676 27859 45932 54210 17211 24167 33380 28988 55621 38783 36088 40746 47962 62713 5895 49258 25433 16310 45167 25564 55076 44183 46356 50274 43162 23674 19666 18652
30106 56385 27533 33832 59399 42186 20771 46374 46525 39671 35186 18104 41118 36774 27742 53181 30347 16313 40388 37653 37219 21518 36229 32673 22278 24967 30593 45119 14676 26882 25496 27599 46637 55137 9642 9523 22384 34178 23960 31563 45822 47175 30529 14581 27320 41103 43651 54545 11389 23353 64322 29313
45613 28967 47451 24612 49576 22326 32943 39130 44237 28235 14623 50051 20862 33600 38536 45823 39322 52987 39118 26158 31488 30294 35790 34800 30611 35382 34665 28453 40239 34680 61311 40621 34230 22270 29680 17768 22281 52646 37021 48694 17159 44114 36196 36855 34704 40928 32295 60810 28292 16690 17092 13778 52675
38183 34588 29612 34604 35998 49935 24056 34976 33913 47741 22424 52225 50582 32071 61292 55083 34007 26442 24658 48129 25370 8298 37162 39010 27969 7300 38102 38445 39978 39801 10806 27460 21686 43305 15400 22918 26566 40308 24972 11986 4664 7227 23876 17674 31982 38236 40495 33293 48326 17593 16173 22458 21153 45616
34591 17395 11104 12706 26851 20631 8161 25327 33625 37766 29958 12791 41315 11935 23469 22170 14817 20421 28856 54456 28593 45268 48389 31794 37299 38830 13686 26854 6857 54837 15081 33461 45522 19013 39488 32128 43438 24000 35929 55588 33085 34439 46614 57733 58207 18041 43093 11905 42740 43894 24568 41975 20188 20318 17885
29128 35319 55313 44774 37844 45861 30574 23537 20987 20806 60246 31199 16413 38714 32170 41361 15898 25568 33865 22501 30674 16922 24851 36285 25894 26824 33256 8183 51701 15048 24743 22388 13853 18170 33586 26901 34178 18496 64360 30136 57344 42362 26408 35391 14715 29062 28757 40840 53713 27460 19659 39541 13536 32150 15980 19428
47756 16219 37657 61623 34482 29555 42161 12748 35123 35007 22804 41989 32239 6685 41506 51264 27846 28269 32187 35679 43416 30865 30142 17984 21574 55145 8204 48581 22703 54739 40582 41677 28337 27311 40715 37431 39472 47327 56187 38117 11017 36674 39350 40884 15645 26808 43931 5001 47181 27681 28428 48446 53366 27741 19944 21945 34172
26700 15886 33236 41788 35534 16737 21108 16791 43715 26045 50294 17517 19211 17668 49340 56222 39558 34071 7204 33547 29716 22485 38800 33426 24213 31518 57310 28181 36072 47314 36336 42354 24048 26321 42661 54410 23690 26362 39644 29501 49046 42798 18295 17771 27126 41295 30036 23285 60042 23353 22869 36792 31792 59087 37976 35736 34248 25072
13119 49778 39476 30331 44776 29735 30804 23122 27700 44183 35590 20308 15364 50082 26922 41824 23350 23849 54690 12376 29356 26890 48973 56347 5956 41767 16651 6280 51679 37726 41405 25473 30558 36240 54337 50917 30879 45469 30583 22676 37508 60261 22081 47725 30187 29384 26495 39507 16310 19366 52751 45602 30915 50656 22737 51132 38388 32084 33447
44291 30759 23011 29296 16339 27710 36718 31500 27150 11031 40402 7003 41365 22932 20723 32317 59463 34963 49327 31378 52228 13558 53477 37690 26284 18331 45430 30485 24095 38244 24130 33027 25660 57135 7977 47076 14052 20957 34827 20120 40952 1615 30920 41982 30039 33123 40256 49912 39137 46075 27988 25190 30838 31477 44259 25894 36341 40754 60363 23064
24384 54675 34288 31774 32310 16118 41774 45592 34998 26685 14185 36580 43171 51782 33407 20834 37849 51699 36942 25716 35898 47138 47290 24313 24487 20917 40864 33745 26623 49034 13537 49629 35618 38531 13405 46075 47856 55166 42484 41227 30025 28509 23942 31727 50188 14078 31476 25479 15642 29507 27165 41649 33364 21771 25311 12365 49561 31029 26910 44861 46281
26787 19639 28256 41412 6194 43403 26774 23145 26823 26491 17599 48282 42812 14948 54715 45622 35959 41514 39530 12572 15698 27306 48556 15151 19122 43973 38497 24139 12660 18779 42857 46162 23162 29516 40868 25381 39586 9593 23026 40099 13006 42944 23859 40620 20444 36355 23622 45856 35502 47136 46606 12255 26659 20984 30056 30408 22810 21355 20788 30140 14965 32857
11348 42653 21778 59555 38312 36679 24019 26662 51214 16797 30102 42694 43622 23422 10557 39008 20370 34505 29094 31957 30322 31072 46002 24581 35300 29986 16450 39376 41160 51182 54324 52759 32256 19366 39018 27832 36971 58921 41410 45461 62185 35158 28957 9356 27739 45839 29532 39294 28575 27955 33117 12363 39829 52642 57346 54483 15135 30267 16425 16118 50461 38113 16052
62100 23661 25456 25729 49038 53231 42954 42610 49602 39557 46033 58725 24849 58126 58721 28220 20828 31850 42588 31189 37504 25977 60579 44306 28769 18715 47637 6353 33501 32304 7314 14836 44499 34712 44538 31065 41252 37939 37933 44002 22704 32481 33034 37485 40023 20098 45682 23003 32761 46582 29254 6925 58230 37916 38501 23265 29358 62422 32943 35385 42370 35844 40708 34291
16337 49028 60227 38640 53625 40246 27470 61969 13918 57340 45316 14388 38492 28342 55876 30267 25943 23618 37105 42244 25389 26496 35559 10609 39868 31570 35336 21600 59112 44695 23605 25267 26766 17455 56141 32072 37007 43771 27952 14593 39627 32217 33726 38588 36642 33705 40151 33627 49524 12109 16986 55228 53666 40869 35368 22721 11147 8079 38434 46921 34573 42475 37927 36915 26636
54683 48663 60513 7781 32126 22994 16560 50681 39028 47415 28165 18089 52573 47656 16698 21586 28441 18052 29493 28376 31880 21546 43216 25112 41098 58621 29424 17907 12799 34521 20082 32329 13255 21408 9272 47866 21698 28979 18720 30695 28624 37233 32268 31982 35793 29242 28634 24049 23460 23918 46956 31438 48684 43245 55713 32614 48710 46742 18264 25497 37586 29770 56691 27463 40626 56299
25808 9809 28870 29525 37457 28820 17388 52331 34516 29172 32516 34060 53051 40526 46320 50967 25700 46467 42128 18542 43824 50035 14530 19184 29824 8190 34918 7292 64818 28421 22110 38644 28200 41062 37257 8247 23616 28675 21703 43556 51291 26042 26361 45725 40794 21868 15101 50049 14875 57081 28595 29360 23936 28225 20477 25097 47719 47908 53947 16239 28082 18818 39627 17598 32831 26940 30477
47064 26352 46640 57955 27295 33443 38975 33708 47855 41018 17226 44488 4778 30867 46894 24471 26545 45200 16335 17401 48099 55567 29963 12750 40224 28402 15041 11254 9544 23319 49362 24913 31291 29280 33566 44223 52696 30123 18821 38176 56832 37337 10215 19796 29844 24523 32292 13370 26483 25695 30748 21684 39037 36983 3504 26018 30098 16625 33471 51682 30865 48814 26407 36948 42844 48783 38604 29658
37842 57714 47498 56148 23506 13369 49989 22944 10559 44994 29659 44446 45557 47343 22314 16944 14294 41118 17686 44597 35011 41905 24956 46221 32411 27398 39997 50201 32574 35711 45369 30647 31884 34298 10320 38471 29797 51033 21858 37547 28840 43130 55376 35779 34614 28223 40185 19565 23024 51591 56123 19337 38581 22321 38650 11257 30565 40991 40979 15516 49632 6446 37479 30802 18437 41795 54743 34299 26550
35640 40512 47223 35538 35315 27526 36518 42808 17486 35206 45928 48843 19246 36897 32157 57191 39792 25399 28709 41710 40438 45736 14816 12097 42910 31317 46510 46655 31050 33308 27247 30152 16344 24031 35586 47036 37930 28028 30282 53755 31519 23764 46884 42596 58774 41927 33904 8920 45169 34357 16656 16697 42126 37887 64484 34659 30415 43266 28618 34617 51218 60706 33698 24218 9529 54332 19022 46949 34594 7729
33454 18300 21166 22241 38816 20670 22718 54828 40964 41226 54832 49139 24252 4674 29670 33812 17063 35397 18110 24177 26277 31474 20377 55016 37271 25131 31576 16730 13915 51663 41689 48551 29649 51134 35582 47023 5339 32215 25765 26450 36953 39421 19632 20592 35113 22028 52221 17130 20011 30694 22382 55966 23105 53613 20449 32621 21578 49277 33336 25912 3878 44792 42833 3036 35253 37567 25614 48957 28375 28081 18765
38713 38252 19886 21488 30639 32852 19606 60629 36992 24175 36937 26846 56716 35485 19110 35049 42675 35774 14734 31191 32725 38066 42722 21641 51410 33880 26753 40413 44426 26002 24651 50869 42462 28480 31776 44015 30125 33856 46559 38508 44245 45938 37738 47885 42810 47032 42656 15024 36024 30706 36192 41527 53555 34558 29069 27264 13449 41916 35075 30829 17048 14606 38308 40156 21316 24019 25937 38063 35434 21739 20969 35012
55275 36151 49484 36349 30631 41365 42330 42296 29054 22757 31731 47959 39248 9737 20214 43320 3838 42977 13380 46013 15975 43339 19902 35781 57193 41255 18755 52783 30184 12887 57523 33757 20929 11194 55790 41388 36565 34864 34515 34945 38149 28313 50500 34102 38958 45525 32544 53425 38964 20676 10822 36812 24820 30278 51353 21356 35407 31035 26613 6254 30757 56451 8764 18356 55894 20222 40271 13852 44227 43916 35597 9352 46922
30989 10582 49110 36301 27232 16906 41192 36906 24168 43785 52381 27202 57346 17970 13268 37877 42510 33126 45935 53539 37742 22151 37964 12717 14082 52081 35661 37232 52136 29191 14672 38992 47168 26664 43831 47658 36780 22451 23008 46815 37068 30346 43564 39503 9854 34444 60668 48218 26530 54680 24366 49377 5914 15760 10660 38850 41925 9299 57660 31967 10371 31680 34519 30742 27701 49593 34646 23880 25017 32797 48023 19541 10223 52428
26748 45341 35257 18853 16099 17280 32247 42123 23470 34654 42887 38746 18363 19608 21833 59380 30700 12044 33311 59451 52511 38555 54504 30219 37942 14118 41092 31558 34319 37002 58323 60877 51084 28331 18869 20351 27019 26983 43274 44604 59630 25757 33970 41956 44691 4142 35725 22103 36700 26618 39035 30580 52263 46049 12892 50460 37333 34755 35856 2352 31047 17280 33910 6543 34651 37624 42608 22553 11507 60940 43230 45742 50925 39067 28318
41773 40490 41603 34448 44920 26507 26536 11158 26990 17390 4070 17552 28398 49205 36641 58460 27099 21822 42295 51674 36881 26603 24070 24556 9074 51482 37234 15729 29151 46509 58200 42313 54583 54914 17305 34389 45914 49275 28181 31603 32296 62582 27308 52099 13185 24405 36158 26983 23876 23030 30124 29695 37202 43323 36821 46633 29068 32259 5015 42693 43985 29997 34006 59573 64001 38811 13167 19160 8700 23082 47939 18446 30113 40383 33843 34615
53970 44852 16924 23347 41838 18287 62690 49890 23892 35658 59490 26916 33383 35754 13437 42201 41091 50540 48403 30945 20874 41330 45572 37916 47965 29850 36657 53610 36827 32710 40056 14251 36068 28628 28091 31166 31832 23974 25304 30342 46103 19995 10160 14560 38400 45586 46115 30636 4084 26221 19473 38348 39893 13322 32603 41504 16255 20427 10718 22406 36053 23182 29566 7390 8630 24885 20504 34058 43009 56478 32653 52970 21912 45482 36285 25948 27738
45370 21128 24384 47654 6188 29135 32632 39134 36706 23408 13539 28257 43962 19277 39521 11406 28181 51524 30419 20807 17236 10550 48407 26219 33877 35587 35853 33242 62970 55947 44695 50547 18721 53166 39829 24345 39596 28236 30181 34984 29561 34374 35943 34818 51306 13178 23037 12041 31325 56777 34182 23449 22068 14612 57826 30612 38093 17720 28145 30939 23306 19993 21651 24909 14793 27541 27816 16074 44524 33163 14608 43826 41041 49116 59563 19557 26074 41576
22105 21570 48997 28943 2298 32938 55763 49073 45934 39806 19973 60974 46228 31389 41177 10342 38734 32743 17201 26170 37500 39228 37355 27529 35068 16507 21992 18481 35246 31622 50185 22550 20340 23612 32044 17172 49454 32892 36403 32015 29114 37417 28668 50661 40952 18207 34665 10612 46794 24896 42328 32672 52495 11885 34475 27718 42407 34949 21568 24391 44915 21864 8953 38019 34129 34550 29620 37850 28193 39695 45907 45356 23749 39826 47796 35930 61469 7776 20153
37187 29447 50522 41025 30661 23651 48735 52267 17348 20243 17231 23385 17693 39414 39434 49832 38833 47084 5231 58109 41825 53205 36960 35122 39946 13457 30652 28205 33168 25856 16482 46792 8144 3074 60469 29672 36523 32887 35089 8810 45569 17727 12504 11056 14770 35130 35179 58136 41375 42824 17577 35588 45478 42569 8306 53202 32169 47388 26278 19044 58758 48804 27941 32665 38174 49598 38350 24656 33873 31050 20098 51563 30463 18474 37155 33736 32009 15678 25485 50249
29260 37732 22435 11212 32428 45436 35652 18227 38406 43624 43087 36700 30779 48392 58534 26920 45355 21562 33320 42360 39094 34526 20148 33066 21181 6102 42028 42272 20254 30209 26735 42552 18875 15423 3420 34131 19058 45425 37077 44882 42276 18549 31929 32019 31153 41003 26344 45944 46073 33653 28993 33631 35804 26931 18855 35242 34106 29763 10742 20279 28660 29573 22544 51432 26600 25051 42455 55195 21751 26148 28967 18482 27394 54080 9186 21387 43494 43023 13289 7816 23943
36721 41755 47623 40387 24646 32600 41706 20089 40302 57984 49679 40842 30153 29299 27736 36054 17463 24848 25251 24125 36760 60472 20945 10143 35532 24012 21187 51420 5298 35755 27223 28116 47148 22453 35183 3688 44058 45002 36073 28279 54106 3529 15782 40415 15564 30612 53383 30852 41810 32522 26218 42562 28108 49674 35889 6909 44824 27255 47802 5779 42518 44589 22247 42210 15784 20238 45462 40398 3245 39675 34729 9524 22021 60371 33278 10997 34961 42870 13687 60145 48943 49092
41714 27912 16575 12957 46929 34074 32803 35296 19314 21256 39995 56174 42039 49841 24549 18728 29311 35827 49665 33005 21289 45746 58737 15517 20247 34507 39188 49688 56102 42015 22474 25405 22587 29327 18547 32238 37680 42488 48623 31754 17643 48702 46878 54128 37446 34622 24288 34307 35878 39129 3093 41375 12136 22255 16797 16422 25838 29024 44632 34681 33174 25613 44326 43383 17986 30420 17639 58368 24528 15767 43130 33012 26402 6196 46786 54835 24855 12940 31388 17820 48782 33919 43752
15632 23657 20973 43656 13937 33670 43703 34908 47003 59591 27322 32578 21105 11530 47578 30234 42194 23857 35828 32710 22685 29210 8425 23334 41908 20646 33945 29464 51190 51638 36580 56956 37698 39464 58283 24628 57210 27358 29388 26399 4733 53430 30761 36381 7722 19601 31648 39951 32867 19280 20754 33747 49927 42449 6239 25673 31734 41206 15719 34899 52495 28061 30730 26321 25653 43176 52264 41633 31556 23285 35234 35491 55326 31078 52310 39353 52389 25817 31781 30402 46773 27184 52464 29854
32816 16969 16020 37421 40695 37382 40181 31311 38121 27205 32753 33764 28646 51176 19303 12748 51662 37837 12088 45799 51329 41686 10052 57877 7646 46561 31595 50742 34758 31183 16269 37418 53274 34689 21386 42192 52409 25557 25410 35082 24451 32685 26262 30136 30296 14311 41317 52664 35607 21860 41869 40938 41890 36101 51442 42800 53720 32680 47472 19050 45976 47663 26859 40054 29381 13688 5953 23604 17723 54885 20560 29830 27868 28116 27644 31819 46985 47271 36386 46691 32545 24508 42659 37295 43396
30709 29023 10509 43154 33328 30262 17245 64043 27471 35080 21377 43054 35888 51638 30809 18556 43445 42015 31939 31990 62653 20513 22431 29563 2599 53664 11215 58859 29397 30841 18482 6694 41892 57485 42920 25099 32121 29117 61713 7036 19758 24550 63309 12376 52137 43756 47420 38526 40388 40620 25022 20433 21604 21255 51123 27181 27750 11229 28155 32628 20140 55566 33654 46471 20500 22139 25348 15941 45440 27650 4997 22414 8142 44421 51160 19266 46048 31458 57056 28481 29333 32762 25466 42346 19660 13485
3206 23454 40807 23771 15590 3007 45892 34917 33658 15273 48453 37672 39712 32063 24136 42248 60088 28256 41775 12770 34084 47339 34008 31127 43332 4802 26660 34823 16886 48580 40436 46354 26138 34768 25382 42137 22674 19144 24732 18042 34877 27787 43828 22167 36859 24312 17359 56526 46765 40945 38734 44288 28465 14677 32399 26381 22631 16644 48756 30421 48433 55517 34779 37944 37999 44739 30630 49942 33023 31890 38579 54096 20929 34860 55780 24772 33175 9075 8727 21331 14176 11331 15406 24286 17916 3198 24839
33602 44107 14853 46468 35939 38189 14007 51843 37407 22402 4212 40166 30805 30250 24860 38283 28390 40965 20111 35156 29106 45043 35500 14623 18585 44244 21332 20941 34683 51592 29288 27711 3640 25838 15815 36179 34992 2536 5969 42475 28356 28502 27878 37605 33875 30742 47205 40226 22843 13064 32688 31107 18784 23310 54438 18662 31902 22280 21798 38957 26329 47572 11027 24630 18415 16978 35913 34275 43966 56164 47786 23058 27178 7145 33815 39333 10000 18113 17007 28026 21073 19149 23442 27251 10189 17131 16736 37230
12132 30203 29113 53069 48374 22239 30332 31982 28772 33911 25994 57139 46477 51617 24772 9979 50255 40253 5641 28965 41102 8749 16185 18067 39463 10064 41524 39970 52475 42886 4313 21175 41195 18863 26890 14124 18900 24747 38054 33383 18330 27482 35212 22850 26138 38044 18847 52386 15669 45905 25275 22884 45259 51801 28354 26730 28860 34964 37781 52882 30953 18658 33555 52414 37168 37411 31516 36812 52595 38710 17808 12446 36240 46846 14415 46099 32104 31832 13624 35594 38107 7716 43564 4709 6089 32580 4365 4866 38419
44696 28599 49603 27542 26366 55309 49030 49206 36694 59374 39213 34768 47746 18745 51094 33349 42850 45520 44962 47989 49364 25490 41522 35648 40376 11358 23588 38279 33008 26134 34394 51752 22875 30361 46514 25861 49625 20422 60173 28156 33099 28543 37708 47342 35471 24483 34637 26043 31877 13842 35826 57411 41487 38059 21017 24678 29197 10577 30372 27140 36701 11744 33393 19710 18655 26682 27234 42290 39285 43585 36693 23169 43006 20945 48684 41164 51034 18636 44997 63472 30313 34067 35074 43985 24587 34949 23233 21581 23328 57602
41444 21827 27272 10346 18249 56980 48419 33949 8146 27680 11729 42874 27741 17863 50034 20194 55755 32617 12518 17590 33021 63718 54540 24277 26321 24094 47814 32543 31785 9970 6388 37748 40419 38721 21108 38323 38112 16105 30246 35774 38401 31182 16108 34676 49700 28620 37798 42676 42539 38087 34610 37729 15092 43165 22640 33623 25953 46892 29250 47224 30288 39000 27527 32933 10915 28670 34591 46525 43832 44543 46059 48544 36081 36411 36041 35374 20652 39058 55449 39239 25419 41188 35389 29898 40364 50962 16533 45720 50353 30459 50815
29842 35129 26749 37595 26775 34851 8060 18571 51335 19025 60373 46702 55874 17568 26985 22372 28583 55285 32793 21069 26264 20778 25538 64009 43252 26917 37960 19832 44186 17600 56712 30586 62317 29920 55139 52975 35657 30306 26041 22199 36368 12840 47210 15794 41379 32016 19287 24256 30689 38908 26206 49345 20138 45002 7521 38548 28638 56668 20542 48924 12637 42385 43734 17718 29958 31048 42249 57282 10426 13667 33463 29090 50779 8896 21441 2486 21445 30273 29700 25308 58075 20676 35684 25588 37244 48939 36286 40928 35207 14932 15091 21888
32990 42784 40675 28594 14688 22128 37230 34134 33004 34082 46709 55630 45412 23576 32214 23161 45223 61488 9075 41911 28820 16971 44842 31721 61197 48970 29916 21997 46577 16395 37993 20643 56096 35184 31153 46829 32889 19543 23700 32683 21471 42402 49394 52667 36654 7727 30380 28669 30792 10976 39328 24915 24847 44179 37295 18588 42847 28714 37562 30904 13594 11907 40094 61575 32801 35968 31551 23273 35411 6911 18043 36542 24976 22242 57905 36582 40888 43271 32322 35393 27307 26192 38542 23471 29768 53147 29429 35344 31344 37321 42839 18500 18180
17851 37780 29994 12259 28751 58252 39844 38637 33383 36640 29330 59906 55521 55855 56530 41729 15518 54423 26948 18380 57983 23100 21194 27202 60258 37626 32836 43074 25641 29365 33936 43951 50610 47435 40590 43621 29919 29338 47392 26182 49806 30342 27429 11571 27553 26860 30589 22795 39158 47533 19721 20398 24431 42153 34471 33532 49130 45504 27447 28885 10057 13522 60827 41752 28266 19904 44211 44966 23087 26729 29533 47200 39799 48299 47225 27429 20257 52842 40681 33237 32271 28035 30092 49744 40222 46551 14146 32373 36147 36679 35563 5158 39720 44464
50023 27970 32739 37110 24470 32680 24638 34038 35416 19771 52510 41361 6797 25559 17248 19111 37653 56670 44006 12312 41680 24497 56206 52677 9374 40111 37690 27532 8031 21048 32712 7503 17906 18988 14874 17132 30522 55915 18191 34884 15892 25812 38790 25911 20832 22344 34913 40357 37888 11177 25214 16751 38100 26579 23231 44146 36538 7593 37378 34450 59538 27402 38185 50092 46398 31189 23826 9121 13214 32748 20126 12881 20112 16174 47790 18332 40180 34170 24096 34659 25004 44210 25046 24964 35735 6837 23214 4577 46485 49506 18825 41048 42631 40603 39752
24778 53579 15423 43209 29463 21697 45102 14062 49951 31691 7239 30357 35010 48457 11885 33952 18400 48153 8316 27117 53338 18203 47190 39774 48654 22833 51165 63953 30941 39226 11501 21032 13480 23062 20840 56641 29004 39589 43823 49150 31405 34247 15393 35645 26793 29276 37406 15328 7967 25412 50950 47813 52720 34655 32953 56526 28924 47501 28950 25305 20515 32942 22014 31175 32581 36770 31058 47737 56898 17736 45297 43469 39162 44162 24251 47269 42830 31792 28816 50143 19741 38704 57423 37980 6725 3170 13274 24317 27306 38568 32016 50336 58920 40162 22992 21031
32931 12782 29693 32880 31225 38060 33139 46173 24072 12286 17428 48844 33972 39619 2497 23711 37338 38875 44121 14004 30043 38439 37308 25069 27415 45189 43978 57128 31470 44501 30819 39751 30912 33017 33126 61224 33902 18641 23732 8109 35287 20539 11310 23989 16601 36375 40371 17951 44376 9543 27427 25037 7985 58538 23134 42396 45637 18208 48451 29297 52853 29577 29108 38182 10142 15557 57744 50849 48548 41396 33462 43964 56420 19766 55049 21852 39871 5675 27749 49246 24469 32627 23724 21924 22470 14318 52671 59916 32819 39548 29053 15992 41146 44541 1478 32710 19773
42320 21626 50904 26010 24408 45945 39053 38322 59122 33954 26052 21861 29438 13782 35679 59539 26206 16631 21052 24349 53234 44001 28477 38112 27288 34935 832 45504 40240 29848 39719 10650 31388 39459 45008 15439 16828 44794 42524 30143 23918 29948 52972 44490 25746 14856 26398 34897 39434 22528 38804 30002 27829 46275 29996 12367 30579 16944 32967 49542 33061 32297 42822 31928 31913 29325 49543 33221 35039 46396 37996 15501 28841 26645 20691 58608 10983 47355 37790 32462 55927 57802 58795 23048 20025 43108 48092 4732 271 24235 30479 36875 39384 57979 25638 34454 27508 40374
15359 30202 29891 34365 9084 10779 24741 40431 43899 15063 34298 29356 53470 35853 26530 40532 31875 19870 13437 50887 844 31594 51051 7652 9751 23889 42828 24972 37317 34611 34560 23456 57143 55536 50534 57855 37707 32360 28000 54921 40675 28540 13774 42782 24285 28683 33166 52637 39962 36851 24448 53224 35707 11032 35462 49118 52702 26966 27008 47966 61477 16017 36684 60491 27438 27303 47818 34945 9179 31094 22236 20962 60170 49890 31329 5711 32157 27336 26681 12199 33906 24841 36677 33738 37995 57733 35427 33944 44646 29724 41075 45041 48965 27822 50263 36788 40934 27420 38127
47554 38187 23365 23833 20476 20467 29959 37813 32833 27933 15430 23461 33905 30091 32991 33736 41580 56858 57011 34558 11281 34735 15779 35879 32578 48932 20876 26147 34270 15711 39506 37842 46532 42810 25554 49172 37079 3482 17901 49609 9459 27996 9347 39889 35834 44898 12148 64780 27597 43146 25249 49242 30283 39350 34280 27803 26964 44996 44331 13486 36552 33686 47176 30582 48263 39435 21280 49104 54384 25602 62867 50332 50276 48733 58241 26812 34373 29178 11467 15120 8175 46011 44366 30326 41797 42110 36078 33230 44582 20773 49032 28666 27249 12942 1277 32730 36360 44442 26925 40012
23242 37674 50168 56368 7830 40988 47423 33384 45902 32082 47328 32211 32465 16298 32445 26961 29438 26629 37556 35779 36279 25412 18598 22535 22747 2629 16499 27901 27210 41450 26107 5511 25571 23313 28958 51333 29577 53916 26044 43221 21272 4457 37814 34135 18546 35930 38634 22765 42361 42061 22329 19062 18441 42532 34948 11474 6660 19133 43688 32481 37195 14074 35209 27523 44989 64441 15621 18840 33594 38364 43259 39936 42402 28225 32076 37275 48341 55754 13784 34121 64178 39253 6783 32234 7450 55747 16161 44638 28142 46069 33694 30084 49933 44233 37846 24126 32343 13601 59306 40812 36268
43483 17145 7148 27371 21464 13729 25246 39926 26617 39814 44644 12972 34588 7300 26142 19692 15907 11391 40106 38041 34284 35669 4328 16271 17241 17636 44474 36784 51016 45328 35327 21213 20123 62390 26775 25333 560 31927 47203 42456 30441 34803 37953 36198 44452 40266 17169 38783 37699 37020 14261 19970 32932 33226 37133 50896 15017 23731 39415 41930 29233 55605 51539 37583 17435 31540 49667 19903 14665 37517 21222 39546 50840 15137 30428 19167 19693 23761 21701 48336 39202 11130 49025 23084 25629 42752 46576 39122 53944 39744 25330 31397 30168 8219 40295 36225 19034 6513 26671 27464 14624 46882
29226 14811 38664 29967 5688 11033 42228 39702 23353 31970 36802 48409 29708 30998 28756 15094 16276 30101 52105 49294 18606 54334 37440 17857 50746 33522 41307 3695 39706 31635 16824 10873 54830 50173 43065 30140 45652 28179 30140 38940 38508 6068 46883 1398 38232 27327 25932 32171 28152 40214 58648 35995 35626 28824 34664 35366 33742 13092 35098 39469 39622 48796 37648 44174 48881 30943 14888 32043 35631 21452 32579 37858 18017 19781 20290 17556 25445 61225 33539 44833 283 20312 57192 16233 60005 4017 38223 44364 38435 24087 16794 31914 10035 29798 60711 32100 60533 6272 36056 19288 24779 40007 33163
20071 43796 56727 6178 14962 40496 18002 35195 36694 14591 52313 31352 39159 9825 29067 31735 28467 48438 50120 35546 30185 32862 23792 36863 23802 40633 25315 24648 41030 29479 34688 48275 34733 33928 34984 53697 42767 34236 45116 47283 24140 21922 54299 30279 22852 32540 22053 31583 36824 14602 42042 9433 50663 58954 47161 48022 35663 5564 38916 29815 15348 33346 21882 28762 32690 37564 3706 48161 19053 23048 27879 53418 23555 5894 42653 37591 16466 46232 32126 21382 20286 18845 16235 53145 44196 6389 17987 12270 18533 37249 30694 35175 24161 19999 17972 23778 63096 5551 44813 38721 25738 23315 15440 37218
51320 15659 33758 36903 36385 34517 10136 17519 28003 12017 54621 51993 27170 22625 50957 11527 21563 20996 17032 24342 18319 38586 39341 49707 11263 19811 10846 41760 46440 51423 56954 15067 25518 34830 44000 44598 33454 46544 38003 36374 43593 10501 42511 22360 15967 58509 31382 29406 28368 38728 14313 46470 14205 7190 36839 57394 24644 31191 16496 8128 32007 25450 37732 3346 60836 47026 56995 44295 24060 33164 33804 28798 17903 30680 29056 13401 26973 32120 41185 16758 22567 8524 38923 19639 28202 7730 59617 30458 21322 23306 45378 52513 31588 27318 39693 18442 9817 35862 23588 52374 24585 43528 46694 11174 32852
23404 30642 41496 43803 25380 31210 22734 53308 45071 8941 58534 11161 56589 58522 50817 50448 45311 15571 27456 28802 7875 46455 43969 19919 17721 25702 52454 18647 28483 27519 32653 39290 37825 30885 24728 17304 21905 17844 30949 5906 33683 39054 48470 12230 39081 17173 36553 30101 15282 41765 14880 7264 16270 41632 30777 9220 8989 46951 28150 22629 37183 25433 11317 53601 24788 13398 12248 29399 38076 50238 25021 27816 23511 14577 38598 47796 37125 17486 36817 42203 47910 42038 31167 48893 36122 41610 28017 26874 26048 38185 28613 20146 53242 24051 61853 26630 33448 27336 20439 30933 24744 46471 54100 37117 30938 17426
45301 35938 34336 43080 35224 37600 28506 32776 27167 6235 51046 30005 52072 23729 52516 48555 4693 27584 27510 39756 36804 40300 14651 23545 32919 38290 31059 22929 36268 17427 39583 31220 19429 25807 14333 44802 48160 32678 38989 30363 52031 26744 44657 55966 21024 48934 39241 28908 5541 61327 41907 23398 18093 45457 50319 51179 33303 2320 40639 28763 53445 50665 33058 39574 10132 33789 26264 39035 26473 43821 62977 51180 23838 28502 33341 37576 49561 53340 35372 61166 47540 6684 47278 24129 22100 25719 25763 28317 37974 37709 37099 14820 23708 22142 27750 26103 33796 43499 53748 42165 52080 21874 51317 46078 24510 27893 33480
23986 22992 53330 57296 30641 48773 43882 27242 25562 32444 30237 22902 36878 30551 29771 4054 30255 28980 46549 7274 39961 41269 38552 47632 37807 43064 48760 53160 31440 37663 8530 28692 31579 23240 32519 23092 52018 25620 25463 30950 44084 32740 9858 25354 27712 27414 60425 23426 25912 20108 41962 20781 31995 16164 35335 57067 42344 48575 9790 19357 23649 46910 19568 35361 43973 33919 40061 14679 43380 27236 33349 42017 30541 39371 13736 49503 17203 12182 47750 46063 50946 13475 57536 51889 51356 7636 17460 32903 39395 19463 52419 31824 39091 3102 44622 37100 12014 38647 26802 15675 53877 37236 18387 11293 34087 35955 25487 13426
21732 34006 40901 22810 23436 58235 11350 51445 16127 32068 34082 24291 12572 37647 29193 8644 28612 53693 34539 50296 17624 21039 41896 9694 34359 39235 29728 20696 38337 6107 28724 31814 24918 10965 23491 35590 25301 39698 18091 35832 8224 40307 36048 14846 11030 53974 54798 31736 41366 51229 38473 25796 44419 30246 36191 45890 33977 49619 18222 21076 26906 31746 39834 22745 43143 57749 44672 35249 40159 39786 28609 54205 11266 48739 39741 20955 18384 52062 47316 51947 28201 12093 40038 45519 43244 49886 26068 42343 36346 52003 33021 28817 16180 30955 42431 35373 27257 26901 22526 38173 51625 9347 26519 24640 41636 40978 61547 58998 51017
48295 23131 52895 38266 18204 22852 27547 30486 30807 27914 15434 25084 30002 24970 27532 22543 20114 20133 20545 59179 33108 38971 27977 43314 30298 28204 29060 17413 33410 52313 47058 27011 26286 31392 50963 55180 53180 3299 21030 55296 54926 25344 14318 16575 32771 10456 33608 29608 15610 22091 60180 24220 59989 44857 53812 31613 20722 50051 51080 20519 42419 28422 34286 28285 35190 22950 29766 29790 35101 30528 42354 35753 40326 34741 22610 59968 43922 38629 30660 20994 33826 31920 6824 37070 25620 23799 33760 32902 29770 10136 8779 34569 18850 39029 37065 5686 25853 46956 5691 44015 45884 22622 9599 21011 3389 39723 23925 7810 47074 27571
35071 45851 25609 33238 40701 48577 44692 24948 16973 30800 41057 23150 16847 43178 44626 2210 39013 41137 47429 21489 27886 15937 36380 28732 37450 60220 26037 23904 34649 7555 25842 59201 30459 22261 40113 42429 47120 42354 35284 31923 19832 8922 5433 39940 26131 29965 37826 32656 23745 19946 50765 61239 47202 60242 55739 32473 11222 38694 26349 3670 38396 42821 29377 18830 33206 32143 60953 43106 9700 34788 46547 28337 58724 49187 37584 11353 20246 11310 47601 48446 40412 24036 19476 51516 14486 29476 22043 17463 12834 38353 53476 28173 51552 31687 8529 21148 26930 26344 38976 51656 43127 9493 29331 30574 51727 36909 22824 52079 15579 3600 24801
33195 39865 37022 35484 41474 11657 38327 17211 32852 25901 42810 25500 15490 24965 23304 12449 49771 28015 21250 23337 51693 32715 15623 32787 22252 15227 54007 43073 47429 28510 23218 18576 36057 38484 42519 16869 14729 22333 37640 24858 29490 34041 35684 57109 47544 40552 34058 24752 22776 52842 33245 63184 26835 27615 36793 40530 52521 31143 51328 16408 13786 42658 21011 12544 7879 52656 56913 45548 53198 30129 11034 61370 23761 20868 33358 33612 42414 16396 47565 29057 54854 19494 45942 11064 26233 11442 23850 36179 6695 17554 12491 24752 33073 41638 46133 55857 30580 33228 31051 6836 42196 18660 7660 12059 32046 35536 19447 4164 49251 34416 14670 8976
31315 42658 42960 47200 33502 33350 25948 36114 32229 23614 19412 18952 56134 41833 16663 33824 22243 29351 46852 48187 30874 37081 11133 57146 37964 28893 10337 50683 51673 45459 17296 13664 34081 40413 7913 24135 32260 44187 26703 23954 14434 32939 55710 48159 33820 26861 47288 28368 32016 24643 22399 54915 35615 36236 5071 16410 25130 17320 22410 25715 33294 33143 39057 26736 46767 29145 22723 23791 6123 60334 42496 48850 35233 29142 39464 63223 15282 13105 23323 55872 43518 35487 39608 10635 7269 32512 38624 37305 42695 49972 39284 43947 43268 13850 30803 31807 20220 58004 38237 29783 37008 32642 24178 28881 12703 61378 19825 14990 49671 16948 26684 34415 40364
12730 16562 30034 27754 42292 29874 37913 41509 12160 44575 23458 32443 36734 41685 12495 36362 45072 38070 25726 10230 43029 20899 13201 28764 47725 45947 50918 55069 54777 8222 45919 38937 38295 2412 31194 15152 49191 27973 34617 37954 18571 21896 13402 17200 52643 22550 17951 13273 39501 38608 28007 40475 42345 16277 50961 34266 37337 35909 23551 15091 11900 17088 41230 55623 30258 46309 30499 18615 36827 16534 43800 15648 52823 20402 30163 13926 12422 22552 31790 32870 24904 56235 20238 45825 14205 26695 27472 45591 13829 38862 14806 44424 35776 36897 36734 8501 37774 33567 11562 21756 21583 44712 49080 23743 32994 23708 57354 39004 30762 58075 37631 46004 50436 9028
51574 9895 7760 3000 57425 46357 26352 38425 41070 28383 11716 51267 48815 12258 44458 46105 23538 40962 19842 30586 34073 13084 41006 15429 45826 10513 58510 47196 19086 36289 34176 44446 40094 14604 39396 27114 26128 20179 25756 18210 20422 48884 21639 11045 28318 17745 33925 34770 50041 27080 15223 23307 47928 32826 27707 11951 44729 43143 13745 39070 25310 52879 25275 47799 34949 43570 27193 49885 48272 48976 28425 60140 34781 24010 49163 30918 24398 8574 55329 15949 41921 29261 24106 39261 41496 33816 42246 29656 37681 22204 43925 50079 39918 13853 40119 35473 52525 47641 20300 22158 41936 50831 50740 49526 34997 35680 45135 28969 20670 33900 26749 38790 15561 31123 30110
29294 31159 32437 35474 19394 41065 29618 34360 31073 46525 33898 29554 56619 10901 10430 35104 25856 23503 9357 43552 35519 37452 34741 25938 21578 33517 11802 30104 54144 20112 49048 16850 9792 33303 45075 23774 30317 38496 16233 34204 31203 28749 31096 42734 29316 24764 13860 22451 44593 42127 39242 56011 34505 25764 37579 40727 25132 46557 24199 49013 45626 39192 33886 33477 29907 31543 22576 23529 13270 13592 31198 27073 34084 35741 21831 30507 35486 44965 41545 31495 29219 15887 25800 38967 30099 16317 27809 40346 23246 10636 21941 34320 29619 23649 34789 30841 40484 42262 46862 51125 50176 15505 58132 29348 23334 18348 22484 42022 58745 22348 44335 45851 28885 26702 18181 41571
38684 25492 21814 41182 32303 40444 21411 35180 22509 22632 2602 58093 57910 49078 36013 57408 26346 27848 15114 24648 15337 25725 16674 28130 17170 38836 5845 16366 27206 25423 32771 47438 11111 36908 35981 26850 35921 21293 6224 35208 40679 52528 52016 544 33032 35607 39178 58764 23699 34240 16831 29356 59242 8716 20783 5214 25452 45276 7994 24962 7800 28430 20417 40186 29296 34180 21154 13733 17715 2332 58303 50787 34976 31415 35574 38421 47769 18230 39976 38809 25853 18295 14133 27087 7596 16476 51197 22425 34437 25283 34400 55255 52587 19342 30270 36199 11322 33691 26488 50985 26836 32716 30188 32767 21787 41215 35195 24264 52971 46102 54790 13924 16422 29167 23402 34227 40621
32620 25995 30613 27743 60779 35911 58090 46876 14542 45949 51858 39108 19059 35598 23917 46903 30524 36570 30299 17492 32775 34497 39996 32252 37301 34467 33264 44560 17703 28256 34390 43631 40763 27096 46160 21753 37075 28908 49854 7054 30413 18299 38014 30733 39434 32099 14448 28760 12139 28296 26998 38478 55246 49862 36464 34766 40981 28161 47676 28347 33054 12311 11194 33009 24523 38118 52684 32850 36090 29778 14161 15039 50573 29240 11049 35351 45666 32377 38965 21562 26715 21749 39251 35592 26710 32140 30051 44129 40757 19486 40775 16932 26070 57484 13791 25138 33051 9909 33801 44652 8675 22135 32933 21681 25869 29622 20117 36577 21371 52815 15544 41692 25098 33315 17902 57985 29087 30483
37143 43954 20244 24828 28947 26702 45903 49090 25794 36404 17194 24386 38660 40775 36746 22365 57017 43363 38220 35827 16065 18026 15698 44260 26108 39997 23674 46609 12106 56507 13222 28504 8587 17860 28596 27803 28574 41272 10630 36280 30822 50423 26107 32400 18112 37600 38386 14083 37260 30932 38477 31473 48044 61621 12266 23099 21504 32863 38827 12478 38246 47541 61038 42590 26302 14998 49429 44792 56042 44257 34942 35437 45258 18040 43402 17565 21308 51514 62746 46440 22816 33542 43020 32943 34136 19902 27458 38480 18115 36673 21402 45613 47169 47470 25077 23588 8371 18983 33588 26646 29431 19275 4149 30179 52717 53946 52698 29035 31863 33363 27905 37518 30069 34809 35468 23852 23493 40328 12121
41254 32327 35042 20554 31322 22493 39913 20029 20649 36710 46201 62996 55284 30658 48244 32941 36888 36817 43451 4842 17657 33395 32301 48553 36469 42632 18346 32204 53355 32496 40978 15409 47804 47755 44357 19898 51528 46137 41250 29509 50159 29402 47498 22963 16017 43342 16478 39397 6414 13940 2941 14521 32582 9518 31943 42769 26906 44124 33308 49611 39529 44764 5467 53704 41745 48014 48230 35817 57078 36180 2332 37132 30196 35598 6492 28179 23535 18330 38665 39900 20677 33240 47103 32585 24660 42154 48672 26936 25216 50927 30541 5771 31526 11143 15717 45088 6695 49491 30280 51929 31587 41777 37846 59284 42682 38913 37871 29491 28684 4773 32882 18068 30522 45565 61248 42649 43043 16615 33338 50209
15013 46659 26431 15371 12964 46323 22575 38713 24573 35798 6890 51848 56977 46540 33103 14045 38465 22965 26944 43282 47850 19057 48284 23053 19568 34528 28994 61096 38576 47586 35093 30664 45451 14935 37361 29258 32993 35615 9656 18192 46226 23322 59979 51960 51327 34088 37257 48868 33926 36905 22866 53170 31881 44796 35718 38468 36966 16516 32261 38777 60414 20382 37550 50224 34609 37674 14178 31051 9695 28170 26115 32680 22505 28446 42093 35881 31020 20804 33923 49068 12684 31580 9252 42771 29926 32840 11567 47932 33563 40680 54662 24840 26635 16922 24328 26968 31638 32958 38804 37130 24989 40374 55564 33024 35326 34785 35151 52760 12443 55839 39484 31027 23890 56145 35253 28466 58372 32341 24985 35059 25745
25099 14280 35672 51929 20821 11809 42815 20156 49939 29319 63882 29722 23075 48854 35607 35540 25957 55536 20680 44744 24507 37559 43899 51159 28676 18951 59410 35298 26912 26818 49003 29894 51695 25801 22120 21607 48465 16379 48615 16547 39462 2104 29386 40281 25422 22368 24047 39530 18345 21331 54328 46006 41495 11760 38531 12573 31096 42264 20913 42623 32940 33452 40611 29628 38546 40075 33335 50356 17932 54421 27983 37192 50682 6314 48329 40279 63802 58025 47494 63679 28332 14452 39015 32612 24882 44010 31306 22818 14252 23274 27665 31197 34040 28503 26266 41331 34806 7949 20167 56258 43912 11246 30070 32942 34445 25563 38793 13332 56293 41139 24030 26069 39537 18518 56663 20945 23823 52388 5842 32744 60063 43901
30513 17402 46595 28352 55122 48616 24091 44110 31767 22929 44485 34312 38495 52947 39905 43469 49929 41362 19281 20861 35575 41387 35572 17144 25350 27391 21930 20509 44059 58735 53843 54990 45840 50392 54223 16618 45259 35102 22782 33872 18982 32286 36032 8931 36870 48057 17909 43647 32584 42447 34685 13574 32974 27712 32824 26713 59766 35565 35590 30295 31266 51636 11975 40160 57264 15479 40538 9684 45826 49940 14498 59155 30967 35180 34940 17020 41582 34655 50376 9712 35913 32973 20584 35665 32614 34199 14908 30843 45223 29082 15650 32593 49386 27834 16378 15794 15633 27348 21926 23933 40442 11209 48390 38036 51334 15225 24824 9430 36246 29124 22620 56354 43528 29323 26132 37978 18110 44460 30975 13149 30870 57097 44029
43786 49265 36480 17903 31043 35632 36850 47539 42983 45489 33599 42537 52438 30934 21575 22067 35311 37245 15082 49329 36117 39048 15112 34945 36900 38613 42114 31875 22782 33094 37686 6041 14725 47289 28421 32930 36757 35344 27600 35454 50448 11817 35188 13325 53207 51686 5077 43055 45513 28197 8913 48580 30918 38856 39495 30636 48814 44973 43544 33991 43361 35510 20004 49141 60094 27073 52811 12310 16550 31151 15981 34826 29946 54113 32362 9904 23961 31669 14882 38634 23651 25485 26998 36760 24376 26567 20549 29592 24567 20804 32365 53706 25730 54501 53202 25872 32440 37768 27728 37962 19576 39439 51147 29270 30629 24920 41505 48660 46619 20037 34608 25190 51644 45492 20188 63019 32873 18567 40194 48195 13313 15260 24963 41871
19044 40917 22591 18157 46450 62992 35094 60733 29451 43823 51176 35169 36110 38928 13462 14905 6492 33173 15103 19107 47574 39069 37633 45439 40027 31239 16512 37295 31435 44725 37721 14866 39686 11140 42861 42376 52971 53593 58525 31473 29788 27918 32454 36141 30008 14217 30156 23324 18270 21924 38284 36766 27825 22596 30183 33171 29453 15430 31421 13275 29780 27276 21486 54614 38503 47092 32091 49380 35621 25952 48866 32101 36974 40878 11365 48568 28706 32704 9666 24768 32801 35445 55002 29018 41546 12460 14221 42598 17534 20295 35771 58054 24735 44836 25413 46426 31881 34085 6664 22784 43551 29224 22504 13464 34624 33551 37058 56068 15819 12472 33911 35620 33698 24580 48871 12246 6820 25044 38898 24570 20656 29446 13177 24178 32680
48252 33114 39453 36203 54036 48503 11739 27608 47023 28590 57485 39121 22318 27616 42257 40501 35439 20973 6727 37348 38484 36277 35601 38333 43963 22296 28239 22435 26502 12790 59103 37234 53907 28208 50081 35084 25028 10148 32631 36947 62967 17971 49472 34083 56334 32190 23516 53598 19687 20002 52779 27365 28004 33603 49933 54167 20067 13567 37218 39252 27846 50997 48138 54780 12651 27078 29157 44911 28980 39058 36307 22412 27903 39801 38580 35892 20909 34395 16232 38728 47135 14616 26318 52903 42291 57232 38856 37937 35275 29092 35126 21958 49861 45875 40438 36165 39170 13339 58600 49296 49507 20544 39150 33158 56518 12158 41192 28166 30733 17849 36788 12275 3094 53967 42034 32041 32195 25246 18756 38794 40434 19722 38345 19703 10629 46576
52385 63311 51546 36145 23725 31858 37459 36525 24779 52800 34126 49732 40923 27289 36653 31702 3263 23388 35022 56132 18007 46698 14099 19565 38785 40356 51931 34607 63261 48873 24837 36718 34829 21529 33395 13575 39216 8980 41986 37851 42342 32185 42647 5067 21391 16874 22284 26804 30347 22918 28231 37498 36154 47724 37154 56570 17020 26239 53378 24597 27953 27547 10564 32683 36921 25506 33866 27548 23156 29813 46706 40905 42690 20467 32926 25616 31747 13308 36780 19539 36118 27248 31870 14448 47326 18735 19443 54344 2616 12824 28394 38843 47108 37644 49733 18089 9508 26093 36578 28915 57464 45207 35235 29302 42206 34029 54118 62230 22838 32974 30989 59056 36962 52761 29558 36133 35138 41648 10114 29269 44724 49266 26130 28192 38808 30014 27652
9319 34512 39670 57914 34056 27451 6009 23954 19429 24505 56486 24301 32988 11051 26719 21292 30670 49263 50307 37677 20635 15973 34546 58322 30499 61423 20875 30201 9030 19437 21041 26244 22756 30013 49856 48721 26590 47807 59674 29250 27666 5973 5921 58165 52577 45534 43697 24076 16300 23866 36268 39845 17104 38985 13811 16610 8881 36331 9573 56993 30509 38144 27106 61892 9251 45160 40266 58153 22900 36611 25981 34738 37632 35761 29786 41021 39079 11602 34754 22955 32329 42694 27030 19677 9158 22252 28597 32433 46334 18598 31743 24585 43474 13012 31828 52675 17953 30804 27283 37056 39369 43014 19614 24033 32942 31948 46164 22020 41644 56710 16276 34315 29607 23826 38977 26324 45949 47696 29751 23873 28172 24610 38232 14896 31544 25959 51589 47747
32478 36095 27293 34584 26847 17867 24192 13521 29979 43689 38670 17548 11122 33401 37415 9003 24516 16413 22954 43404 45554 33397 33656 40081 36315 37983 45426 44313 11101 60603 37239 30723 36444 44651 23911 34353 34485 43086 56098 19584 12361 21828 23687 43989 29433 23597 16248 28938 33442 36841 28116 21765 57128 28504 56698 31904 21608 9562 4173 30912 31299 35023 37929 50754 46233 40087 33520 19976 13130 36754 33411 25840 62007 48288 50369 52188 47422 43681 34698 44970 40001 35956 38078 43324 31518 16636 16957 15729 33206 21270 61926 23848 42985 31138 4506 58691 12695 6018 39739 40608 44705 15254 5285 48673 31460 41148 36795 58532 48708 44500 10844 40715 27806 30144 36455 58932 17875 14176 29118 40704 21955 56722 38464 39504 29774 32566 18892 38146 17749
24366 26180 47096 47286 27737 53639 6160 35411 49559 32116 46635 16906 9673 26605 32554 46012 35789 39633 19435 32585 37507 11264 24912 37009 33997 15705 28727 8052 22923 31935 38274 12242 45979 9230 23055 37260 25053 31016 45760 24704 24371 19951 32883 33935 53884 32831 36874 45466 36504 31226 6755 26494 37479 12545 50272 29215 35017 42803 40671 59739 51358 27248 42690 45329 54470 38040 17639 31010 23585 52107 52784 48494 14735 49448 33659 17877 62448 45904 37289 42551 15908 27620 37275 15988 30474 16579 34863 14956 10628 5069 58951 37376 35954 21218 35009 35087 690 30689 14462 12151 39716 34988 43615 57628 4266 38690 32578 17882 51748 16674 17417 20885 55920 12431 29074 17451 32878 6981 27839 43386 42752 17190 34414 55654 25861 30227 31617 63436 32093 36331
29910 29837 24297 61582 34639 35721 42119 36828 46026 50336 38167 27061 26409 29618 41851 34808 31306 14496 28307 32902 45583 32585 16701 30016 16215 32651 37465 37893 48897 48458 33993 38581 14831 34915 26476 17200 42238 31927 46370 27477 57619 33319 5323 60678 47880 19600 55623 45602 27587 23510 33142 45192 6174 64470 14392 27163 53502 17521 21613 27831 37696 39303 22773 21054 51142 43768 29872 16529 50030 29861 33406 27023 50970 48748 35135 35608 32680 39983 15314 28428 34298 28108 31002 60235 57071 24356 19444 25012 31590 26647 27456 49192 47169 19589 14816 32905 24158 40015 18100 43187 8863 45906 19610 19081 42466 14706 45682 33770 29961 8844 35614 32437 2290 11905 38270 28876 18046 26929 15472 39950 32398 43644 38612 20058 28160 5699 26508 24978 48566 7268 40311
15253 33422 30913 21365 20034 48489 13112 20583 6011 23336 8106 34603 41247 13481 24055 38561 33038 36558 23039 51627 22823 39541 19362 38697 22349 29824 46784 41465 46428 42445 27450 14587 14646 9022 34030 22289 13501 52657 27581 41754 34253 29192 54152 28662 5704 51489 15404 48261 23567 30686 29069 45991 55553 36637 35721 11324 6910 35776 28159 43300 48102 22181 18640 55615 24985 17582 38876 38765 48630 38585 8963 27278 36574 63911 32293 1410 7730 34393 35106 18216 16849 16813 28634 47714 56219 40069 43566 38416 55664 29631 31741 15632 46383 36924 29989 48706 29882 9949 29066 21640 43504 22656 39176 26306 29360 12807 24451 34766 30941 44112 34009 30348 29267 44093 38120 40414 41204 33452 26516 38051 53921 27775 41146 7611 24889 37524 45115 43015 45724 2509 53751 52837
47274 54024 36302 22453 28995 56103 14240 46809 26182 31496 28494 35505 11668 30605 41143 7707 59662 33173 33721 26615 50835 46591 39992 35623 32771 40365 47633 54922 56126 11644 31013 17664 43555 18001 49493 32105 19092 46342 18046 21157 42608 12929 34948 17300 45974 25500 21316 31510 29673 55612 16031 20491 30021 36926 11893 50515 20876 29060 21158 35278 44703 53740 10003 63580 15965 29272 29594 38877 48806 32678 19485 6960 31066 37560 36986 24888 50265 12397 27794 29906 33154 18852 55365 36062 40630 47935 6003 35902 38359 52764 47613 33234 27841 14109 7104 10360 13655 38688 25760 26384 3448 31495 34938 20604 40707 56240 50991 9116 40922 40444 11423 52046 20956 37580 37034 24178 33512 30462 38705 40938 36064 29556 45074 32405 54691 40204 38703 38227 53008 62631 21606 43781 30473
26406 48024 12937 22381 52583 60581 19135 34332 27724 21357 48777 42229 29875 42960 33991 25051 33662 28078 49239 30378 41355 29928 49177 43332 17340 22876 32495 52107 19183 33515 9144 15195 33798 42358 340 25238 10207 49370 38563 46877 23388 41211 36485 15055 12123 56759 49114 31628 8382 23277 11650 37684 39011 18558 34397 10151 27436 8778 42315 27332 55799 45105 37164 39532 37285 1555 31968 32896 11031 33744 51014 29407 43819 21832 31552 21353 33475 29276 20398 36862 36541 40683 42862 41597 38906 60115 37216 37064 21339 45560 18534 27838 57790 39990 45920 21566 53253 7537 25900 28971 38670 30087 40106 63841 7099 45142 50364 11970 44778 42434 29761 24367 36221 31144 60953 25735 24658 39913 41253 42154 15435 18533 43075 37240 41542 34556 19027 10449 32549 11150 31287 29844 11206 22012
22223 35490 27915 29221 43769 36060 29651 14311 28053 43297 23805 11046 49541 39249 45419 7103 30120 41804 26106 42387 34014 39153 23439 12419 5639 55330 24324 28780 31747 19134 43327 25906 13746 26276 57114 23218 28148 44471 37242 26829 64425 11731 48444 29539 25009 32986 52034 43604 20204 19629 36970 2433 40506 17195 52630 22728 22139 41524 12196 44043 10894 13224 20342 25384 31062 52583 45547 43520 52656 20816 51170 30835 24188 44356 28221 37473 36508 23333 28122 34731 27888 24783 31643 46126 46166 20517 14430 16334 52142 50950 45317 40552 50650 28497 24174 36829 57786 32488 9594 8205 35372 47018 22282 9944 22032 26486 45052 18463 34888 59438 22834 29632 36787 40881 26506 26013 34609 32734 56293 9620 13731 34455 41764 34694 36327 48571 38437 11091 11997 47914 31178 31963 25447 8387 32497
46078 41573 40041 49788 21660 36533 26616 19785 11926 30519 18770 37946 56778 54989 37465 30765 18969 54358 41193 17924 10084 49842 24292 13981 30088 41153 49707 61146 32873 39267 52381 32665 24549 33656 3098 26044 30683 25056 39554 35361 30764 25467 40373 16810 23736 25385 51090 19765 27999 26570 22010 22947 48641 42046 4814 32725 11902 30564 21485 50345 27318 60446 31543 39169 27274 47436 30348 55739 29145 16844 49099 20408 36993 38014 56534 12249 41574 27716 57228 39676 20324 45054 58828 40451 2911 29322 39289 12748 38453 29384 45167 15161 31684 39834 27792 35624 37872 33759 39869 56955 33430 28279 6101 56848 46999 51779 18104 40649 61139 45601 39494 41348 12330 60657 36959 54051 20348 28053 13026 35972 27818 21229 38832 37513 29587 59351 24746 38417 39957 41779 15279 46075 27156 10211 25247 29993
44397 17606 39770 20088 33281 29884 14271 41165 53169 24229 38320 47362 19034 54625 40716 20477 29152 22480 18866 35480 4640 37074 6021 31160 17147 22343 5729 39482 26705 11791 24616 21760 45570 50186 39611 32488 39919 29720 30713 55508 28150 17689 13762 4002 15353 59884 40438 15412 58838 16756 34421 25449 38766 22158 20766 30240 51361 24602 27602 20795 15695 49402 53363 48536 34137 34830 34013 28697 31900 61492 39667 35228 19196 57420 12436 38659 25686 60216 28575 37164 34955 20440 36342 23800 17275 30986 52600 19272 27910 32174 31748 39162 43277 8358 29564 28400 26478 20689 39359 25096 25611 10511 24748 29475 9922 28737 17957 36642 33652 39237 21513 36579 39425 17147 41016 46920 22089 14405 19601 14639 61484 28675 34551 45434 27530 36115 35142 43271 6212 24149 39264 38072 37432 24235 35111 21867 16711
46324 13943 47106 55634 13328 35634 30043 23094 23263 32057 45656 36823 21569 36459 32727 37395 30486 19624 55994 17609 17982 53712 43999 22490 28825 50115 18472 50982 53511 21600 28787 23181 61032 49544 53665 42479 31644 21788 33939 35116 22402 25851 36391 45092 36092 21253 57151 37560 21226 36122 21689 29895 3114 36121 46966 26159 51100 55524 48215 49876 49186 33370 33850 45714 23708 42842 39937 43341 45032 29127 31882 26339 30950 6013 35511 30514 41592 23134 38758 45598 17277 34891 24441 48004 40661 31523 35790 33605 41825 39110 45383 17729 27647 21268 53442 35160 49039 10221 55073 9066 37107 41264 40258 45912 32523 21694 26631 9473 54453 58488 26703 45123 35025 32317 47865 22786 48705 56301 26855 28443 50148 17256 26358 36463 38042 34445 38411 40671 22339 33598 49920 21576 57023 41818 42683 44686 43502 23744
58902 31118 25520 45395 37366 19753 25317 12015 10040 36159 43629 28534 36542 27056 26920 6345 40294 24157 31222 23751 37906 13092 25527 31056 40864 31719 22858 47172 22770 39044 47506 61315 17639 46300 36716 33004 54366 18639 37304 55904 25657 38973 41816 30145 15702 13063 21292 55531 38039 29962 23570 5569 2778 34346 42218 51746 11521 55876 16534 8173 29674 45369 60918 19716 17526 5865 38888 37702 28550 25396 54604 16530 45560 47611 26884 44746 46254 35612 16879 17357 35974 37497 31469 29050 47713 22512 23263 13747 11040 12130 21667 6743 47009 14511 34585 46406 42182 24503 48419 43103 9069 23642 28065 41349 20600 45688 15217 23188 46277 12786 30067 39278 17718 30374 38537 12277 58025 26741 50578 31749 55808 47936 54638 26496 25625 28388 17661 26695 42454 20293 48927 32825 12309 29761 39604 15670 32696 49591 23196
14622 32157 59272 11703 39377 32422 24980 28389 37166 17329 30651 42246 56598 31135 48605 33530 18282 47441 37850 26528 42505 34725 42386 24026 23251 21885 27366 40072 21416 32695 42933 34440 35431 20276 27613 10938 34034 30933 37698 17408 21800 40312 50624 47418 39144 51711 30523 40262 31253 30536 26513 12036 11915 35381 8864 55638 30764 21412 32844 45851 9433 36983 42098 32563 36465 59788 32499 44159 39636 29637 19375 21981 48098 12288 37510 16941 28539 35615 42840 25681 49022 56832 43526 56105 16844 28037 34415 29075 38982 60045 29809 40559 28875 29175 30704 33951 34107 36005 24777 29442 7030 12148 19165 25720 34139 47945 40461 32737 41164 31998 36406 38941 22440 11641 39740 44044 40910 29076 37116 26254 31521 55860 34647 40579 30589 25654 25133 22219 44740 30844 20830 48710 18135 27620 53451 12244 29077 32592 43090 45653
27870 24478 60373 30888 33426 42416 31538 25008 2193 22117 33354 30794 57530 25244 30973 29526 30958 42807 41771 46518 19215 27924 37045 20042 23801 26901 7544 63472 16527 15384 29016 6536 37808 29439 32818 17908 32827 34472 35303 15380 48146 23540 39511 59078 35092 17348 35170 23786 46368 64246 31465 24930 6680 43628 24266 25357 40411 26372 28903 31947 45640 12703 47390 30077 21825 30494 35664 49153 37029 36959 34653 31543 31316 16964 39205 29185 46125 48555 30856 39743 27667 40822 43366 39375 23522 28803 31648 48273 18812 42420 35604 32359 34499 40935 16291 34352 29075 44030 19758 42700 62414 33495 13202 24347 33621 18772 48819 23037 8711 36947 34415 28242 24004 54454 28325 7930 20588 32603 42806 39637 40927 58660 44034 48323 32252 50927 50409 35748 10404 53661 34251 47704 27064 40463 52872 42942 38679 45347 19200 24248 37537
31675 29460 38438 51766 23221 35491 45286 47029 5874 41355 48600 24832 25939 37808 30686 55286 59062 35054 17880 47734 43005 29993 47780 45667 8710 38975 38178 30105 47539 32270 16436 17914 16354 32378 21177 29031 29045 15712 36753 20927 30538 43681 26013 52450 26179 33309 28603 21680 48958 19380 29899 26377 28445 23366 26543 36300 52926 20660 26439 24282 8963 38877 48753 64532 40139 26783 25613 37721 55541 18142 31485 24201 24675 33399 21024 9092 42994 46923 25686 46121 36999 52539 55423 28250 26364 30756 33147 48118 58423 47082 56874 37596 11538 55402 39276 29935 21106 29061 35361 28683 20788 26395 13097 7698 37434 26892 50020 42213 27234 29497 38322 46691 39566 19840 45299 36972 20380 35779 18438 31968 41582 36320 14798 20895 38883 32696 37160 61576 8410 55595 34036 18300 39477 24089 30740 53341 19666 40547 63848 37127 28051 30182
50126 39773 40278 35974 15910 36158 59645 22048 64338 37001 51558 37525 14898 56096 9074 19909 58788 44770 18434 24464 38024 55726 29684 27607 35264 13670 20522 25208 46123 10217 29058 32597 11945 41750 22749 19020 16411 42191 29468 38718 23391 46835 39197 34315 40789 28514 36802 33427 22239 28667 34793 17590 30941 26273 40564 20564 43053 36144 23617 30030 45999 10634 13874 20354 38469 36241 36133 50897 30414 38689 44540 36636 43050 45084 20885 10304 10553 20067 40146 24097 42203 29653 41105 18589 29168 44626 22964 19347 37720 38842 45337 38628 14323 21997 31650 9840 47777 6858 31277 49687 41538 42034 22939 32185 41398 15366 13005 14646 38876 47141 35489 41070 36758 31343 20985 11074 16324 28868 58803 7569 2884 38147 36528 34617 33014 27918 33233 50206 56252 35524 24564 31772 33398 35844 13819 8983 34818 39601 31940 30957 11072 27815 39217
35196 55058 17352 23584 44200 41559 28149 33395 34382 53231 50445 13576 34383 20155 44784 35009 26763 47513 7550 32380 13538 22377 3735 33563 48948 6925 35866 28540 42850 41829 44008 34945 22859 15183 36834 32521 36045 22955 26087 28659 17868 41307 26583 58401 21541 24894 23442 20592 54201 5172 37623 38341 11369 24861 27624 33018 37394 39641 20548 19189 33944 49224 13802 39056 53208 31818 7869 31408 35763 42431 6297 28210 39945 16263 48480 23544 12474 30850 13043 6368 50599 43920 43825 58828 41646 24465 25594 28570 56241 18276 42798 53036 20622 16876 19117 2401 44326 23046 12374 36632 26969 50834 17930 15667 18695 60018 34219 56464 56337 21638 29973 41489 32340 16300 42539 44692 22452 37572 14028 36603 23566 24752 20695 48164 52035 26704 10798 39664 45363 38018 33968 31808 58814 31782 11836 40178 36037 57886 32948 42472 38438 13641 25079 44032
15811 36999 17380 12315 35706 47801 9309 40730 21292 42685 36161 53723 46265 29555 38000 3392 39937 27581 23497 33319 49380 34427 37167 19826 42818 26251 28286 30719 7932 56013 14744 30384 17392 24099 50271 43619 32255 5996 27823 24570 33034 55688 7274 20563 19694 41815 51569 8272 44431 40889 30115 24783 47819 42382 12000 36530 55425 14262 36616 37591 13970 34065 48123 16928 53470 26751 26520 56683 28485 26848 53184 37273 42407 47380 15956 30603 54244 47098 35123 37919 42460 28788 37437 22583 37744 39266 18258 41137 57471 5538 41553 13934 7399 62484 43292 52815 9356 28570 60818 35122 40778 28436 36242 29689 33029 34144 45823 34690 35227 29022 37813 10415 17642 7664 29078 43102 35542 41461 6787 50033 32572 16461 59483 41670 37373 26585 49406 23359 32505 45943 38476 28090 19984 27143 26149 50969 21282 32363 14952 49210 44560 36739 10486 40447 19129
26669 21424 4423 57595 32585 59509 14065 29882 30649 41253 38879 54739 8284 17312 43246 40999 29714 41413 51971 15255 39355 39286 51960 23552 58423 38034 25011 33094 53862 35064 46094 30534 36648 63627 21230 21985 29021 28967 15152 33015 31717 36014 21942 10344 56736 28929 30558 51221 29038 20479 24842 42972 15919 26504 49048 23455 63170 33148 44010 17212 31242 29627 10975 35476 53988 8228 44374 43399 47152 29848 36913 58357 36048 60153 40014 18879 24484 35107 34447 14018 27530 57593 28626 53986 38754 36954 58617 37372 30222 49445 24290 46065 50798 43324 49774 17569 29536 35454 24702 39916 37828 45770 30192 56755 27260 31746 43942 31188 26215 19461 38526 44081 41573 5298 14169 31912 25943 54251 31512 16154 41499 37775 15001 37735 30609 59774 15038 25967 45211 30615 44133 27922 17433 60349 44144 11824 54505 32716 50109 30890 12779 31142 59182 26718 22017 43821
30625 25901 59402 29245 16888 41720 15078 47288 32529 41372 52597 29823 21454 11517 19095 42865 20749 23801 35116 24430 29616 38255 35860 13910 9365 34368 33327 53769 47262 43852 18013 25702 61609 19571 24446 11086 31127 32149 32882 61602 60489 40594 2072 35393 52637 56138 33106 23051 36469 11166 41728 19936 35759 54125 53248 24479 36396 25237 38706 38186 51917 46330 45944 32864 25200 29304 35762 48928 25079 36595 12990 31565 16960 51785 26492 27331 26669 12376 5326 20324 42140 6404 20883 30481 46191 43050 24747 15273 49284 52651 45303 33548 23997 50535 56661 48922 3320 5950 11429 60851 47895 38672 37321 6326 16632 25790 43937 22020 25469 27687 50443 51070 21381 58665 21735 39683 44527 21416 32279 35443 31645 34689 36730 23470 12652 7317 33776 24723 45121 64197 33369 30468 17654 54766 23957 35040 43121 44532 38020 35846 32652 52916 20998 33369 56108 20495 27899
31157 47150 38373 26691 35836 32628 20502 29374 24335 34268 31363 26444 42189 35912 23818 52429 39702 16278 35725 22048 35786 47272 26090 25128 19657 31837 38914 31682 16370 31636 39349 55758 54054 37679 12003 24366 32839 35852 26477 39618 52529 39693 40752 51048 19399 24848 32272 19456 6632 27383 30698 15212 57715 45472 19615 21644 22602 39404 34831 33342 49228 62652 33306 56162 26456 32494 24225 41690 10064 57700 36226 51077 26131 12540 51871 25667 38272 28311 40406 16373 13177 34582 23304 19833 18909 21335 41493 11183 28300 6204 24285 42361 17253 34467 18752 45495 30283 47982 25886 29511 49434 16251 33368 14601 27060 34732 15564 32223 16891 29919 31835 26792 10187 21494 29926 52292 34054 24015 42570 10131 53133 46924 56427 9589 35135 29003 44839 40138 16380 34990 33373 36978 36260 26195 34286 12109 38935 24348 13754 21563 4404 46055 22945 1564 46812 37269 34179 30672
21232 37127 39232 34870 47951 46875 16568 16944 53721 62643 29644 56478 33902 42669 63067 14942 19693 5610 22595 27216 45368 30539 30056 10070 17198 60334 30118 22608 41134 32757 19681 36892 29595 44286 47863 36250 29137 55211 19398 48044 56626 53466 22322 45361 33695 21869 33048 45321 48887 36418 14681 43541 29978 36923 48085 46899 38888 23606 36972 40771 42305 24341 35582 21799 9988 29110 19308 30655 13074 22779 48533 20969 27468 50627 6487 23173 32145 21741 58006 46197 41921 36699 26927 11928 41916 27114 51459 50126 53089 17791 59891 39671 33938 28404 32732 34547 44334 7983 35490 34466 16148 31498 22050 17636 48167 37738 31293 39065 45635 25900 56019 33953 15178 22834 42948 47068 32029 17498 23793 36138 43419 26502 16952 35691 32420 28564 60283 25982 50712 30054 14488 31302 54743 32219 54640 21664 36800 31186 14819 43884 25012 50733 43473 24972 17813 43978 13595 34272 16703
24459 47006 54086 26261 33358 55614 12446 21366 41205 36312 12490 12737 13406 38221 37546 46936 8554 64381 16668 42522 14586 38984 54016 52198 47084 3983 35640 33438 50978 20784 55459 45089 31610 39181 22049 50766 54741 61188 19091 49927 17172 9974 43223 45099 39957 24771 36813 41882 42426 34891 51799 48947 37089 54638 20309 45273 64108 52236 16805 45672 27449 48134 28711 35266 22570 16698 21949 35017 8733 50057 39238 36185 38388 30420 3490 33108 27789 23288 12721 23195 51914 48089 45139 39693 49545 45397 24680 53386 19884 40779 17616 5362 22545 13724 35947 3621 46490 61480 37401 28162 42789 38607 23738 29290 22931 15729 7982 58686 58821 17390 47188 40029 20633 22054 45838 31143 35569 60410 50748 27388 29099 18761 54460 27195 19880 32241 28014 32070 21449 26070 19252 46588 42220 43220 21742 45628 19955 15055 7546 39913 51132 23461 25528 10463 30505 5940 37514 39680 44312 50528
16591 49197 42603 35334 45415 29253 35840 21767 54067 38696 29369 25155 49425 41142 56180 14746 16865 36047 45843 44780 18565 25938 53876 57882 62429 49184 32377 16131 36551 48922 26625 32133 4131 36895 44011 8580 39635 27919 21273 31453 32182 39882 21096 42353 45996 28207 35517 35105 25493 16928 18674 55754 24657 33148 50669 38736 43200 41506 42632 36240 26562 9717 31656 54379 29751 6865 49706 20417 20735 39576 25328 44914 44282 52011 45784 28511 25352 24169 29380 55142 31241 4658 20370 31593 42204 45158 25124 15174 16996 36581 44889 49886 23934 3982 43024 35345 44298 8258 43307 21695 37866 47843 31624 45769 41214 25933 54281 32780 36644 45411 21388 25708 17724 15620 34547 21446 22056 45583 26396 36347 32968 18022 55528 40683 12282 48104 44344 24182 31390 24692 41194 28797 41878 3564 23776 17630 39361 10799 30200 6011 30719 42780 27923 28722 1329 33429 44818 41700 13365 50809 5331
20337 9195 34984 25400 57785 7989 27393 51999 37276 40179 7015 26986 58106 16387 21430 18167 9652 22341 55760 22696 30120 23963 32663 32603 47799 31204 41703 34802 43202 32512 11682 43851 49062 27599 38313 36424 19271 60209 56539 16839 25475 54278 37144 49834 27705 43310 19520 31183 38218 39305 13363 15384 55958 32759 31440 19043 1021 25432 56824 20881 42335 30348 42892 27267 7836 39026 11627 39447 7060 21484 20853 20783 37928 24538 33162 27817 19511 7962 46985 46438 21407 41100 31060 57415 34372 40722 22730 36394 35842 33164 29642 52209 55485 23256 62519 37498 44115 27094 36845 18087 37538 6504 2254 47446 25486 32877 11451 10089 17140 25029 21907 47550 41141 44113 26934 34103 47281 31471 22916 35506 37576 38015 42077 46865 33498 27619 21408 25394 10440 40955 32046 21495 61553 31653 17128 47679 37299 30145 21165 13033 36978 45361 26205 18135 15499 31956 17368 27366 12767 54154 15613 32763
55375 56371 44974 54000 25528 27055 34250 7339 54270 31454 46384 33286 29950 47776 16323 37862 24217 32725 45919 20264 29871 19805 43494 40110 26400 21016 18745 53590 12749 26854 49975 44546 40084 39079 21952 24464 47959 37946 19124 32482 28148 14978 30707 37079 24652 38492 48988 34382 35391 24232 36560 15401 12205 63048 24625 31558 24695 27676 47451 30855 30842 31490 44081 21706 40858 35290 22162 40177 18868 43910 57949 51674 46761 40678 34164 16486 29273 20184 33206 53622 21668 21052 42242 14824 33131 60404 51514 41630 26764 35551 21565 41078 50665 18909 47082 13393 8544 28623 61987 19216 20178 28563 36039 48529 28191 59401 7606 53430 27431 9235 50895 13661 32202 39569 13813 34920 43496 28257 42244 53941 48994 28259 23006 35110 55830 38265 42597 35993 25061 35458 26741 10736 35504 8286 35312 6665 21588 21997 32951 33222 35509 22031 20137 61957 50609 30628 33190 26536 26919 15756 13198 19341 42232
22183 35393 29334 29956 40405 47006 40353 41259 39414 31110 31119 48461 32234 39386 40769 43338 43152 28281 37781 37122 42186 22851 51053 27734 43384 51224 38823 32549 6520 13527 52516 22861 33706 42338 40133 22194 41712 43928 42856 40752 56874 25944 31215 42667 18486 31877 36152 44289 40948 42747 17957 15888 20550 42652 30100 45500 28683 51529 22631 44002 16931 26849 38780 40035 46447 27460 18357 48927 25805 49746 27120 39926 38685 27627 27407 34504 16193 29166 9200 40822 31769 59964 55669 53727 39043 30390 15485 21985 35679 17723 27111 12128 30607 36779 27285 44601 11250 39910 13156 61005 9064 48075 9529 22397 34001 52540 36078 40358 41741 14872 41833 49324 31996 30782 36228 3180 15742 35217 56356 39111 47987 31725 35878 18845 31163 26932 34412 20174 10038 30535 40916 42043 7876 22533 39232 37314 26437 18766 40846 43845 13208 38146 19360 53410 25248 37121 8789 44474 32570 7978 5260 47725 16454 44382
32551 47771 34982 46463 11012 15909 26426 15721 52485 41192 38624 22271 34312 35528 32376 40992 25327 28578 12516 17067 23704 36695 27908 29826 22500 30151 40374 30596 42420 31442 55770 39312 33510 49753 58450 13448 39004 15418 44029 44619 31476 42071 52155 30904 43919 33422 2669 37297 38670 43712 56049 33557 5711 15565 23591 25284 28212 42133 55537 53917 20379 39416 18479 32899 55142 41174 52415 42578 36467 35088 13697 35308 27044 28292 32087 32051 51671 47379 19232 56835 31726 40094 29116 38462 14535 39170 28683 39877 42308 31267 61677 28791 21059 55263 19266 41524 48294 38421 33258 19164 52555 25766 50117 36943 22804 49010 27571 9324 8415 61017 32916 17684 20877 34107 46408 15400 33791 25592 26798 24455 15635 13936 42408 37137 28075 62596 8982 16038 29349 25107 50134 25125 5346 36603 38600 33136 35139 55072 22222 11878 61606 57950 27336 34534 55277 9369 26004 46291 14326 23983 1554 28169 30115 39294 46884
29802 25042 45034 36777 38359 47461 50384 53889 44079 42298 18449 28301 40274 14899 30093 32427 56096 31022 54564 18875 25465 53005 47798 49823 49212 38062 17956 34871 34634 36595 25421 25953 23172 28347 51727 20733 26569 20709 32334 60909 26873 15955 53223 35600 41972 11234 55995 9030 27289 31351 34475 23919 39626 30444 34708 35947 40550 23079 23898 44826 27468 51458 21466 28764 33631 21602 33525 42769 29819 31012 20107 54809 22658 8234 26236 44116 54613 40530 18089 33954 40147 46206 46832 26083 27868 36748 19251 758 36688 18526 25424 47806 23055 25555 43816 38936 44792 21194 39579 20964 31724 29221 30089 51972 47821 35522 52179 37464 29047 20867 31062 25278 45517 26438 42486 41750 39342 22765 17808 26178 54009 8022 38917 27426 5008 40802 43317 40084 7506 43506 20736 4472 48670 31716 45895 36016 53206 15898 49128 32027 14425 34162 12997 32153 27014 21197 37820 21771 24895 37644 46766 30287 43363 40717 15227 32837
22482 48050 36355 15823 36459 39385 26150 9677 31505 22116 51140 23325 22432 31281 33470 11423 27130 64034 45810 38197 33793 46869 16449 15294 33681 32236 24204 29466 21132 34693 36272 14889 26323 30914 6545 48075 49733 25217 39437 20192 29378 16804 29443 30280 37418 32521 21588 24803 50781 28562 47584 59793 49466 21533 27527 38706 16546 22923 32041 40102 36470 39101 20134 22732 32917 38545 35806 22150 30943 50153 44210 19636 25908 32163 62721 40500 16243 36000 62633 23014 36222 42433 34702 15020 24884 27108 21900 42854 22644 26091 53895 13042 40225 37556 15965 39984 58647 21793 42220 19970 29240 32272 24088 24391 37477 51811 36286 37599 40829 25336 41919 22443 32608 56497 23547 51337 9198 47212 15954 44121 35591 25355 40612 62973 16010 46444 40146 17493 21592 29809 42171 25151 28242 20729 28221 18075 47703 26595 32060 37963 29255 16913 8597 39470 23554 54368 30505 54052 51559 32693 26073 26125 39000 37098 8578 42441 45748
16613 43528 37176 36442 46208 19272 54074 11565 31904 7459 49839 7433 38434 33657 25207 30672 27112 44586 24946 25443 19664 39191 6784 37281 32700 35870 38017 49258 12170 39713 33364 47518 29980 42494 17116 54045 54609 55446 24822 28358 49416 10953 4994 31354 38179 24695 48482 28699 39552 35201 28022 21893 34305 33220 24220 48283 30852 28964 30644 17212 32491 19326 52128 37703 37396 20659 39232 58014 5856 36003 52082 29472 24112 22318 30998 37548 42210 21557 25870 39716 37848 29590 32313 29287 16368 28979 24439 35412 43531 21738 20393 24781 48906 29340 16813 32689 22475 27177 21603 31968 47408 10097 53933 31289 37911 25172 45931 9631 34146 40626 39291 47342 38383 11372 54205 31240 47776 10080 23827 15055 21587 30575 23644 22815 45034 20602 42104 16090 34371 45662 13383 25057 31808 26879 13993 17427 41663 35899 33406 29520 63138 32753 39590 35192 57543 29698 11777 11371 13840 58446 38767 36360 14171 6325 24016 60464 37257 42263
46084 37060 23931 26964 30954 53667 40975 37196 46948 37037 18983 38112 42578 48066 47265 14319 10386 19649 46174 35415 52484 18828 29247 26620 20106 17410 37666 63674 37892 55810 9193 12405 45136 13679 40306 20235 25166 35877 58527 24666 38112 8198 19022 48198 57061 16115 35681 34476 33597 17099 20662 44909 28873 37230 12079 29289 49767 40124 42922 55168 16119 58005 9993 12946 22875 27864 34346 41856 45171 20838 35311 38441 36637 45600 58167 49771 27705 15589 12001 44074 27305 11157 30159 9027 22860 17424 11486 50071 45826 22581 13555 29959 40619 50662 56040 27504 28455 30466 22435 42678 41814 24936 20478 29366 26136 34555 21726 26449 36429 30103 25376 26727 40661 18206 25510 42456 18064 8561 43854 39813 57438 46703 31482 37196 29471 50168 32648 39695 45490 37868 20954 6316 31482 31787 30415 13828 22996 56980 24390 27383 34080 43272 26657 31589 24512 21865 55870 30511 30868 27027 27263 47666 35450 30569 47554 27730 31826 40138 21737
33132 24830 33685 46290 47457 30558 25004 48734 8209 43600 30958 17006 36188 4276 38714 32224 42275 60780 38514 6550 22340 44887 23669 43630 57249 29013 56098 12617 17944 31303 36955 39688 24202 48395 34303 16521 51415 22657 20974 26286 28895 6027 5639 48725 36482 28937 32813 25696 9632 34777 19004 25005 34330 43739 14870 43806 52174 21745 41373 41361 56989 44282 57005 37352 29288 34262 23336 46337 34572 56933 36079 44990 26733 24967 30177 37629 44649 26140 41950 23456 15583 28420 12486 29317 17328 43807 49785 44174 48828 30029 35542 51865 30179 54382 51134 31111 32005 31586 49938 53817 13314 51464 53937 22925 18106 18498 22651 32869 44302 45040 16976 41887 43741 25328 35343 35868 53253 28706 13722 28349 30826 37480 22224 27744 19432 45218 35728 4583 15971 23982 32189 55344 36793 22636 25395 42013 19400 35774 32212 50828 51828 36483 39809 31839 44954 41883 5657 28276 27419 47591 21372 45485 14551 60485 50570 18152 8366 33173 27171 39687
30336 27833 19238 34536 23086 19601 32372 53101 14231 27643 42478 42357 18073 49623 28531 9695 35608 61703 38115 22925 21745 18538 56350 13660 49157 49888 38659 39473 13365 34633 9076 21734 25950 26757 60240 40545 54116 58740 25718 39804 18980 43254 37065 56604 24959 35307 32293 24606 32085 35635 18028 36196 19846 23470 36735 47564 52723 22076 35645 9784 18042 33213 30598 32646 51965 4368 40506 24216 47962 58136 54585 51277 17266 33458 32354 44420 23333 9918 34710 27423 18003 12830 27319 51708 38109 46002 44449 32509 41632 26200 25143 43776 38784 12528 9816 23271 59226 42588 41955 34704 53775 34172 37050 5596 58239 47406 44732 54956 29578 55378 19400 34526 42513 9674 16832 20308 27378 36981 30339 50412 32271 45875 23536 26759 26438 54501 28649 42758 64120 26729 48205 55623 55173 35999 55036 17452 27213 35945 25045 39059 60080 56999 35515 29534 23694 42551 35722 56683 36808 12793 10788 52124 41020 31951 14443 7887 30155 44440 37947 41958 17494
38708 42870 37823 3002 47235 26621 37692 38875 48229 55215 13115 32919 31162 33900 28830 43469 29538 34836 13379 17246 22589 34951 54028 18730 33579 14244 36311 33553 31500 54092 37253 34035 29376 42336 30455 44720 18726 33727 49931 44072 35104 20553 26275 30012 27022 30942 16029 19915 19790 30557 37850 17843 17216 53672 6971 47320 34374 39326 62878 20246 32064 60702 45029 64593 15116 30219 49902 32871 32394 27201 37787 26422 12956 35746 62154 34978 28193 10255 40285 34952 29689 6503 48178 22217 13061 50570 25643 44869 17955 7768 38438 39388 29747 41393 48901 27246 45079 22900 47014 16604 39087 56194 17643 35077 30937 18876 38835 31431 18293 20993 52445 39430 10085 44593 27979 46751 26504 42028 28122 60531 33470 34257 44911 41827 40935 45314 32484 36684 37347 36766 38175 45074 22418 38788 38650 53650 7124 19095 38234 35757 13705 46771 36124 16963 42897 62906 26402 42292 41164 44429 30794 45153 31770 36875 33142 43944 16475 56084 44932 10987 41070 22664
39766 3592 31542 24135 18891 32992 23440 20016 43970 31571 30812 38436 40477 16705 46204 45061 27066 25227 40656 8623 50043 15118 29238 32005 52286 29358 38286 24550 37093 32072 7098 29745 35406 39613 50074 28616 40282 55021 30732 38026 39658 35256 20464 12374 16348 55039 36392 40206 46354 44704 41363 49297 36714 52349 42257 36030 20421 47220 24451 32631 25348 18022 17351 8859 41477 38451 28861 35850 53674 37819 12615 23971 41681 30430 31813 17737 12892 50044 29845 31960 2345 18806 26903 51762 39962 42154 21677 32569 19469 48377 24118 31177 58852 50756 22674 9156 8829 49256 17057 29451 42682 30537 51011 27005 33657 33477 48472 38138 46492 18107 42944 36706 42497 29452 13659 32405 43402 33688 16649 38002 33045 16447 20906 36570 22915 48353 39454 47022 52149 22878 31044 25805 56457 49558 31230 30743 31969 28010 54060 24428 35227 41145 26540 38059 52120 27489 18014 40374 30649 43334 43556 35948 44764 33348 31198 32428 32227 59967 18538 40537 23980 41237 54440
41295 45849 12964 35194 18800 53000 30416 32191 25757 28251 37238 29783 52405 47600 29303 56355 26520 50857 21939 20481 42790 38244 17162 38609 35135 37635 36444 41845 38850 39012 22410 38093 59536 27241 35443 46519 40330 47601 57077 32019 58511 9179 22772 36291 30591 12553 51277 13990 7226 22104 18657 29340 9375 62637 49809 26757 28304 22754 26938 27457 25580 48093 15552 31152 31378 49784 35072 16050 13413 32152 26075 37159 40769 27162 14129 29679 21768 28896 44258 38378 31643 26312 49871 53752 17625 36020 16598 44793 61090 36738 15065 24524 49878 34836 37046 17236 38741 31561 28238 25710 19966 23040 19329 31226 21682 33051 27695 26330 9555 47480 24633 47598 50621 47097 33660 44564 18387 40316 32220 10796 18804 30435 49974 16664 29823 48396 37739 45496 32470 21720 31323 26346 10840 36648 53222 30606 17636 10458 14317 9862 10332 19152 41550 58033 47775 35304 19179 50927 28044 26371 47522 39457 16133 20226 16980 20261 47337 39619 34017 34011 28952 36648 27945 34341
2417 23823 45836 18915 12247 41306 23146 29427 40486 58599 13092 20533 39488 40088 22808 23691 30215 10571 46119 16084 36695 22498 30770 18928 20498 24891 42262 31935 11801 27192 34487 33313 11083 33719 46323 45302 21896 10906 37801 35870 18096 51135 53946 17017 9379 12296 60934 44775 41280 42067 44397 22600 31336 20865 42191 29052 31228 20595 46092 55650 30171 42503 34564 39644 53221 17183 38296 27850 30202 33945 41895 12810 57849 13142 16655 31100 39364 33847 51636 32258 44858 38938 25970 9852 16442 31713 34861 34248 30375 43114 29123 56006 34909 33431 44562 36952 14142 23366 38142 15709 20779 28505 51812 42165 12291 59310 15909 46401 47526 22823 44065 35295 24564 50338 39992 26991 41165 38657 25162 50899 34320 43298 40504 16619 9630 16359 48097 41621 41304 35887 29475 58033 42781 10969 18402 42017 61645 9415 35323 46532 17480 61142 21839 37498 29549 27115 37311 24867 56350 58080 29480 29855 59450 37531 31086 52174 36256 40438 28782 37264 52787 5590 28681 7365 14287
30488 23583 28749 58454 10910 25744 47880 31145 34118 34109 55254 43431 51186 34308 19863 12848 40832 31431 20266 56612 9426 17252 15218 32867 23751 35772 40268 32204 47166 52143 11160 49984 37913 50973 18744 19105 47414 36327 34060 39371 23671 31722 6642 17057 40634 14602 28362 58114 36065 14628 38518 42189 8138 48153 53206 48612 15446 19913 34248 28710 13158 17940 53036 35186 49624 18651 61156 25514 4238 50684 54223 25773 13414 31065 6349 32346 11841 60112 33983 44691 27392 28226 35459 32567 50049 9103 18681 34342 31910 30359 35587 25919 18253 40762 51073 51813 49240 41304 8529 28532 28837 19666 26451 39502 19734 15750 37993 40149 46729 56149 53106 21733 31200 23072 27470 44128 53241 14788 26333 39207 23990 17957 27903 40217 46069 38689 21652 50710 53144 37015 41084 11774 6525 25192 32663 31409 59014 34932 19653 24078 30609 19099 36582 38390 31103 15549 30938 27722 1329 48826 59776 46825 40837 31858 27578 55219 47453 28102 46696 48264 12183 22165 44136 24391 19220 18109
