119
12602
39882 17794
32048 13306 28740
22413 1874 46313 19557
34423 44363 34918 42893 33952
46202 40658 29981 24680 40513 33933
42099 1070 10238 25080 8431 13908 51986
31601 20979 39225 48350 12633 39646 43837 61120
32784 23312 18112 36379 32759 28138 41506 33867 25965
10954 20418 30386 32976 25873 48642 18097 48772 27679 46913
37286 42726 35668 25055 12531 24152 35345 49212 47607 42296 11187
45240 32273 22503 44957 28082 35491 28358 20782 36236 43276 32307 18374
33445 24235 13968 18118 7005 27874 25659 32140 33300 20751 28565 38777 15658
50324 23806 48109 12030 15568 19671 3656 38386 27427 31615 11754 35942 15596 49492
46643 2231 23437 37562 48771 56649 44132 32783 23098 47224 20690 46514 39096 42151 42553
31748 34142 34868 17908 46949 10122 9602 34153 26678 33436 6893 30195 43733 38391 25305 25844
47011 23800 21410 23501 25344 20224 40875 8156 7501 24431 21842 12931 29417 32165 24314 20769 35890
38147 33535 29974 44428 3302 25541 21441 46933 51378 32681 24196 9708 10180 12555 49853 37298 34172 11853
27086 44807 47421 35278 30998 20044 5732 12782 53748 23519 60498 28941 37322 57377 34407 28043 37367 32626 44035
10695 26586 31283 41095 33827 25812 44226 9041 46846 38470 36736 61377 22712 50574 46798 48442 23472 30735 21258 48920
36425 28453 45206 42174 39647 43058 14289 39308 34773 56471 27930 17632 46986 33202 28882 51739 26718 18661 32601 18589 46256
8078 28944 23495 37603 12047 47701 39671 54611 23751 27529 39309 43619 18966 45324 59116 40050 21595 21311 36464 37344 38136 13953
38780 52492 57675 56112 34160 27736 19126 23984 22442 27171 40600 30303 35211 40141 26193 31132 37491 46774 26432 22472 26051 17982 41671
40259 62169 46532 22084 29294 42261 19370 31512 39847 58329 43599 50852 31055 37508 20499 43590 34758 36982 38742 54113 57197 47376 13944 11089
46243 25520 49112 55160 22470 58295 41432 47415 46394 34949 9943 28140 21852 40314 30005 52985 23694 27127 36690 29117 35630 12633 21390 42903 48541
45827 31816 32233 60476 43604 40930 48658 11113 20140 12475 28017 11142 21356 32051 52584 47345 59378 44970 23381 15371 14239 20096 53402 14644 27091 48148
8854 20685 41454 46792 33449 16181 32592 55548 56882 23754 40281 39181 56979 40432 37737 18783 26922 37637 29920 38990 40792 26728 20766 36925 24191 59002 13188
38794 49146 29083 9072 28824 6447 35372 42050 14787 31609 52363 46429 28015 46138 28953 21022 25080 19667 52278 29158 18881 35490 52803 2069 13096 28425 33695 33803
34960 46951 5288 20777 36949 23836 17858 22220 27867 38279 30539 30808 40063 53770 42402 5418 31137 49155 59688 34978 47779 51412 30269 43555 61924 37340 40258 19722 36292
31866 19093 49336 22691 42512 34455 53389 30945 26621 30120 17385 28893 22432 55337 24109 40697 18010 35448 57015 48532 49548 1270 32999 25358 37524 23556 31776 33222 16085 49152
33726 26655 34731 32076 18212 16501 27256 31815 29106 37163 41117 49488 43718 15520 40824 27848 38337 33076 39019 47887 53763 31046 30932 33926 31469 39737 27157 48523 42973 47465 53645
30335 27699 33337 53404 23490 55122 32776 50337 13749 29846 39222 50942 26807 19298 36898 44305 29990 24342 33582 34876 30566 12048 27833 42462 10197 14001 41763 36695 23250 27993 22732 35334
32958 50793 7188 38733 9721 45375 55130 29834 62180 39227 20736 39710 43997 58815 43877 49258 45381 31274 25833 21964 32636 46556 22508 34983 44771 29750 47822 16983 29657 35990 40942 43070 40636
53853 30126 39869 39920 38123 34413 14898 29650 8096 30859 56575 19140 14813 20072 6531 57636 42751 26212 49437 4947 9833 31454 24879 55730 29562 41528 17176 18591 50578 20177 27703 4220 20498 20233
40430 32167 49752 19776 21915 30849 51141 20438 52384 34154 34745 14634 30812 17603 42388 51102 35375 29419 16566 5522 61304 26688 29823 6499 20889 39206 22607 9589 38384 38395 32646 26660 56798 35614 63876
27603 34501 16624 20906 38624 10752 39889 36694 43950 40181 7202 46568 18585 28927 24129 17603 26629 29568 39567 46916 24654 44505 42348 33996 25559 25960 28473 41147 254 39823 33877 31345 8742 36269 36126 32079
36267 13602 19960 37042 26097 18253 42817 38910 43349 13712 38232 29328 45623 44361 45214 31688 14073 6106 44403 35593 18938 39586 23608 29616 55706 38656 43339 34078 45113 10838 40205 35507 29751 44547 56286 52175 42995
14182 42527 35795 43471 38880 22574 2589 46122 56530 27244 33293 23908 20378 28986 43782 38876 30107 40182 47204 45557 36913 47618 22922 54795 40126 12477 47576 35457 21667 34182 32940 45494 11582 22718 53607 35338 55281 26309
52073 44508 16922 34812 35347 37775 38171 12481 9411 36223 46675 29045 44761 18959 18210 30328 47032 21406 42215 34859 19132 37004 26884 35565 28488 49976 26839 32540 10428 35332 46530 33052 63094 57167 40228 18763 54231 39289 10333
11272 14399 27362 40140 39348 38671 57834 31699 40623 57253 59632 33488 58202 32097 18006 43812 44051 22437 7291 43568 22843 20944 27071 29010 26418 19266 34946 44525 61017 40796 12068 51549 41743 9596 28676 26884 21938 45315 14724 28227
29350 37201 22019 30328 33352 37318 27617 23301 10490 31171 32126 12617 42778 36005 26938 51875 22793 35279 26996 46197 46888 44192 38030 47134 54741 44152 23783 23293 25970 48312 37087 56948 45661 36030 23254 16353 42231 51179 16684 47270 16800
38303 9792 48674 43193 39226 51316 33205 38561 29212 49704 28862 25526 15269 35257 13471 33884 36149 29067 45750 35057 31276 43002 35940 7636 37354 46953 40715 35686 24528 34358 33798 46599 27452 22212 4283 40472 46990 18287 54917 24567 50217 21147
41670 46085 35946 20132 32479 28322 34738 28141 12334 32815 43361 48852 14357 29963 24791 11196 54259 30100 39285 31489 32040 50734 15000 52999 26899 18231 10148 42539 35094 29966 49142 56013 35471 26644 24302 9039 55008 54441 23535 37392 37736 35630 35414
38256 8582 63489 47492 63439 40604 41859 13529 24461 25609 45588 17333 53001 34604 58389 43385 42149 22886 38372 42371 39616 26648 49122 29491 51130 31904 30320 51692 40434 40033 27116 23818 27595 34999 59064 23536 23457 16132 21811 29182 29655 30889 47548 50834
38604 43780 13492 64781 33504 34679 33403 13519 21106 31584 31602 35129 31717 45089 37879 4521 20885 35609 23659 57727 33253 44456 33070 34846 5940 29997 19105 37090 30690 31498 40227 33582 26190 38045 30994 57954 32986 21320 31442 11740 16869 33898 23233 24829 32719
45411 27966 29477 27896 40850 8874 22453 38848 20569 34661 32267 60038 33046 50128 20871 43948 11050 40009 14731 32145 33782 61745 39286 24213 31960 16104 20648 43288 17203 7631 14978 37754 16483 16965 44642 12314 6602 31912 32681 27994 45257 47452 32183 38297 41662 32958
29676 20279 51467 30512 10665 40084 47375 23824 25163 23568 50217 36543 56629 18442 30651 33950 54726 63204 40228 21259 33630 23293 47555 10856 6494 17077 36602 22291 50980 22636 39463 16749 14353 41602 38060 28118 37765 33622 29672 31919 31968 14666 26939 43607 4994 24254 57860
20268 29387 27151 34725 24466 45595 44449 49020 27623 25810 55248 43754 41098 39504 29439 10065 17884 56822 58764 19980 16445 14114 29146 29825 36878 10548 13893 11275 20909 45967 11569 49676 15739 20880 44282 49125 42968 31384 26627 27380 33061 41479 27818 50331 21953 46909 9554 35385
19978 42395 22615 46382 11876 21630 10269 31449 22317 10058 37633 19612 50372 32092 29539 55253 36746 45588 32677 34278 27615 40149 51750 31790 10788 37116 16710 39948 46775 56810 12133 33506 6649 20223 47843 35343 63562 43931 26143 50930 37387 46879 36731 35564 50074 12521 29014 58206 34136
54361 8720 39334 60326 22738 37896 45863 42722 29104 38305 28989 33646 20054 53559 20810 27049 39460 19757 36015 24050 31864 27618 39114 32938 39091 27574 42749 36401 36405 26376 42150 57064 30815 54331 15143 26413 28303 34219 53215 14177 33829 10683 33838 31716 18564 19146 46451 32023 18184 20280
32016 40793 34580 31076 45155 25352 35848 26544 24782 25736 21826 38011 56240 56375 24099 22053 43625 7796 7691 24334 37464 39840 34907 48534 38111 24603 35953 23580 28508 37958 38317 33026 39728 31871 2929 20135 19900 31015 20764 50027 63582 34462 17934 47534 18553 15685 50600 26576 42857 20859 42824
24624 47760 37790 15951 37168 25423 28690 23069 17711 16132 28468 50706 41613 42769 13670 18831 43946 12501 33542 42993 48870 44463 46197 8347 38560 43777 49684 28396 18746 29226 49217 19012 18707 34953 24414 26116 25739 44928 27593 29066 50690 25709 52707 38967 29656 24754 35340 33131 20588 6574 16549 20614
39456 49345 44557 42216 27476 49994 10914 6641 14949 19115 43720 18177 55735 48194 16093 16248 30630 14704 37696 37558 7829 40855 28754 52252 46306 34834 47731 29448 31984 18503 29188 35546 38171 29073 13155 37621 30663 20818 14065 34486 31568 28907 53518 23934 21017 38330 29211 35501 35456 16673 9847 64931 36584
45183 38528 41409 42413 23860 34458 24164 28979 31903 55075 38640 28631 32802 33914 43714 31737 38171 42752 30010 19451 42220 29461 19899 29244 21748 14618 34722 23836 34450 25965 29264 55035 55080 32879 22821 34361 40981 44672 33665 27957 30392 12289 46277 59985 11378 24912 11343 14316 20132 15054 42367 27750 42668 20700
22456 31262 47597 21464 30294 12151 18883 36900 12476 46797 21392 60959 45642 38531 37045 29224 41566 12536 30352 15520 9305 17548 46723 35303 22427 27550 15852 12894 22405 40081 46637 43619 47989 10689 33957 33367 5835 16785 19124 59034 30954 61024 26041 40845 27950 5774 28438 37263 31482 31866 15401 15614 9646 48774 56916
48702 27816 22289 8950 19885 52041 40059 37743 49066 14577 16676 29982 33942 43265 54124 51557 10449 35543 15794 52642 54460 18899 18008 31542 19637 19799 36797 34690 28957 30914 6209 25572 48724 43892 47684 15807 19643 16590 44070 32367 20657 4142 32838 52054 39572 27893 42246 34261 38600 9859 25797 19274 52650 34872 26083 29975
25500 22901 43712 39067 39164 23959 4540 1845 51755 54273 54582 52807 28554 30738 35728 46896 40311 33066 42793 51023 33876 41642 30305 49158 61567 3056 41880 40627 51801 59485 13614 7352 5698 57169 36226 44916 29851 37932 27382 34887 41411 42574 26602 5264 30232 45335 31419 32177 26110 52199 30157 43272 33235 35358 34684 14326 30198
31516 14891 34781 35528 43586 29752 45592 9385 40686 30726 35853 50170 56448 58353 42775 34073 25179 45661 53400 8295 43996 14758 37361 27204 45156 11311 12416 54033 25427 38998 44455 26413 46089 26750 18117 20214 36327 25347 30010 20176 22602 43593 28261 50969 30358 15533 9128 13360 51240 29839 16993 11894 43104 34897 13298 59979 28321 35410
40378 47120 28232 26866 24856 33827 30390 28305 39790 55013 54091 49551 42523 21686 19303 25675 38526 15863 41579 13607 48632 28422 38837 28290 43498 57412 26277 42684 41906 42514 50846 53300 45235 28878 27388 14669 37449 36058 33570 35939 50646 25237 14960 53209 33979 30302 14404 26126 17494 59542 8191 36194 13833 30109 37121 24628 50994 30164 42667
21735 41267 23961 30811 15831 43371 15693 6513 18791 33082 49488 39248 33270 34303 45571 33620 52708 20764 29637 24288 28560 47087 34548 44884 34140 52186 34804 29710 35239 23100 44835 43119 53969 27765 53472 17367 37690 51172 23948 14759 55618 28139 24967 31037 36680 7144 1330 28153 31662 52028 36075 32573 16595 45384 55571 36968 23831 16234 26122 32986
43738 41733 52273 44020 24700 17781 49127 26900 36956 19484 37258 35739 10460 39003 11646 25321 29787 18320 39968 47710 39225 13085 33234 22875 39382 28769 40690 33597 21650 53435 20449 30567 33740 24973 36096 28984 48614 27702 27309 43024 30015 30229 39242 20304 30775 16524 58677 38486 28974 51449 46799 10371 26244 51390 37496 44343 15000 46394 39057 18386 43980
16333 34169 38836 54400 21974 12686 14397 43793 41143 37172 16589 33251 34254 46281 50372 34642 9852 51372 21378 17857 24611 38206 30824 41870 52254 32479 47828 25372 49107 34288 7718 8903 52381 18127 41409 23795 16350 31197 16642 26620 41719 29562 29514 30277 15174 41991 44025 38444 35373 38883 23151 45588 19723 30572 27149 36953 32064 34566 49712 21343 53291 42767
17980 31107 14126 54246 21902 23845 57255 9708 19334 13479 45816 20865 32647 37480 54912 9990 50414 25800 43934 37593 27420 30247 20404 40283 48497 27877 39969 27372 33613 52065 42564 48109 32785 28669 16254 27836 29467 38168 30000 30138 38859 20754 37048 27464 42372 38474 38777 32196 20386 13091 19151 31120 50568 20985 10268 50955 12950 31023 26817 27284 15914 35620 33308
33932 35749 50744 42383 20819 14951 17610 49272 43338 26065 32061 31801 32975 42305 16877 15921 26691 35863 16701 42944 35846 43446 1420 5701 13433 35194 30010 41762 17915 45766 21158 9141 16618 43258 15410 43360 16810 27508 44093 33154 32921 30101 31015 46459 21014 48829 21840 35498 42626 14925 53016 33393 35389 55203 53470 23086 9640 33311 41220 35650 48417 41251 25065 51982
45321 38926 37357 35568 32192 17984 35696 30795 15271 1818 34002 31867 40733 45562 36978 48354 30848 39489 7346 6881 46132 36687 29681 13270 55958 23684 48271 24867 36872 18753 30956 14375 5352 39139 34664 35393 17815 2765 41570 25811 39542 55902 24636 37180 42979 16118 13141 38107 7744 27638 27149 45330 51691 37052 11972 25407 37701 55465 34778 58564 32430 27421 22446 43776 44167
60280 23714 59219 22831 31002 45334 34588 23812 44899 52071 46013 44138 42419 32249 53908 22463 28522 63272 34050 35682 39912 16727 43113 36788 13966 17124 22052 18709 50874 15922 25497 14310 53196 20893 25123 30853 20775 30601 40740 17235 50728 34386 9213 27824 42544 45147 13836 58621 25759 33794 54963 47257 61653 27562 17233 36834 13875 11695 30022 44860 7190 27765 41457 30469 34274 9817
47796 25500 21236 13755 27885 36194 24236 20733 8702 43191 32877 35454 32582 34300 35732 53406 58916 37263 53122 28093 62458 21457 38807 34875 33319 28962 43827 8823 9738 10723 19895 39635 45316 23154 48769 43950 12406 31536 47345 27496 60862 8318 29802 52320 60991 31418 42056 40185 62293 22086 30702 34703 31330 39809 39612 37509 15559 52938 46096 41018 45026 36994 59211 28430 34069 40201 21453
6496 43454 19648 38135 38291 51007 37893 49703 13827 17143 33593 28349 43283 15942 18108 43548 31010 38539 42735 32672 35984 25896 34865 30380 9660 32635 27360 4768 58120 30438 27488 53978 48851 39112 49679 45755 36733 28289 17228 43427 34662 15728 24440 43763 13550 34551 8947 42505 33396 34932 46622 34373 13914 15176 56663 13065 29439 21716 30975 36788 14019 18038 34166 31654 23558 48529 39709 21056
39208 41857 61011 27360 32904 40360 20342 39143 32904 36199 43754 43957 25479 36892 2316 28330 20453 32553 36414 10535 18434 28653 31454 40585 10814 46023 11085 36403 12536 22553 38892 45956 62098 42562 54553 50652 24939 9121 37686 30876 52195 37272 40609 31522 23642 28037 24507 30927 39216 28874 23268 39171 25796 37062 45181 32542 32120 32473 40165 19072 32172 43106 30842 38537 56253 46787 14240 31385 27151
36698 60085 2576 22270 21384 48664 21582 44269 57519 31274 25780 21050 53290 33611 17056 35144 30559 55772 29042 28787 26537 39483 28813 33311 28266 31945 47950 38056 38147 21990 18710 23153 41170 38387 36165 25048 37689 51535 30523 38208 10647 39000 29273 47877 23884 18290 26108 30091 25527 46843 13704 17199 11834 25426 49242 32337 27187 25816 25042 23891 33028 28653 29011 29332 38924 21746 49722 44148 37034 32837
41960 21843 34880 31303 25021 37777 22573 26456 17177 27021 38352 34777 35677 13737 37514 47144 31207 12868 23484 28838 51735 30142 47812 50612 45904 29302 46341 26544 26862 30415 35803 8956 6740 44325 48296 57335 29410 7131 32973 41728 39414 9552 19880 35960 45809 34788 54427 22719 23859 56822 33540 57398 13341 40425 33349 38715 20237 39449 14269 36399 16739 33001 17612 29042 39554 23736 1745 2405 26054 37862 38702
14951 43666 26834 19265 34006 27718 31198 13420 34070 43584 49513 40974 29573 24545 38355 38791 42114 33929 43388 57398 34926 35737 35524 31613 43945 25711 41994 42682 46740 31339 48048 23374 28045 46319 29717 52890 45301 30554 52121 29180 32044 41228 40092 29399 27283 36198 40318 14983 11657 37830 24734 61038 38508 34701 21598 28653 37280 47131 17181 23650 10114 61648 21307 36143 31860 30989 34584 38835 20692 37935 48404 19789
33027 33177 44942 47967 34146 31914 29928 43848 62031 48322 32641 41575 30764 30018 40377 57886 58199 21896 31216 26571 39985 35061 39558 27856 42778 46825 25050 59020 9331 33476 36430 34399 20635 35814 14914 14760 33776 28079 23571 43465 45782 16255 17957 15392 28075 38070 42708 37390 24782 31924 34947 35061 21664 33498 20880 47664 11649 11910 50270 31525 27602 792 32585 23855 44017 32755 31925 11696 42559 41076 37630 30217 44828
56316 29831 31640 14057 42475 44974 16319 18949 28065 11990 32733 37070 7807 14427 46418 20392 40930 28321 38269 26353 21806 20485 37312 21256 40384 46823 22393 11342 21752 22953 20490 42787 21049 19114 8402 37864 59616 30794 43824 24315 26702 44265 35974 37053 39907 36583 40499 52622 51967 41123 30102 21967 14595 49279 25616 34270 42317 43226 30466 22044 19261 28692 30666 23274 25142 34956 27595 17574 40340 16549 37985 24498 44218 49851
28398 37997 15112 38193 46291 26422 28636 6758 23406 30830 28311 37050 37921 33909 54937 37516 19530 25516 49987 38463 11595 35441 19443 28207 40067 35109 33801 18623 15186 35880 31464 45134 26391 23515 48108 2876 14644 23709 20088 39912 34567 3788 46572 32948 25074 36556 29094 13311 38740 38139 32007 3113 12429 30136 20335 48018 29436 41316 23615 20634 24579 42079 37589 13728 13568 9994 24209 45318 60244 28099 42709 25899 47200 22763 20224
20591 36226 25826 13938 52530 6173 43529 14476 37332 49549 23743 11436 45236 44852 19810 26163 38964 17011 26710 46209 37555 39080 46584 25334 50833 35637 55978 47347 46638 44921 5834 31189 16362 22227 18105 25855 40484 36517 25304 46544 26430 41038 32645 41896 36247 4397 19746 57832 24463 41636 38925 8174 34694 21009 51367 35099 35804 22742 25424 17615 20208 11346 34921 30314 36644 32229 29777 15692 26328 47854 32614 46293 19561 36047 40460 29797
37435 55526 24737 36700 26282 49300 29572 38170 54297 41275 40726 37120 49382 5174 18359 35436 28532 28395 28104 33982 32287 49845 11687 32601 59211 56566 49077 30106 33108 18191 30802 24290 32413 50782 18399 44689 28036 23621 47803 54279 47212 50723 31044 15013 42417 32088 51166 51656 22455 46915 34535 25812 52443 25926 12990 27430 24445 46271 25540 14366 50687 36624 52825 41759 4800 39320 17118 32646 46112 46518 44465 40116 29823 32972 38707 50697 31293
54329 41924 49893 18361 17756 37829 22185 47957 42390 50068 49331 36720 33352 11154 15459 23146 42192 24608 33052 3746 37521 37276 16954 31355 3303 35944 44832 51281 37172 14563 29486 32391 22745 7020 46530 32636 22836 21604 39485 2448 17319 41003 49151 46882 34192 22306 49769 32405 51281 28071 47321 45637 29001 29723 13999 32917 41432 38622 52046 29668 14173 7761 33298 29330 52026 28371 25182 48894 45773 35010 28562 30602 32632 34946 43276 38549 32410 42609
35373 29311 14739 14062 35413 48552 30146 43610 40165 34416 46217 36117 45371 46902 45894 34688 12983 38492 27482 56825 35003 17985 37414 28897 38566 50501 39176 48280 48088 28104 11619 22911 21426 30250 14483 31733 13714 28874 24570 29784 13529 19466 34041 12044 41191 53833 17646 46190 50460 43495 31035 43232 26841 21828 46911 19648 20347 45760 53337 31855 14437 31930 20971 12366 24310 51604 34132 31931 31374 35757 28659 37400 16014 37221 21290 15555 55892 34076 44119
25885 31041 27954 46300 3974 17077 44038 25112 23647 55824 32762 25963 34823 57010 33646 11316 27356 27643 44223 24533 31042 39243 52817 26028 17303 64002 5760 24346 30266 40320 36783 43393 22924 36646 41020 56892 53741 54866 35466 21169 24510 30308 27893 38971 40797 28351 16865 31804 18731 15040 24490 34837 45448 20936 30899 33060 51413 42807 7002 26827 39793 43629 12802 31849 20922 18123 33543 46430 45076 25518 12493 18697 38621 58490 14769 10444 33396 43148 30739 33285
35642 35652 41557 48662 25999 25605 51926 33374 57812 34348 57334 45116 27751 49434 44053 58642 36265 24623 54675 31295 27130 10955 57039 34082 16827 25679 9771 22300 29002 52249 26118 32142 28936 40329 13504 49622 21846 36866 33976 10583 20114 55008 42065 30061 10526 41350 15847 41850 52569 39764 22493 27871 16290 27560 21650 50938 8282 46563 29286 25389 11233 39269 52152 44758 47768 12687 55019 54103 16605 38335 26203 46607 20241 22869 43115 30814 4500 35764 10106 30627 53447
47160 18920 19776 28937 26180 53780 20115 29368 39224 24160 36094 29240 53362 26923 54752 42983 34643 18645 12953 26660 46395 12222 26760 41808 19851 44102 30991 26059 49057 43212 8588 22518 30429 27570 56160 15919 23201 38743 56300 30935 20044 43547 38030 33870 45374 32350 45737 30965 24280 51840 40857 35627 44664 8416 32960 35662 29567 28640 46975 58818 32077 33247 24884 8932 5954 32061 22337 26390 2239 58458 12037 29366 5409 38294 14815 41509 31691 52048 34097 60868 30748 39914
55898 27121 16756 31171 16057 18190 35636 13115 29616 20857 33978 29362 30365 29075 22887 16008 32994 43964 45211 63772 34782 41045 44470 24784 15601 35773 28696 4100 36218 18002 37665 32021 8923 50296 11825 31335 57970 38541 21672 46678 28064 26864 38374 47941 41415 33794 32076 28562 38978 52259 37432 38304 42615 16820 22538 19403 56769 33043 20005 35959 35714 17057 28646 44544 47387 23230 13486 58057 11242 14795 36829 47408 25937 27687 28883 39832 8879 39472 49905 20573 56676 34890 28052
63971 51919 38611 54304 5767 56402 16938 22002 32937 16203 41648 20074 28331 23836 27845 38123 29420 23332 28874 31954 31692 39618 39709 54656 21419 14680 29727 27221 41193 36933 41008 33457 26085 46312 24497 25077 33025 30882 3840 18303 11420 26836 42622 61103 32534 20188 14988 3816 27342 12317 31624 23430 15911 19955 46548 33772 9085 9664 53711 45946 41267 28901 21464 37262 39336 42176 23632 49545 19260 29363 42903 25291 53326 18460 36366 37045 40769 20061 33811 25253 35441 27349 39431 27643
16449 48868 31818 48154 51984 42985 29501 56926 37182 48966 25407 23082 54570 23129 19630 13022 46390 35460 19438 26584 43969 40230 39261 29817 36651 39839 35162 20513 37332 52046 35910 28209 49692 11669 44673 15879 35426 32722 39020 11011 45320 15206 36453 7303 22637 38322 28877 30194 32497 32788 48132 38564 32500 10223 34923 23038 36566 30367 35425 38750 16630 37254 37444 41509 33718 23045 35960 51635 41333 60794 33114 22888 16531 42311 38220 39077 25456 38603 34988 19143 26732 4965 47067 12081 35302
43127 39738 33090 24128 40800 18215 30810 22489 32127 27652 51162 17681 33846 54831 7968 20552 45283 28169 10637 32734 15592 47090 36481 13874 40356 21579 29020 45478 33911 32627 29054 35994 24256 37320 43591 48491 21985 32686 45847 38525 20280 22915 40782 17964 27686 19366 32332 22235 35341 40568 23410 44776 16968 46681 48670 37046 27197 37802 10672 39585 37703 21193 7563 50957 35528 44055 38156 27734 23073 29684 34708 15583 18096 39617 26755 18182 20951 11485 42809 29998 47349 53926 44823 36275 30058 53376
26490 45817 15509 34505 46022 58205 32728 29152 29528 63807 27793 43558 33168 43777 27682 25595 13777 35586 41962 28608 25464 34722 30024 47571 55782 27457 32158 19093 58491 23615 38475 50790 51863 56571 21678 60839 53147 52183 35368 40118 13029 58162 50202 19444 45013 47468 52194 4034 32206 16612 42723 39038 20524 51197 5753 45706 22098 30995 38918 17989 48032 55945 25835 55310 42868 20158 62086 34886 15663 37906 29241 37709 39985 50404 20834 53636 57307 22423 47459 46921 40843 40583 36763 21757 61089 51223 30058
55040 23680 24230 18479 34227 29828 18580 8524 50549 15888 18496 54815 38564 15492 31756 30730 5540 61246 24151 21612 31443 53663 17793 29861 6800 56071 25578 7700 25916 32471 18418 21019 26423 11373 56312 19992 18658 20265 26206 2924 20123 20077 35203 16248 22723 36248 17351 23450 25530 27658 28554 3381 34785 50468 49964 48549 31127 28740 20748 37452 35130 16587 34700 27787 41774 34329 45323 27072 20432 35726 29673 58189 45954 39051 21126 28305 36514 28781 11074 23787 15761 53911 47228 48061 14512 31336 37014 21606
37981 8000 9711 44101 33018 29824 18151 33980 19173 43398 40414 23337 23167 27059 45364 26862 46120 23655 25416 41834 30785 42242 29308 48125 25385 58084 31024 40966 19774 12653 28097 30951 10980 43005 41619 44030 35961 55796 50690 23212 7772 22194 25201 25171 10478 43416 56894 23630 37007 55812 31692 40451 21920 60246 22903 47309 38015 23793 29091 31246 34189 43570 6828 27431 32042 19066 34549 53622 27575 12585 50396 44637 23955 52639 48836 48955 31516 35645 15113 32112 2230 20832 56335 40539 26303 33644 41011 37726 37270
32958 25045 35287 41372 9398 55127 27432 52017 50871 37656 56496 24246 47646 33656 49102 18569 20044 29399 45540 37131 20129 1941 35921 23708 33405 50193 25716 27549 44353 34477 35758 39532 36427 35272 36704 24938 57595 25538 14568 21752 23732 34554 36265 42356 46290 16851 20223 40768 39096 48809 31308 43707 13254 33759 18673 19524 44378 29652 45132 42044 10453 19688 57791 28419 50583 10618 19112 34042 7937 32749 37993 55935 19569 41629 42081 32755 57671 16365 39920 41398 27878 57916 22645 2089 31402 28650 29522 38827 37366 11094
49637 20634 46634 45794 54672 20314 59044 33005 31666 52297 7877 27607 48555 39878 54765 42496 24794 44594 32637 15816 26273 36845 35539 40334 35934 26968 25423 35764 19314 32465 28755 43673 55614 45241 38206 30877 10016 31600 12656 53280 25211 30551 8266 26498 29867 55501 47402 20770 33554 28720 20337 31586 61201 10724 45695 45217 54790 36422 44468 38719 37203 16824 34929 45468 46679 33944 34323 56856 38513 45895 26109 22290 48899 17958 25486 13036 31084 20883 46630 25605 19211 34288 4390 47293 30018 44955 41964 23412 30063 46837 39385
53898 34036 41054 39501 32862 39216 35895 51368 41810 25475 46815 50250 21958 53580 63668 10387 36375 35821 50714 36067 40617 30916 44911 33946 13784 14642 24850 7960 24071 43673 41828 26558 32148 26196 23237 26090 22242 16841 34710 7420 34893 20051 50741 3159 35897 55636 52995 44888 14594 27693 30304 32096 49419 19516 44205 27087 45746 31459 32329 25605 30810 46465 5010 22371 22623 30070 12524 11078 29989 28705 14005 17170 19721 38628 41292 65060 14955 38685 35090 47068 29613 23086 41575 51101 35630 34166 15788 32964 28494 31316 18239 45746
27245 54826 18305 43207 41707 29271 25298 43619 39719 25658 22931 31463 45443 32052 34850 22961 41054 19110 26336 33313 32280 38382 35374 43930 48400 25711 41578 35192 11177 30597 31734 19230 29759 19602 32561 39916 40245 40183 45178 41792 35050 24082 45106 33915 30142 16709 47801 24317 32272 13294 43120 52775 38979 24431 28085 26967 38579 43303 39657 17389 10179 45686 23660 27980 21970 22715 31391 28880 1856 46424 23009 54748 32364 7595 31376 40912 22968 41750 30992 19978 37763 37624 36287 56299 33325 30385 36092 16595 22550 37792 26408 61475 41886
60199 10403 55609 20260 47780 31182 26485 41226 31608 40711 33337 48047 25348 30895 3300 7539 25254 33574 26326 41142 42945 22221 27504 31704 39857 43011 29200 16696 25560 18214 52759 24376 24983 8346 20197 41015 12876 48316 16346 43669 44889 16366 59479 32946 60957 27278 35769 33006 16375 39165 26979 26024 45641 50076 48308 17730 3698 32457 15628 37403 22993 31462 40396 39571 21960 33873 36434 35082 32693 33643 14847 25568 37114 31892 18483 36212 32502 36909 56398 17448 31497 31381 38320 41564 29330 37930 36793 40557 36595 53584 25033 35519 13706 16997
8000 5550 34744 37832 22398 51613 58079 36314 38372 36074 57434 38139 25040 41464 21903 43404 48802 42787 21465 26603 11197 38607 43162 34937 42110 18264 23859 57238 8262 27425 46850 23971 37493 4232 46953 36607 60011 41456 39879 39944 37769 26037 23932 18722 29996 32315 12775 30379 29368 27103 35434 8450 27530 33537 37987 24712 15106 32771 14644 27037 14467 29508 40508 36002 46954 52004 42202 46581 34584 53763 27248 28151 29421 11841 51293 55560 16969 25149 21504 46985 14477 19545 24250 26072 38167 42740 30188 23638 4935 34926 25332 44900 27264 25382 43829
36704 52766 34175 36875 51372 28036 39381 36568 50087 29714 42635 57597 33968 35110 36352 31704 11304 20513 36500 37067 30319 59491 49830 36148 15334 27981 8345 6773 28907 30269 31433 7661 42463 38547 32665 14588 34594 23986 14696 18689 56597 55030 36502 26462 35863 35266 49538 59761 38022 31094 28814 24732 37574 42352 38425 6718 48949 2321 34947 8119 28210 39865 31276 46694 36894 20681 31092 24493 45401 38815 28858 22762 31300 56219 42592 7038 44861 33823 48325 56522 45221 29834 45641 36396 31452 35900 24908 56583 42563 42646 32814 45751 59193 39670 41294 13470
3612 48317 45838 50205 34640 56139 32717 32402 23346 49664 11755 48479 44580 14397 16328 38371 16516 33119 37828 22909 28339 56521 25662 38287 45330 34266 18328 37752 39935 46066 45105 22679 24540 39538 27753 9806 18695 26808 9888 31227 49121 18981 58678 36096 18634 26137 35466 21692 33827 57332 21758 33423 44619 55062 24306 33752 40864 26335 40643 33273 19590 9903 26325 57936 17755 10726 25988 50750 46718 32740 42291 35621 26704 13322 35904 19040 48945 52662 56590 55637 48002 20552 46585 18783 31137 15139 37221 26592 12783 2468 17838 15929 47308 13100 34103 37320 32409
43803 56926 58351 36789 24785 15238 29197 38014 49071 25355 46466 53592 12050 30545 25517 42657 37470 30389 28144 37048 51440 15255 33193 43006 44584 31833 34874 8403 39273 19290 42754 19352 24080 38650 48992 38059 19326 43417 28342 33901 11539 43415 3683 16190 18991 6483 13254 34175 26163 22319 45120 45966 16509 7562 37170 49612 37997 33476 40954 50330 39270 31036 25083 27734 708 20309 39057 34146 32746 12139 49438 30749 15416 40929 38147 51430 24332 33558 35230 38942 35783 5994 53329 8741 57801 30524 22138 48988 31859 39151 50555 58401 62243 52959 33459 41173 22841 51055
44930 41432 15896 36094 10567 44939 44316 34284 35172 11853 44456 29848 42295 40572 17180 30564 36386 40060 27862 34991 37252 24747 42551 32473 14525 49000 26271 35906 18732 10516 41327 16202 17459 43535 50693 33360 26416 27322 49089 39862 11140 12147 30213 44507 18064 55451 52272 14111 10674 25234 41378 37346 33357 26041 53692 29828 14781 38511 13276 29028 30052 50450 39779 30436 38563 56838 55217 20323 47832 59816 46118 41281 15205 35930 30755 28382 44457 34426 59141 5786 58115 46185 49199 53972 59605 36488 48896 14830 34942 43317 6872 48711 18269 46290 34584 11839 26324 32189 45854
46134 25665 27735 19019 54924 63750 34048 29695 63392 39554 26649 21402 21972 31253 53761 34940 35720 34078 39702 44549 36633 25855 14268 23445 13035 32534 47185 42124 42330 29892 51508 38986 28873 41835 12998 16944 31638 9318 22887 43420 34852 19739 15736 20974 13519 12005 31575 47753 31739 38694 52069 24266 13316 36671 33282 46610 36685 23694 36751 46017 39988 32885 32875 18231 17692 14419 31988 23509 20577 32136 18830 22776 24679 34163 18071 41476 29579 49526 28782 38486 58413 57071 24436 37198 26799 51008 18441 59983 37744 40904 31374 29878 21200 18918 58209 65508 28975 25340 35555 22329
38125 17513 38260 49685 49257 33676 50037 33753 20997 29126 28996 56291 33824 40056 38722 34195 60698 52480 18896 47180 32594 35009 47436 42858 35115 4375 45592 33360 46337 58212 40083 29790 2359 14601 32028 9458 26668 34660 29716 14189 36928 32727 48603 19247 39890 36800 45778 31641 33093 24705 18263 24585 37621 22393 35787 35807 32581 38408 11406 36478 53396 31117 61953 29506 27970 7018 16515 49550 38830 20733 39026 31938 28218 43944 38450 42044 27461 30922 29217 13149 25903 49603 32926 41349 36440 19442 12810 25109 29984 39097 37573 25707 33766 25974 19248 37863 33036 43914 8105 22507 36593
41046 28817 37846 11253 13624 47688 42760 12920 38803 38191 27874 22746 45251 13733 48322 12666 42538 27656 27145 43706 22825 42172 17431 36601 26398 26654 38476 33943 43371 55952 10249 36340 13679 15472 48299 35184 23689 27167 37781 12650 44059 56318 26662 40004 28036 42603 29118 15453 42531 31176 25534 57365 38746 41587 60804 12748 48775 35021 47729 14306 54540 45366 29157 21686 20552 15375 46912 50858 24987 26039 43490 43038 30308 34444 25899 28527 14341 37618 32891 61185 35804 39751 36658 21808 37706 19434 41136 11359 11185 27964 49238 23276 28268 25501 30082 41786 45281 44910 50068 9125 33899 27917
43503 22161 46700 21723 41968 37466 20549 47928 43256 35171 38740 36997 11367 51722 36091 57633 7581 16050 28313 21866 26619 44471 46478 45508 29406 14717 38713 54925 41386 57441 34044 49188 21436 31939 44085 34538 25716 50437 30278 24383 11061 19334 34958 39300 31580 32422 17516 41495 42058 43205 51010 33113 29023 28739 27247 23466 43515 55167 17234 29035 37247 48347 41804 40698 26441 23222 38846 56504 26297 18288 59910 16134 18226 30056 8071 30274 15376 13057 31133 20174 29878 10903 30122 12553 7300 25229 19727 8530 23256 48450 29994 49162 54035 30998 40797 51601 42133 45160 14598 38472 27327 22939 27527
39565 48367 50955 39999 26305 44677 42779 27790 10052 20196 33834 47571 9335 43368 50328 40304 49849 17780 10948 27843 33384 42600 54544 47406 32744 19362 48603 20496 29591 12419 48005 15049 45524 19563 32878 16056 43776 37563 6902 23871 27515 29393 30076 54204 39846 55309 22114 7056 32735 43473 24583 27164 30855 52092 37067 12478 33278 40046 17166 40153 13477 63496 11568 38857 17627 46504 24976 18160 33534 10415 20112 35759 23410 41085 16015 33636 54932 26738 22509 34673 6342 51183 7434 44341 25190 33361 27718 50703 36821 22267 32768 24417 39284 33100 28314 17034 37793 47268 10867 29929 44734 12388 33259 14304
46889 38890 40802 35021 38211 6807 35128 8466 52588 24523 41420 30222 32773 35558 42880 14625 26989 47944 46260 22442 25090 35921 49093 31499 24104 38241 39703 34978 28221 27096 29958 8656 16032 39190 22517 41975 38834 44668 43586 43122 24019 45416 11856 33959 37220 42298 33403 51697 52931 35157 41255 50610 20049 22806 57520 33099 25710 3038 29561 49690 33147 5389 26592 35201 45527 25603 43080 38111 7648 25633 31501 23956 2554 31940 33427 39167 54915 37200 48439 14466 32730 33058 34137 27003 40544 42906 37211 38220 58997 56347 29596 24916 10362 29186 39548 12018 20685 14512 20571 39816 26575 31621 48025 32885 37344
33249 56981 29464 3937 36645 38833 50386 48304 25263 41292 33540 37422 14303 37318 30476 42044 50712 23422 42573 41784 16566 19671 21027 23428 55068 36909 30704 13695 46250 44003 20757 46472 32958 33368 21232 31744 24249 20972 44771 50503 28155 46334 21068 59838 18917 41457 26253 24003 35285 27425 53509 12727 49451 16113 45844 4602 32586 42944 27161 18157 20366 35822 36726 46319 14682 44506 30857 23646 16398 11238 46772 22942 25352 32881 38742 25869 40361 33243 41935 21258 26449 25220 41342 5110 45921 12492 37317 13361 28983 55058 45570 23580 35891 39864 31638 20501 60343 41245 41954 28797 62242 26017 40004 47540 33236 17316
37407 17435 29486 61830 28367 50193 40590 33190 22454 35316 22357 25190 44597 33320 27875 24101 36778 46346 10904 39747 54647 18172 22485 39968 38139 30812 47095 48924 8085 9611 35425 48790 33447 50922 35442 12528 34704 28887 28554 34953 45999 54196 60682 37825 18534 15327 12880 31992 49939 37305 27325 51854 23832 22946 48561 24290 35796 46075 20108 30806 32935 56611 15534 12618 43248 11640 41847 32795 44561 39262 39495 46893 30056 12595 13438 34012 8278 41302 33148 29579 35901 45608 36002 27032 21112 18441 23886 43366 18541 25434 30432 53585 32631 41081 22715 56253 50424 14279 32316 7942 8785 32164 24260 19855 23776 25201 28083
30134 30215 62093 6761 33246 43813 54870 20551 14435 30106 21040 30378 48041 35525 50809 28918 35341 23560 44944 40584 32239 38593 42454 23232 19889 9298 23979 32001 35762 10778 42864 22696 42578 35192 28547 48406 26609 57294 15941 30123 30447 34427 47126 18887 21931 4830 40279 31947 25223 22104 19046 52757 22498 56906 14244 30981 52252 29714 31090 46334 12692 7443 49198 46428 22189 39593 55354 43394 26051 27190 43509 15568 58681 17691 47550 38564 46958 41142 42998 23135 39618 11881 45309 42849 10644 56210 44340 39179 55879 20883 37113 18107 32567 30155 27821 50129 18119 27034 60592 8112 47958 35423 22883 58804 17220 61820 38693 40256
41200 29775 42580 51636 29372 42042 41812 27246 45831 20124 18051 31439 14385 31957 25664 29239 46234 29764 27884 50183 13986 46667 27879 24477 10408 32840 35986 45145 53518 19356 36939 40349 53811 52648 22643 35528 43639 30666 57706 22330 13370 30565 50065 24148 42460 46549 45895 30580 37308 22652 33002 30203 26172 16571 39134 43337 28091 3056 33664 23742 20121 37757 25906 22459 35638 27841 32338 56733 33266 26907 43841 44487 27948 5613 25696 33688 25414 48278 15885 38512 54943 25205 26794 39344 38295 18668 12437 15542 19086 60761 32303 43747 31716 35102 21976 35735 35832 37274 55281 33330 47404 47149 16601 11796 40416 27190 26862 43677 45169
20759 50324 36653 49987 53806 58409 61220 33970 36572 29708 23010 32545 25731 48286 23240 39150 27774 41535 31028 38012 31795 9552 47238 36903 9469 57903 6177 34387 46142 37181 37730 19804 45911 34522 41386 38821 26534 45927 46681 29580 21133 9027 16591 19316 45419 32460 44141 26041 32160 35430 24720 25791 27787 42607 16540 50915 28558 20294 44014 26245 46087 40268 32230 31239 9048 50401 3559 37832 25312 38502 44878 41512 21502 32313 45436 28551 37908 33979 57297 41541 31873 20044 33197 15553 41636 39757 23153 40285 55262 51228 43387 32376 43408 52506 10795 30322 24856 48808 37860 30634 33753 19748 39426 20611 54063 17648 27624 43865 52348 36459
13558 36495 10529 44532 40074 23684 56956 50156 50693 21400 40431 36019 20679 36394 21720 24746 55345 33437 44185 46127 29601 33613 35473 38819 13943 48797 4128 14182 45078 48876 39589 56281 27610 27290 17282 26971 61734 1030 24597 24650 50010 43410 33216 23818 25044 21917 62946 38905 18421 56967 17883 25974 27933 30384 46858 13794 50349 11384 51921 38301 48643 27198 48782 44296 50303 30308 35746 16513 49027 29513 59246 45161 37486 24397 50000 31008 40096 38096 52395 13063 14714 51762 27867 37501 16474 4562 18754 26592 33953 23058 49985 40852 21935 27985 30774 49654 32484 29167 16771 29544 51105 27212 46215 29768 29507 13512 41633 41207 49453 35778 39219
29142 60606 34204 24988 31555 44374 5301 33083 28064 13910 1901 14706 38219 46876 34852 34719 23205 23305 40250 42276 49678 18813 10510 1888 27623 42456 59906 24499 38031 36730 31350 39804 37988 8643 53447 25629 57290 62483 48985 40692 34591 39370 29832 28002 46786 41544 31415 44233 46868 6382 14404 30340 27765 34074 28562 40953 55110 27180 16125 47747 37861 18311 41193 37764 23219 39048 60338 46173 32784 21648 53691 25196 29789 28415 57698 40723 17401 22325 34058 42929 5954 30867 33551 30118 45724 14966 32213 48721 30309 32834 62393 29460 24316 43348 16155 16717 33986 37132 38493 4702 7191 36557 35806 35750 30044 30196 36350 36484 31983 38370 26397 47194
15153 47607 48539 25223 21634 43411 37847 41578 35139 43031 51251 18788 13778 29921 5390 25814 53904 19281 37064 48670 29662 25290 44480 23199 18970 28328 47705 31669 41382 40526 24815 40642 25313 40220 42981 32039 37418 37488 29082 35906 20450 41387 31854 32117 22633 27181 25280 48670 33824 34647 39667 30623 18277 36999 30563 36695 45721 39197 42611 42662 29212 45180 45698 6891 20047 25088 33264 34184 43921 46348 55068 15323 35392 11520 20584 53062 34496 18746 26675 36136 22895 34075 29917 32481 22188 55299 43206 59856 28376 13651 37454 53079 11859 35945 39892 27860 15742 18597 35770 48040 24759 53609 33887 28980 30815 35348 33827 32470 32982 20998 58726 4593 37501
33952 56968 5089 25011 31040 33256 10760 48854 33607 48616 46535 38474 29205 23783 21628 61548 37130 1349 24457 61854 42887 47458 27725 23102 30953 55198 52263 34477 17555 6744 3193 28492 50660 38898 30370 43129 13372 17099 36865 58006 17148 26947 6648 27137 41346 13754 37349 42779 64303 11920 45354 40516 30563 13860 27942 28637 14718 35544 30521 22597 57568 18188 15554 45018 35049 24861 26403 27392 51449 11119 23482 39445 13424 54366 15336 27000 23214 26189 25871 41354 18196 18330 61578 42667 33024 47784 46015 31036 35794 56787 49161 13723 26349 43903 25290 37929 36270 31240 42339 26950 63350 31697 19762 42323 38821 16184 56217 21679 23963 44704 36343 40888 13497 36965
23980 19154 33884 34539 32791 46683 12264 37007 26266 24242 38586 34737 48787 23608 37938 41651 29028 25421 32691 29684 42092 50258 44186 59860 14602 27557 27208 20147 19616 24999 33821 18673 47245 19128 16761 56045 37424 26425 26045 25353 43754 37768 45127 39844 36892 51206 23671 39710 35620 6420 41392 21462 8549 14096 45902 37935 37947 28252 49332 34437 24840 10071 62786 12603 16685 26208 30806 30384 43528 19416 27985 5444 52475 37919 29587 42838 38756 38806 9853 41801 12965 19099 40301 56185 33821 48527 60355 32329 44332 40146 41186 38424 35633 45253 18470 35142 46990 56775 59634 39474 34721 42038 34470 26430 36044 41078 41120 27337 37998 35557 45633 31539 42983 14306 45801
19164 35990 38862 38393 26660 50141 14089 19151 15722 35610 48628 15563 37136 56238 28909 21327 34165 60154 45141 29114 39161 10844 30860 30572 9724 18231 25075 49094 58078 43751 41193 8742 25086 31438 34252 29165 4542 38989 32000 32379 48253 41154 3810 37680 34971 28047 24532 30573 30840 5139 45108 28303 27252 26029 23651 14329 39150 28607 23746 36618 6728 31656 50607 11042 57569 36551 18316 16290 47897 27262 11959 31720 21328 35883 25489 35669 45030 44336 27258 38217 13114 17132 25555 48420 39854 32447 3067 41542 33698 52744 15184 57359 24947 23081 26166 36319 34693 34944 40203 48918 9268 31342 35886 33556 49635 36181 31744 25914 18160 55952 20705 27878 30142 46981 35634 40312
27817 46479 18257 30291 42517 8720 48543 29396 30814 34409 49788 35420 38375 10232 50761 45131 36110 34847 54629 54273 18486 58429 38958 24799 36283 46514 21256 15938 32769 45533 58961 20366 40293 18976 52840 29728 16455 11225 41902 34648 40713 16490 39555 24729 19466 11570 33608 21312 13738 21392 19035 44718 9801 20710 30749 15939 50247 32403 45294 51551 37379 29174 13615 37731 28127 31856 57662 23469 37434 43874 44412 56733 38260 18474 44618 20630 59884 55339 5126 26612 24069 40129 43794 21274 39963 37710 56269 48488 43665 30003 43670 52796 27590 47054 14286 43255 40474 35969 49109 60665 23532 24746 39692 46499 39839 23979 15825 39507 12175 26851 14469 11881 17951 41906 46984 33096 27054
27511 33595 7756 32924 55700 32765 36056 19784 17255 11820 53324 28180 14930 43564 59398 23903 2996 44123 53095 29065 16621 2328 32207 23794 40796 12484 59039 44538 43107 44991 31029 52992 6496 44650 41201 34406 27572 28963 17717 30347 21696 22603 51552 40399 17890 24642 36050 22162 27773 41321 27372 55092 45549 53279 15116 12820 48020 48322 20627 21908 27347 21430 31457 35859 23816 40280 34134 31729 27541 48650 46931 42894 43993 30250 54325 27978 28467 41497 39775 34692 17157 47672 51248 35998 28846 21221 37384 28407 32141 40066 44104 31983 43780 25453 17998 24806 30321 36871 35707 41276 39222 42672 9007 41040 34994 18377 45258 40068 30277 44977 54188 45112 20302 14022 10037 53705 15663 53612
49861 21403 42310 4097 47548 25610 43252 7908 39802 3449 42395 50806 29536 13894 13462 27415 51404 41172 43851 36136 7966 60287 6933 51463 30137 37035 20822 55061 51194 26292 55151 35762 36162 40957 29374 22335 14577 51940 42149 17947 14951 53708 43651 32932 32005 31505 32184 19262 59432 26903 21411 1607 24372 39483 40358 44574 16774 26845 35103 23332 27262 35679 32624 49593 12671 37920 42488 12862 27110 29056 56854 39185 25364 60895 17708 32403 26729 44957 13465 34596 49477 47385 49596 29477 12553 26805 15862 40692 63251 30928 13992 33522 52931 32714 30000 45952 28540 28674 32497 24828 35994 38875 38215 22472 54656 41393 46484 32835 30094 37863 6457 24268 37922 53468 13716 5060 21661 38640 15367
