151
24996
29029 30939
33575 24716 44867
43876 32197 33233 47736
28158 8424 26583 18531 41223
20468 4347 51814 16606 27206 22429
60895 26084 19262 29215 7216 17529 51775
62176 31416 11518 15014 18496 27350 35793 27604
48287 35308 26963 43305 30301 45401 27108 14853 30681
30332 52709 25033 40821 10934 29108 24531 42896 23400 52658
28547 42634 53744 30272 18492 36546 37809 39868 40282 44699 25095
35464 7744 12401 14932 43779 30286 39591 54777 33164 52450 53148 43604
44676 17757 36272 26823 61003 32543 28482 32432 39234 38281 27317 38257 9159
40953 21093 37481 7739 45519 54453 38648 46334 23150 31748 32893 12401 42290 44722
26714 29939 6526 44830 9197 33506 47794 7082 17560 30370 34860 28341 38842 34961 32077
32415 42675 36110 37237 32200 46818 29818 14341 31376 51625 19253 24667 57174 40038 14752 30167
29308 10362 33817 24539 22113 41798 35585 33222 35173 32296 19128 47864 26088 59011 23455 26322 41546
17843 29205 56498 20714 49434 24184 28665 24618 14873 36140 61447 39529 19982 34446 43068 9735 22107 61184
57337 34148 26719 34528 23195 38624 21881 43663 55173 38106 11019 21102 37398 38324 12916 37595 16814 35789 28947
39992 39342 17797 10314 15075 18804 27964 21879 22333 31841 35154 45564 62886 55765 31782 45880 13951 34096 33818 35467
22055 40402 15246 42324 11516 48923 6367 11509 44898 32875 28273 34508 28087 29986 27296 54330 37978 44192 38863 29345 27564
45638 56412 31580 22541 36210 31402 50129 23006 49540 37141 23899 36221 52703 39425 38236 43851 44512 27594 30005 34728 55528 14547
16964 37621 16983 36730 32235 55697 22925 55842 25993 33754 35307 24359 29310 22068 47822 49389 23081 12541 53146 32209 36332 37012 10156
28723 15141 36186 40548 20085 19254 23471 35621 43766 25470 52212 49484 29718 25948 51847 4154 29749 28210 24521 17231 53683 55135 45082 41451
36591 13890 31707 28527 2635 23612 40810 60217 32294 22190 37672 20649 32992 28406 27510 22306 34008 10871 22706 45568 55409 19085 42814 37030 42503
19610 49017 40564 29693 27135 42434 33480 9394 38938 31354 24835 63110 34893 31233 55429 33752 42998 31928 33967 17163 41079 30461 31967 34427 22319 31025
54389 31883 28030 12212 39636 44954 16579 58087 23384 34312 27232 30505 7524 49716 16307 27864 25688 33408 21022 24664 44946 16715 28416 35335 31347 21749 40889
15940 48219 28638 10664 28016 59563 8294 36399 9195 28353 20716 35500 35350 14845 51154 39040 25679 12737 10103 27916 37623 47468 28219 31150 37486 45150 30334 27593
31509 29176 63136 11449 33099 21912 33024 57824 30062 11935 33792 27807 50146 19565 18943 27220 29956 31330 31069 46177 44342 32735 38010 24613 44246 41025 31158 16127 53317
39659 25456 24145 36836 43836 26634 34682 32785 34964 31203 16345 20782 26196 26459 18640 53145 29658 23250 40893 25523 56455 55976 32258 37340 18363 51516 22782 31349 55510 58608
25105 23005 12088 18468 34458 34930 26177 26933 28667 31384 38225 39559 33682 49325 53192 35446 58048 34576 42246 50021 27367 38434 41068 11186 46434 53827 51544 34240 38807 15316 41770
28651 41697 28467 44357 58519 9378 9409 25350 47648 42555 45278 15310 41705 27914 33771 43773 44368 31345 43591 40947 50104 35791 52304 34321 44157 39556 44650 17588 35331 56303 45299 48960
23207 16754 20554 21778 30921 30827 42192 24970 39627 27196 58085 48139 54028 15428 23274 47090 36844 53218 31037 42144 39883 49784 17983 52597 7433 28005 26192 31185 38405 26120 6609 60693 25889
32194 48416 26271 17596 16884 51358 41423 52022 31740 20652 22024 27374 45373 34216 13990 29255 41747 46068 29452 35741 20192 17391 13978 15699 28165 47608 43182 27080 30176 46704 27817 53084 6099 30135
8683 34926 49468 20526 25557 35681 39805 14899 18885 43665 35829 17447 26395 37985 46084 39530 19258 21296 28937 34141 33150 19806 23654 26975 37194 50506 52089 18126 32254 22870 20388 14862 18168 33761 46662
31613 26521 39755 35007 24442 22337 20980 35950 22118 35153 46652 17077 27809 27943 12930 26866 19084 28195 36136 30854 46213 62375 59533 42706 35565 24850 17169 25908 18980 38340 30484 57615 35467 27934 15094 33727
32897 15998 41238 29350 31844 56645 38870 36645 27288 39123 27029 30362 54138 48264 48307 33383 23404 36805 37776 51179 17100 21991 52364 39045 58875 52817 41478 33175 48474 46178 43616 19584 23879 16250 22521 32415 30244
41722 31025 55638 54351 36416 14440 23043 24617 11437 39934 47624 40466 42401 34386 28356 11883 40060 46534 43415 19859 12446 17594 55264 21480 32103 43403 41729 46542 6711 46749 28760 33699 39534 6732 24902 27078 3436 24315
54061 45208 32402 27400 24424 48249 30014 32982 23389 36298 29904 16065 55399 16617 31915 7981 41960 36407 34860 30838 51009 51732 36532 31999 34768 25825 33699 47910 26359 27389 54873 40270 8725 33990 29239 27091 12938 30368 48794
49945 52661 41193 40678 10109 25848 32768 29304 29023 42417 11334 38064 55073 31042 55835 23793 27426 34058 23008 7832 39874 43624 38899 43270 13153 34494 40117 51099 22623 29547 35974 49591 36123 34254 42951 55995 45047 36680 19158 20997
31570 40250 28180 25333 34188 30978 9698 50414 16644 10243 41630 11084 31773 27545 45226 17778 57651 16678 14437 48832 63145 25099 15918 48788 40670 50086 25190 26703 38962 38745 57709 56145 32004 19074 37796 45819 50103 34435 28009 34475 48807
45243 32541 27073 39991 27274 29984 27552 59078 37199 38867 38820 33972 48748 52117 30000 47200 18239 37060 1956 41004 48426 33732 52830 13943 28044 23795 17599 53665 25029 61616 25127 41994 24372 44892 6647 15378 26427 9559 23437 33816 14136 31490
4681 49790 18572 29883 9613 39331 53400 29411 63672 34791 49338 29146 27434 26538 50773 35329 22596 28492 51909 28599 38756 45356 29548 62298 31723 39852 41387 33102 21817 31019 29408 8688 28334 28681 16493 31138 36779 33446 40881 18626 31629 36706 25099
27569 29111 20636 38109 23248 11656 23734 33158 43645 26208 9743 44389 35610 20384 31495 23004 18693 39078 34302 33865 19615 27859 19796 58894 39496 29575 45928 29834 53857 53282 30364 24861 12617 41476 12624 6438 36702 33933 23009 17927 24836 3869 17075 19742
46745 54548 39458 53196 48252 26066 60049 43891 47886 19640 39518 31086 38575 37156 27628 36643 20416 13942 32151 32237 33439 48145 51651 37678 26541 40274 42700 22599 21322 53658 50965 37526 46551 19529 14588 17277 39859 31935 26340 10331 44348 52829 38697 14992 44758
43136 27695 44923 32991 28300 25683 30846 40886 32734 23029 49911 41916 14294 33655 30792 49489 28119 29496 48592 18646 30014 38808 29934 42665 40300 15095 15108 25387 12737 33717 26993 8892 63901 29745 38292 42429 47201 27341 37070 18572 11627 8680 26752 33674 37915 45026
26120 27416 9172 34586 36553 12180 36850 30195 42015 40288 34776 9929 9068 40155 46822 40959 50705 45668 50298 17396 33132 32348 54261 20744 34527 15651 33975 24986 50120 50970 29217 27661 24969 37023 13201 17085 50561 43539 23655 37901 37136 49110 31750 27228 41365 39497 40394
11274 36978 7627 18710 7030 45829 19130 33098 22274 39600 48506 50628 22797 38098 11881 37349 30711 43723 29158 23821 58912 8698 30802 39581 45544 31681 19981 14835 50606 30078 39800 42607 26580 34962 9457 18291 47801 27230 51929 32862 15549 35904 35216 12432 18496 39835 31095 45930
5026 33227 20205 24650 45378 25650 23120 35473 36738 42033 2052 33183 30913 24358 57446 37076 37727 28275 34776 32657 25020 59255 48824 37171 16952 39825 24935 34077 28466 38947 26694 38574 32524 42636 26547 32070 58405 19499 36880 27718 27869 51810 44475 37644 17300 7823 43285 7417 28330
33300 34430 12653 20606 27216 26199 29640 10098 34979 1279 33642 36326 19052 47828 31667 31287 22797 31802 29699 48841 39396 55695 32698 35320 44626 32562 44600 26151 62393 13700 35550 14772 33652 57573 7434 18178 45801 33206 26652 11373 37747 46165 27511 25689 29300 45347 41592 17698 55629 19584
33920 33067 36188 30413 34031 42706 36867 15465 4901 41082 40609 17842 6787 46207 45718 55052 33382 34117 33089 53461 11826 4393 31748 12140 32068 12939 20541 35634 19196 40909 26446 39047 28349 60238 59030 10188 15332 33646 44916 42335 33234 45709 24394 39329 35815 40715 20343 43250 41347 19271 38234
37811 34311 38307 33364 13890 30929 14462 41926 35072 13633 51768 17166 41038 29370 15664 25999 44170 58520 24521 19621 31254 14910 23647 30130 29009 40716 47445 39447 5786 47712 22794 12082 35410 44955 31198 26213 35033 40477 46640 11534 60048 41287 33891 11407 41941 20599 14035 51783 17673 48909 31715 42902
31372 31852 24050 41435 3263 37872 50016 21112 24577 36092 28300 36555 29872 27376 32216 59446 26416 44330 27555 11288 28639 20235 36429 58321 25372 18419 38966 21696 45384 35651 38846 32839 26307 34905 30532 41924 44014 43669 32042 47256 50471 22873 52175 29732 37583 30724 57747 18374 37190 26102 39126 57569 22765
32400 43000 10449 40483 39216 41304 50424 45382 35127 29528 38583 32442 40453 26711 15212 36572 41722 9909 35961 34318 24439 12498 40765 9390 5849 25870 17687 50973 34947 32200 35689 58812 61396 37218 15250 38121 33836 37435 23281 34054 30956 52915 10984 33393 32114 28970 43221 30091 48415 32768 36378 25268 24403 23956
20502 27213 34670 18504 41001 18613 21712 55932 27570 22090 58073 35469 23571 34672 51433 43743 22186 27781 39520 59854 31960 45544 26270 20925 44031 40954 14596 51466 32122 39707 6384 37400 18095 41900 35266 19267 39161 22027 35549 28399 16826 27289 38814 21368 19027 13750 42854 43841 30754 42947 44437 33960 19593 19743 6539
51728 34023 20008 54953 49621 39580 28482 52300 36443 17159 37067 24024 44543 28554 44834 27306 31521 52611 25256 20002 44067 50772 57277 24483 21348 32604 30402 29322 24388 23034 37909 22072 39459 29584 49175 54797 43617 42365 40744 14697 37469 34080 29097 17325 12409 25562 5112 46135 16148 20236 32374 50791 54414 36884 50564 45472
58182 44117 39296 43326 47519 25899 18124 23716 33269 47096 13767 30514 49835 24093 27344 41030 24096 19704 34376 31553 37556 13803 17551 42883 31430 1620 32262 16493 36025 26517 42763 23901 39657 48909 20479 37299 21433 44572 42306 27858 49544 37409 28469 31254 19126 33918 37431 16610 45474 23185 36518 17558 5294 42428 32998 33936 28217
13150 8533 31793 38051 36055 17490 41689 47692 30598 55870 27625 28052 29901 61305 18111 39130 16906 11364 40635 33408 22686 21853 23359 52453 28138 51909 24490 63081 29516 35068 35676 22892 38439 43107 47542 11342 16343 23897 16918 33134 38334 30780 30685 18222 31037 58736 43627 18413 34738 11602 9504 43531 6783 29764 44893 61416 18179 31396
35967 30692 24221 40147 31721 31838 28335 54066 14586 37816 49304 45599 31506 45137 22967 27132 30098 41097 31598 50983 22488 36544 41755 12801 19781 33110 35360 12010 32057 23210 42460 24131 35604 22814 42927 31851 38454 5906 31992 57792 14847 35555 20249 33446 36303 34549 33648 28539 42246 47524 15198 21662 36612 44371 21573 31344 22314 18528 26496
17745 34006 19758 51829 13730 39784 23065 36479 59329 39491 27013 33024 37903 31940 20942 43865 36588 47692 17751 53992 18617 50747 21118 30991 52693 36849 58278 23341 50846 719 48939 29346 30584 34354 34673 29901 16577 32126 15061 21264 40664 18448 46007 47817 10782 49480 43129 5466 38643 16521 11130 34850 13752 6448 43802 29824 29387 39582 61881 30678
22157 36915 42423 60291 34142 16719 18803 25830 49055 29011 15183 13664 25006 24477 13738 27218 25580 18317 52964 52506 55994 24710 63836 58139 30326 56804 33653 28081 33666 28426 38795 27198 27197 16216 15361 4643 12038 30252 54070 23230 62014 14055 39818 30065 28741 41193 44892 20378 33148 20371 1295 37531 39489 55875 28415 41939 51957 21593 7055 9378 49144
19768 38174 29287 16811 20540 49676 42628 13421 25800 58552 38487 39068 36412 7044 21314 35484 19446 24783 10916 17099 39255 35577 42461 38280 28095 19554 35404 62260 15503 13162 22867 26671 29989 43632 20560 7386 33505 30678 26788 21907 52517 48635 55216 29371 14160 31551 36562 28850 41154 35330 15213 26585 25820 41124 50909 35983 56060 20868 22148 12082 22147 35588
52163 48166 42705 38787 50168 48072 5958 7521 39045 21114 28483 40702 24265 16538 29221 31418 26659 25225 24399 27380 49653 45224 29216 34318 13726 16213 57848 48743 18557 16114 57912 25183 48116 31709 8766 40022 36193 24183 19819 29356 30246 27424 35615 51136 27554 16953 32442 23028 40757 40993 18332 50088 32318 56630 33061 31545 12831 28124 49845 21259 8246 57969 8108
31098 27108 26452 10090 30953 27787 50406 25936 14262 16774 24455 57532 30788 15931 14232 40206 22767 29701 26999 6569 54299 45126 44421 20970 49188 31839 22562 15666 53101 40366 22959 52961 4180 5525 48779 30295 60732 41331 12052 40693 44161 47784 28590 45080 28807 38547 57527 36132 14251 42646 32398 38262 23629 38927 24980 9326 38095 54368 15913 37231 29584 33000 25774 45014
26352 32518 16769 20228 14671 27676 23811 47705 4365 41353 56212 47413 28809 13484 32149 36601 13861 30438 8036 31491 40000 30104 47458 14515 47418 31264 24560 32620 32626 35297 50028 33418 48459 26167 45112 61808 40225 3204 36531 63358 9559 46633 25404 15378 47180 22660 20020 25229 37984 42231 35835 35407 21490 35040 29938 20153 28005 44449 32119 50985 13077 30873 46571 34559 54117
2856 19118 40350 22708 17069 33825 5730 43362 47242 50851 30894 34766 49693 37522 18402 37466 28872 33874 33628 50021 37354 54337 42621 29007 12003 22206 43173 52856 36114 31786 32053 59712 11737 53477 37771 44038 20118 32080 22279 56620 59562 17865 44811 7953 45430 35505 32502 28693 6744 18536 42536 43672 20659 38735 32770 34042 15843 43973 25570 37274 34634 54824 42281 48858 36425 33500
37687 22297 28734 47678 31084 32951 34443 41136 40745 48660 26255 30352 18379 28048 25001 38975 12981 51594 34107 32286 6982 26724 39588 15499 47326 48253 10051 33768 16094 37941 27770 8339 23716 6636 26535 31469 48529 54274 21036 38742 35077 42198 41320 38447 25184 19146 1723 46039 26882 24638 28548 51372 14411 23439 34085 18706 26523 36641 44284 17767 35410 43344 34922 27146 12240 46207 29905
32604 58230 38668 35724 27069 44194 37722 41473 43406 36532 18373 51595 23341 35087 44721 20364 46843 38672 40570 15717 37208 12312 18819 22644 23205 18311 48682 8731 40769 19645 59090 22457 34698 11035 35287 29358 22500 51710 51613 10329 28845 36042 9345 27164 52804 21212 29923 58709 35082 30612 28965 33638 21855 21077 43942 27054 33700 13948 37574 31116 32823 29546 28901 20578 54137 21631 27747 18319
41418 41243 34719 29810 43915 40095 41211 43116 19738 34409 29398 28894 32472 6617 37776 38694 21798 36434 30088 41127 32866 5936 26401 52925 52462 58326 37559 40650 41769 40868 32429 51759 34674 29176 36194 17994 39466 32307 32054 17533 38833 25525 26760 45606 22632 15839 17851 14503 20653 41999 26411 48479 37089 43429 31547 25006 17764 24068 35914 33523 13975 19592 32952 47760 51417 31892 39652 24035 31880
29064 31024 32334 60936 10946 38395 26928 21943 41891 18341 42985 34804 21387 16526 32728 29984 11739 36630 29279 10651 41457 40348 48348 19910 39725 12930 22704 9727 33009 28711 31548 37543 46748 21739 38366 36894 7054 15150 22009 46789 35624 22864 42217 15099 23752 49584 43024 27934 25551 25264 16591 47506 28573 34479 35972 43188 52114 54285 58513 24294 16143 52522 24149 40070 36209 53350 19247 15861 30235 38944
14465 48020 46188 15034 28586 10689 32708 43667 30217 47326 35716 13835 36096 46409 34570 34690 45549 34659 40375 9560 40498 45964 30443 29164 50990 23077 13830 43936 56897 46989 31336 27860 53450 42018 57201 44005 18475 37960 31873 47927 43458 39005 58616 18726 38640 23744 43062 24597 27927 43474 53660 26210 50578 58355 26760 40560 30151 35716 28762 42651 36625 48355 26741 31047 24274 12401 19510 27856 28267 47758 37630
45977 33594 52123 12333 56320 40609 28663 37667 20584 32255 20480 10049 22317 6836 45082 21476 37555 43551 28835 31856 33111 40354 36346 32834 32121 41627 8320 47802 15739 41580 23701 33595 21436 17012 37530 44322 11932 25618 44781 34768 6267 9384 14831 24229 47033 23957 55296 30977 3765 42040 18817 39493 31697 51698 27344 33231 47468 23588 13390 27391 24038 9260 47708 36152 23454 10093 11608 7126 33015 42819 22948 50748
30797 41232 10143 14282 51203 20021 7080 38878 21112 42000 22048 35289 54796 21507 37735 44315 27934 19308 43998 7429 36369 45997 37859 28917 35649 29221 56279 15435 37649 43060 12314 36458 12256 45881 22797 29358 51214 44182 47887 28794 40442 27049 22142 35630 20486 31700 18366 49704 22673 45174 18221 4297 36347 37103 43306 28273 8868 25246 24086 20097 42220 42725 29265 41047 32562 39714 36412 20307 30680 14518 30261 49879 45373
13570 35485 24130 43457 33124 18388 33012 48068 52031 17979 34382 7590 31727 14897 50606 25030 47318 29716 37493 30342 25429 24648 15363 42565 39114 34602 36280 38755 12951 36124 20213 52288 17947 12924 17175 41788 42165 21419 43393 22198 23495 26890 15762 32016 13488 34551 46762 34985 46287 24020 18474 18401 40326 47615 41328 25880 27699 985 28125 26286 55864 49090 21713 12034 23796 36379 31148 31862 42439 11075 31694 26986 8720 28568
30359 27707 31537 20350 33127 55117 38536 23379 12190 22780 38262 16246 37020 31659 21853 50248 44994 42424 28568 20009 37998 6534 14733 56698 49664 30065 17559 36505 47067 13277 24088 39399 29020 43814 36721 54212 58852 36271 40448 44177 35027 59862 35623 45229 18825 43518 37957 34934 37735 38019 12986 30800 52682 52169 39909 24729 23574 52781 49448 48560 40360 30223 20449 42998 28128 63953 12658 54219 9249 27602 35642 37264 37832 14962 48792
19875 3126 45073 26862 36965 55499 29455 25499 32310 16615 34251 50174 22391 34795 18087 23416 30854 60725 28674 14186 55748 44069 38972 41266 36754 31774 45492 40499 51790 36988 35533 28617 22106 39074 19939 37718 39957 49136 33113 49723 40926 44484 34702 29142 33302 34175 7906 21385 32541 59009 25012 54450 28500 27691 18023 40627 18201 11739 8023 38635 38605 48881 39655 57018 35536 11984 17270 21375 27523 35028 32612 36508 40261 21600 4368 25967
8308 38100 38620 26970 37236 18830 35623 26556 43171 28143 17489 27125 14944 31063 29882 46436 46860 24359 43714 19307 43783 3773 20680 26984 16050 29561 44334 35004 13931 29885 25171 24264 29331 30184 61079 56554 28554 54874 44122 12421 17841 29044 53756 17141 10599 40596 29148 47516 27402 12571 31324 30171 30462 30825 46555 38160 21920 49118 19129 28829 43858 20187 47958 40417 14450 26813 26130 28219 55649 19687 34124 61197 34432 14008 12134 27062 21549
56720 22207 58261 29386 29904 18871 7692 44725 43990 12974 38521 61519 44547 38916 34366 15352 41655 23576 25274 45585 11602 15692 23885 36601 27956 54784 25430 43790 32189 40081 40503 31412 30285 58211 29518 3657 27204 22738 33788 37420 26882 34625 44451 20158 32232 21774 35230 43103 45140 33948 27987 40816 33702 13383 27165 20559 30529 24179 19806 29533 34434 55676 41079 23802 43210 22469 43206 32135 53625 59308 26541 24931 28655 29588 39563 45292 28557 49625
47808 45190 47024 29919 32171 16527 43964 2819 21678 23910 43790 24229 60711 40812 4358 42535 45176 15105 13575 29672 50176 32902 27246 13896 35102 56409 32924 14247 40244 22235 49905 40549 22945 37996 30925 27873 21444 54637 26001 33149 23806 30268 18587 38552 33456 28474 23883 17042 3640 21704 23300 30666 34041 22340 29986 33955 10319 49936 23304 37753 62876 32907 47126 43695 42561 37908 45994 44196 44956 40460 28965 22456 17167 23251 36839 17994 52728 8906 43857
61117 31161 27215 23233 9069 11185 16835 45463 4797 34112 21894 48950 18188 25541 28153 36602 42682 24738 28539 43078 29734 20789 23146 36474 19890 18144 19242 49396 44477 36610 31257 47893 27303 45819 15254 29757 46800 30762 32770 24525 8344 24561 21437 27939 37470 42926 24360 34719 21124 18626 26273 38563 33641 30862 51849 32142 9069 43120 34624 7104 36080 34251 46375 52378 30290 31227 2205 26490 29170 43618 20992 49089 28210 30817 32180 9423 13681 33110 37910 25092
28175 40611 14728 16065 6764 26023 11880 32355 39144 42945 53015 24653 9186 29267 37878 40926 20924 36540 37219 29814 38101 33371 30656 37238 48013 36498 37739 42556 28740 12479 52421 24105 14682 41540 43054 24733 31022 22656 50695 20728 28194 34003 25263 52890 45718 38044 54916 29923 48359 45373 38378 23347 57209 49172 45375 5354 51368 25218 21730 45416 33495 30185 18740 15374 29796 37796 29333 48186 24498 37145 53606 46412 25373 32675 33285 42663 30985 44196 15571 2984 30674
41341 22064 56240 37339 41868 48765 35359 21890 46131 33305 34389 11562 37073 18786 48051 24367 12998 22716 37270 36341 20337 36997 27490 47065 55348 27932 43124 14139 31341 34530 42028 49789 8062 37431 46573 60414 27846 24444 45332 41502 17316 56079 25858 44861 16762 36177 40215 14779 16295 6818 41139 50167 21386 17251 13111 44115 20100 25586 37889 11566 48630 29872 32369 23784 27454 35326 43498 11744 23487 21562 18888 28281 20693 40902 36206 51471 51170 21761 8252 50181 31303 30794
10640 49594 56674 43522 19659 32910 41621 42633 10573 6880 46910 50752 23159 34579 50367 32133 30631 38787 12407 23737 37949 31379 39878 36924 49052 15010 25611 24687 34080 48656 41640 45489 27692 51004 11515 33888 30752 29832 37990 29920 43098 16467 9800 48015 30779 33021 60417 44236 24355 26854 43760 47352 53363 34414 58487 27763 48009 50164 22004 28574 35781 26586 30920 34519 43145 5247 33364 37503 30004 51267 25590 36598 53542 23942 19217 38045 38848 35496 41217 22483 41056 25096 35624
10486 48743 21000 60135 29802 16693 42247 23964 49804 29738 33125 48297 47038 7847 27010 7533 37982 33801 15294 53575 46285 25523 45688 58777 37228 30980 58386 41922 16025 31580 17131 37153 27830 40476 40291 28440 26657 37026 40410 15109 39227 32335 51888 11850 33892 36483 34372 48710 18941 25758 3832 40025 42597 40960 32556 46562 29178 23561 19773 46147 8480 45081 19343 31962 17461 44944 43134 45320 34712 27086 28269 11823 13226 27188 33722 36266 44235 14368 10952 42207 29532 22258 33267 34089
41915 50701 33695 31722 30281 32974 34344 37507 48998 32406 15345 36434 28531 12997 13144 28857 37583 36027 22208 63255 20952 30681 60549 39628 28914 23420 5899 4407 20603 39688 54447 19386 27858 38362 32721 30643 24152 42834 52947 32388 22893 42707 21524 34188 44658 26554 32244 28202 51653 47464 38611 21952 46023 26429 17681 38317 4312 14489 35597 17232 41305 28893 18217 45066 16808 53095 46020 26940 27174 36759 26430 14404 12084 59600 21494 41605 16688 36462 51279 26971 60540 45012 28325 35368 6519
30818 19803 48717 52352 36726 50896 31528 42488 6257 39268 29211 25151 45747 57206 4228 22966 31133 3945 32709 32955 33933 31641 9533 26543 26339 21097 41548 15090 12290 40504 21585 49893 27462 50534 21678 25575 40978 35410 30913 40534 20934 35678 53740 36502 32704 17129 44430 27909 42337 34643 5383 36354 47625 35580 19894 25070 45337 23620 22781 29993 31215 25994 29754 28692 32747 27952 39118 38669 10863 38293 31770 19061 23770 23833 36732 34476 30348 40476 32855 25619 53990 36606 14343 5897 51526 49694
23534 28652 11533 9694 19821 23328 19867 33949 43490 24834 63056 33979 19119 42484 28301 43160 17715 59988 31151 20116 27341 35459 22297 12558 18655 32482 49706 26216 43208 23503 29250 24833 36839 53676 39618 28473 49054 44247 27400 47984 13643 21937 36469 19462 43600 53402 11369 33626 37900 48627 26692 40910 41951 23067 24934 15298 18216 32112 13103 19859 42825 40022 29951 42917 43424 18219 14902 30804 61326 43598 37428 51715 22133 36384 34906 33552 30640 22273 9222 26078 43173 34130 26776 37065 31407 13681 21875
32309 47920 40895 26100 33918 29577 39068 4476 22023 26904 36969 52075 33070 40255 37765 33569 61526 19805 51790 41983 27099 29394 63784 38242 36897 49917 32881 15022 24965 44864 23688 29504 47207 25849 42446 39544 52009 19850 4259 34745 44074 36434 28008 36448 51658 34992 43131 32206 28265 55814 19005 8547 16487 23475 63246 49279 16931 41750 28495 7811 53759 33168 36702 31437 43610 33922 20380 37053 57748 30026 17514 38838 27148 55627 40486 17172 37413 29153 43314 49722 33851 15470 52717 49288 18097 29267 37046 58716
15334 35054 37358 21527 41530 45473 36341 44057 37900 22986 23852 35011 34751 10955 29681 33139 53167 35331 58021 43401 39487 39122 21928 36968 29134 46231 38235 49516 48316 30388 34333 17400 15720 46215 43084 39788 37428 32626 38988 50982 46463 9428 36475 17031 32169 44557 57144 34031 40210 24700 31460 33215 41498 48515 28127 43093 63264 33408 24714 25617 57990 43220 38723 40021 34475 26080 29291 13440 25071 43778 28258 35826 52914 9629 41865 32268 33620 48909 17983 25132 37428 40116 9954 35763 27060 8179 45526 51713 21555
58920 28536 26742 30737 51381 33834 44659 22446 23801 45130 24405 20842 29779 53305 14975 40868 7205 56408 31568 22718 40398 59653 22824 28439 32429 42658 34664 12559 32804 24973 46446 51462 40849 33319 3739 48476 38486 36048 47695 28784 22994 8681 56298 8356 39781 32209 37580 26712 18542 30950 31317 48617 35407 34700 43493 29627 50790 14881 13532 14378 40468 48388 43674 38297 28347 22678 38528 29286 20918 28983 32748 37108 40043 34632 27198 3999 57397 46887 54489 26827 27254 47413 47898 62164 50319 57810 5218 24605 13278 41311
21521 48900 14789 33851 27015 31212 37795 45764 49189 22321 15064 29022 16200 31031 25795 41063 19028 24155 33478 15422 49318 24829 49727 56644 32158 14207 35984 47065 22687 29760 34584 40030 42246 34208 37686 30513 45620 46591 20044 20659 19337 43965 4537 52548 47205 26937 29404 44357 48169 19669 49942 19732 5683 4336 36808 9490 33251 19434 41552 51616 46748 28706 32785 27420 26554 19451 27239 21992 50336 35281 57012 29283 30894 45063 38489 50412 11074 8444 34484 28132 32701 39696 24871 43435 38271 47266 37648 20642 34793 28693 50641
22311 28249 5061 24265 19867 23599 21013 32600 57438 57550 13668 34013 55249 34706 9234 35002 6227 22494 24702 24653 41538 21778 35082 40184 37378 32396 38933 35866 8177 20397 58367 46867 8302 49109 40744 25410 33754 49765 22512 37385 22165 18107 30902 32966 49408 47159 51164 43226 34681 32315 59329 49062 35425 31782 22213 46728 17944 37208 28488 15075 54015 39218 26538 13843 25973 60178 21066 19834 19928 55897 40330 25209 30860 46695 5065 37486 28142 19100 23399 46779 53856 24153 30404 58559 26176 46331 50240 28121 34287 36325 32314 24427
10702 42102 47892 33492 26171 45070 27949 23923 27544 25614 25317 45226 34371 28628 50844 31191 40605 32449 40626 29276 47366 47157 19846 3992 30175 16272 37242 33515 37255 46130 34030 14772 25692 12667 40511 56661 25282 20171 45009 21292 7447 40834 26624 48282 16314 45824 20783 30465 37644 38054 20924 7100 31597 52178 44042 32817 31038 23524 32373 46523 43229 17471 50017 35260 17067 32832 53546 34197 39688 34632 23091 28324 41557 19639 27866 50763 25841 16365 29570 51689 35642 52299 46215 29406 55700 22830 21069 30345 45149 18938 52017 17996 35828
32268 31123 36741 33978 20676 37845 48022 20239 6533 11350 28638 47956 11180 45430 36284 46567 22170 28053 12946 50985 26031 34579 14271 4986 8267 32847 45730 23355 18895 14251 62620 31434 41369 26502 35598 27272 58121 9792 16214 48854 50562 26168 38615 43026 31840 62929 21229 29342 14086 32615 28922 34521 41172 35165 43615 26914 24872 30226 29818 47578 39779 33766 32941 13665 28389 52536 48214 13336 30479 18539 53463 43613 19263 18395 41871 43153 32469 31211 21982 23316 8500 26874 50467 35399 48568 31592 35520 39561 23492 29588 31763 35896 32440 28640
43646 31672 42482 27307 25440 41319 19667 47701 45081 20900 60091 37182 22024 31952 29451 32198 22159 12107 21793 27212 61196 37238 31837 40242 39136 26543 53281 47319 35180 37463 13260 15259 45582 3534 34494 32734 49193 29301 9304 48128 40217 29867 25592 33376 28224 25806 6399 16736 38143 12098 37581 50015 44724 23652 7362 44733 38081 37014 32319 34266 23685 35894 31393 42774 22367 11173 20811 19664 37553 59204 15772 36202 22490 21361 30452 23363 44089 41102 12468 33979 20784 6905 39482 13362 50205 43795 24295 28680 15970 21820 9755 39580 46430 14805 37686
29264 23153 38205 50584 4484 39674 49106 22689 28309 8283 44536 25521 23527 53234 28685 31272 34774 52000 12912 43878 64709 28487 48514 33484 41234 21954 62883 34744 46880 54263 23348 15754 23883 31553 35475 41893 36343 39170 15393 46438 40832 13979 17470 27182 17481 39274 37707 46429 35504 49873 13735 34387 56600 28719 54192 18545 33245 39652 45514 25364 39779 30799 12371 47520 43015 31186 19370 43890 33321 19659 7216 37866 24619 23196 22085 19051 54380 51364 19018 8786 19788 30786 58525 60160 38187 34520 44447 28629 21097 52677 18864 30769 34661 57960 31025 51061
37505 38434 39040 40191 44572 30292 40958 13359 28822 19548 41996 17512 52302 40349 21768 33030 36775 43891 32596 39276 58621 29504 35663 14586 21171 11877 32088 34574 47912 21056 30160 42761 56508 36915 45335 14411 53710 21916 34702 54837 37057 52189 28051 6181 60401 22613 29575 37243 4545 40036 50634 53658 35984 62825 11453 58334 49854 31942 36031 20394 30378 34777 26158 39006 50870 10244 21870 48472 11585 10918 37597 47609 32939 39199 29402 34209 29524 14542 26054 37809 5020 35605 30721 21383 52194 19794 20972 45187 25224 30950 47077 37383 31213 17202 35405 56178 36977
40340 50564 60452 32884 13679 33259 8062 32854 29727 29665 19678 8822 32518 60356 51109 54582 14213 54776 24371 58101 15098 47834 24296 29203 25287 16076 36389 34032 50251 41516 45127 31212 45285 16731 33969 35686 13815 38074 18114 20416 40160 12455 44506 14681 27391 17796 27994 38545 25014 40879 46240 37320 32355 42889 44813 12638 31336 24946 33793 22450 52004 28107 22236 17190 41463 35059 50942 3610 27712 35656 28615 44779 21345 26926 26775 30717 15544 13059 50382 38828 18854 38182 37836 39003 55181 55288 24818 24680 32712 57305 45982 12854 38845 11562 36656 11297 12487 56393
29451 18573 6216 42391 23180 24022 55201 56692 15636 40543 46128 29761 36355 39046 44887 30301 15545 46766 34421 35878 13463 48947 13034 31232 23802 54393 27157 41033 6470 29917 40280 31584 18648 31423 31249 41894 18192 40065 27042 19835 27473 60546 37226 18752 35064 22818 53960 33619 28518 44225 19230 33813 27131 36287 54219 28646 49175 32379 33326 34599 46363 23895 42920 9782 34917 25778 20890 17780 30037 43756 18786 31042 13134 41572 37987 29182 30124 39293 29689 31754 60370 14995 58758 32709 16672 35849 41579 33166 40180 28734 40966 41414 41647 42386 4025 40141 61873 50788 24290
19204 42331 18711 46819 41161 21771 32775 32027 44669 37921 39319 53994 8320 29184 40998 38319 48947 31236 31252 24268 28405 13200 27072 33695 45092 8708 36236 38282 40740 17598 24535 25068 29779 5919 14081 29221 33808 4231 17770 35732 48828 42071 39282 44955 45239 49645 40312 7064 33378 21673 38878 51436 30747 50157 43779 27896 29251 29464 21831 31002 27962 16778 28938 39605 33121 35492 13484 47909 25367 9668 12940 32716 25274 26187 22796 18955 27822 39833 62091 14144 2384 4366 42345 8397 56578 36363 29702 39953 43042 21997 15554 31339 50961 10263 14844 18749 12848 16360 33302 53734
32221 21696 34671 39365 23162 6656 39015 57916 37989 48902 24414 10409 37887 28467 25268 42606 23976 53735 33992 20714 37313 35458 33788 22909 27817 47204 31408 44422 50878 30445 57153 30311 37988 23933 33811 39294 26105 32628 38786 47148 26588 27698 41969 45011 25198 44824 36798 39374 47631 53124 40268 19331 28448 53462 27383 54861 40447 45681 29475 34702 32525 28594 35884 59559 26282 32762 26741 16118 17719 22185 38492 3037 42771 25375 32836 36027 13468 37053 27785 15088 45622 18144 32143 52187 32831 26860 12723 45278 39702 22078 25429 38743 39708 27190 18647 26792 13489 31799 62616 51760 14390
24478 21752 7502 37385 25548 46167 32612 51851 21537 47381 51665 34332 30717 58769 37364 34077 37569 38957 10542 9196 25547 35656 40160 56042 9851 54594 46696 48760 37428 26746 31529 32500 23122 37715 11391 26816 11832 32809 51148 25659 47430 13663 34417 30148 41690 38228 24012 48572 36437 24168 32575 30851 39703 11002 22568 32378 58497 29037 37353 50175 33265 33821 37345 22899 34503 37229 31088 27446 33382 9148 42485 49577 32810 41322 12498 49451 34678 19670 61285 27162 39850 17506 29456 22746 15396 33389 35122 50633 25669 23895 15147 34118 35693 34688 52826 34738 9469 36680 17441 22893 8275 24334
23006 41688 59599 48436 35058 43089 26067 19481 34494 51769 31422 35357 50336 34032 34544 53664 28667 28887 26058 22786 61995 49741 28330 12962 28818 51632 29937 19682 19601 29540 51199 61985 9094 51142 45876 18623 20179 27448 32241 21276 25559 7704 27539 61336 46065 48327 15229 22674 52355 16294 43278 9324 30444 15123 27558 50565 47243 57200 13990 35389 21186 31003 47468 40180 17135 28789 40793 33802 49780 18910 36813 8670 50864 9655 11816 46290 33027 49247 39370 22342 57036 29236 28179 32663 35181 44954 16995 32809 26180 35055 43546 1880 38578 43666 13464 40839 30745 23780 27966 12052 41940 33861 23402
30818 28489 41238 33404 39373 60371 20405 25047 36281 26324 51331 29912 10882 27053 24544 13024 41611 47548 34349 36687 33842 55395 18377 31109 14810 33537 19730 56547 35295 13046 23148 41158 38565 40353 53301 43154 56969 46180 43724 54180 15339 42141 33426 32092 58669 22446 3047 32029 27822 29430 5932 42564 49358 22484 37055 18482 44013 41898 33025 44615 21611 45015 35922 8163 48295 37306 29459 24679 17155 39604 4514 12081 41438 55334 24672 51105 28568 37742 29614 24858 40592 53743 31722 44792 32041 21765 17782 57502 46527 6674 47281 41324 20149 23159 23034 39104 10858 35730 18866 27131 34622 24261 50233 13437
32656 16750 41456 37799 35267 23791 22325 40663 30771 5799 29801 26989 31043 36854 9708 33484 38738 42555 46111 30288 47296 29400 33633 52060 40940 19243 37904 34128 27448 49302 33424 41866 38147 41080 34623 8555 29613 29745 30332 30291 47510 33056 49320 38307 62750 51367 29219 28345 37028 34852 13134 60661 53898 14584 18567 30649 23855 36996 4655 29284 44787 32806 36006 48214 41526 13633 20557 45296 27992 39217 37251 42896 41656 20824 8358 29591 45240 16151 27162 25701 25015 32716 30268 17754 23573 27865 26990 56791 41522 7069 33806 28985 37486 23927 41597 16099 26408 16329 48412 33332 14018 35826 59465 29324 29595
18257 54374 17228 27667 45896 52689 41938 19082 52533 15595 49023 5472 52858 9748 48563 44788 44150 10669 49614 54696 6281 33813 27440 41948 32786 36266 21817 36845 35955 47824 5961 27711 41738 39909 50368 26414 58680 23880 27902 35613 12383 51034 39780 48746 7642 15995 22352 50040 33551 17164 9250 47267 29017 29035 33085 38991 13850 33273 27134 14552 55987 18710 21958 52385 42114 46883 47093 25096 38121 55423 32747 25456 26951 21896 39177 38709 39676 29346 60076 40891 57191 36907 22584 31583 42986 10882 49418 33921 41443 55816 32898 29059 46772 21277 60931 21700 35772 26146 23786 40100 33370 32629 40088 37763 47088 10103
30829 57281 34269 33416 14281 33725 33152 20745 40461 24025 31802 61272 60055 43124 33644 21974 22727 31214 57460 6372 40960 17574 6325 59616 29598 55039 28043 37420 33540 23381 23640 32039 31122 22539 40573 11824 32422 44928 43352 50600 46497 40980 11851 32751 48611 50214 6836 46438 45773 37401 6133 23147 11197 23625 35693 32607 15379 20761 38524 53410 29490 31464 38529 38549 23670 16406 42206 46487 32578 25346 38641 44550 24310 33294 32284 7238 31472 38809 42942 47285 20113 31235 40247 55218 53561 23468 41958 59806 30281 51956 15661 31449 44319 12858 9834 46020 24859 55264 55550 22717 31135 24133 35402 18981 23050 17353 43948
33884 57788 25292 27271 8131 27670 29102 45111 20665 20598 33486 41502 26524 25149 33934 8605 20688 28875 16717 19474 38066 51072 24427 64223 22436 11709 24904 50019 23044 26335 42308 30461 30771 45641 26046 8975 43666 19290 14616 37112 34175 26994 37297 50711 47452 49138 15849 33742 37511 32312 59424 18299 63841 53157 5814 19072 29258 23449 11274 33340 40355 17780 59006 40975 47051 44182 24690 37208 6432 44127 36931 32633 46598 56367 18517 53200 7899 53094 46852 41918 32766 5476 59059 55461 8656 14730 15808 34784 26801 49974 32398 34517 54530 46536 51065 59103 33569 37027 37605 30048 11119 20260 14126 48057 41548 26796 26295 32584
22553 53403 12254 16751 22837 30289 32006 49037 52734 50479 38027 29442 31448 42130 39121 37165 49185 30686 34869 35696 39480 40560 15639 36649 41342 29608 60889 34234 35411 20201 44250 38018 9496 33680 26746 40160 24107 24830 27417 48182 15853 12947 23319 19427 26814 16303 15059 24902 40703 52147 26799 52672 15630 38397 40714 40626 47948 23021 29764 40314 11802 20198 23228 20347 17878 43076 41173 30225 20194 5482 28907 36510 45469 16824 20833 21123 29286 21644 9366 46878 45470 28999 43242 28113 11173 46921 30908 25594 14556 49651 35439 49915 52641 43171 12383 28723 31317 32441 39151 36098 27480 21400 20094 30407 26891 45724 46956 18148 22477
9000 38424 53943 47100 43164 35044 11170 42492 16982 35375 40708 23083 27575 28761 46653 10472 39967 28098 46764 33428 50927 37066 41395 29583 23429 17360 13488 42042 17729 19766 59652 22771 27525 20315 62480 29211 12720 18591 18226 27666 30498 37730 36813 24377 38716 26116 14141 32751 26972 53988 58084 40594 16611 18532 29731 10118 27953 37091 34904 41768 47526 53953 30949 13786 28067 36958 56105 40954 19589 43034 32899 15849 38319 21588 30293 34824 1152 43886 34302 37557 20568 40903 13533 36434 44184 32703 17492 51005 18590 30134 45505 42455 53195 34828 46726 11904 27007 39200 51202 33177 14618 26452 38805 56193 24060 36104 37534 38038 29573 32921
25215 41276 4373 5227 60566 37329 18956 30426 21060 37556 44490 45641 28907 27718 18352 44310 25062 33511 40732 43428 31387 22264 14190 50767 52325 34007 36873 32123 42150 50405 42058 42372 36031 27522 27538 28877 51726 59663 55617 60852 24053 18923 56503 1692 34259 13940 57685 33249 47880 62222 52856 33255 45811 24599 34692 34059 24310 63982 27606 58797 27759 55540 54990 23087 50368 12681 40911 29936 36168 21518 39478 9296 42854 11489 38244 45743 45180 50275 23737 18029 33257 16116 46997 25065 45324 23797 26969 25477 36678 31428 12643 34208 10744 37058 51987 24218 19072 45904 60876 24786 30273 37580 19690 23211 28311 31640 38864 30337 45284 22035 31198
15031 30345 9884 39538 35244 13540 36244 40173 41408 40279 51035 8367 40274 40256 44114 16665 62149 56833 12503 38281 29813 17657 58699 45407 20677 29576 30222 9214 37396 50957 43905 30914 40642 22762 27139 46862 47406 32381 12786 25154 32698 18728 40882 31164 27845 34378 27553 30941 22191 16195 59934 22277 28632 14706 35722 34709 18080 30265 56389 31211 17766 13046 33968 6503 12940 26890 18729 52587 45169 52694 35345 31062 48501 21176 50120 31880 13304 42259 36527 45666 51802 44611 40741 29250 37626 37802 17800 36745 31802 13993 28220 22935 53369 46238 41374 39884 46615 59115 33808 7561 44916 25327 22000 41515 6896 31241 29599 26901 45802 14747 54654 11686
36292 27396 36843 42814 40413 37795 54088 35134 12693 29914 27635 33540 62284 35847 16973 16369 26978 37516 23222 26469 30262 32200 54671 7360 22570 32539 28471 32610 43422 33764 32780 10923 57583 13701 31858 46587 53377 31068 62663 13490 9904 28874 38250 13872 28127 31025 42684 50646 35948 44012 36125 27394 50362 24161 18670 43284 13605 8683 30349 32623 22545 17388 52827 26992 33754 52677 42168 56952 27363 34004 27141 20967 39818 27259 43681 45853 32818 48153 36586 28027 57143 29454 23364 26718 23293 50361 28685 34602 29153 41596 18852 10556 32323 47541 32874 43508 13957 29638 51391 57525 11526 30222 29444 41180 20518 41452 27543 14794 59973 38082 15065 30431 41411
42991 34090 40827 30975 28882 35563 30463 52827 16588 10362 48329 56374 9534 54840 44089 14576 26502 43142 31922 22248 36103 20418 24976 33921 22301 38990 35382 60439 17194 27273 41476 37901 35471 51922 53336 24258 41642 55690 47251 35478 15581 54033 31253 45544 18054 36808 12351 51995 26887 33805 29295 43147 35263 49217 21509 30875 51726 28868 58468 50602 34643 56823 44776 30232 23280 27705 15092 19524 39491 39912 35816 26256 54958 35176 41250 16219 23952 27927 30211 44293 47177 39764 33259 57838 44088 33920 47163 27766 47807 13563 34897 46844 41276 54566 23949 34786 55568 43359 40785 33159 6044 37383 12540 41547 52798 35710 29166 17550 43609 44581 48520 40624 38217 11867
27432 49936 46192 56446 52783 8208 59695 42226 46589 32783 20708 36884 28146 35181 50417 16966 48495 48778 55989 64486 59345 32198 25487 39253 44155 33152 27873 37620 18124 57370 49162 32033 28196 35827 25193 34878 21988 21355 38240 32937 11626 24802 22093 20163 40983 47800 56978 30444 21835 17228 41870 39301 28774 14592 22177 29421 37064 46644 25898 56194 20945 45381 63627 18344 19169 31895 30242 18365 36696 18054 32592 34848 44694 39285 29047 20786 46076 23490 26098 1875 42728 20432 12839 43748 35514 37883 59249 22595 24277 41639 21298 18385 40598 53808 32459 52718 16734 21753 12186 23291 14989 47456 59137 31575 31107 27080 25183 22368 27041 11405 39700 45946 29252 42003 18047
28675 30416 20151 54786 35162 22178 34521 30459 38880 27930 33499 37580 53237 37275 21788 52948 33274 6018 27644 35954 39501 20016 37339 26888 41295 33029 27929 48629 15200 30561 32789 41112 43233 29861 43313 25170 17968 47151 8908 4228 35758 32095 33606 29836 36284 31640 48382 37837 31928 26166 40535 44963 9476 27804 53677 17776 28415 14890 56675 36501 24328 30270 41944 32880 38272 50233 58220 19555 20167 50043 46718 24524 25406 36709 37745 25613 18243 48981 52385 48773 35639 26283 36977 37012 23418 38090 26944 14233 32877 21774 15726 19702 24175 11994 20314 42505 30174 42382 48486 21556 25374 47240 33265 42198 24205 25385 29531 41295 15498 40145 50180 36606 28022 55521 33356 61253
32177 34487 39058 32642 38300 4531 52536 47382 63893 24887 17053 20834 35325 22690 30497 14788 49972 22356 17700 40863 48539 14510 25350 27727 44433 21518 25382 50486 25460 31957 13286 35765 19368 33379 40869 23850 28298 12312 19651 37623 28796 19797 48544 49787 37340 40311 20636 48405 44811 24545 16406 36903 16490 20466 8816 34064 23127 42250 27145 41263 11572 37514 25921 9702 34143 18384 15992 37011 52025 28733 31758 39576 33570 13105 32866 47444 19835 46092 35286 40487 59043 37422 13002 46704 42744 26871 29083 43921 33502 20423 39085 25320 2739 23038 22108 32214 27350 38652 46347 22973 27560 37410 6936 36856 29065 21198 19174 30189 31962 23648 25297 40183 10745 44603 23869 21112 45383
17340 36998 40913 59172 37956 44815 51808 48113 4915 50998 21383 48141 45033 50014 30885 4054 54727 27107 45850 31664 27690 56617 47173 24569 22134 39821 31112 47376 29704 32623 9281 8022 41024 48945 8658 18219 45697 27954 6042 33008 32296 30674 26360 47363 21142 43377 11598 30661 31531 43119 50171 57750 48967 30507 16478 14039 25163 29703 62424 54246 41877 22882 27594 12580 48773 48540 29074 58098 27262 37652 35475 39342 56028 43053 30761 41402 16130 42819 14262 25461 49744 38585 33435 25406 35876 22766 20022 16758 49119 11330 19433 14973 31969 11028 59666 42676 24203 19399 20243 31353 31803 24759 58187 50733 26961 38983 18202 13872 13616 31958 22495 37603 60212 29892 12028 16549 37568 49776
8655 16340 44852 33852 49594 11476 49134 13447 56348 49155 16463 43441 31317 52672 42935 38426 25028 50796 27015 34850 37835 46695 62749 59944 52680 17938 13785 33422 35100 14795 37661 29619 31528 29171 28744 15351 5450 60138 11450 13754 34021 15633 9172 38748 45909 40135 11508 29500 17916 23146 7035 14268 40507 25182 16073 12091 22896 15616 25150 32793 20733 36530 19771 44214 39489 38866 49949 37746 34459 13505 33607 28332 41837 24032 51480 21702 14870 10125 19440 14367 53237 16938 48944 26391 42604 64021 21046 3086 47833 47023 12387 44388 18078 32600 33047 11640 16154 29041 26546 51884 21933 19033 33684 40800 30646 57966 28701 8689 20119 44564 50349 42179 49070 48553 38052 22066 27740 48524 28514
16545 45571 30238 24648 19054 43518 52159 28340 46588 43443 48848 40454 41383 49789 27567 28065 34771 16830 35517 55522 48860 12503 28762 22314 31013 54566 36071 23513 50444 12301 27843 54863 36084 32491 47180 45549 38713 15136 13286 22032 34367 39435 49135 42524 22627 36110 22726 33134 26629 49543 38604 50022 60295 8408 44641 50023 30024 20576 28646 54478 29608 45438 51129 18172 12551 24980 48699 58705 21445 47617 30668 30509 24129 20516 46285 16369 44765 30046 20892 32507 32760 14096 50842 28587 26610 24216 43048 51556 22826 29017 42660 16258 41475 12463 36464 33128 27865 39420 18411 47734 49167 59041 22388 4618 32260 35836 56684 43909 25880 15215 38451 42567 36778 25176 23082 40369 29725 43545 40367 43297
25805 30737 28963 23543 36893 28064 32998 17814 32876 26661 38233 29018 39962 33026 4827 26278 42374 36245 31178 43226 47890 40768 26250 14164 55069 33634 4473 36213 53255 50011 52982 8861 22576 42122 36706 27181 32248 43089 24349 21379 11198 35854 26248 18943 42980 18722 27137 46339 38089 38126 18921 30702 28877 24784 33440 29216 38480 23083 44167 32506 15282 27227 31741 30170 29522 46786 16736 43553 43922 41153 26900 27439 44753 50614 31606 33892 41839 32515 40168 48417 35788 57863 36296 55491 17992 49185 10871 38573 3394 42675 27478 12862 30492 24348 25795 58070 30261 61115 50976 23510 22765 5874 57035 52380 51620 21791 37925 24713 52922 25252 27534 16125 19086 46304 34151 35672 31618 32051 40463 25850 31734
10492 3556 59203 16967 24989 51530 43411 41177 35956 24735 16202 17928 19170 32834 47048 48183 31305 28820 7790 59844 13316 38389 31386 37138 19833 28870 20396 20605 22531 40293 40199 8809 8452 21555 24072 23858 12765 27024 35344 45883 53228 52701 38015 13026 31891 36217 27829 18058 30001 20674 32275 13455 13094 23580 45046 40789 27601 4069 58818 34105 37012 26748 32468 16539 52941 32322 54924 34781 4062 34199 17485 27998 31014 52956 7028 24446 27652 50799 11106 43165 34266 29873 16247 28443 40967 32258 40723 46423 20458 41667 3479 55731 59108 16210 51809 38542 29270 52240 37073 33352 15262 23902 38986 36672 51231 41882 37928 35801 55605 27430 13262 8815 27714 40033 41628 22885 15015 15274 34800 37658 47554 26978
34603 3566 6901 25065 16301 25664 52126 32160 52439 35955 29983 45285 17927 55523 31959 35865 16029 30707 33830 15260 17916 62466 26731 34767 26496 45936 49928 21777 43660 30876 26971 41920 37504 25064 27846 36928 40634 59827 39592 21231 51867 26205 31841 49196 36227 35398 22352 51288 23251 25550 11479 63443 41449 23892 14932 30462 52773 15674 31016 35383 18153 42463 40628 37343 28564 5539 40022 35414 10118 59110 8049 3069 51744 20488 4449 52019 11968 58216 38792 38998 43207 36712 37703 24522 34709 40551 41468 43500 38538 46789 40201 39710 40199 23266 39373 29630 24169 26910 59815 4141 6675 39896 39417 59596 35684 35186 29730 37369 27068 9291 32129 15382 26748 15043 30584 45953 46850 30522 24421 57499 32943 24592 28330
18372 27875 22436 6822 35165 40702 40024 38073 25029 46688 18572 19010 10586 52841 21149 25763 21632 32377 36079 18746 29589 55792 42462 39272 45816 28718 42957 12943 23306 19604 63770 11786 20523 30336 23592 24895 37564 61778 28499 23945 48923 15469 11519 28746 36265 21294 27528 8931 53958 11510 23889 47794 32467 15653 37048 14617 7727 29467 28704 23415 22840 47673 49637 6956 29778 31196 10347 44439 20443 38248 41487 33818 26674 27706 35121 52243 54712 55730 37939 28388 52429 13619 54644 37356 40402 53786 47956 5770 46373 32712 36915 39456 39719 35229 31345 30221 29752 46841 31853 16304 32953 19261 29833 18538 40200 34247 7460 40348 49542 41463 35998 34980 33428 55088 13654 36581 37008 55502 26031 61883 47068 22068 18437 44680
24791 31426 25275 32429 36832 28118 38960 22408 25944 21201 42692 27259 40351 18707 43222 9444 4374 27645 38089 12325 13339 53997 48377 29085 38671 37187 53193 2732 26194 46690 22424 55473 27205 19878 15046 29966 34631 56946 48050 46369 48566 27686 30910 43596 10742 30240 27721 8686 33893 30657 60595 9575 41314 26729 11356 31254 29006 47993 47524 41309 32905 57423 32490 22682 30580 49739 49808 39214 39533 51407 9973 39034 18901 22330 43641 51164 33292 19692 10108 54455 23411 34118 21598 43111 35433 55206 17278 26702 24396 38765 58174 30157 50816 37883 32253 28226 51298 39088 47643 43791 35156 27885 39416 16787 18868 21519 31732 33581 26083 36217 6766 32063 22082 54410 35784 31016 44847 24738 16993 31815 41228 25890 35993 18430 63543
37224 38096 22955 40209 37077 57702 27312 37882 35529 21690 28780 32083 41636 11566 39999 38267 30662 34082 56200 46288 42383 21235 22441 20406 50015 26885 30208 30347 25750 30132 55278 21934 39060 33635 23253 13696 27322 30832 6160 31329 25190 5950 58629 9394 33528 32297 21263 53457 52179 42901 44944 46879 47188 27102 33769 44028 49116 30567 38264 8137 21963 24206 58783 40677 27009 35254 45501 20910 26207 16187 29490 31880 46018 41345 24413 32721 46350 44773 26528 55272 18848 16839 47449 40238 19672 37001 15850 33795 38425 44426 39602 23752 30912 34602 45328 37851 50222 26569 40550 45469 17347 30151 48147 23150 48863 45955 40822 52911 30947 32607 6640 27326 45357 37818 14562 42748 8989 34548 50602 38858 34326 19308 17835 28038 36212 12165
31297 29842 26778 23963 57550 38221 17128 23569 45747 21526 17340 36166 25934 20814 36471 12186 43521 51541 49785 23916 28202 38028 31523 36127 23339 10065 53203 37135 54883 37381 54249 6047 33074 33032 38600 43822 14583 48315 41932 12828 5908 43389 33368 28360 28903 18348 13772 32660 22482 45996 15750 24287 39220 42459 5351 25353 48749 29336 45903 15986 36060 35396 35871 32634 34275 31039 36533 36992 59104 26602 9841 14310 43316 6819 47797 38923 33344 61899 44768 12111 25442 27074 25170 22546 31229 6889 45164 18612 44909 14751 28812 37780 43284 38466 30227 10004 51283 40246 36961 52627 43656 22232 2774 11633 43285 26506 44243 51470 55641 36778 47541 32458 36019 11161 28895 35076 53381 46008 36272 32286 28206 48229 51080 20599 27405 62978 20936
20079 34948 11501 56270 41574 17393 18823 37115 21180 22198 20528 39087 16848 46642 24905 38474 44548 5061 47409 43308 45496 23758 45126 27829 17225 15023 15084 30789 46363 37574 27009 24380 13706 34420 26724 45306 20217 62235 32758 30944 26566 29206 38039 48716 16980 22731 42664 33950 31999 14485 21127 52025 37419 24278 53397 36218 55348 21743 30002 49858 33149 24638 12479 24177 40036 33317 36763 53223 37708 30723 14884 33413 11409 15160 29886 23976 35479 33059 40903 50356 11195 47910 47006 38662 27229 38559 21668 45054 31967 31984 11065 26367 30112 37752 35774 36710 17152 48022 25233 30868 12127 37548 47123 28137 24861 29209 12452 46789 55961 28476 36005 38537 31285 23414 10356 19603 31312 50216 31858 5187 29002 29360 40192 42236 20866 27761 14972 45594
26971 29383 8520 27392 25393 33556 47555 31502 50535 54969 34892 35234 29276 25364 44356 14877 43120 55687 58635 43999 33282 42864 34818 31305 30069 30257 35463 15545 21797 43817 31995 34447 20341 26552 35774 26414 28356 35133 32561 27122 39282 43290 48051 5694 37342 40109 16802 28530 30314 30040 44386 29932 16757 32890 46929 8717 18783 51059 46030 28213 16520 36770 4922 19653 46416 55913 25077 44315 37398 25894 51296 31383 40252 43322 35545 40091 31009 56326 35265 30342 42021 28392 49528 26552 30888 36675 51807 52114 44298 42611 22741 31090 21418 23002 48440 50361 23274 35545 58348 31943 36137 22222 21838 27900 37063 38683 46528 23737 26660 24863 17824 36699 29088 34361 24911 50245 26522 5067 33070 46806 24692 54068 14747 7790 52877 51667 47864 44654 32837
47370 20899 38452 40956 40503 26109 33057 13330 45756 31846 38549 40678 27640 13631 31216 40666 31563 19687 19090 52814 52756 39868 41947 41887 36277 38434 40235 61745 8076 52343 51682 25952 42234 27418 47456 35471 31585 14956 30470 18204 15388 40653 35378 23914 48273 39070 30276 27605 36379 50237 15007 27841 32284 23051 53920 46730 38389 44648 13736 31635 6916 45493 22295 19002 36523 28753 42573 36066 11849 4762 36523 35303 29502 56564 30606 25517 37609 44989 17498 39057 32428 34644 21612 755 25573 31770 33572 22837 44022 49775 42981 11702 31806 43700 38412 28374 46620 41287 40186 26357 30450 11913 34831 48243 38943 30426 40619 29103 44802 15003 42031 25867 36092 54826 22521 20710 16238 49640 30057 19360 36790 37430 46050 51096 33591 30578 50880 4913 23373 48638
56678 22727 38234 20025 9012 40637 27327 44162 16264 51058 20698 31034 21955 37190 30989 28865 34117 38552 53430 27512 26991 52683 33079 23997 39327 35131 28655 55281 10549 30539 48702 34420 42900 8794 51587 12711 40984 28872 43808 15849 6692 42228 14451 43928 6424 23872 33502 38680 7250 37899 22464 47303 40755 40885 49273 58628 39195 12958 33384 35888 32107 56102 40687 47787 48001 33708 54124 6358 16061 29330 39232 60175 28289 18999 42444 37303 11820 35067 60014 35118 56606 35134 38025 27093 22200 33120 36217 26635 29272 33728 31392 54318 33631 32448 15711 39586 22829 48319 29460 50116 48930 25629 29985 29686 31903 63290 55525 27542 21761 21622 28607 34565 34731 13872 18193 48804 20476 13002 43066 42705 25940 15523 39065 28654 31508 41499 55696 26201 49306 3474 26749
29299 24903 34152 32450 39068 33915 27644 4542 31029 52630 32688 21201 20637 23544 56036 12122 30514 51969 29685 53435 24920 45585 40263 40018 40813 9352 1334 45952 56784 45510 13861 29607 25826 25900 38514 30242 6403 50712 26752 36951 31380 55274 19115 54177 9715 39429 14167 36194 21377 1990 34016 50939 22430 6286 26025 50634 41643 16317 26640 35633 49415 27827 30328 21647 23312 35537 22333 39748 46378 33140 11459 38063 12211 13312 30055 12850 50954 33234 35721 8491 37776 17994 42379 19196 18853 55499 21964 54532 14762 36018 35500 41122 53245 12640 36491 52024 38143 37429 34761 11813 44304 30353 30917 24264 55441 41429 49121 11906 29664 21343 38780 43700 30558 50831 5622 40124 30572 13000 44462 35325 42088 19302 44295 13267 19124 49100 15965 38816 21167 47962 26643 28357
49336 25966 35976 11936 46384 24937 27164 34963 27767 20139 39726 27132 48878 51349 5665 31805 8435 26245 44369 9397 41703 48091 36641 33988 28970 22522 17904 31177 54301 17982 47134 40230 45087 36362 43018 50233 34190 45758 13334 32868 28878 46008 54945 40710 43581 35929 26123 10623 1594 46081 38068 58670 29990 40465 28924 21365 33633 14823 25922 12722 55628 29411 47080 31046 15173 12391 35661 24466 35245 21970 24017 54772 49380 17028 35284 35279 31051 20958 17846 58495 59201 23358 41942 35686 23332 45573 37526 57317 16728 42387 23637 32602 41530 33096 42867 49959 41516 35973 30288 16555 33164 35495 42828 51525 40123 47889 29894 27223 27674 22818 29984 27968 33799 39994 39609 22367 38116 14266 13297 27158 60175 23296 27432 41667 61161 45421 50878 47816 42194 25185 10514 10116 11563
37180 53382 39511 17491 23902 22394 32928 17064 25127 13387 33729 40078 46839 47453 35096 57955 28462 38156 12806 49286 39468 20923 23533 32600 17234 21960 41000 825 61950 25494 21533 52362 43408 39297 35111 30633 59755 29165 36008 48375 44268 17206 26625 28884 27508 49087 57488 33697 6243 30182 30647 33213 41753 20494 27349 37766 30455 38035 45898 32096 31578 58841 34421 40873 37798 16957 21944 30400 7992 33823 52849 39686 31088 57825 23042 16603 31153 28130 40394 14496 29528 38530 31528 61107 13766 42529 36734 27509 35931 17183 13355 54086 15991 28635 32398 26247 36731 35511 16392 33174 48837 52754 34298 40148 34741 53324 39362 19618 8622 33732 32963 49502 16396 14045 31833 18282 37426 37875 35302 18213 17280 41321 25291 17646 31572 49566 31846 24870 56591 45810 34841 55341 34833 36804
29506 33380 38843 20087 59203 21545 9067 49511 51579 56797 16001 38647 15178 19424 30816 55686 39439 26259 23652 28532 32556 37461 29168 39712 16383 53124 15460 31468 28138 47748 15134 35127 22092 35763 27007 40033 33413 38768 16103 26314 14324 52764 44727 30418 30715 48151 43085 14040 32760 35266 5897 27966 18764 31611 25165 15459 35160 29091 28024 8871 12666 26778 38890 31338 28437 30913 48388 31244 11141 22135 13348 46060 35884 21018 20651 38508 62059 55310 25081 27627 31648 28848 45934 23241 33069 49250 35947 25958 6257 34690 45133 27170 4811 41585 24183 41820 32157 35216 53832 42870 41542 20797 49952 26831 34341 43482 25696 46535 27292 24517 58726 47294 19721 23391 29075 30740 59086 8456 45127 22056 44362 53537 50402 37212 53725 10249 20164 17424 16870 32286 26957 25761 42695 18372 43997
17779 58846 38233 43476 5346 41100 37692 29330 23889 46131 35278 37240 34078 14894 56687 36324 20140 34787 36480 27446 55383 11949 14687 10449 40067 31726 38509 16914 29068 30983 31242 44634 35285 27478 54423 57609 29628 54333 12915 18815 39332 61723 15356 54045 16873 47952 13718 25920 36591 26683 32671 25420 32531 59710 38518 11422 27829 27575 4732 40086 36407 22792 43025 35479 30200 22160 42902 18942 37464 17838 32105 43564 44471 17348 12779 30337 61045 10801 59772 30301 22257 36436 25725 27937 50573 49550 32588 6699 29864 53568 12874 47323 31394 34504 37336 32916 51674 26505 20052 42162 45235 13535 13344 54424 55689 27692 11163 48038 19135 50897 47396 33082 59060 47660 32028 51381 27592 30623 46051 45431 29786 27784 46554 22241 30413 49737 30559 20561 17789 56897 35027 12583 36557 57808 38550 35014
23836 43605 26889 25226 38602 53554 25739 17878 32310 43973 35194 46602 45506 19312 29754 12932 43981 32146 23849 13989 17079 19339 39078 14797 10464 31418 38674 44893 27816 35969 58573 34483 30830 48702 10808 43823 37524 35154 43953 33843 23929 41758 18841 29982 55165 32000 32848 23888 23296 50267 59447 38954 7778 25227 46509 32010 13314 31986 14608 57169 35394 29937 24260 36447 27521 26598 44838 21908 32287 12083 20120 31825 50300 24631 32120 50675 40184 19537 38951 61917 49650 32995 38662 47982 51660 51020 3699 23046 42725 42219 11984 33030 42909 23330 50299 57292 30292 26447 47061 41401 39274 33492 36158 28205 62270 8976 25879 26760 49714 31075 31679 12330 41126 29484 43412 24691 34039 14797 58106 37059 49545 12964 14415 54394 33976 32530 54770 15096 22759 31865 33860 20382 42100 50228 10149 6602 43458
43945 49270 40156 34605 17459 27413 55351 14105 23348 57315 18232 36834 31245 29504 24896 17387 26140 38285 6575 24978 41155 54057 57317 21306 26465 21618 40771 24383 45910 24012 48934 43013 14849 20373 41714 44009 27844 42540 43524 50507 30973 31218 12220 43661 18446 32583 35709 28174 32598 34444 37028 32302 32820 31775 36498 9549 26634 26721 20647 35275 36919 28594 40515 11783 36378 21107 47815 28771 13076 60674 26001 35646 35974 47040 23041 38136 25550 18190 53114 32752 15951 19274 31064 39561 23909 37078 34558 36639 48754 32785 41932 25621 39639 7514 30496 31690 26610 35090 42075 38046 55077 32665 19165 51440 21966 22864 34311 36643 36175 35477 27959 14739 25351 41929 37837 30371 63574 20812 35116 20658 10907 23423 22704 11808 37688 42689 35260 20812 34699 13168 40880 55448 39158 40432 39402 15971 38104 40607
62411 22797 33937 35292 42163 23286 44416 53256 40963 21118 4359 32131 21785 43524 27780 47790 44885 42986 14680 19431 38425 28303 11492 37263 60612 31827 14470 34822 37558 11158 35233 51117 25424 45752 35217 34019 13808 9240 23992 36870 24055 28184 59255 21882 43717 56087 17452 23964 59322 4469 52537 19662 56375 37778 38909 25454 52121 16334 30167 32221 62787 53384 29737 38012 38036 56354 56402 48041 24812 21755 46001 9158 36268 35187 48040 6449 18994 9194 61845 33867 16863 43712 36570 26996 39955 32852 35030 26893 31790 25352 37097 16245 33168 27964 5234 17674 51097 38221 15571 28208 26025 44447 28522 19269 28448 25742 52632 2216 29534 17533 13503 61114 32196 13258 15930 25051 5552 29912 16239 25196 48770 42499 18873 36043 30621 49583 43642 39257 48222 40504 27411 23670 33830 60929 20706 18051 49749 16232 23881
25567 26187 31952 19879 56552 23401 27797 39772 30210 35084 45339 31687 36747 21144 51391 57418 42466 38762 36321 30275 20840 45794 14051 10004 18045 31843 22052 38940 54658 51018 23044 43706 60117 25336 36067 31824 36567 6861 38177 26173 26088 46633 29981 32224 45161 30829 35641 5274 51896 41207 37332 14284 44342 60199 40782 45268 27716 36448 42502 34069 47168 48638 29791 30187 23948 43364 46261 32952 17543 31730 28011 24285 29072 23814 32992 34232 34056 28673 44404 42667 47951 54339 36230 12052 27846 42285 38777 18517 3531 31261 40361 55245 11967 26227 52857 32476 31746 31122 46152 39649 15861 16086 46454 17726 22775 15778 37986 21329 52582 31062 28526 22140 14246 29008 49401 39966 20501 8433 24419 44439 27410 32665 32012 53318 30974 32937 10324 34189 34361 37759 52122 35530 47908 41851 44352 22878 23581 38911 28581 42666
18821 54378 37161 25612 32700 14364 27692 16103 38691 40566 14094 41111 50201 24278 33838 11902 22268 19613 16878 51709 48176 46891 15021 36978 31762 27104 38091 56127 15108 44061 21160 16323 47460 16703 21156 36701 21395 26793 20254 22383 33266 23994 56952 24920 22751 22482 29457 45687 35004 35410 23369 35886 24039 42136 49536 27611 49345 53765 44054 35552 13738 14841 32106 24220 23811 32724 29662 39023 29483 17142 10706 9656 20608 40639 5539 45017 26982 10895 35253 39984 52795 31174 13412 35870 11102 39876 40979 56581 18736 7146 45856 43072 35857 33174 12270 49973 29794 20520 46297 16191 7809 34563 15429 27072 17103 41348 7310 19481 46508 38668 34839 43944 59257 23291 36158 35279 25749 23729 5734 41965 21854 34703 27115 29538 32312 49906 43569 44429 49025 29246 54677 17360 38296 29904 18039 25481 39134 42504 45881 30234 32179
23881 44602 41186 38008 28144 42458 50496 18827 42846 25721 32918 42317 21747 36983 44099 19486 48655 44083 23974 32351 42515 38415 26144 39022 19549 34922 21266 37548 60493 39332 28122 33146 48454 48156 48091 38198 29348 48693 32369 39490 48074 19019 13054 30973 50200 26305 4835 13766 45804 30198 37758 61694 43943 46666 26161 26373 52649 16924 30810 28732 46163 36815 29531 33025 30467 29119 48275 43445 43289 38479 30050 38584 55800 34782 31527 36971 38140 11468 59204 31533 24968 18296 36631 22364 49916 30276 33794 16732 47286 45967 37732 29067 15895 21945 50845 48200 19071 36642 25356 37364 53583 60970 27155 32495 16869 56624 39184 43930 34721 41622 26980 56403 35301 24763 4208 29051 44048 38399 32658 59250 19842 40130 25645 22169 18844 43876 42909 29519 30652 21572 28484 36338 43843 34244 7299 37606 45969 35395 52408 35464 23558 34849
22853 6458 27651 33214 22409 32602 42725 21882 39139 39241 19471 15796 43701 24424 38624 20686 54878 26133 48824 33063 41277 23986 30456 40223 19636 37533 28414 20246 54817 27959 53803 40300 30438 29152 18399 27264 9314 16633 29562 29876 36853 38625 29788 22120 42750 52214 26085 34297 37599 21660 24437 21963 47350 16689 29804 29754 15012 48660 46122 27561 30027 37798 10768 41590 33350 42567 56700 23300 14075 30296 20942 45999 9413 41015 34409 9947 39174 56389 30378 35556 40223 32482 39410 37421 30318 30831 25505 51988 42581 21835 17175 8188 27187 48596 41909 22337 15208 30318 27864 4935 20307 24439 33252 53867 5974 30030 16950 28429 49359 20564 35118 40847 46368 42217 11823 30288 39336 17262 33942 25008 20422 38977 23492 44047 62684 11203 32537 31693 25161 41556 13813 21321 44396 48213 17337 37093 42918 54820 26563 28416 24152 26658 23923
33786 39648 1712 56364 49714 25249 57900 38730 30731 63223 18168 15920 53217 21828 40307 31806 20503 46825 27132 30930 23308 4420 19700 22349 44832 38327 33467 14095 59058 45472 58290 13177 30757 36449 58423 25577 13781 37209 38059 56255 20005 56296 41326 43614 19316 19309 21217 56098 37922 31050 3427 30062 27278 47837 20818 31906 27930 8584 47890 61468 5669 31402 769 19261 48143 20387 32126 34149 37176 26066 39658 37365 41984 48793 26533 57419 57030 38742 35856 23495 34796 26986 52361 27595 16849 59958 35185 29622 2773 35608 48936 21224 48472 31091 34319 58562 36794 40611 37509 32930 37978 40970 13544 31209 47514 24329 22940 40951 51673 30974 35070 48684 27511 51019 26480 39913 41172 57167 46416 31883 51280 37481 20223 8053 40010 60923 44254 16390 13092 47972 25419 38302 32573 32771 8872 21406 52981 32058 14163 43364 52396 12391 35245 16977
32450 21228 40470 17861 18326 23080 38127 22304 58762 30587 43671 5570 62206 6212 46956 40203 26191 26085 45010 33883 37345 50620 42023 24338 42000 22826 49354 48272 42815 32145 19996 43062 33228 52300 45181 43362 30234 39617 26702 50036 41605 31307 37357 30159 33137 14412 26043 48080 26938 24101 47128 36056 35907 12596 31077 23623 30954 13019 13825 39293 39314 41081 5706 12251 46231 62318 24228 34494 27741 24857 28525 33162 16193 23260 17668 32668 34723 36373 30666 23636 31717 25638 48159 28437 44646 622 25188 2876 36230 51788 22263 32810 25509 22818 41529 39231 55075 34895 26762 7643 27231 27954 27211 53599 31675 55596 33754 29481 17814 22942 11672 16025 24144 14310 31718 27410 47176 31079 40738 11248 41441 24445 25518 12438 17783 59274 45545 42084 43373 51951 36402 11960 12322 32522 39146 29427 38902 46397 36465 36981 31560 23270 18216 8863 53371
39271 14189 16591 27115 54815 28577 32357 30203 12910 39972 27332 32522 35763 34135 4424 27512 31568 36761 31060 32164 22179 15176 42568 21488 44814 9416 38786 59579 53744 33911 18531 4709 51369 11956 45131 33614 22680 5088 49819 51670 33567 49243 28337 20572 34204 23686 40941 56642 22896 44223 48561 37607 13308 4455 43868 28587 34462 34526 51278 52718 32441 42373 28648 25616 34217 41403 31112 17520 16592 19422 47247 23920 37263 36946 31837 31087 38212 30580 4178 48845 42321 9638 48079 12266 22293 23366 16945 43814 31727 29877 25307 27360 41281 27220 22828 34170 4202 53377 23684 27987 20169 22430 41028 28875 40384 52233 21450 47682 31405 5667 8823 20504 40690 47692 45995 38060 32750 22757 10950 18016 20225 44621 42792 32660 31114 37602 17457 13989 43243 31496 39233 48631 49794 63261 14776 50150 59312 13184 13558 21205 62935 30866 38492 20770 34386 10931
25928 33072 28295 19012 42266 33115 16337 29603 21813 19463 18322 24369 28918 46992 36651 57678 61374 30297 23546 27227 50413 38592 44897 34487 24547 33576 50879 24256 11265 33261 39796 14042 37028 46451 58079 61283 28976 39959 36450 33978 11522 36921 19291 36672 8058 18491 33580 17237 40955 54908 56116 29018 33250 10588 46290 34221 38032 35643 11624 34991 41829 41593 40533 40640 30145 29045 7416 34881 52997 54929 64178 41360 28303 35884 17636 58126 4031 43174 50412 57628 27128 7774 32813 19480 45206 48055 14339 28772 37628 11021 27088 13919 48266 29379 20213 8808 21662 30008 23760 21728 32409 28876 17603 35367 23003 32734 29740 39582 33221 39121 37997 64163 36277 36353 35557 47767 37131 36305 30964 34522 39722 8864 15353 42957 46958 45774 27990 33231 27962 32954 25193 38206 16366 10950 11412 32382 12008 43857 39222 30189 46473 22715 45487 53226 52017 25956 47966
31958 25409 24492 14245 35089 27927 12786 25570 40188 21523 8856 47478 31989 32663 21501 28098 35165 54018 17537 29220 16020 11700 52868 29695 46331 27406 10342 56495 41201 25198 58502 20886 53972 26421 28998 46101 46856 18627 39173 41354 21994 53880 33315 29527 21468 19381 44800 48859 28988 30679 32252 54645 35435 5697 43382 17543 38858 57938 51152 21872 44471 4970 52073 36239 31892 23786 33441 44614 20671 28208 38872 46323 37529 29341 37230 56056 50818 4497 20930 38324 36059 28268 38710 38535 41475 43150 31786 19152 56920 56151 30459 23537 46654 40487 55821 44872 47635 33886 54204 26166 38454 7516 28267 56861 37640 29826 36984 45144 38121 37166 31814 12877 7226 30400 20529 30039 50521 42139 34461 50904 18599 38428 30182 12337 31364 17060 53359 30400 19281 7571 42134 7143 18285 38473 23742 56581 38710 38951 16195 45946 32528 35466 61065 21669 57177 53462 26861 12776
46192 19048 35023 30881 38582 21152 33937 37426 47755 49377 28306 41978 61520 26760 13618 36696 42083 6390 8913 29102 24357 40331 24015 42075 17654 48551 26763 15550 5687 15531 8551 35896 44870 23029 49858 41002 34948 20709 25340 16882 13906 22750 29812 30451 26894 42300 50573 32905 27930 58722 32931 56342 43733 17584 44057 49915 42654 27268 43598 10902 32982 31295 47522 50249 30173 37697 29812 32114 24084 53483 20775 32627 44505 19099 8727 44971 62861 5041 38311 44922 24976 48016 13878 23615 47683 19860 27172 53084 25605 20768 29648 24111 24372 51604 29084 39450 18484 13902 24039 20604 22371 4783 36625 35509 24864 54807 14202 36388 54732 29671 25986 56363 49607 56189 33672 45608 52594 30777 22510 35196 48427 45437 34067 38792 61779 27304 35159 19882 26186 33562 16154 22853 46193 22068 56508 41909 36903 15188 29852 53852 51658 34267 29980 18075 19902 34089 10395 40400 42080
1182 46457 12637 29202 19355 40470 38561 30514 40317 16594 40699 36897 14759 22540 22477 13632 56184 31270 35446 64237 14928 6527 48213 37258 35216 33911 44748 17781 30870 58734 24377 32527 12995 17092 34558 17080 24439 32472 39802 45265 8722 22540 52749 34233 39412 26816 35862 39374 25213 42833 32503 57716 37645 58915 35854 27913 48900 21394 54460 26860 30146 31233 13923 40318 17064 49102 19038 28447 44308 59228 26131 24112 47206 36615 39645 34575 25601 12595 13854 41501 43842 42044 49463 33722 34186 39557 33158 40007 26169 41580 63597 30755 15535 42580 25419 49068 29773 27801 15232 14150 29808 38815 13931 48975 41084 42435 17774 21542 22478 29029 38375 36396 30150 45287 4408 8641 20935 30376 23744 24390 16174 12552 55774 45849 3420 43623 42484 42395 34737 35109 39521 23340 30093 53153 52356 37933 39505 23613 36286 44284 13659 26968 27504 40442 33291 36178 44792 31624 47044 47754
56761 30212 35298 48995 47375 55760 42952 50745 15964 36683 15574 54639 42753 39636 28778 53092 26716 40140 26085 29304 13263 20883 15527 22794 30392 4490 36881 31101 55929 20751 30593 9773 17521 8323 34391 36221 22016 11334 19446 14796 27781 15545 21434 37242 8546 46651 42246 55014 18933 39210 49978 43122 30624 33258 44468 32893 30658 43225 24533 13671 54203 25174 20733 31120 20714 40642 29837 56152 28849 27261 47587 50462 28782 60904 35935 32068 51586 60769 21347 42537 45390 18761 29262 15917 39216 32256 51328 40880 44683 41959 45402 33042 23227 28509 33850 29874 17186 45248 38017 59634 18721 21620 12687 43057 35350 25302 42692 22735 24419 32840 48001 32044 24167 27944 13091 29608 22657 34263 19725 30370 23315 17078 17566 40060 44924 14371 20790 22421 56091 5760 42550 30285 40786 43563 29436 41732 31103 56197 58089 25626 41732 44782 40285 39918 37184 50375 17848 2274 30099 22895 31578
