17
31618
22506 48890
16765 21129 14813
39241 7430 12057 50612
9364 43362 31508 46157 24760
25969 11355 43658 39321 31763 17613
14665 26389 17448 53834 23916 11531 16528
28338 32721 39772 41003 16357 30042 44520 48601
30658 32485 44175 41082 21546 51539 43825 31470 40702
60805 35246 44052 44573 28761 29670 16078 58215 49841 57786
27132 44220 16747 38665 4220 33787 46440 9137 16686 28422 21385
25494 46836 32700 15532 32404 22702 21500 32179 26767 14650 38313 3964
57701 38776 31391 22249 29940 24138 17600 42200 31520 42127 16877 13867 6086
11559 19461 13248 47815 26355 51432 45689 40963 27857 43638 45876 20314 34209 28303
41683 40108 42053 40722 23092 10202 59293 20960 40505 23747 39559 43226 40897 29509 46051
53727 31659 28484 54931 34511 15065 41117 53622 36234 53800 41777 8044 47087 41597 24289 59221
25568 30898 34698 31761 64316 36269 40208 56448 29666 34376 60240 13186 20405 29544 35371 22519 7313
