90
27739
22200 13614
12815 38437 40087
26057 33083 18022 29861
21002 16708 1663 45890 29010
42125 39886 18639 46849 47476 34741
49579 37495 27228 34707 50740 28437 32161
38088 39630 46136 38311 25779 40919 50500 12491
26806 53678 33174 10605 52783 51380 17550 46575 32384
47433 58767 59568 40712 29646 47094 12304 37158 25761 35620
22127 29244 37923 10873 33325 7081 9908 23893 46505 41676 23733
59161 20293 55558 4740 34595 35168 19384 49282 30931 31322 50240 31504
29580 38034 18433 62092 10922 42603 38999 29528 19856 23105 45732 26067 34718
13943 20553 20060 32818 40300 26276 19796 23213 19840 10007 7963 46703 24850 32512
39954 11993 20101 38849 14487 23369 26677 22201 34059 53023 23685 23880 11726 39358 13780
2253 31553 18050 55938 29354 20931 23758 36078 28733 12722 24578 27514 4840 14194 20348 28805
43018 7009 42653 29295 14595 12766 23749 9112 35634 27466 25941 4704 40953 54277 12203 43302 46262
38000 10023 44620 17098 28905 13099 17457 32662 51665 46870 59701 23672 39816 4680 30648 34515 32367 40994
9754 26627 42725 47106 34490 9578 58696 11593 34810 8297 42492 53079 29753 30302 29022 27020 29143 32939 27600
49993 33588 21679 54704 8171 34480 50121 35679 48853 13994 56155 34110 23398 10628 58564 55211 44286 53661 25955 45832
26366 32085 7834 25523 14532 22284 36295 21005 52657 25890 27724 33398 52517 35318 44936 38223 55936 33770 35035 18167 38178
27998 26020 28620 39019 15535 28485 33842 31675 50241 35612 38023 53874 45680 23178 19754 44016 37279 47857 30332 37782 51244 17836
29917 37058 6266 53281 18606 42708 8421 27563 36429 21807 23505 26028 32283 38704 40858 51077 27768 58424 7843 22164 18885 12199 26442
37947 41569 59613 25586 15833 40618 31547 23287 19662 33540 19998 28349 30329 45005 50410 40353 44092 8548 16124 16899 39797 28714 38836 37445
44422 20607 9845 8390 34766 37572 48796 23526 35756 41815 44938 36357 22146 35481 50335 23939 49583 27882 50491 52415 58002 35499 29887 14875 35468
16442 37513 24566 50942 34296 23033 54448 57670 28742 33394 35496 24263 44930 48976 53313 32989 36878 16374 20439 17642 31305 44996 36813 25679 29330 13848
29314 21610 39242 30291 46678 50845 43729 36821 30120 43078 32648 40447 9947 8903 35789 14383 40011 39807 24577 29125 33883 46030 10372 55844 26986 18707 11703
31912 45528 29872 54265 24756 40964 35843 39848 35240 53840 41070 41256 30434 17179 32592 40151 41923 51397 45577 25364 34731 38318 32248 25664 38395 47158 25727 44219
48657 6844 41724 25830 27469 33698 45776 53535 34065 38215 51548 20935 28348 19979 55294 25406 34734 34894 35865 40421 11080 31344 20233 46619 45288 46800 50736 31806 60399
11216 21231 23730 11197 9167 37540 24532 48050 50477 24241 43526 58159 37450 52341 31654 26001 59782 44367 45333 33339 34112 36513 17076 62604 31706 14794 50401 29668 16307 13353
26622 45988 7979 48928 30825 58154 50338 22541 24195 44503 46712 14418 40620 47883 22284 21838 22853 44582 25792 24673 51885 42632 31220 50922 19266 16273 36101 45643 20328 4257 28759
34786 59261 11544 21062 26896 16352 42070 48437 45879 8434 33212 38786 32690 28435 52392 41872 41959 43684 34938 32699 45361 28675 13461 42599 29938 30609 19542 28144 30859 38318 18206 35001
33114 15035 6221 34080 37057 29463 12099 52616 58399 59168 30561 43085 62676 23354 55300 47059 30783 44995 13456 31351 57282 24858 27746 19097 22715 34720 23258 24219 52364 22453 55131 51420 24724
41402 13634 30652 63026 21005 50160 13723 43720 28943 20165 43225 55221 41760 40225 21461 37464 43169 29285 38129 44050 24048 36335 42636 45636 47982 11039 40710 28236 21884 33112 61630 25997 23672 50166
27159 55651 40132 41564 46445 18224 32447 51178 55587 26709 34504 56318 14232 45616 21824 33273 36652 54819 42631 22843 31294 49548 54014 32037 28465 40397 20227 34069 16481 53317 10999 33899 39985 31316 4922
35466 3328 31065 20525 8910 31022 59062 50735 54426 8986 6089 30110 41806 10534 40436 31454 36424 34225 50838 36429 37097 36635 39695 33866 41617 30660 24766 52534 13985 52748 39173 62833 48247 31826 33090 42332
40819 18680 37590 41301 18167 54877 33570 18877 38498 41697 17284 39668 27924 35044 33119 44379 42606 48838 42511 46417 39374 22246 55030 33588 6805 16294 30069 33640 30755 50021 40682 15946 32216 34947 11447 22588 29461
37216 46139 37276 6967 15452 34517 18123 46497 50134 12775 28714 32178 48688 32464 41495 10954 40393 62191 36084 28746 12545 53158 32031 32144 41528 37459 56057 32253 30670 29784 10978 39153 5154 27412 36155 29132 46486 10215
15971 10222 30346 38960 38584 22199 19803 25937 35486 38279 35949 29864 43635 30654 25116 26518 41622 36028 55499 39805 47976 57314 22232 43448 22857 30862 40614 26541 31898 23072 52881 26295 49593 33787 24829 62520 24839 29052 11334
39313 12004 39428 25295 39968 39857 28915 37622 32071 46029 26025 10014 31333 40854 25479 26019 3290 9072 53738 28905 27141 40889 37942 18253 33608 37072 35272 17199 34305 36630 36352 6897 23442 52971 30785 24818 43354 41136 7144 33682
20664 28867 18518 52529 28430 51077 18667 25647 23995 18774 25863 19179 45598 46743 57355 24519 15768 27558 31061 23842 36234 24804 27717 22876 27474 43698 28734 18132 23635 31086 14492 29677 8681 39290 29890 35587 14710 62261 20496 37497 23643
35582 29156 27822 32758 33078 32159 22530 21929 37437 37537 61140 19154 38516 19531 42887 35027 569 49659 21623 29963 26093 34577 41991 12506 60912 10992 8342 39327 25251 47348 12420 51388 43109 14464 38448 37775 16276 44276 28668 35706 17556 38318
47175 32220 28611 28175 17777 29717 5504 44407 18906 13188 42540 51015 21474 48523 44583 10973 19944 20360 21970 17305 32334 58076 57739 30941 34675 44264 45491 44552 26551 40714 49834 17018 31098 59045 11473 37268 29468 60693 42119 29364 26364 55228 31274
47419 17276 34811 6686 46217 21243 6960 36032 45054 48089 27325 30322 29435 32886 35841 6034 16605 32562 53339 19585 22791 29292 50477 36256 30424 28806 46038 28493 20912 27615 41397 41450 40176 13015 20524 29141 34806 28622 48281 51055 48675 43300 41054 42776
26327 49464 28890 45361 42354 30316 24429 41497 6484 25376 22902 21038 24029 32177 34903 46548 35437 39043 53614 23913 12900 25074 22044 30028 25890 58465 29635 50654 11784 34350 50110 45951 5236 35260 7027 48784 39878 36199 35901 33647 50017 35731 25470 14973 34466
23196 10903 47130 23786 44261 9958 27815 47513 37068 22989 25731 3087 28852 32939 18444 49069 37625 38112 56230 15312 39423 19403 32687 58332 33827 38606 12422 38702 43973 41799 34444 12582 18247 23192 13857 2343 26888 25120 36774 29326 32616 39742 32633 15548 21703 41812
36347 13073 36741 54209 57228 7405 12801 16868 13453 48561 6813 16158 59740 21691 33720 22736 30298 7531 33714 22616 28648 20260 36074 17177 34404 7490 60867 23151 34352 46888 20633 39868 22443 18486 48079 16481 32564 30666 37316 48572 40236 26949 37080 50479 28147 15367 21354
50200 18922 35697 53213 25561 42351 28385 22669 35281 37091 31159 39901 22368 14502 15190 9260 10725 58649 48922 22490 6850 31387 35942 31046 32597 31114 42650 42706 59648 32330 36116 56029 42274 49465 15157 27591 48411 38582 10333 3056 30282 61218 51181 18872 53777 22237 35139 36734
3534 30280 22463 9124 41698 4545 6851 43145 50862 35241 13742 7309 27280 55904 34784 55824 48107 40007 27834 38770 42011 33725 15258 26386 51330 24864 18401 14162 35457 41172 24815 53905 34678 19254 21028 24367 39107 33960 25313 24460 54215 36232 22147 45576 35297 16951 60525 37122 18547
39702 57342 37596 22748 44163 26774 43509 49275 42720 47510 42157 49330 22155 33372 11620 22239 41957 28233 51834 48228 4942 9405 56910 26272 17703 51480 10050 34547 62927 31418 16310 35516 32164 54531 40455 39773 53514 28499 38041 40500 32863 23818 53704 46242 47106 44424 57335 15369 49236 27694
9604 19908 32181 8282 25810 48953 28806 19820 15421 41411 46373 29383 9769 17092 33779 35784 30962 43933 45392 36816 26363 41388 11677 29247 32418 42579 34105 41589 43594 30449 57474 35795 45135 36070 33756 38326 13077 40337 20389 9090 45305 39508 49212 38036 33883 12429 60930 17484 58269 18846 36183
35341 24862 2790 28316 47412 27454 54724 32303 41250 52317 18330 50289 36151 10971 47559 26050 17619 35095 16810 41603 35671 17779 12452 22290 40993 39502 5142 31696 48785 7688 46430 42270 40458 49920 39391 33626 29160 22425 33525 58086 27022 34351 28162 44065 45148 21797 37991 25450 28080 9946 60290 43298
17643 47534 42165 47529 21869 43008 44382 28000 14999 59443 44767 47269 35783 19619 36503 43993 23645 33715 60902 29532 15292 38850 43563 22415 13632 28464 56520 48337 20556 19548 56091 41856 36928 19880 46726 43008 62586 60787 15464 33455 30811 33309 30241 34796 4931 48646 43280 43032 14483 12174 22167 61331 55209
16660 48148 34494 23525 47354 21224 12791 11433 14751 20596 53663 11604 16739 42518 25110 15686 10918 33073 31677 47072 43976 19233 21235 29824 55080 43336 14358 18055 39720 32007 38794 32085 16935 25532 31148 58442 29317 46793 33502 49863 44706 35725 29566 56361 21726 13159 42989 28627 8088 48057 6284 14628 42290 28130
22969 61308 22539 20289 7126 50748 34435 41272 43841 27842 56058 24869 28763 36463 23504 18538 28548 21155 60260 19558 18717 23742 51224 40569 47493 52256 35916 44034 39194 15401 44637 7779 23616 17465 32943 23290 37717 30640 12702 33576 27320 26094 19341 29775 43722 6740 13530 51146 47083 40000 45032 54015 37500 61202 56083
10057 55003 4653 12479 37386 15721 33006 34632 7331 39558 12982 37137 35954 24211 39653 56440 25305 38383 43227 21472 56631 26872 51193 15781 29932 39954 24476 48171 24407 36763 54056 19919 36314 49138 33274 52465 44499 50552 18290 28659 43172 21645 31475 51508 9132 15762 28634 50964 32842 27877 30088 46067 23520 27367 55133 13873
36813 23544 23737 53293 12656 32889 51453 57417 37418 46280 23431 41188 16220 61766 20407 43102 33380 19028 23792 26902 24741 28752 46734 12655 39803 12188 35828 11205 45128 28823 34946 24187 22637 47008 54166 11248 35144 42264 37009 21124 62523 30047 24275 27798 34468 32982 55741 61577 59877 15323 39085 45241 33629 46799 12035 23433 29804
40466 44066 31576 39537 47621 7014 30342 36558 61191 33842 3954 9953 48502 27110 25726 29708 16822 19424 28681 17326 13349 9601 34931 7975 26914 28201 57372 19414 20750 39225 34148 51997 30793 38415 25258 23130 34612 20491 15952 29422 49709 44687 47797 19002 35221 38138 54841 53660 22988 25260 27452 13943 52019 29446 45086 25127 37417 7526
46910 31246 32524 46381 28414 24461 32320 35259 8637 45058 38946 26224 30171 17615 28948 37549 28088 45907 51572 53711 26548 52461 32163 25401 40494 7935 34306 33354 42888 29416 30447 58978 30241 19975 32972 49890 55385 29118 28663 18216 30864 23403 44241 40597 56614 50288 15290 28809 26746 41516 48403 24676 22766 42495 27963 36230 51426 48456 9360
37711 44723 37225 22390 35103 56517 34752 38475 33366 33140 49582 36206 36436 42787 40085 34112 47226 13360 45520 25121 34854 27390 22213 9330 32952 27113 40143 26769 41363 11093 20816 26335 26132 34206 32169 29628 50588 11047 26424 32649 45963 10830 36703 38565 40769 28022 13181 24942 29727 15099 19698 9288 39298 13633 4381 16273 29390 55973 29024 44968
24416 34183 6937 3310 47768 27721 30634 35779 23513 41290 44146 31880 38528 37610 39632 52123 14830 35721 24614 33117 37251 12679 54739 16942 25759 34627 37174 20079 30371 27423 25520 33406 34541 6010 55970 54972 53469 41652 16234 24458 35798 32556 38763 19782 27444 31557 41985 60498 7770 16731 57998 9485 20648 22481 35955 31702 10620 41222 38670 37134 19511
56154 46017 41237 22585 8492 53226 33868 26851 26847 38123 12049 38291 33999 26659 12741 29097 41823 27378 47304 35976 52974 31415 35963 29068 28124 45268 4413 10264 49800 25255 18284 13196 27476 41362 19308 37702 25247 15092 54683 17063 32457 47149 47704 47375 29234 24220 59908 59871 52026 44963 28927 50293 29760 26784 30634 13361 45990 756 49763 41077 43979 13312
12683 27808 23311 60706 49538 30738 39890 23485 35497 40492 42100 26925 49503 46668 34644 15060 13826 37843 13012 12819 21750 34337 29011 27720 42648 22678 26929 49877 20298 21139 40142 19225 36714 14197 27274 54899 17241 50847 36036 29253 25464 47984 6622 26606 33829 19784 33847 15565 21954 44936 39471 12868 42157 37262 34342 17841 22855 7867 20092 12406 30704 32367 21904
26610 41225 21514 22980 40325 37105 48876 30072 48782 40966 55925 7945 29807 49836 15877 10459 42118 35137 31996 49482 61492 8228 42682 29369 13531 20406 18080 41862 35798 31831 25612 38420 51851 42600 33374 59583 33365 27207 41209 38379 32918 32853 15162 29684 20143 15602 51330 13629 45566 36991 15409 26660 11237 34651 34215 30476 31171 18916 36933 43089 5368 40062 17256 40535
13027 24455 33396 22395 50406 36702 44230 44573 30815 17508 7614 22687 46768 45817 11455 26976 9528 43902 44326 20160 42326 39505 28244 21279 21612 34771 48041 40157 35801 39012 56453 44633 24828 3173 37961 26101 42294 49204 8787 32272 58856 44082 49667 36106 27760 25792 10940 34114 15921 39484 4058 46363 40071 39176 8384 18161 34004 51587 35022 49447 45177 45068 28514 34332 38100
27908 30685 21552 25415 15563 16799 50626 35120 30658 26633 20789 45041 4679 633 18661 48361 40123 9295 56117 20856 50046 23790 4740 19197 52977 47026 21810 17114 41843 48126 58782 36461 16738 27954 57898 48920 17698 19116 17717 8762 26385 20429 25887 16691 31630 29685 62536 24930 29434 10885 33040 33833 22965 25307 30166 26342 22560 34903 39164 33530 12953 33371 3297 36294 51585 13382
20453 30888 39224 32120 15464 28931 47647 14674 35018 57395 24725 16178 18282 27546 23800 25209 26282 29849 7084 29319 45289 6286 9486 15036 52359 12507 40320 33401 15332 21215 50528 36123 56672 53241 30991 6661 60250 46475 45294 25750 31796 19700 33115 42030 33357 39827 39608 35886 52229 25290 51555 19444 33724 8183 30141 36577 12242 35964 9254 31829 45734 40376 29951 47024 19098 34059 42151
24658 37390 45012 35708 37275 32607 18293 40418 25323 25841 12620 27703 26530 28960 36538 41690 12064 44623 15649 35372 17606 33500 54748 34445 12274 12586 44625 39006 29700 22421 55259 56317 36959 28801 40924 2507 32864 21066 36789 30248 15208 12115 27844 37237 13527 38394 47211 26641 23565 28834 45065 41562 40043 34215 19710 33972 23886 30573 50345 61309 33306 50257 34924 24340 27180 18099 17829 27610
28900 46325 58806 18991 60837 41334 36350 19060 13260 31382 8156 55559 37562 35509 14514 32329 54735 30771 45535 24218 17515 17775 41154 47707 41455 53451 54972 28138 11705 21670 24878 61864 41769 26464 35190 55798 14754 64344 21751 22322 42112 24305 34061 13758 37670 15495 38682 24057 45300 39549 50303 54338 9544 56114 33434 14586 37763 15622 33485 18561 39685 55896 12918 23352 55087 43403 47863 25981 24415
31995 33199 30641 18165 33547 10238 15924 40276 17946 35651 33127 28120 44168 17632 42409 16356 30900 43571 43864 5848 18688 19614 11992 29202 38859 31104 26759 52467 47989 47673 11460 40667 26206 21544 27632 56107 42726 18607 45675 28993 26476 21804 43158 52349 28242 62208 37583 21569 56823 22412 53623 27628 46267 29742 57582 29406 52478 30281 22933 50296 23840 18233 28619 47128 30592 35936 29678 41247 35456 42783
53858 52973 24703 13524 37764 36066 8157 36577 23478 41567 51962 51877 27478 21185 49206 47487 40645 23915 47600 26833 28260 32188 20106 41466 28305 27412 28771 27225 20398 22740 28123 33616 24089 30298 29010 27197 33331 28423 33064 22658 49244 27195 32700 17278 14581 35670 11120 56465 43101 29112 40612 37146 26354 47297 20405 35451 59672 30673 37127 44562 16173 16968 37110 40256 38288 10118 23013 13671 46242 45804 53810
36834 32963 60376 15424 33303 31316 54698 13931 40289 15795 28613 47895 44834 33601 13702 8352 49339 40798 7758 39273 38794 33387 40317 46032 13553 47303 41587 23096 22095 27344 6289 21245 29956 56554 26420 16515 50799 28531 29120 41255 15346 40650 38802 53065 33515 33616 46090 33099 33980 20837 7819 18828 26308 22890 10866 5740 35426 34749 42784 45643 36088 58559 24565 50057 18405 38096 40017 52357 53384 22609 40853 43937
30786 35744 43295 39740 52340 10014 29775 45494 5756 48940 47240 24942 56253 33832 43302 30919 56723 17012 30092 41501 39264 25199 51482 25555 51333 26744 19246 8264 24672 29936 7977 38364 37459 50231 58475 24302 52156 11950 46677 29153 46589 10419 44101 41233 13941 49831 22939 39649 28292 43242 19898 59824 48009 9181 37886 29662 14054 6111 46026 31690 46585 34126 45182 8150 51748 2190 35192 55905 16582 23037 47641 33227 9023
19962 47553 18548 14062 21734 31697 15548 32053 31521 28583 18690 45938 26892 32931 13224 21254 25349 38439 40717 4434 51565 37778 35217 24500 39076 22596 19860 27535 26891 49054 41334 7743 28417 41214 38806 40230 31460 20421 40534 18853 31000 6995 32789 49434 29178 20232 25395 23783 2540 45637 18960 12907 33100 34919 37644 37637 46203 37073 30854 3095 39898 1762 37088 59136 52167 41466 20089 43295 62628 38266 32689 37846 25295 37056
20200 42115 32425 48941 49790 5256 52370 18465 15570 22852 27883 20220 31814 42007 39955 29470 39738 25184 45672 53223 36875 48513 42062 31927 44317 6872 33315 3310 41164 39878 30790 36844 30075 40365 20248 37138 37256 14824 27385 38846 14166 50653 52298 42832 34113 21223 36713 48939 30125 44648 27831 23212 24310 25025 14484 28980 29567 12880 25441 30243 49574 41335 31101 55513 13262 27797 41798 33975 36947 36106 42272 57626 31129 47157 24425
20838 28157 24440 52864 13560 18399 45105 35526 26416 15777 37826 51355 16241 24994 12170 55392 37144 41538 25832 9843 43910 51681 20798 47925 23067 32479 19947 47878 25655 17307 28750 26183 36155 30327 35272 6486 38021 20946 42938 19604 13685 27660 37762 37986 42862 14212 21123 41246 40396 33437 42521 48938 18418 30643 35750 22245 53568 40233 48267 27822 24852 21854 44582 41190 39631 24242 37337 12269 40401 21380 21762 29220 34171 10807 41219 23529
59691 46375 23355 32157 23617 41655 42250 928 60960 32070 23503 46675 43556 43828 39148 31253 6064 28384 45503 53060 14884 59052 14250 21060 4318 36087 30732 15219 38719 47137 31813 24368 17575 39562 35252 44508 35959 49810 41403 46039 24077 39576 33208 39298 9417 59646 8972 41787 18445 20515 15128 45411 43832 20071 47930 16474 44458 48682 20693 26753 10948 54732 25925 24119 31204 42924 40428 29146 61035 41516 23595 36814 55225 36779 15712 49264 33070
38537 39661 43042 12843 47398 35377 34626 11789 21986 23691 47665 46135 42780 8029 47440 32776 17206 39942 39165 18656 7311 55269 35226 16928 33159 37980 55173 39718 40062 20169 27423 32595 29652 16526 51400 38407 27112 24330 37089 33442 48412 23453 32713 25732 34768 9126 28126 22285 16481 24711 20356 29085 47411 30622 13593 18324 41122 35404 51964 26706 33041 30195 22926 24376 49374 54254 50479 13220 41580 31139 36416 26870 50199 63597 20767 32401 41027 40366
17965 28626 36172 29383 16842 46106 48533 48406 46167 16073 49020 32253 10803 32575 32100 29403 52156 57565 48553 38160 56662 51968 8879 6651 16223 41228 10963 29438 60982 16990 12405 52599 33340 35414 27127 37576 45009 20567 27064 26704 51030 59326 7704 44910 46377 40940 53623 34180 33195 50241 43573 50161 53564 39965 43697 32788 25661 60129 12621 35662 38668 28651 30824 29440 25098 26267 38498 32904 55704 34388 32154 47433 11796 33394 31859 24223 44000 35416 15689
28140 15195 18790 18047 41105 57572 59130 31348 60396 48348 34421 38792 33119 35747 50999 14362 52808 42394 50337 21133 31753 32543 38417 47421 28673 10387 52967 39565 52112 20054 32390 32988 27669 47305 12362 53898 27378 52299 27542 20982 40325 35130 46026 40322 38192 35834 2116 44941 40786 36073 25701 24183 17739 57446 16269 56480 19578 30418 36125 14440 13889 56461 15475 23598 16382 47608 14575 36436 25362 21361 59891 28985 54494 35161 45790 33597 34496 55312 29456 40640
42523 22519 34282 31266 40011 15725 49866 10178 36530 55504 32017 38402 24241 38532 33823 36673 43430 32486 9044 14815 18675 46680 8721 38972 20983 32056 17331 35000 38417 12263 18333 17842 41635 18118 26926 25996 16652 54835 24518 55973 30379 36496 24262 29533 34018 15419 38284 55828 26895 51093 44921 38186 23700 46334 21485 34558 21712 42199 42568 28146 33571 21375 50666 25702 21740 6484 20019 24759 29581 60090 22147 46409 17508 22543 29242 36984 26834 36274 12472 31911 48697
21508 40286 24628 56820 36709 49034 32130 40297 49206 39580 29421 3571 33493 44535 15065 31988 36771 29944 43938 29645 47872 26368 30635 47068 30029 30575 11602 19075 51945 5541 46842 26913 58418 44291 56063 3350 34188 42214 15301 60353 36693 57522 22441 30340 32236 16324 35083 23229 27058 40316 34381 33230 34567 20797 25038 37142 42572 44644 35310 27124 46047 33874 51469 10698 14369 40551 17803 10743 22386 17411 33223 32730 53811 14471 23587 31956 33986 15185 36606 11846 26496 34753
12472 56718 3790 21818 13232 36879 43786 22296 26185 34597 34966 15550 29407 49202 36817 45452 24533 29847 17690 56544 36746 39346 51410 25115 16478 24805 22361 24733 36016 14222 51472 29639 60131 50959 37461 13047 44371 29895 50057 12685 33379 25110 35084 32492 29810 27739 43839 9840 27104 44280 36481 44924 42252 31051 13104 40304 50264 25270 13744 28586 16931 46744 20063 41355 29901 32337 20892 43635 36534 32576 45000 32195 7742 15047 30019 35545 36292 28228 19054 15637 41898 37656 29607
31705 33359 56996 20815 10884 10259 16966 57286 10358 28502 27489 46957 20752 36472 17233 36003 31664 38872 28536 44998 31671 31192 20791 36154 41093 32471 34284 44380 13690 52533 26361 13454 33271 26450 35261 25390 18777 11150 49047 38301 19203 21576 5609 17468 16980 30690 22034 33641 26284 35003 34161 33670 27500 21811 25960 37105 32754 34730 62293 37899 53151 42624 59546 37172 33235 37908 14998 10445 47598 36552 39593 38709 38736 45308 30258 46282 46425 28941 30355 30192 43881 8543 33066 27397
36064 61518 46936 49256 26910 26685 30335 15994 19332 28554 55290 51611 47984 51352 12591 25132 48194 37315 37753 42123 52573 50543 52282 18713 59934 47608 25811 42038 2534 41409 41634 42563 40981 35624 34569 23455 7179 57488 20327 27816 26921 59477 29980 40386 28364 17627 44423 20299 36952 29823 27146 32162 44330 20897 55299 16680 8354 37539 24788 52797 49699 18916 10716 30018 58634 26052 38010 8853 55480 12451 48656 24215 26765 53473 32765 52648 23529 18653 28576 45097 30253 30457 24154 57976 30391
38292 55692 23798 39143 15118 10900 13316 5152 22982 22229 38912 39870 16415 40875 54604 24356 39029 33400 21575 2482 26923 14493 39248 17094 38048 46968 17608 44481 22836 12395 37647 27139 53574 37076 56454 37613 29497 33301 5515 49117 37225 27021 20095 33843 23097 26780 46018 28498 22536 23713 36277 35990 61750 57086 16567 25442 59426 50449 52518 30486 56110 41020 20326 50960 50361 48606 32725 20145 31523 42839 45778 34137 45260 8710 55486 24169 29716 12109 32249 18751 44890 35978 19172 45371 43264 13086
33757 32191 33637 22634 35141 37418 15593 28108 22396 19932 12268 41127 1763 35894 37582 23127 19417 42134 30702 49214 63164 27229 52654 13245 29680 44267 56941 21042 19410 47008 20619 29951 8900 53725 9832 12675 14628 48895 15972 55581 27475 48745 21214 31023 12722 35706 31288 23320 8351 23954 42705 33847 26748 59410 9993 13806 21927 23128 42304 28059 53377 24517 42966 25760 23914 40889 4394 36956 7363 48532 40862 8751 19179 22710 28050 34680 49216 35967 29027 27033 28966 28751 32117 44528 28155 38790 49188
30174 25374 37252 17363 7877 39152 59818 28384 16896 29649 10070 33710 13557 29730 19944 41113 2303 46657 56515 16389 35712 29327 20292 47182 17881 32108 40140 15319 32104 18233 47291 22782 45967 23637 37489 31270 42413 25886 38223 58795 19746 42488 43186 15857 24397 32577 12286 33109 19856 60760 35472 35383 17737 34974 37832 3833 45018 34163 41737 41466 45730 46136 35760 45466 44800 33099 7454 34873 49750 29965 41651 19511 17923 13278 25551 32755 20326 32287 9171 33231 45024 45102 41501 35882 29906 49772 39437 13668
26522 18746 17158 61404 36251 29942 53348 35317 10289 37378 29066 11787 13502 35005 20952 25217 27811 23942 39084 35254 17726 45246 26983 25098 28657 16069 25449 34268 23066 24572 41491 27535 44315 35009 15555 25983 20051 18805 18137 8719 24354 20088 53176 43934 15591 24619 58044 26764 33028 58093 34632 39736 32983 22300 49340 57860 52674 55580 36470 46927 46372 41291 27607 29049 49245 33800 20543 17122 46284 61876 12047 47594 37843 30383 30629 49392 39632 47962 38241 7766 17188 33811 28581 29819 49712 45371 59856 16831 2386
48946 25410 24706 17901 18009 14172 34596 57693 31503 48508 51204 33028 44466 51459 37252 34371 51878 43345 11779 36472 23112 43462 17377 29445 33018 37315 21886 18761 32538 42149 16698 25251 45321 41423 49524 19573 36648 17568 27790 20510 44501 17528 46311 29437 15730 54456 26847 30324 35421 9406 13014 55265 31991 24555 39212 53414 39328 11679 32320 22050 32953 12602 41076 39349 28321 35356 6696 35006 15286 21413 25017 52383 23644 9525 51595 51894 24817 37420 32762 42084 30164 43498 36713 14091 25446 30672 56886 39942 36359 33596
