90
46320
19864 55656
24880 45098 51032
27631 43179 55862 40581
16184 28417 29172 35067 47141
16400 25158 51356 42900 29628 16907
43849 19047 44514 54307 35553 18812 56931
34671 19780 14773 49439 30413 25682 7152 24054
26909 52715 23823 35016 20801 5102 22000 24950 19993
52284 19317 54239 10883 39094 28285 6113 56671 42811 56295
45408 35215 12715 40085 28729 32242 32230 42340 61517 46440 24011
22329 39293 54993 12092 32494 8102 46349 56344 21865 33452 52988 23102
32644 36460 20350 43921 36388 23239 36211 24045 32294 52125 35771 35636 14444
37070 31030 22855 37332 42555 45252 31237 19264 21442 14661 11086 37262 44357 50584
14082 32160 4770 46240 29441 37973 44986 37178 49450 18060 31853 4678 36702 61735 15515
39590 55167 56580 32805 47418 40809 16133 41704 43232 30975 14344 19656 20600 33312 21743 29090
49892 25771 36504 53591 16132 22146 51684 30663 44982 39300 22452 15570 43994 31632 29926 17497 30290
22152 19036 32314 32253 36939 27892 42583 23995 39608 23951 50318 23661 29617 35086 11456 27889 42261 51279
32461 44583 50372 24628 42645 27377 29853 33179 23544 6703 25219 51558 8918 24255 18514 49267 19216 34689 60396
56228 28804 36695 7987 31703 31507 7456 16387 28142 40606 33724 47166 27335 56066 16907 32197 5956 31779 33517 37495
33859 39391 7490 33844 44710 38933 37866 27868 32587 42662 38341 29263 51988 49522 32179 18028 21215 45145 21140 42772 50061
34619 51016 24104 46591 42488 15022 16775 44819 14448 14248 45841 40875 46724 29974 41126 25765 25619 21974 33829 50914 53499 26824
25456 31555 55584 26830 20582 8870 42078 15560 59622 18925 42649 30612 22227 59894 40879 22546 20489 59299 39806 18724 38506 37842 29162
25001 30679 11109 18128 25729 20015 22330 35345 49293 32594 44083 30605 37035 32032 43822 38692 39867 50553 49421 15542 21663 25148 18094 34852
23095 26954 33011 25933 30561 31876 41147 35855 8957 18889 17125 32846 32749 35577 28755 37351 56592 34292 40418 56507 46406 3225 44151 51371 12143
31946 26860 35220 40555 49254 35879 40794 33050 52556 15106 21978 33372 42335 34402 17653 30993 54907 27428 53387 26649 31362 53802 43132 32340 14165 4178
18601 5794 16083 26238 30960 47075 52956 33164 52531 38134 12624 31326 42320 36030 15375 21971 44328 10776 20728 33994 23707 9188 24044 25637 30601 23812 56525
15554 36307 25688 54135 17283 31574 29886 21453 39238 26614 29974 31662 51949 51088 30786 29945 53590 23045 48418 30096 37218 43829 11924 16210 56306 37632 25464 8222
60900 46407 7856 29142 28698 33256 53019 39513 30578 13509 36761 35718 33997 21948 42763 17215 34060 14510 34895 52067 20749 32123 21061 47570 11698 36867 20431 45163 52185
43046 30669 23825 18532 18884 27933 31136 44081 50366 32415 19450 27682 46322 42805 42497 26901 33345 36286 26001 28652 24716 34074 29836 47493 20400 35881 51411 27330 7057 19915
25669 38017 23565 8416 21698 45988 29955 34888 46122 12553 38484 45795 43101 24978 48096 31633 25402 34333 11655 26930 41634 19339 32553 11942 12406 51901 37030 43724 25237 34961 36318
26758 39647 30185 28338 7860 18228 61347 30465 12340 24947 16032 13993 44006 28542 38849 35214 19628 33588 39908 38796 31078 14964 22507 21639 50418 48929 17588 32861 28208 18199 50977 42732
24578 37944 45072 40984 45383 29797 48227 36798 42207 49533 38136 26047 43435 24928 20145 24059 55945 17902 27244 32850 32345 27911 21771 41124 34813 24714 26476 24274 38485 46680 26225 42683 29759
36946 33529 12349 6299 40023 23011 32572 9803 5191 62481 25493 27694 48642 18016 31017 58660 27495 12725 10201 14349 31320 33514 41858 47049 54452 29413 60424 25400 28762 42624 19784 25914 53037 44704
57123 38063 32521 34850 34169 29815 39376 39912 28714 13170 50531 48848 39703 44160 45985 12732 52766 26241 41578 8586 7457 37972 56222 42780 59390 38108 13597 18257 55958 29430 4294 29448 60617 25986 56442
34595 25207 20322 37403 19584 19329 16246 14213 30721 33732 28828 24219 43652 13092 18868 42300 28907 52606 23968 46407 17428 37555 27456 50334 35040 36515 23922 38176 36912 39214 51990 29868 38626 54837 30478 15652
17880 13718 53305 54375 45552 29491 29047 44116 23563 38634 41385 49869 45322 29852 54189 8625 35275 44073 9827 24288 11056 10609 58541 39993 50711 42068 34155 34719 30562 41138 43899 23278 18415 28268 9661 56328 11424
10592 28435 56527 34387 47471 11868 15135 41450 21114 13944 57562 47171 29790 34375 50145 28224 27391 18601 58899 54463 20027 54398 21840 26786 33265 44198 11128 37575 46594 32769 36459 43024 58958 10607 45064 26971 55989 45008
20016 33673 42775 17924 12996 36731 43860 19178 13219 37391 37708 51556 45741 31783 22240 30802 40386 43681 47599 47762 28353 26206 52311 40708 43916 25663 27132 24714 26114 50466 47802 26116 48130 38377 45685 16976 22383 20338 37131
46158 28197 22175 25178 9952 16902 31822 32326 45285 41203 32097 34988 38205 25803 33462 29037 49865 29550 41263 29801 21607 16060 22954 39296 4343 17557 6409 46226 27483 3800 14378 58752 33395 13158 31727 38953 41245 21536 5431 33899
48697 40677 41185 44586 31913 19861 42959 25923 43852 9744 40670 50583 17666 31285 26355 46855 61611 42982 52456 28016 33063 6402 35235 59574 30038 50024 49662 29878 30744 43259 34526 43345 57421 22423 21792 27239 12501 26910 38310 26584 39056
33649 7502 40325 29278 22639 44282 54092 17695 42488 29064 7439 17330 46572 33754 23212 52474 56875 26831 14340 27604 32916 37190 44279 22304 35592 23073 64869 29120 30569 35902 47407 19092 52115 23679 48178 40058 39273 60354 11858 20050 32458 50921
33644 29438 42389 26322 31585 18782 50092 12382 8721 48208 39662 29806 53084 58036 31034 61408 10019 32620 47218 52118 39236 33111 48757 7278 57761 33621 32034 25417 34840 52295 62043 36104 24714 20235 43007 29321 35543 10881 13294 22702 29407 10635 47111
28757 20610 17161 25133 22112 42912 6617 27708 37805 18458 31963 39958 40222 52686 26353 50077 21393 41117 32506 49325 33768 29800 6102 64808 26369 51468 12389 28399 41406 27245 29575 38881 50429 28777 47132 1502 19872 48863 33028 21190 42117 34224 32031 9337
7822 16572 34637 11478 31897 47075 42606 43454 27527 32517 36194 25874 33849 30210 6920 46257 52109 18618 23106 31355 45669 28430 33264 42064 38303 11485 29936 44047 15900 4613 16930 38810 24765 31338 42088 30928 40544 36328 33442 28048 33767 49251 28590 8125 35376
20921 43628 50483 5661 19912 40382 8148 30860 35956 57475 32129 28255 45466 13723 47129 41076 44315 35815 13692 9133 15063 32325 26506 30952 58030 21397 19491 36103 30848 32441 27942 14568 39982 40593 24692 16749 14743 32251 51182 22389 34969 37847 20851 6111 36120 33543
14051 35725 38641 39530 48670 42844 49669 54496 47363 19505 30261 22857 34164 50918 26462 31365 36176 20577 5476 14196 18038 36220 19492 15094 45769 36636 41855 56299 24613 21022 32597 7475 59500 48996 36742 11694 29055 11212 53235 26684 44349 22584 34938 21437 22918 61830 19709
41744 49210 37016 32090 13592 46905 47693 17778 38066 41058 24452 40229 30910 27030 23839 51283 50206 3255 31740 55005 34226 36769 28925 42144 30808 33847 23808 22912 33520 34904 19687 26970 47196 17891 14736 5135 22396 29370 34780 58751 52014 53436 34988 46474 43602 44488 30942 10257
47050 25536 33108 44274 25205 22659 14060 32783 50483 32240 39559 10566 42725 53737 39174 31864 31337 24141 35655 6533 24223 14588 13868 27725 7785 33749 19091 44208 45223 27835 58718 56974 47159 11658 36715 53704 33785 35876 48540 41532 36559 23147 20687 47051 32664 30267 38374 50774 10548
18806 50623 19898 35459 18941 34108 39387 20069 31151 25915 17047 52154 26220 25246 43981 34146 43540 58947 34142 10813 27271 17676 19242 38187 22948 49111 17681 52492 46412 33669 34547 33984 18272 43255 28848 39718 58815 13579 44584 39712 29257 39075 14140 48014 23262 45213 53195 57166 39261 17882
34739 38208 45992 36155 47832 38982 15262 10142 37142 20288 20254 41445 32337 19724 38923 29934 49767 53386 52289 34203 59702 17564 11682 9418 19106 49185 35343 36701 35464 34297 15207 28210 39113 34053 10122 22059 45381 55331 16472 51238 23516 17971 33713 45317 27758 16919 31604 27046 33500 27311 15746
46827 35589 35545 27580 51635 48327 6517 46081 48861 39942 47461 53297 8011 30879 47496 34348 57306 28275 38078 10193 24943 25955 61927 37634 28900 37196 41955 45470 50975 29202 10642 31108 35066 54162 44500 27799 51034 19885 34697 39091 32540 50243 14737 38842 39202 59188 29388 36749 27210 45665 36378 45579
45942 28072 4699 48404 41348 44267 12910 31368 19798 20488 52534 49223 48075 33504 60816 28720 24002 15699 51804 30756 36893 17217 18044 20997 7098 42123 28880 33711 13691 15630 33846 40709 32318 46254 26510 16870 741 32584 44474 5681 15438 23741 5530 53704 36698 55533 35340 46730 52458 19384 8688 37462 12764
22783 41000 48910 26386 28832 29587 41617 33130 52861 14097 44734 33221 31348 45443 57719 21764 18534 54727 50331 21509 22579 49853 28170 17322 38331 49991 32675 54481 47326 20037 10057 42076 17788 34453 40664 47913 35702 47895 44082 36378 42666 26285 41273 32269 32505 12342 23497 55268 18500 60050 50628 54397 616 38049
21771 39098 31049 22851 35709 46457 17605 36696 30458 42908 51387 14784 12642 55297 46348 34651 24725 7050 34200 21257 13938 45845 33343 9130 28890 19331 16097 44062 22958 32181 39774 52036 50893 20105 50070 35838 39447 12001 12138 42284 49516 31643 41657 31148 13995 32152 11617 39006 32694 27065 43846 48164 44652 57564 50244
52190 24748 28643 27711 23146 49241 36780 25365 42664 33615 42265 13476 7034 27504 33032 14544 53183 50845 24667 37750 34391 28341 27632 46199 11811 51608 14505 22451 57857 18726 18276 34058 26833 27455 34051 36956 46453 47554 19044 39306 26317 19088 56425 35955 51127 16266 27633 41205 20243 18063 5595 56052 40899 39295 25353 35405
34982 32314 51288 19169 33948 50847 9901 33937 14981 53392 51938 27450 32065 34284 28125 32448 19376 23698 46200 35584 20658 22117 12184 10203 25383 33089 23578 47409 34287 30472 41696 28386 26602 23963 22728 50383 58360 26329 16052 33494 33017 20642 33154 48345 29132 25814 14868 21174 38228 31061 27977 28750 30318 28670 35840 36225 52218
46770 29467 28207 30938 18259 27512 8761 3054 10173 10745 34172 49172 27091 53116 49116 31788 43892 26851 17718 54040 5759 28428 21867 33720 24790 50904 31835 30954 52312 49448 37350 18830 9956 6874 47597 47238 51804 31952 25678 13489 40095 64488 19691 55535 36748 6403 31650 27681 8453 16642 50260 57637 23273 19651 50913 22235 21272 33064
28457 38949 43889 36623 29964 7139 37335 37722 23658 34035 49190 38631 29988 41525 31808 36504 23320 28299 38919 23371 30247 37076 29015 18914 31282 23536 61970 37691 26390 20159 36889 56376 2231 37921 19787 13751 30451 33526 14216 40090 38313 40478 59568 31167 5306 38009 34467 41480 61446 49383 17216 22099 28525 10824 23656 17281 42703 33660 39932
33395 62988 11106 55259 38919 35076 44252 29157 29983 22424 48842 22522 30361 9639 50186 33785 58710 33551 19324 31684 30263 52148 36866 53562 18970 42866 63612 41530 28129 35373 38856 39079 23146 46019 44230 27229 29847 45074 8792 22846 36166 22270 36701 13099 24921 19556 46773 20995 39342 32805 34625 39846 52007 11809 39903 500 30370 24120 47983 33485
35073 25674 22739 43024 23330 24632 37611 34718 45543 48609 46229 50008 15919 46371 46257 35101 40153 51682 46625 37581 54983 19451 34756 9800 24790 22351 9338 38253 7147 21439 13091 48670 54496 29992 34463 35386 50331 47982 40398 28576 36854 29294 41872 28723 18390 45577 28357 39375 26904 56863 33357 34390 56478 42640 36104 23465 30534 34621 27094 19367 31218
18436 8087 37936 37248 31943 24874 32548 54994 34148 36210 57955 52935 36284 44876 8140 27198 36271 32152 42304 34329 18717 56120 27809 27446 20455 22284 31691 52855 32234 11250 25761 20666 64266 49354 50434 32481 47908 10358 50893 20938 32281 8662 40932 44630 20425 38856 37414 25958 34836 41260 27506 46040 51931 32996 34218 49806 34812 9679 50861 42598 31577 43725
41050 24641 44240 22207 37011 23808 28738 40067 41271 30081 25999 39673 26662 28326 30871 7427 34623 31053 24890 39297 44133 45656 9048 45905 37236 41637 36562 47443 31822 48918 16262 42601 16085 26761 40277 41330 46821 27616 56352 32078 20064 33273 31684 47325 31527 53174 18469 32511 48921 26101 55585 9876 43030 49560 37527 12924 20478 52093 42088 20887 23729 22662 35444
24261 32782 43409 3227 57574 30710 60287 48829 35546 36426 46897 32954 15232 6377 4485 32370 32186 31155 60253 44998 34920 40584 41367 55445 15976 33095 32020 35005 44698 42962 45749 39970 37856 9224 25432 15008 21786 37832 39903 22555 34086 41205 54568 13425 25316 33131 29717 23424 55606 30476 18820 9516 32507 20409 37463 46418 5907 25937 30572 31699 36959 40372 36261 46223
34237 27330 21984 26470 15885 51803 48383 59448 11313 18014 39904 22246 28425 29868 46949 40783 53619 30502 49261 31057 19023 31659 21463 26832 31871 15387 31365 15785 14050 32342 43348 37821 29784 37947 49449 53997 23489 23468 36574 44822 16381 48776 19289 10268 40940 45742 7028 35292 42606 14849 36884 27703 10851 57949 42518 13069 44715 50596 18012 36414 25126 2487 17860 31147 40884
24693 25904 48434 28213 34750 20862 27829 32904 18802 9104 26642 46480 31601 24645 23338 38954 32666 30844 15837 24374 17358 18711 21515 28054 16879 39668 44437 21034 32729 8949 42584 51152 36719 33272 26168 13672 36496 50399 24850 11732 42779 25736 22215 28660 36594 17876 21303 26278 34804 47524 44610 43210 24576 31958 35785 31042 28920 47180 23466 18157 41147 228 22983 44203 24872 55167
36350 29021 45089 43262 52272 34785 38789 20031 46141 36631 44340 35876 12805 20961 37645 37771 32104 50975 30451 33110 39494 37295 37570 24163 22656 32881 44124 8084 21492 3655 38307 42439 29827 25104 44147 15838 28174 20140 55982 41143 49266 21243 38453 29492 46995 39389 24807 50739 27471 31282 51364 38550 49029 30426 26444 19771 58390 48821 25279 48900 54498 11427 27868 44239 22985 18308 17284
17277 34475 49720 45208 7151 47976 31646 35319 47875 41952 32408 45441 4507 47092 33286 38166 31893 48003 26822 11925 17618 15979 16824 33760 7987 7312 18366 42710 11414 32206 25016 13654 31197 22025 41604 55619 32742 25887 18690 18553 41875 14062 49172 50394 46530 9050 40601 40007 29525 52800 10097 43167 34090 42881 18813 20418 32803 27389 40859 33680 25886 8340 28843 16873 8445 7206 12175 38060
35998 32148 31527 37306 27875 12477 40529 56052 29355 28031 36845 40505 15061 47038 29405 5481 52803 24407 38400 1636 41426 32811 29750 49929 5735 33307 46175 43322 30940 39172 43355 41686 33303 50378 21002 42428 22258 20810 22860 13263 34898 22117 38401 23275 4884 14331 35593 46322 24602 9708 26436 26565 17474 39961 34194 42307 32878 25184 27859 11084 16764 3235 20454 50112 41038 31424 36270 17535 41411
22680 45320 3944 14010 40459 28884 37468 15381 36601 45044 18237 31410 47939 32072 46055 42867 32454 37806 27197 58166 33126 23046 34846 15069 46848 58162 46953 10054 24437 28178 11776 3410 34469 25988 44482 15842 33904 24680 33934 30164 31927 41376 35910 24074 24408 38923 43721 35682 26677 56969 53750 32445 40748 48123 32687 42236 22558 41791 15827 22269 45803 13109 41538 22946 39795 46783 20187 56777 51606 9405
61825 32852 16692 40973 17424 18977 21038 63375 35946 12306 39010 42533 40049 37637 64433 53934 20993 16348 45052 20490 38652 61301 46368 40217 24899 50866 22273 25787 12981 54897 44413 32208 39218 39828 40051 27448 44698 32505 21444 23507 6349 21890 20304 43649 35242 24589 22263 56866 16146 19323 32409 10646 33510 12461 42518 27580 43781 5249 31054 44918 39247 59353 28706 11172 48036 34707 20081 49956 35811 48272 42009
34006 36846 15281 19710 11164 22948 9684 28924 40534 34532 34779 33783 28642 49553 55972 50637 57120 16263 33553 49756 22258 17064 53760 20872 60983 39125 33875 38702 26575 39917 49896 33583 45723 45520 41633 20843 59769 52318 42076 2498 54089 26999 13563 32788 25325 37626 44380 21570 46917 57032 21089 29227 39727 28354 54505 37293 34187 28871 53715 46764 39227 7863 20993 12549 42270 15986 19024 40089 42004 41431 39845 24905
15613 42696 37594 13042 17081 46884 26837 37240 46120 18634 17008 18616 15402 23965 45200 28819 12703 33657 12306 27881 38759 21568 43480 28058 40034 30163 29376 28295 39792 39441 19372 46990 7025 32474 24954 23697 20292 28174 52492 15726 38348 48525 37697 34310 31206 20278 9464 44601 12914 37098 24339 31207 41554 31883 35440 63729 55398 38901 23537 34612 36748 29963 29812 19604 44708 45484 57563 48366 18576 30647 6660 38947 7216
32014 34000 27155 37986 33680 29216 35486 18438 22812 40658 7589 31230 22420 46024 4870 39209 25815 17888 9891 16487 29380 54779 24666 46745 32573 53498 37900 28317 37921 36795 24985 1875 51024 22304 46305 19357 15017 22535 17860 12891 39951 12114 38946 24171 42334 26079 31708 40621 40056 28816 36048 28163 21311 12355 13023 29516 10127 29146 41450 33128 33610 28211 22990 38711 23633 18992 42607 24473 13443 38575 8107 45422 39360 53394
43361 3990 42472 24759 29554 43249 32475 39936 31166 22623 54904 49995 33829 9408 27296 33657 42631 49396 34100 30059 16580 35802 31763 40447 32444 36948 45341 28183 22608 34114 37426 17041 37215 19842 6449 25678 47559 30708 19452 34863 44396 16250 48242 53010 5162 35572 34930 50649 57829 27968 55775 25954 22139 9534 26261 37519 32202 40400 28790 40510 44982 60885 17763 50513 36892 22573 16187 12454 3805 19385 50142 29983 26585 25431 50476
37786 41712 58855 49413 30969 37890 50763 49480 32282 23280 41827 23510 26591 25497 18445 12944 59175 26075 11049 29525 39121 58778 28569 22533 34239 45747 25660 9856 41678 26887 33778 45221 20707 28791 30107 54358 56536 31968 35863 31602 32659 36390 50758 39896 24046 28710 20232 46955 35022 47809 32061 56327 32016 53719 21445 9102 9110 25928 33152 13281 20798 28917 57678 16095 18154 48316 31247 33384 45432 23679 32418 18524 43466 12316 19946 59035
13503 25460 29380 16132 49974 28263 9232 49016 12817 38101 17584 25049 51758 26271 25476 44035 16495 16290 47978 12249 13746 51138 45890 35642 14041 29404 56814 26629 48322 32977 31310 31772 44110 32129 29504 35166 22110 49356 24484 23978 30672 28307 33372 21218 14726 30388 19015 52965 12382 38161 53829 17298 23865 20872 57655 44747 44280 32762 59899 39535 30841 49223 35697 40030 33950 32335 36987 54903 33349 29170 61433 30365 36432 40720 52425 13996 45469
54666 30155 23686 24846 12606 26081 14861 32129 39437 17386 11549 21464 17368 25286 40856 40177 44668 16725 34655 32174 42461 35447 26193 34541 49625 38156 51790 46480 58959 25588 19766 29301 17184 42511 38121 37502 21548 46653 21318 54921 24915 7006 17966 27511 32373 34898 46978 27177 35698 56312 32033 22397 13354 8498 30955 9301 28798 36576 39104 44431 33869 34784 22143 48140 32629 39698 47114 33965 48602 33624 20288 10320 26456 42898 47616 13271 28627 39582
8749 8224 38697 7004 15779 21005 26936 38062 52804 39548 48612 40307 41457 13903 47370 30859 37513 20068 19083 38103 34284 30621 11847 36149 28154 13016 60446 43141 18579 27895 22512 22953 40854 32472 37278 49025 35044 44381 34055 42219 42590 43365 27145 32967 9699 36815 17544 30199 16723 27005 25697 21338 16014 11084 25973 37840 28531 13857 44965 24121 45540 22230 30414 34165 28608 18001 15060 34916 40678 10604 51092 37350 49465 37132 46319 30939 25749 64014 26309
16419 8924 52564 36086 5790 41455 24508 41827 55084 37805 29224 29162 34989 46582 12662 35949 56832 53930 13960 21194 13832 16297 34365 28898 39842 24274 37236 24213 17838 40454 13583 24515 38670 30503 14828 33869 40610 28689 54509 43024 38728 39591 42736 29424 26592 38088 48343 22730 9036 34899 36736 39295 34924 11050 33740 16623 33310 48940 27292 42746 42818 37432 32974 28545 15034 32304 28484 35426 43877 59635 51932 45951 5155 17504 38007 29366 15317 36441 47350 39912
38233 20669 37175 52981 49039 41324 25116 30653 34137 41541 23683 20000 23959 33067 40270 22014 27431 30714 11611 57144 31977 52372 33164 34220 36287 20699 31423 45371 50312 25259 26070 38342 62500 27622 31663 45866 39795 25197 24876 21835 25941 18463 42795 37895 43178 10972 19086 54077 26706 9348 13363 49870 21293 23287 14588 24218 17435 32788 39367 28289 16892 53692 33653 34403 32688 39376 36583 34336 56342 44591 16635 39320 57872 28857 35475 14508 18558 20302 51341 10043 62014
17357 17354 29987 28208 21528 45355 32328 30518 37390 12686 27270 29744 39822 20949 44481 30716 39547 35550 34775 49530 17585 16779 33958 15244 23570 18106 31762 32017 11903 22349 4600 51433 38359 39970 46649 36341 30714 10779 9397 26387 18120 33302 58700 6947 32801 37109 52190 40199 44516 44950 30796 35743 58866 41691 22133 45513 51756 39843 40503 34405 34929 46797 21366 44117 23201 32059 17935 29304 34460 25546 37347 21422 56897 52063 40659 30423 49010 32980 41148 44755 37902 15631
6018 31362 20980 42218 52994 33988 64263 18762 24349 42105 40227 42764 43955 23681 53802 10002 25764 23484 16381 40506 34257 32010 6267 19814 22296 18251 39300 57716 27739 27998 36088 29510 9592 20006 51383 34747 44624 29824 44704 36786 32451 38732 44180 26637 23217 39276 48245 22954 20987 35264 25631 39275 49278 41766 13685 51246 19998 19582 52822 29397 28344 6314 55457 37438 57901 18058 35384 35658 46173 49404 42234 11994 48424 40672 30406 47564 8303 41752 22910 54530 19984 48259 13057
38234 33261 34305 29998 31669 17380 18035 40423 29940 26582 28855 14091 23029 36259 41901 22138 28570 41259 10807 40467 59073 23118 31541 48057 56396 48364 47493 26952 55577 39142 13319 27810 21002 35354 26013 38825 43005 30825 29990 18489 10196 38836 13698 26676 35437 26584 42385 28027 29866 46265 28723 23021 30569 38453 27720 47978 36748 28715 7344 11218 42481 29308 45131 20741 36730 6408 33273 56546 36101 11183 39066 36170 19315 15953 42766 11294 25509 45262 35892 3901 55929 44806 21230 39047
41169 45274 45596 46556 37771 31273 35996 57627 31624 39633 29006 40998 36265 28342 39700 34012 27340 40372 28878 44316 8147 39855 34138 49865 42396 43141 38808 31679 57609 20500 37482 6624 41720 27200 36015 27405 43083 39654 51527 18725 6624 20967 14099 6664 35993 19235 28913 20374 33108 3706 48577 26543 25843 28620 36965 27698 36948 36602 34749 29440 18521 55267 28327 40442 15841 33381 15363 39679 36299 37476 37555 41967 16633 55229 16790 32426 52296 61009 17292 32015 37021 48641 16245 32000 23250
31402 34865 26716 58317 42032 40096 46338 20584 34416 42914 25813 12680 47435 32791 34225 33802 8353 43231 45432 45264 27730 20698 36363 36024 38975 21224 19785 22692 60486 46569 44306 16754 31817 44220 30534 24580 43046 38468 33221 47417 39870 32094 11886 48624 20209 39146 27426 19211 34207 19402 45507 43368 53161 42206 34861 36329 35052 24324 32835 39276 55628 24860 47076 22739 46246 15880 22767 17660 23259 46248 39238 49864 22475 12250 15048 41752 33622 50814 35668 8906 33117 15222 58572 27328 49598 32161
11535 36824 32859 10207 22012 37619 50450 33041 23925 24818 25540 31765 19801 21171 31825 47051 48008 44312 31385 32533 18913 41215 5756 18643 42567 52042 54234 47075 35478 13527 33428 39717 15536 21128 48776 28027 36471 34107 61335 21956 24007 6610 51618 9952 38018 18731 19590 24495 10377 14376 50215 43793 39867 30631 18531 57318 31736 33930 48409 33038 25376 51119 21034 15721 30483 5624 33654 28631 27056 12355 39133 7992 30936 50033 42559 32364 28268 26723 35708 27730 41035 41975 29812 29644 28757 59151 22792
19386 52330 36489 32023 22266 44649 25414 28799 9324 7220 39463 3876 28402 10154 21514 32994 40300 28330 40401 14749 49848 6935 28762 31027 7606 25293 12423 19330 39240 34734 44854 34926 19533 22427 43337 21460 31141 44147 51102 40341 36913 27670 40727 8593 10959 34916 45202 26536 36959 32573 26865 50106 46019 55936 8466 21928 46043 12302 40407 35153 56197 41416 36895 38547 41377 23949 38089 33106 43281 40253 46263 39275 16564 9912 25798 31423 25450 19421 34267 36143 47123 60046 58576 33944 37263 60586 14987 24798
28350 18448 44006 28126 31360 32419 51654 17273 35765 7743 37128 50575 42301 49350 27278 41984 30200 35865 11062 55981 22726 12823 37858 45428 21639 28832 20848 15415 39962 37268 31938 23252 36450 60115 6839 47404 13884 24124 39982 20255 51848 55728 24073 57485 11816 22289 10534 32087 28668 56379 45671 33114 19170 31505 39594 38010 42426 20850 28369 43668 37734 35133 42938 33673 21190 55380 43590 43833 52920 32918 51030 31108 40476 53218 15304 37451 33748 40986 12414 25964 61119 55069 47702 44745 31165 26314 23089 30272 27567
52483 31984 36786 14195 37799 31601 39679 31721 20630 6806 33799 33779 9647 35645 33450 18033 16597 27208 39624 26177 23524 49301 40002 12867 48318 33542 8950 42329 13637 4729 38597 26210 41813 48080 11152 18494 28880 47081 24884 51661 37783 43942 33685 5615 36233 42981 10897 33668 27782 10632 47623 5484 19054 39277 25048 31367 19745 19574 40420 36277 9854 33665 46603 21974 37990 60271 15917 34250 24762 40225 38442 31856 24921 40309 59874 17578 30755 23885 45366 38232 37624 14727 45061 53592 43959 31492 30253 34698 51266 22181
