138
25773
40745 47935
45873 16221 42785
39091 49159 5293 38576
29302 50086 28412 52021 37097
51562 46250 24082 22635 22710 43030
9381 51546 29930 26530 12368 32794 40292
28077 20082 46345 52613 37015 34923 15494 31917
33472 41882 34546 40509 53896 8545 41133 41363 59982
48926 12824 29199 4212 30258 32657 30483 26457 31742 27001
37886 27997 16864 27696 10288 31968 30011 40983 36618 52290 32619
47501 40938 28130 34258 35056 11825 20514 27089 31396 35135 15713 51398
38662 31860 56319 31763 33400 20273 44636 39191 32088 50387 37592 28977 25607
40125 17362 37315 44774 37454 22444 50220 62035 56550 16581 36299 57008 45030 19837
45058 16475 47788 43060 43055 32693 43161 55114 44980 41246 8461 15646 15344 17655 18280
6162 32323 42911 15114 33414 25612 41332 38739 29399 38573 42714 29603 15209 31620 18479 25434
35480 46066 12754 30168 27335 40281 44068 46718 16980 20756 39813 44202 21410 42121 32854 56252 48397
43283 30453 49943 30969 44052 47043 24088 24002 14061 38688 42016 40395 36604 34157 34959 18290 46499 36617
64197 50458 26689 23634 26147 23839 41014 12716 12806 45541 37601 28533 16850 49609 12708 37388 29924 26411 43485
12754 9884 55405 25838 33575 44637 42990 34870 22124 24452 17422 29972 6143 35186 30509 51434 53313 30599 26539 23831
41874 28963 38887 18170 53843 47527 26179 55284 14562 36977 36126 40294 53152 45281 41688 24750 43758 21082 39376 42799 31530
43064 16489 12869 36022 57822 49407 32594 18417 43692 41461 18359 12602 10752 17834 32978 26866 33595 27262 23557 11129 21949 10960
50862 53552 15591 32003 27183 52853 20503 45939 44007 13225 8877 31875 44342 11564 17420 25234 52091 33631 49040 19456 40984 39585 40092
64300 32875 29520 24208 36472 32214 43472 33994 32835 26040 30335 35499 42733 49521 44476 26515 46294 22112 16360 36579 47198 9703 47459 28665
39908 28004 17038 30261 9674 42552 40903 35065 30831 34244 45423 2980 4659 32102 29670 23958 52598 14977 32653 55856 24728 42609 35011 22736 24056
26264 24550 44247 13304 23639 29018 42405 11511 9484 50556 36506 28501 6681 32942 12055 32114 53469 25422 51833 13742 39607 51645 40995 21096 34057 44124
27508 27138 55602 40841 58316 28379 40081 54182 15500 44883 4232 38161 42258 21962 45685 52267 18623 26784 48058 32084 52979 51764 8630 51437 23310 14568 5577
27477 3184 20252 34130 48362 32377 33581 39347 12816 51337 42879 47178 23333 32256 27246 33400 25736 11838 54877 21919 38554 25764 20906 19226 21947 43152 40632 14415
8780 32098 56291 44697 39083 25213 33679 31578 28985 54078 27672 42995 32854 18182 51169 31170 46691 12597 9544 29225 40895 33067 28336 52871 25800 8777 27253 2108 18914
31724 47867 54439 44907 29048 24223 42282 37314 25162 44993 42787 35144 43458 25795 50164 19037 40771 4100 41212 42338 38442 8164 40858 34485 24024 24259 23856 30391 16813 29441
13085 6600 35081 24317 46784 45129 30541 33049 47482 38552 19415 37812 18604 17686 16903 44334 11700 53284 37184 49126 28149 59424 27870 39487 51915 22892 33860 26261 49560 35943 33490
43851 35773 34160 36838 19136 40600 25832 20193 33620 11147 26415 24355 28518 40948 25766 56333 34137 9525 20907 23805 38793 41133 48799 30035 21593 13244 55266 13426 17960 48065 58837 42422
54102 21022 19671 20610 15938 19505 36166 47158 9550 15196 50054 23600 33497 27902 42997 47057 44355 27255 3826 17017 22252 31014 26846 28553 36404 39533 49689 44639 48506 35754 49924 59995 11040
17982 45053 35551 31109 32650 26981 29514 9993 43244 27548 33532 36364 28615 52995 5462 25838 15735 18425 33206 15886 14174 42716 39805 1998 16093 22544 12811 35981 29010 25586 37056 29355 10271 28388
32509 15496 30883 14660 16415 18564 46141 8051 5001 20734 26703 39378 13466 27736 24120 15551 23218 3313 39767 47260 47410 33065 57614 22983 32632 29536 44219 34977 55525 27126 47040 51594 27865 18250 30588
48355 24244 18878 40271 40715 19926 35762 5784 18528 21919 33667 36025 11590 36207 33685 25872 56859 34982 47684 49406 34622 54948 45555 32229 28944 714 20736 13600 32753 38006 22990 15381 13378 3848 27321 42015
43617 29155 32293 47776 6831 47204 27246 35065 22924 55788 25079 54408 22361 18907 29470 7855 41077 30609 34886 42189 56638 20079 26571 57410 53784 13778 46097 34413 24417 37150 27509 34992 33144 49072 26711 37993 20670
40168 24857 37626 33171 32809 26650 43458 25688 48336 60346 14880 58731 41534 13913 24950 36141 31699 28247 31011 32766 37103 5651 38534 32319 42227 35823 2816 25678 30525 35402 25586 43660 17197 42884 60090 25946 16422 54780
42171 17686 41348 25621 21329 38434 5802 31787 29662 16605 19192 42145 49091 18854 58828 49110 44126 53470 35463 35882 27409 37605 22665 41980 26938 26652 27443 32175 20539 17633 23011 27551 34163 47509 47097 39983 43586 29336 38104
39358 39943 47179 31708 19116 29732 28429 29800 29016 34807 5948 33244 11300 59618 19772 9110 30063 25668 18795 54519 41881 33661 24616 36191 26882 3052 33236 49199 21514 32499 15055 56517 53008 39408 45946 52865 41078 22084 12339 64709
27291 59728 37211 51952 11231 17522 21330 39010 48802 38157 3705 49276 22852 50301 30511 39580 36388 30756 24018 31267 52132 37219 44742 11889 56355 44440 29288 33510 26113 9765 19738 16099 27550 36969 32570 9669 19290 15811 25897 30447 16276
15253 30536 28096 24238 54078 18933 16792 6919 35357 36242 42456 17151 41364 3709 18910 33014 38657 13591 55563 56140 41926 34240 31423 13408 15682 41177 53850 19092 5333 17089 32572 14408 38878 17366 40133 29657 28607 6268 49749 20395 33238 20753
33612 31258 28548 39412 28426 32137 5675 48006 37104 16470 36646 39463 28764 34020 12251 46648 4270 59791 35237 11287 29001 26811 59878 46117 36234 22724 23039 41666 23762 27661 40782 26703 21121 45300 47925 37163 24055 37340 27411 17844 27285 54561 43080
19022 24504 40231 43059 32599 41156 26699 23606 24878 36118 37101 29103 34868 32782 52591 20992 43209 53519 45104 41608 37710 21366 42896 50342 46113 22180 32239 21948 37795 42489 22957 44841 22068 35029 48425 26188 48181 49817 34501 52358 41476 37539 28896 28472
32770 46163 37338 38848 27280 57100 56338 19329 37388 17962 40427 52183 49880 39184 33217 38436 25939 33566 3575 25545 32220 43954 42220 43556 11476 46637 34048 39575 44699 49647 18578 8832 56210 27225 26117 27457 43031 50889 12213 55865 42123 27295 21509 37064 32078
58686 23892 27725 31425 16898 12802 34346 33091 34894 5230 13245 37170 48002 41722 34408 18162 23292 22533 52106 23265 25117 35311 3203 8542 18501 27416 36530 35530 32981 35296 21369 41861 31531 53414 38966 37872 41639 34252 22090 8297 24235 52145 49942 43345 37526 8373
53240 11016 40392 24376 43603 15855 23458 15770 48003 38501 41858 52794 43242 33992 18633 32634 54249 30076 39639 7097 23006 28894 25868 18775 37931 6992 28361 35508 38959 46384 31595 15920 46921 39647 51797 40490 32475 17598 38630 16644 47172 50987 39038 39197 26851 53896 33406
29909 21018 45875 33860 32396 28999 53645 18737 15522 32716 12790 30885 37238 29448 29903 46592 15210 31835 22135 41122 54494 35108 12108 21483 21551 49861 62386 26427 35777 3740 46087 28146 10736 36362 7338 30576 14623 40561 30204 36630 40876 22828 9309 15426 8186 37793 10286 33364
55397 57131 7629 24751 17233 35116 48539 53936 46874 39685 56312 20408 26147 23060 26949 52007 24266 51131 29153 13405 35698 8537 40490 30395 12919 24654 45700 31134 30269 47609 36685 41066 54561 40892 12516 19068 10627 48885 44970 21300 43461 33030 49151 37365 59462 35662 45636 55836 54118
48940 29399 31498 13701 47618 35353 49183 46339 21807 40042 28859 54335 42514 59947 53311 29083 32268 20410 40457 18294 27262 17784 38265 27696 46278 57286 28146 21032 25159 20226 23248 51137 13405 24462 35702 63319 43114 31177 43844 26445 30671 41490 57752 31234 38890 30922 20947 28118 14877 47697
6997 56616 19398 16136 22911 15963 30279 31565 9135 58315 40703 32641 36165 31707 26446 30724 42404 37098 11411 11575 30760 35160 34864 33657 3124 42884 53123 31528 25896 35280 37870 45224 33378 43675 41680 56407 24387 24645 34185 53908 62251 56622 33144 33728 45435 12214 38911 31803 35217 49724 34428
25702 26317 23330 18000 32927 45201 40135 36060 12615 51772 34187 19326 29374 37678 28622 44953 23909 26312 37360 41609 9627 40040 32336 18864 7102 34671 41808 34415 44082 30525 19279 30244 24404 46898 7341 29233 22918 36527 39370 36853 23334 16657 41222 41167 16533 36283 60608 45601 33332 12300 37722 36170
46177 24420 34611 14249 34686 20260 38571 29344 18409 11946 27682 48013 24067 43351 36344 19410 20012 26251 24204 39118 47301 35238 40000 21473 23085 12808 24948 27242 2754 64273 9349 34251 16104 31777 14295 35682 34557 51352 18886 7312 36704 28630 25781 5815 8306 32060 28418 37682 40595 30760 43792 26471 35364
25594 14139 42161 32643 16405 3559 39026 46865 34774 34160 19467 34094 45726 20537 34010 23099 46029 31904 17473 17047 31427 29960 51103 26272 29409 32717 34900 2746 33668 16211 15295 36675 36880 12791 21314 28826 30690 12825 31803 18208 38490 30235 40972 50997 49883 36956 25620 16698 20674 28476 43442 41357 36720 23835
36424 28815 19013 32857 27445 21152 51361 56149 21976 34849 52709 19569 40850 28016 39279 36364 54724 31470 26271 13958 16844 17660 27864 14398 26893 31736 24438 24983 3299 27716 28124 23789 10928 32319 17258 45219 31701 13896 34686 48920 30128 46272 56697 18092 18851 46599 25787 25022 25868 37502 47269 34481 29005 48771 28821
34785 21445 51831 40939 5041 44500 25274 54794 46208 23769 20397 40526 20654 31286 30127 32794 10906 56137 54558 32462 57510 37236 35422 39368 27953 27158 19917 52329 42651 28303 29642 36369 48964 25662 27830 21025 17804 19589 50417 34807 9170 25794 42204 39667 8312 42582 20693 29303 24029 18082 43325 61922 23137 46852 43636 30868
28772 42207 27867 25070 22086 31119 9425 34126 40550 23158 41652 46613 46886 43253 53992 17315 60133 33386 15818 31064 57347 49207 34748 40597 39136 30651 28956 30391 29660 31317 54859 49441 11094 21863 44970 47410 21936 53840 37271 38474 25929 63087 11380 35786 10369 33574 19615 18704 18872 30163 23161 31101 53070 2008 23138 17521 39842
44692 60603 52556 27926 39783 52707 45934 56842 15280 22072 37431 58587 14545 31262 33031 21485 30760 51699 37694 22940 39702 29206 22588 32843 32509 47848 56162 44632 15672 35017 9230 9766 43821 23578 13728 34321 23095 20793 36731 51325 38840 41095 44284 17350 27921 7780 34180 43599 40864 15153 35955 35446 45255 33613 45353 52894 24037 40726
24327 48419 41050 21232 32106 30825 44421 32569 28598 32461 30408 41040 38216 43695 10625 52886 18816 12913 44818 15979 25537 43122 11482 16432 46952 31506 33848 16451 37846 62641 53902 50949 17515 15279 61755 30934 36999 21099 30110 38423 48011 38727 12568 31526 34005 50338 12554 41060 42949 28892 16082 39474 56254 36436 24531 39150 21532 27501 21865
26874 16450 12931 40182 29365 52112 59897 28635 14974 7524 29742 50038 24758 55583 36738 18729 41405 40481 54868 28242 22004 34763 48903 23635 29113 11643 39927 30859 34157 41617 7047 25690 15728 30320 18454 32031 25123 46196 34820 23612 22501 25600 40368 22287 40724 34932 10108 32506 54292 41262 40903 8540 44867 43407 23793 18325 34048 39159 37210 14084
17836 25287 19298 28939 32167 30301 30056 45832 54610 48921 21966 30300 37131 42077 36595 28776 4403 35208 40759 37514 21034 52730 24826 35365 60497 19732 35484 16533 37895 24116 11900 23356 39338 21691 47868 15227 27038 32777 31355 32432 35904 43902 37721 32317 42482 40571 34806 53121 30482 7261 14002 50139 23553 58503 23020 26797 52512 45656 34822 34646 57037
15664 45919 42293 16746 47216 43607 33708 16725 21366 5966 8217 18159 14755 32932 46046 54936 37463 18616 46170 4273 33010 11756 21229 12697 42196 19104 31990 37294 39261 38193 23511 9556 30189 24579 21742 31977 52708 22898 2460 50380 12450 35809 22339 50526 10632 23982 22334 25343 16372 37180 57075 40464 30534 50407 32701 4847 52961 29459 34558 31229 49698 29212
32279 42906 51306 29797 10854 35879 54553 34892 36173 46083 22415 38964 25643 51084 15149 27257 43104 35622 26448 8575 36683 24367 16220 48035 35406 16390 8878 37701 50887 50700 60582 57031 44568 42401 29863 12424 58784 44838 36366 30440 20158 20217 34876 31815 34516 36219 11921 26373 26433 36620 18541 14721 34148 37901 39217 53789 45726 30940 24635 27448 31824 46554 22763
6962 11224 24424 47780 54378 18073 42468 14530 58691 36335 21936 33448 30745 32572 55083 50102 37711 21473 44724 41802 39236 33084 31916 17605 51288 14511 32115 51079 47850 26520 35178 18161 26461 46937 38127 23137 40973 3409 45155 38199 37725 35552 34854 34518 19372 36197 58521 47770 44890 44610 43547 47078 32966 49877 22794 33306 24146 23680 36298 39060 49757 51362 32953 30389
33607 37019 34358 37853 21360 31178 36514 25453 16696 34193 42589 21699 46846 29006 30152 54079 31524 46690 16705 50755 12297 35374 26921 37166 21517 56848 27104 37728 49552 24427 23495 10298 44786 30619 29501 10010 44690 19458 32928 25441 44754 15873 28756 44143 31249 27382 19126 19876 46767 11331 46120 36449 26380 38727 27912 45571 27016 32097 20919 30701 30850 27635 23190 7038 43612
11356 39939 21526 29045 50171 50784 21782 39981 29746 9739 52700 54500 47711 41829 27081 41466 53220 17102 20541 26062 43552 42151 42136 24258 31347 34127 34362 10038 44604 15652 36995 46471 28381 49290 23251 23577 41396 8159 30858 18760 26658 34690 30984 34679 8073 49108 59310 32004 57668 44341 19418 27730 33465 20486 10476 29629 38211 17573 32327 36265 26180 17267 18248 36978 32541 41168
31568 44667 42284 19741 36287 30242 22995 54457 28149 53706 23153 24578 34643 34767 41062 45916 16694 47765 57617 44837 32514 26745 36308 53180 40980 27611 54285 44418 32716 31517 40222 31959 30093 43166 36454 36380 21684 58046 35140 19887 27810 29661 43802 50161 34999 33371 52551 38210 28755 37015 34090 33283 26327 31987 9252 59026 43937 33230 46998 15184 31249 46472 35038 38046 35210 35456 40287
41690 36200 20249 46709 45670 13582 11695 20866 43937 11228 44197 42983 37610 39216 44634 12034 34978 41067 28974 6197 18729 24813 36736 20702 44256 30231 32691 33375 10277 30535 5155 37399 19289 30685 31539 41318 17116 34620 48962 36267 22287 12480 18096 28744 27729 31692 21468 40603 33536 60352 34088 43526 14208 32762 21747 57320 49711 46043 39325 51617 63340 32451 34182 44176 18328 21523 42766 35351
48915 9001 26772 8084 34366 22373 36986 26216 24951 55337 49439 37876 12575 35028 30947 39318 29078 18630 37414 42161 47933 29536 17224 40609 49779 24576 40616 11464 22422 25095 4776 45191 59146 51413 27047 18236 31020 57290 51717 19017 12894 28231 46626 20237 21246 14249 3166 9959 14189 31571 34584 24377 22540 29860 15538 49506 18745 23292 40843 21185 15190 57788 32259 54456 31425 47170 33402 50341 28635
35311 13136 23530 40708 32291 29412 36838 43165 47166 32664 37369 18693 22432 29644 53122 22682 30633 50653 29155 52160 12217 18479 56954 45781 37680 43294 13992 47672 12654 29453 22479 43594 5588 35930 23370 26475 51136 14184 38527 61948 19090 37523 6857 26203 7597 38975 46474 31977 15470 40648 28707 35334 40502 22673 36850 32275 46693 54264 5721 58735 29787 31584 16567 26744 17273 5413 34924 19346 35612 17323
41687 28443 11944 34127 33114 53106 36218 13425 53587 34040 33522 34675 31780 50189 26227 37044 42796 56594 2906 16020 46026 48229 16648 56179 48992 27239 53981 36273 41805 35704 34873 55213 29936 24569 42109 38857 34218 17480 26375 34916 25308 12486 35639 16350 21988 47572 51312 45206 25637 36816 53774 10479 20219 32540 22388 54085 37832 61463 33794 13819 27629 59168 32534 45936 52424 33944 27665 35332 26555 34015 27219
21526 43556 16470 38205 34825 15717 43867 33837 30777 34525 22095 19075 54025 42988 28050 30626 41688 32241 47493 5862 19974 41550 40583 44978 5874 27233 40182 17766 39934 26508 53558 22368 22409 26414 29605 24833 8179 62119 55458 22953 10140 20310 28814 13497 31972 32413 18377 24975 35370 15834 34484 19339 38352 34414 29101 23055 16949 36282 26901 28794 36281 17692 26956 28204 21180 55799 35507 11910 18334 13735 33193 35046
32446 32142 40588 20653 26238 37645 19904 21819 18749 37762 38818 57840 52571 55375 41108 48685 30008 30419 43252 44367 40756 49261 36131 28345 34222 49791 50562 48586 48904 18024 26223 20962 15777 20871 41036 56930 53209 42302 16247 37544 40976 48875 44113 39445 46246 22512 27450 7177 28666 26028 7315 15332 36974 39295 31931 6406 45154 24776 58384 20175 50739 25833 18166 29855 42053 35648 46539 7638 30964 29998 23790 22996 52899
32789 33984 46074 35760 50512 37281 45990 29310 6725 33778 23608 8553 36943 30737 44307 37589 29904 42591 41364 40222 20777 25404 12572 29351 60088 40713 20235 8654 49887 26149 27329 38134 38653 24814 61343 37499 24690 21448 17666 48321 21661 40721 20046 4645 58592 48936 27360 27911 48793 52334 30232 969 52010 31555 18265 26826 12274 39944 12800 35434 20048 39707 34158 45833 17318 32989 36099 35079 26963 29102 4127 36547 21686 11759
21027 41631 22320 37374 37485 32506 32290 5692 35933 47668 37610 20234 30550 18092 39659 27846 34484 29381 55169 48082 27098 59611 17934 42125 19496 44881 40947 43862 21756 43142 55950 28814 10167 37594 42817 45205 25529 34988 29546 17356 9315 32863 26731 40593 33043 19535 27555 53573 36137 39647 40562 34888 55304 30318 24119 35835 27916 50524 50260 49341 21400 51720 9767 42732 36620 41684 38162 56044 40646 51743 24180 38171 32295 38473 35757
43480 42127 14770 25116 35204 34143 49850 25379 16511 36853 7104 52256 30506 44977 35622 38516 29155 19445 45899 30592 37131 51232 37519 24738 53506 33682 33618 32573 51753 22956 48116 15533 12511 41420 20180 48724 54658 12115 43604 26003 42102 20897 6355 53192 42520 21526 49329 54869 32458 32275 42062 36505 28394 37621 8714 18931 21209 53791 29764 38341 8952 30448 45406 47982 29605 14536 19383 16461 62786 19208 37295 26052 29741 23822 44454 10545
22727 39483 9724 17398 42864 43503 23824 43890 32905 12170 37188 37125 41073 19052 56568 25102 24454 38389 46729 18415 45612 10629 61531 43014 43201 6268 14538 41908 28580 29242 39481 39003 20278 16928 31494 8022 43991 36748 7572 36363 34280 56798 41023 30165 31175 44153 32107 9238 49109 30394 35700 8751 11378 13314 31933 13694 45055 22449 24484 24421 22235 20775 7820 23875 51556 35781 32721 43128 19454 61160 42455 30307 48903 24052 36603 14438 40670
14406 38301 39903 33764 55614 28703 35376 8825 38975 12512 43192 51966 18598 50752 22742 59857 14804 31391 47084 34643 46889 29789 40793 18404 34821 46553 9340 27621 28617 40309 39094 20404 11731 26000 35176 27570 32131 42122 49136 21568 38460 19650 16817 14780 43866 44187 53255 26760 27712 28273 26708 18691 33870 39079 50169 24460 39650 3484 22612 19588 21341 35760 54983 19531 19743 11586 11440 14146 9097 26805 33649 33223 28153 36965 16489 15419 16335 21173
34040 37630 43118 14852 44669 52849 45874 44210 22106 21235 59262 60702 20973 8418 51378 39338 12952 21666 22060 44213 17850 42641 35661 31903 38067 60174 24437 15304 25826 37498 17925 30864 14249 10549 44635 40278 19046 22432 33751 28796 5754 25113 44507 37985 53574 10497 36806 34661 27688 43192 35064 41960 38019 31135 29906 41034 13235 20501 43698 36586 28442 31864 32249 56874 43033 27436 15879 22633 31758 9358 13884 9223 50267 52480 44537 17252 38495 42208 26779
38112 50041 34959 42373 21210 55563 28782 40982 37812 8308 61659 36782 18893 40723 47672 42926 50053 38474 39139 38772 43836 33655 30013 35425 34642 40956 21414 42965 47654 57656 54399 37680 33306 63627 46119 27602 31118 21332 51964 19739 38623 39669 3426 20075 11377 46284 35767 33570 26784 16954 29274 31392 21967 41121 35244 16454 55900 26972 46605 23410 14506 29137 30686 53124 36629 19291 27517 39903 22529 17244 18763 15328 27082 25397 58792 42728 30419 28740 12533 20567
36218 27627 14225 10125 38946 37769 41434 38891 23847 24702 13364 35022 32493 2089 20221 23962 31697 31724 28308 30124 11827 26917 11098 44132 19573 14646 47535 22821 26870 37246 27124 53068 29206 21340 10375 24122 12853 39986 32201 53583 53171 50527 36378 28651 19695 25666 39387 32111 34891 51772 32106 14649 15398 1198 12584 24233 32480 23798 51574 42274 17112 22647 30386 49152 22129 47245 34110 56998 25607 31386 23929 11380 29181 22527 33730 20680 25266 50714 39034 28419 29830
30285 22529 9861 16856 22006 39608 37551 16651 36471 21757 19167 17531 34095 38705 57973 31371 56190 36276 26836 28058 61123 32999 26968 33800 55392 21801 27492 32820 28083 35544 29272 32896 16414 48728 32146 32587 40192 43015 2163 21237 36281 7236 35419 11742 22440 35696 30379 40550 31791 33259 15553 36588 47276 10262 18429 50642 34432 16975 32705 25975 39692 45303 51052 27707 26542 61550 32350 46206 39369 39189 32760 29856 39609 24395 41880 48896 36832 37742 15519 33280 23199 41442
39533 34815 38996 37636 34914 30557 8801 35638 52703 21114 36389 51926 44609 30646 11519 44613 26859 41328 35921 44516 14652 26122 30074 24081 54932 47075 28121 28462 29780 25947 46800 44441 49626 39122 19901 33203 27271 55464 27650 28636 5563 34620 34558 39029 59094 25328 20497 14301 32056 34340 46234 9842 29761 26421 24059 22680 25425 22663 12690 24237 56776 2166 20672 58640 29446 33125 6375 46114 44652 10674 41826 45123 38744 17344 50583 22996 45354 28139 37089 52531 64325 41623 21154
49857 28934 47136 37947 36574 35278 24809 39690 41451 47357 43856 26737 34887 60915 33208 14799 59984 37905 43645 34948 35946 37556 51203 35311 20211 52544 55463 44914 44618 8978 46793 9835 17104 28554 39115 55356 49381 35339 37132 27204 30954 50674 36332 15842 22333 29344 22987 28792 58431 23413 6921 23397 17488 51153 21509 37896 14289 31509 25377 27586 39712 46239 33468 28660 26270 45007 51510 27132 44716 9224 43246 57149 41896 17574 28743 37139 37364 49420 18845 31968 57839 17562 15187 23557
38904 30382 42952 41952 21616 31401 19804 34259 21431 28651 18030 28476 60974 29141 35169 35197 38963 38853 26769 47605 25127 29979 37473 8708 30826 39226 37168 7945 9053 36734 19294 19046 51039 24394 33610 31097 58574 3070 55126 48548 38926 38136 16865 58438 39293 30105 39243 30399 15738 42305 36852 14958 29798 5969 13372 45237 19105 47911 61570 38642 26764 31779 35624 26246 37509 49575 9869 21714 43245 28434 49425 21300 43044 25540 46356 36623 10379 31518 14582 29119 56961 35966 24342 41126 39524
60229 38358 32037 51352 59091 42901 42138 29050 19080 47795 61543 47468 56773 20880 62955 24780 58343 19084 34437 17403 40017 24582 44951 23386 16994 43104 47744 47943 3450 38393 44191 37924 12538 30513 18262 12879 23616 30312 34819 32297 47789 39422 10248 31762 29601 17490 40132 19563 43644 13254 38807 11155 32414 33466 34272 29160 35687 42891 37121 5070 26679 29853 40536 41379 43118 38988 20294 51142 23404 7419 33069 20120 35986 26888 52584 39545 49982 16086 35165 11210 33488 48321 18023 40681 51883 56621
20968 11319 38444 30326 13633 10260 23732 47871 13776 33505 37283 47398 21751 18685 9305 23374 53269 8902 32823 26579 8330 21664 35994 33049 64437 48873 11494 42365 54008 24064 49272 44895 54193 51782 41648 54561 59202 47131 10993 43298 45834 30688 11416 6594 6248 30195 30470 29025 46270 47797 21915 22111 24939 27270 36791 19227 13262 50631 59579 11767 32072 43222 40965 47442 19258 35860 28917 33676 26370 33762 37614 32516 22019 49310 14668 31261 22937 36522 37746 40755 28454 54885 19648 62633 20491 39982 35988
56542 29094 32870 30287 38450 34137 16237 10577 15108 63618 12708 16635 49591 29827 52073 21675 31911 24251 40221 30657 39479 22666 21280 47520 42182 48975 46547 42404 33460 44140 10645 17200 30304 30015 44740 38308 40492 11050 25028 7262 29815 39820 31475 53951 53153 20421 20144 45095 25098 36148 19804 10231 47634 54587 33623 43405 49688 25912 39170 41033 49278 13964 21179 62349 55203 32408 37091 34488 34279 44730 20442 47402 9642 29781 43009 26180 27980 47301 19895 25956 28460 8556 37210 35307 39340 36779 24398 41785
46891 8416 49136 31918 28169 44653 22434 23979 49318 52657 26306 35213 36194 20491 18865 49079 3740 49885 30928 48008 55990 28550 34941 46176 25615 56165 43290 23968 30983 51164 42757 59046 17406 45641 27295 31443 19284 21518 30792 49543 61800 41610 28769 56866 29852 53021 36681 61444 28496 50982 11614 37517 22497 13319 48900 56605 32947 31518 54425 25364 6178 15820 39548 13266 43153 22899 22798 23224 39006 26478 29871 24356 43500 15651 28096 17526 31639 27629 57503 35345 34755 49454 34221 43858 42188 17991 12618 40858 34069
49302 21463 23113 46844 45437 31155 51903 42212 22107 19260 23645 38185 10384 36054 30336 43567 23931 40671 31884 25171 26238 32182 19934 6133 28919 49596 50646 33143 26184 40785 48087 45368 27600 26326 33598 38296 25326 33961 27500 30967 26884 33067 49089 33205 22385 32956 51101 45617 17300 50109 18017 59597 32462 42636 31595 57320 38528 41354 41499 44514 54280 51480 29140 17690 48329 19860 40434 62451 37407 31584 54744 58569 20844 47835 50406 40447 46097 36964 37498 33268 12140 40028 57845 53000 29919 39715 21175 40858 29128 25882
32801 27149 53129 28319 33169 32957 29569 18451 27239 37389 32528 40406 18950 10332 53141 47177 11210 10762 32370 31691 38678 22902 24837 26810 36682 21762 34992 39802 5060 38669 17106 19561 40933 30199 39115 53222 43789 9248 20474 38482 43165 45032 27073 44045 34803 33710 41854 14712 46191 26068 30354 33521 38259 30905 39006 26841 36446 47805 31296 59280 32400 34368 51611 38775 16746 4514 28619 44269 44618 28482 37426 30800 6289 3458 37425 26116 53151 46785 36134 32358 40660 37215 23667 26072 19857 40892 38263 23736 7987 49208 35217
48999 21277 11570 17955 34374 42158 32012 5260 50611 19270 8741 31275 11792 31302 27357 47202 35771 57612 33172 52367 18197 43769 27818 28692 58494 32621 36478 38992 33879 33224 42354 30371 25343 20842 19430 30828 55508 35251 30775 18189 23098 16899 31945 51172 30607 36282 34808 40018 56626 31800 42023 41401 21380 39134 14260 29044 16101 60170 34050 24809 40886 30236 43629 33139 37461 47479 41561 41076 20259 45176 17186 51021 43648 21120 48939 47964 5325 37615 9426 32259 39529 24869 24186 52385 25522 43139 45695 8342 46348 20582 49989 12097
28373 15410 36649 27140 36204 52036 61579 32317 43314 22780 40397 54606 30343 15549 10574 5270 17868 51684 33134 40308 33631 20434 28813 36170 14241 39399 40203 48503 34546 28547 35143 50010 45491 37895 37795 28756 37954 18129 30334 20934 9984 49985 51256 45326 32334 49338 31536 37775 19082 62104 24009 47781 22550 34878 39519 41906 36689 44300 46933 34839 29850 34912 38666 23858 10322 15771 30686 21605 26329 27677 29744 56078 34960 12103 33379 6799 33237 7799 29907 30791 25353 52493 31203 38294 22668 51820 39922 20443 43711 8688 49504 16504 15873
23292 44172 48331 37552 30960 31704 22070 50480 31530 43427 55832 36319 23819 35917 53713 16668 38387 22070 33472 20296 39235 5566 28231 50371 22105 13636 20932 51694 47253 31530 42648 41767 10073 35279 8740 45263 34308 24467 46534 28486 46070 22230 36577 30445 35984 42488 38609 31779 26416 57176 29432 53062 38711 29016 33975 23738 27653 9815 26988 44252 12538 9397 31353 25614 44407 28370 19773 17070 9433 58126 45847 9501 22147 15304 47465 33724 32212 36706 10642 29417 21036 53307 35057 8966 34540 19635 39144 24689 19314 12074 22229 37771 19231 32256
31770 49332 44371 39828 32278 34893 5486 50760 36393 9909 41680 39036 39346 29770 28889 34957 18963 25968 38633 59615 33962 35461 43104 26574 27352 4072 13470 36797 55807 15866 18180 50954 27514 31003 59120 53272 29871 49580 38850 18755 34553 13323 55517 44271 28602 34969 9630 20856 14419 37814 30054 59713 42530 50627 15253 33448 47753 11039 26507 34832 13031 27688 25769 49109 34972 52546 39500 52315 28935 11979 27608 44031 23946 36130 47274 47393 31619 32936 23586 43555 46164 15805 44451 37220 44380 5314 32906 23876 18426 29205 42040 22563 41360 24087 25613
43105 37757 32040 34665 20573 13088 36777 20909 44665 20954 29176 33335 32020 32012 40054 21607 53902 32276 9092 32672 8518 23125 46976 46910 14239 21291 42188 43684 49141 26104 54215 34098 49323 19485 18640 28230 39968 31480 42056 35137 37044 41963 41615 30083 47302 46164 39942 20077 35513 21909 34059 11101 22761 27917 60927 40883 53689 39964 834 47826 32648 49185 36149 34838 18614 29310 61495 36578 28578 34961 44198 21142 37550 37820 24294 53904 44089 24926 48981 35377 37539 31447 41554 28889 30796 9606 30782 31209 27540 25293 19833 38079 22234 28682 51812 44219
32896 18078 13149 10559 2789 39914 26821 28074 29801 57676 26364 22876 38764 17447 50787 18358 10830 11735 47961 36886 16238 17342 38460 34269 17710 26429 50032 30827 34285 13746 19282 45856 43019 34943 21060 32093 11752 29955 39076 39551 30180 52381 31443 18921 14942 40111 28978 50938 37304 44696 36895 51474 61009 34743 34812 33682 40585 26990 42279 42456 52416 53531 20481 23365 32598 30752 36074 19257 39082 54236 31811 39188 55070 38319 23147 58422 54546 43768 32704 18431 35043 15641 24742 23503 50421 12656 36219 45830 14244 43358 12958 23812 27475 33349 39024 58666 18016
21888 41809 21206 35630 63605 54178 43368 22553 31871 17857 26691 42885 44800 12815 35524 20430 39257 27884 34892 33623 33000 26297 54331 53374 26383 11221 56817 41382 35117 25758 37071 48427 24738 54648 21554 50545 41677 57025 35710 47317 49424 31960 38416 29111 26825 18462 20296 42617 33626 29939 3721 27002 46626 21432 42800 43290 25216 53451 59550 44985 9686 29837 40499 41911 55683 58206 36687 34675 4838 23967 32595 47439 41824 16302 44445 62378 6226 33260 54669 52452 47898 47290 44678 14172 37147 38006 60388 33141 23473 24962 48394 21899 38974 34877 52568 14849 32803 36102
17452 4406 35006 36926 17639 39306 25457 20037 28393 27996 32154 40828 23955 33551 32923 63553 43075 44287 53715 26869 25177 39311 37538 40440 39736 21278 41063 24491 56892 49164 38020 37485 13000 8888 17495 13980 39996 39300 49474 26780 39414 7887 55460 57547 42839 35065 37853 29576 15295 35426 47180 37172 19087 45418 51027 17967 49957 26736 32336 47834 37089 30166 22180 13203 39717 31739 34224 37051 50512 31039 31954 20146 61122 18434 26989 34265 29404 40612 13533 27279 43260 36740 33924 52530 25731 35076 14787 39462 29905 21891 29176 22984 42310 39777 34437 12410 48451 23806 36041
24218 32805 30906 22051 16521 44367 10484 28661 20136 32800 33806 9118 7509 45048 64615 30333 23794 28728 24671 10740 23005 28734 23126 47969 31863 23403 28844 58406 51488 55583 34240 39330 24633 36026 55284 36149 32289 38300 33192 44094 31542 36645 31033 8223 19420 37045 37131 20022 32881 11692 30586 22500 17748 30058 46825 39563 25318 29520 13750 12166 48519 44732 46660 27707 21912 43790 22255 57861 51063 26537 37403 24134 19333 57322 48676 27231 46626 35634 36205 52142 30639 23777 36436 33685 40075 50263 43836 20339 19732 11509 43649 43176 19886 32280 44679 17555 32439 39716 46507 38038
23694 25462 39501 50703 32660 45678 37583 16992 39977 24431 45456 44776 33454 15830 25840 27910 40833 40196 63311 39452 31491 18521 3853 36745 14740 34613 11913 25260 39829 40185 46117 25830 32100 18691 23104 41880 22370 18099 46906 26656 48624 52588 15730 47073 57708 37002 15179 21559 36408 16240 56097 47748 11443 34174 9047 42025 16700 2578 30284 34436 27700 28813 37472 37623 27131 22607 37362 14048 37618 56505 27493 39841 23415 38185 28949 42649 21483 38143 20837 31016 43182 27550 5812 61613 41505 42082 42850 42634 42147 18094 50638 28701 12434 21986 36954 57032 25170 20828 33125 16362 29249
13437 28495 40163 46270 30373 35960 47890 6698 35637 26432 39897 44773 24971 27142 31894 39760 25863 56108 22186 41929 32011 23825 57206 10417 36086 28181 34904 42600 29736 26776 32435 46415 36354 33530 11235 35269 12770 53146 46410 29736 13097 15578 31817 57564 24887 38169 40510 22590 34668 32439 29835 32432 27945 64532 38031 38032 21963 27536 53161 30271 32949 34698 45883 39966 43334 26212 34980 39563 34526 31357 21827 8680 19678 37429 23162 32403 43684 55276 38311 39149 19345 53762 49196 30038 22277 58070 20328 13359 28768 51402 29883 37335 46850 40510 40324 26284 17995 22927 29477 10002 13723 19745
56060 25447 38994 42832 30314 51210 32208 29311 8913 40284 29046 38156 31116 18365 31394 20826 20481 51086 7348 50629 14219 47405 22287 27825 32140 54523 9488 40058 11109 61272 32280 34691 34420 63653 21895 15402 36891 32065 39613 42194 34233 9610 47387 34775 24750 46564 38910 34717 22105 36525 39626 41601 55324 44100 41180 45795 37717 42762 34196 28453 29030 45919 41045 27046 38830 41380 17532 37062 26508 56887 49514 12005 32354 29049 57983 27235 46479 32714 28443 17823 41586 51595 43679 7931 5740 43802 21609 12502 7902 40152 42969 37264 34086 13094 23634 13192 52903 40546 9520 58657 15549 43758 12758
20663 19658 16681 44452 31917 47151 25970 16376 19298 29770 47146 35891 31542 45693 30129 12725 9864 57382 30312 52191 17339 42663 44717 29199 42283 27487 44769 47013 31035 53166 41828 44036 19018 45299 21655 55944 32440 43152 9945 19092 22756 35811 6792 32648 30512 27726 19464 30914 21499 5936 29623 12707 17829 38377 26100 8587 32398 44504 37664 15323 36118 24671 34715 28657 23452 27356 27590 10541 12418 18096 33791 20209 44583 43324 45223 50332 53995 33758 28190 27022 31022 33785 21701 6440 22352 4841 39163 10952 32688 22032 35614 29135 24752 44751 6034 48541 17583 14980 18100 22930 53773 21137 15590 36111
2858 35925 47750 39793 20070 47407 39925 17435 54816 26241 22932 17004 14522 23978 34753 19908 26771 41993 22238 39300 46091 31488 37705 21770 17794 57325 42339 11191 9048 3122 37260 17643 45036 29998 30757 17414 10656 19521 5517 51304 10964 32458 16930 28017 43493 46635 29256 19073 31031 22466 46685 29432 50982 34032 15040 30262 7701 39703 18386 24476 25698 45970 49651 13960 23664 41927 10628 32346 9371 32017 39651 46709 14151 36050 52849 55862 27344 56427 6286 24830 29081 45370 59803 15917 23040 36001 52727 24867 36456 44031 28160 46401 21805 34996 36378 41444 20659 22559 36515 35440 32599 2978 27642 52802 47993
20635 16000 18618 15227 36972 14997 20795 37308 28788 45210 47906 44188 53778 36077 54736 54907 21160 22511 27813 46521 52117 46592 50945 19637 53816 59265 43077 31185 14322 51408 20431 30572 35364 21070 30975 23526 37420 39004 23352 39326 21869 19288 43478 32503 38211 14244 37948 13901 53008 50591 50634 50691 15413 31144 26078 36984 53776 29728 38873 21516 16899 29031 31515 43806 31084 18910 43781 35857 41389 29155 16117 18753 40997 31191 51787 37137 38452 36378 23658 60896 24889 30477 32942 50702 39574 6415 48762 56314 38825 29822 6446 19974 59860 42430 36904 38545 24182 25901 40649 35835 32495 34602 15473 24740 37022 31766
23681 41708 5349 53329 28247 48434 18722 44092 56659 30168 9910 54325 37079 61245 25346 43165 27714 10177 28516 42452 20212 31172 31039 25659 37966 7078 27119 38961 37806 40902 26326 4628 41077 29830 53589 15944 35331 25669 18122 42282 39864 38243 41111 27420 40181 35392 29723 20604 20759 41276 37557 12715 30593 5302 35271 34570 52114 31504 8880 25847 33962 18089 58063 31700 22058 50657 35718 38911 28528 8984 39475 41433 31709 25774 18488 40386 8913 27906 35572 44059 34732 31350 37831 35139 18894 42858 53264 36248 33943 27195 59697 11646 20327 5453 50312 31059 48542 55036 33654 40310 56988 14763 33629 25160 48578 41912 23960
44073 25198 22406 26509 31610 53248 29553 45719 27801 1499 61917 35864 47079 32604 43302 32113 12740 46052 52143 19456 51857 38611 26582 31015 3757 38793 26622 16965 9846 8551 37507 8378 54864 39882 35273 18917 32409 27158 19501 44840 7088 27560 46095 32225 17910 31712 63441 40818 45515 61985 10706 14650 12176 41416 47218 11416 11171 23094 28177 38638 11877 26315 28943 20891 23606 3815 17355 61950 30071 38379 50343 51576 54918 15157 11778 25962 30660 14885 38460 36658 28050 51742 28596 52275 26702 40572 35021 24009 46170 59042 35811 16726 47637 19952 32601 45115 32222 31684 17806 40918 8214 37759 40162 49545 23837 13441 40884 33458
36180 31275 17511 36019 9497 31707 23895 50411 46285 52465 39143 19642 26832 31952 33142 33151 2435 38612 32100 31900 31557 8800 20240 37743 15988 41684 38108 22362 28532 38798 18727 38332 18083 31727 16977 22517 39008 18263 12986 58212 21772 27943 43202 47467 35079 23741 3784 38760 23730 33145 43822 30396 37995 17085 41043 36040 37011 33768 27799 19178 52618 9306 27226 24197 58289 32628 53244 12533 34663 27796 12252 59292 2314 16155 30812 25563 21758 50793 29659 17168 62368 19934 18617 24221 35154 7387 31062 52193 22130 30397 25618 56379 14177 39655 17228 40205 42112 50360 11622 55222 45613 43920 38079 37269 37066 33488 51127 35852 36021
31190 61614 17529 36431 15363 38404 29758 39416 28855 39448 4282 20497 15186 47948 52045 60665 15156 37888 37206 18702 35773 39569 3127 22708 50253 8547 41294 44105 30788 54994 29180 28716 46850 17729 23459 27838 35816 21262 30622 34399 32340 49820 39763 15728 4518 45639 55325 44623 50497 40051 31582 37213 5250 55164 36471 47866 30410 38341 22214 39815 57209 26028 21933 16227 48623 45460 51339 52972 32141 49113 43200 36486 34224 13023 11179 24207 47548 35075 49838 47974 30990 40101 39719 15724 40710 42023 40568 6401 33543 45544 29184 40582 30830 46152 30494 14937 20124 30119 19252 29915 20721 40037 18337 62060 50893 43745 33220 29549 29585 32637
19198 21564 38555 21656 12464 36154 27467 16530 31800 45768 43268 13770 45817 30020 33570 33443 38479 41232 43272 20857 41884 40587 50710 43183 37953 29204 33194 27300 23964 48140 32549 54712 12559 47315 56807 33866 31736 16586 14673 27837 26553 51279 10433 24941 22961 57283 16279 37053 29504 13190 36150 1292 4549 35833 40186 42170 20130 19835 30278 12838 32565 30826 40058 52146 46304 43306 36596 27581 48386 38937 18709 26791 41211 39318 49725 29904 9770 40450 28109 40600 52721 12733 15139 20574 21934 32040 38303 20612 46786 17569 25763 49513 42638 26761 35726 41325 38512 25920 27072 51952 46027 21287 23194 29778 59387 26269 13690 45042 22626 61440 19905
27698 26209 56244 29391 29553 44886 12822 28676 27663 36003 38792 36033 22636 37799 52328 35939 5864 38337 44311 44621 57826 8275 45558 44510 20412 31932 28515 17014 21205 45147 5568 40822 14733 31890 29035 29756 44612 57023 27333 27689 14170 36932 34350 44701 14126 34432 58375 24312 27682 29395 16559 40090 28822 17052 29828 33507 47847 40765 29674 10547 40313 28180 53055 41706 18088 20610 45794 32616 16599 41961 26420 51726 29284 33188 53397 35386 40370 48921 28518 49996 24861 28067 57349 62631 46857 23204 23251 39336 30162 36733 13360 43440 20443 53644 56445 38943 21378 8755 24601 21589 27434 48849 26466 51635 23855 8390 14012 24470 52213 32113 11909 31074
46553 17972 19228 30324 30011 43117 9442 45612 49277 36222 28727 33773 10750 39622 32124 48916 40990 45476 47375 45826 27965 28538 11089 43799 14267 11687 30882 28339 33271 33162 57699 16695 43603 48260 49650 57857 60206 27638 37552 35953 23272 22846 26622 30698 27616 35263 29242 22472 27769 16085 32198 56174 34575 30178 62209 44604 49669 59463 22090 30608 32698 35682 51202 23243 32398 37013 33929 30541 55520 25918 25664 26743 34067 45759 23429 17831 21891 24183 31417 41533 30867 2502 28220 36252 30882 37387 32367 37664 48144 4264 36785 47660 34108 23291 41568 34336 29320 33382 21216 30298 32339 21576 22927 34363 32509 23041 35532 44323 42726 22768 22264 56947 33902
21111 51827 2441 33268 33780 36254 39365 26074 59080 25815 30345 21119 45140 12415 33588 17987 53750 27894 40742 39814 30993 45725 42432 34984 36609 46547 28256 40968 47400 50934 19559 20488 22759 21098 36661 25351 35740 24716 33322 32613 43689 5566 27815 42882 19309 45662 37385 47550 16199 37581 45491 28792 37785 12140 34564 57874 37314 40089 51548 33003 16161 35510 44060 39779 23832 50721 24226 23514 26885 14139 35919 51376 40010 57956 23683 17476 27718 26621 29342 36088 35417 33893 28160 15660 25570 36858 27145 19261 41539 32544 32281 35215 43738 25141 48528 42622 7944 26008 14286 44141 56367 20906 63540 33210 31658 35531 34336 26824 21215 37212 25842 32755 29481 33211
37901 49567 43498 37961 36558 33832 32899 40294 19606 31217 15442 3443 49349 45400 57017 28879 55995 38080 42263 28632 34265 60037 35020 52978 43388 21771 16183 28283 43272 21167 47546 19154 25562 15825 42419 31832 46418 52435 27780 14189 29907 37396 45964 19570 30138 31732 23594 42949 34664 21715 33728 53703 62781 17169 33709 28376 34457 18701 29008 16217 32477 50473 7690 8104 7527 29124 38716 34854 40343 25918 42564 36148 46800 37366 53381 24368 40046 17999 22363 51836 32212 44197 14376 46967 34402 19291 44109 43648 56694 34000 43304 17400 9841 38756 24603 49215 32947 40310 48772 30646 34717 3433 28101 24251 21133 47513 21309 34223 29923 53353 36940 39154 32258 23608 33361
24805 31046 50022 49838 16871 28178 51282 9921 48214 24518 35166 16364 27798 52672 33001 56206 35589 13153 34131 33543 27650 34825 51452 31670 32750 48921 55876 50941 54057 18415 9098 8762 36372 36331 27440 1742 29965 30831 54165 43546 59509 27354 56089 32124 25772 17548 23580 44631 33299 24806 36094 42503 29961 38726 32798 35310 36332 15117 41950 47981 47392 39835 17053 22498 32514 33872 33467 47279 33780 15501 26264 29491 34900 34735 19604 22733 26755 42265 28430 30431 40162 20522 25704 38600 14799 49218 40705 15847 61356 43202 27961 11678 35543 47368 31088 58187 29617 7285 18950 38992 11930 31337 16730 49676 23539 30276 7630 37343 47131 44902 31170 29992 39792 49455 19347 38217
31318 49919 26021 55200 25899 18486 30292 23950 2126 24628 34819 33909 44064 38490 33040 58800 13569 29190 41950 54949 41810 30360 36553 26799 37745 9075 15413 26928 48575 29684 33406 57737 63132 57212 37895 5912 11881 55659 32558 35647 61829 53537 44630 31581 26702 45567 26587 24786 22312 25442 52769 61693 40561 18606 57221 40256 14984 49472 30311 37625 17358 10360 51497 48010 28323 54713 27178 48210 35688 40032 18378 30384 34427 52174 44137 34822 26685 44899 15975 51635 21774 36479 32803 53526 36175 11395 20479 28560 27998 51405 26714 12930 28060 40637 57236 58186 41578 26038 43020 34635 15398 20756 36901 57313 34610 4154 16955 27246 27629 20104 17585 24659 28342 45916 31206 46830 12270
25111 41018 8097 27637 31257 21004 34762 31532 38595 34239 39115 20977 20339 3503 47107 32933 14217 38975 34514 45992 24168 45006 25239 45915 20332 47804 25780 25629 37368 31592 25223 50764 43372 36916 28018 30284 38182 29567 53972 44155 20615 31657 39949 48440 21231 56082 36476 39140 36799 40986 43907 19423 30293 46368 45184 32394 29201 57478 38612 30019 59989 17579 37856 36971 17024 24559 39170 19554 23026 36018 54173 49545 35852 33108 44301 42047 45100 53300 19124 17634 6579 26548 36339 4054 6145 37427 37928 36216 30326 30225 46773 57898 31859 38318 2809 52810 27989 53098 25171 44601 34943 23972 51749 31320 35152 22206 35790 18181 42792 44311 11437 17570 38248 44815 28196 49037 33646 34566
19857 40999 40091 47964 33878 60112 34895 44656 34770 49129 27114 40612 35173 23505 57548 42584 30318 38630 34901 48105 30799 25996 30693 45499 29798 22561 17116 46634 35860 39684 30874 54169 40123 30358 9344 28774 16310 53047 19948 20212 51819 9544 30782 36255 20021 38183 8921 9931 6262 22325 18714 61652 45711 16338 25186 40477 25054 16223 25105 15620 42949 25147 46983 14316 16803 20676 20005 21809 10456 20318 3400 46903 4803 48743 22612 23643 28870 39486 36518 7933 28735 31556 35742 13695 64144 38361 9887 45632 46360 47710 45830 33696 33078 54577 32820 29695 31820 28339 55689 43453 32697 43844 34405 42809 41180 19269 18985 51925 45334 11028 25651 52976 15816 49938 36835 18922 36944 42912 33948
44578 11793 35100 30138 18939 22631 13288 37536 18385 36020 36963 34478 44551 33881 41708 31042 24316 46260 35812 3517 39184 53031 1963 25471 30370 16656 28322 38377 28181 46033 13607 15449 20933 36041 27547 27183 20501 27992 15966 11982 29540 13021 30161 38290 8722 30394 30291 42462 40574 36429 16450 25362 34570 35576 28674 52364 22037 47642 15857 23981 57855 42259 32366 36309 56616 37186 41434 53349 22000 32777 46229 38075 14006 11974 24320 17975 50652 38618 25977 19515 9665 28070 10337 35366 54469 9352 42008 24408 11592 26851 28927 10034 26026 42003 17269 47378 36938 31610 27608 26713 39818 20601 22156 33895 53705 16494 3054 55452 22887 42171 45152 44121 46276 37567 33856 17147 16960 56281 58351 23525
15418 36203 51150 12918 47380 28884 50235 32270 11053 35699 35224 29198 24805 40618 58435 48596 33948 42967 48285 36033 40114 24668 38662 34357 35718 15768 37855 19856 36730 28907 28551 33330 49902 26548 33372 49019 39999 52053 16578 40139 28113 33068 15127 44418 26112 10906 40378 33024 36655 42241 45324 8870 53180 35260 55661 39378 27146 44593 5950 27108 31861 41915 1757 37439 33121 14268 24747 36416 53034 29589 30984 21832 38963 40100 49237 23223 60122 13387 49905 36333 45442 30697 10554 23115 45703 24798 14228 42798 36941 42121 52829 22522 18737 46156 27124 19468 46995 15749 41658 57028 37333 43414 11535 26501 27222 40414 22868 47532 12150 31676 37863 42138 43925 57490 25897 29615 34067 9663 29050 61003 15951
24738 31035 22479 46507 25244 55498 28569 42374 14606 34952 28937 9280 44374 40150 37762 42040 50391 17938 35424 29649 16621 53406 34054 48487 40698 42201 11988 34653 6239 50978 44840 46098 41594 22490 43363 33254 28333 37729 15589 35640 27222 21016 34063 18027 48855 34909 6463 34267 20879 50833 36053 30699 17374 14612 28468 9978 29475 43079 52152 31080 30912 30857 10692 45460 43539 43576 36024 28128 6270 22968 29682 43179 37216 16231 56019 47189 40473 44964 47291 53054 33800 39632 33035 31686 50319 36171 8993 43084 40204 44918 35421 39730 34528 50607 40481 63191 46956 12375 16844 47515 40974 27598 21694 48606 28201 4213 45656 47616 35609 21163 12792 16480 40000 33486 9983 48992 33535 36162 24781 33119 23732 31332
43714 44221 33473 28310 52287 17370 35461 10806 34977 42262 17759 35237 8011 35536 16561 34116 19356 35690 17882 12657 17652 39235 23097 48782 16052 33467 48944 30969 59450 29234 29213 18707 27879 28168 44130 13116 29723 22684 58206 22485 41270 28752 51313 29501 37784 53124 18682 24018 59041 27797 36443 35832 45489 39399 32242 3597 34856 34262 14624 36976 31078 47813 40263 56194 37068 40722 50114 21411 21944 29984 33271 63796 19338 56139 59713 26771 29093 52215 50946 55841 17254 40320 9371 41534 14382 33353 51050 12619 50013 34992 45265 37799 21587 39704 40495 29104 22129 32733 35044 36810 12564 22883 42575 20051 18336 42503 26578 43434 31090 16425 31435 47664 8682 24107 18588 46149 39019 37484 30372 26698 45138 52044 26178
49821 14592 21291 13528 19359 32213 20585 48069 42928 17969 50533 36968 38705 54645 36993 33826 30336 27391 27676 42068 48638 49711 28310 47708 33292 4712 35406 19357 29448 36614 36263 39283 56660 26476 41725 41280 43343 50938 20659 7269 23384 54542 31016 32832 37840 13577 23228 32307 36631 34379 36814 33692 42382 25653 36545 47581 19347 26149 10737 1621 37255 40827 36801 35428 41930 8090 51856 41833 51901 29150 49342 27334 27327 40362 46250 13785 33838 9822 17590 38404 45934 35672 27457 22694 12509 18425 32427 34591 53466 21409 12628 26318 33734 41393 37276 30997 22017 41351 35298 31570 28652 16003 24712 59110 38373 24583 47085 28978 43085 59762 36465 35732 41860 14884 15988 25455 40939 44414 32342 25119 53729 6878 24694 44294
35268 54693 21302 42373 46072 44339 41205 59642 55514 27880 28691 53447 40140 23589 49904 29259 16428 15943 30700 7909 40795 21169 51558 58359 45754 21698 19904 35552 36519 31706 30553 39167 25476 31578 38033 20406 32175 33440 20424 44131 17801 15629 12126 26728 16242 53761 38322 31012 35787 25820 49446 36855 26355 5374 52250 39488 43336 32199 44267 16737 18222 13975 13821 27320 20739 21198 38316 47014 29478 25036 22107 34189 30200 28402 24168 28104 48601 33182 28726 17853 52010 40240 43553 40647 14921 16651 1677 17992 17303 59532 23510 50593 47988 35604 56415 25136 37441 39939 38534 40279 54365 35513 29870 13429 10790 49815 48435 41194 22528 43770 37497 38933 48713 10054 29405 35672 22880 38616 47295 43025 49574 54544 39553 55202 43899
47441 10882 49002 26432 38648 22306 16584 24915 48486 27329 31006 41493 30715 35775 49611 52710 36375 48251 45102 42279 49947 23383 38312 33846 22117 8882 32666 58228 33621 43244 14178 22338 33102 57444 49763 36862 33708 38781 25081 23050 14802 63635 37766 7621 53024 35337 36971 24462 27380 44606 19974 49094 45231 9106 32185 31437 16305 33892 36066 26884 13147 18199 42211 32457 41739 48647 43803 52349 41505 6039 49386 32384 16384 24102 17327 23859 34820 30740 19660 52469 33168 42944 45471 20004 12292 35724 33674 32036 37566 40407 36844 4691 42271 13569 57381 25104 56967 33642 14740 23740 45655 6002 40347 36535 36845 23416 18840 8290 25257 38366 46828 54811 37357 26883 39672 36931 33048 21319 26394 19258 36746 44810 51381 40801 6308 12972
43301 16663 29636 28812 44492 32954 29771 55052 47115 51886 27033 45195 25920 42832 40718 41833 36557 15106 23563 45574 18961 50722 25581 47810 26731 42257 30231 30716 30525 53296 52712 32790 49126 23517 8896 17775 51141 63610 10240 38503 20540 29285 3334 40286 54953 45567 32051 24756 5230 48040 40935 49864 32490 12225 39042 33276 51069 51881 34404 14512 23430 25790 34029 56641 58471 29284 11133 49683 18302 33785 36212 38274 9772 17884 47666 25073 24019 32878 15640 36286 34766 38927 40324 23372 31107 3360 57046 26871 17485 31743 32881 45347 46478 40205 32178 35372 54951 17578 19962 9845 27894 25399 25769 37980 31197 34067 12575 15940 15035 21148 40637 27273 43248 36918 38112 48015 31195 7743 30444 44979 40670 30998 42046 41301 50519 14620 30774
18135 22184 37553 18999 12952 30768 54838 28062 54008 35662 28681 45516 29271 44388 26763 57889 46869 47057 25628 50685 9105 49140 41757 41153 38445 38702 33260 12747 18760 51936 30954 46203 54082 42088 40056 24628 42618 10537 7412 26706 4435 39551 18112 31800 15913 30156 33339 18246 13151 29809 54212 28890 54100 3020 56252 40021 23656 27967 22147 26903 59642 34344 40058 29313 28525 32745 41471 53233 16925 49121 30579 38087 36717 26480 51510 20582 57788 21493 24489 36394 40810 40658 40747 21878 35542 40293 34842 43434 49762 57616 46810 35364 49261 46898 25545 29253 23383 10539 25414 55661 50560 31834 42418 13053 36168 45601 46957 28243 7438 34782 49368 30415 47924 30450 34385 13267 35353 13502 59449 35006 2077 45728 25328 54512 36768 7675 36567 29642
22274 57387 41037 48298 28834 40594 26544 753 51938 47761 20836 38399 45089 53638 58822 49460 18111 15571 18744 19441 37148 37335 15384 31123 28056 41457 6855 35197 38546 31363 23974 46862 8812 25836 39187 47526 33669 26251 32112 17574 34877 16578 22299 34668 23284 61679 36469 11609 33290 45172 42974 56781 24542 62640 17335 15400 45778 28419 40543 26570 38214 36044 36916 31763 32151 63341 36250 36963 15913 37956 42735 47130 34136 33970 34962 33432 23943 42521 31460 31550 11540 37332 25157 43370 46690 40265 16150 36988 38861 22995 11701 12247 52153 5332 26243 33496 10370 22445 15840 32992 24715 59324 42029 40271 33330 18019 9673 51077 30682 12545 27410 27363 34783 8438 47212 28358 54437 52129 28213 46738 23689 8804 35020 41380 31211 21149 41106 35676 58157
50606 27111 19229 43694 41206 46380 13380 16078 50644 28351 38450 27117 53674 40705 48199 21099 7639 27218 28131 64167 49082 37139 28263 49411 34996 28578 32049 24542 34342 32352 21921 28056 33134 20910 44826 23696 32751 39402 15608 31529 49925 41846 11934 29631 51218 22193 12140 19637 18551 14330 26304 26730 47506 26546 30715 34110 52421 8761 33405 15760 28526 49136 8615 34755 19183 46389 27863 46643 17575 37481 30573 30531 32246 33772 53452 21842 21563 21023 33872 46784 57560 57697 39260 24044 31019 45584 37712 59704 11926 57488 29066 21251 20088 9535 44907 29101 25137 54396 17491 30614 44832 24232 9123 29470 13991 53283 15545 20132 46628 20814 31477 53386 42744 9863 50617 39727 16004 45103 32868 44275 60966 60070 35414 24630 25409 28237 48880 27480 34609 28547
30096 24760 32600 16038 33175 11960 44311 18458 45669 40887 11724 37948 54106 23061 56025 18286 43991 24626 18845 41486 32569 36974 52087 32893 36067 42280 28105 23324 36916 13506 31218 17993 16524 45467 30033 29286 20812 27155 41288 43985 29138 34954 31541 56043 19839 4960 48250 33812 35763 27892 55926 51117 20430 21416 34441 25109 14640 25052 11794 43946 25401 36333 31347 39120 58697 43583 53514 47589 53952 25902 21304 47944 47870 51485 56927 25946 43364 48234 35802 40059 42320 376 12559 24844 12834 13987 24409 53099 53053 22095 58394 40953 30718 14040 51379 10006 9158 2721 53890 21795 50677 57352 33513 46719 19947 41328 38727 29576 9993 38197 35068 53410 47276 56763 36199 11819 26168 31071 38378 34946 36618 49793 20451 30728 36482 28547 42164 45341 48131 37572 47548
33826 27370 6820 28762 23925 27288 53635 26096 50551 34413 56769 62429 57480 34249 49597 44928 28425 11277 56281 59962 19800 14487 26228 12652 29654 26311 30702 52852 30436 28160 33446 18101 34528 33182 21759 23435 28716 20740 6485 35416 6951 34706 22027 35965 35888 19622 60800 22360 25512 50081 40468 40011 24047 35811 33318 51380 21350 16589 36889 34293 14443 31165 39497 47469 40287 18963 20249 33916 11938 49458 14568 17537 13461 27254 15894 37598 37783 19778 41218 50417 52230 27894 32782 27676 31302 51440 54681 21950 22197 56465 30723 35639 13746 40761 39340 20966 34718 33865 18676 43821 22745 31519 28730 21610 20932 28443 54752 50942 46781 51103 40005 47178 26661 26634 49609 39340 57948 44988 8396 39047 48579 31254 28590 40503 44729 40566 49358 53278 34204 28733 33422 36765
11984 16075 32589 31250 12978 21888 23915 26847 46500 31677 40776 29027 30724 62687 41796 25853 54835 32841 41918 53519 18578 55642 14104 32504 25471 46962 53169 29719 22364 52722 48105 29134 28807 52280 42528 30075 38753 23973 5302 47232 53322 43417 27146 12348 48035 21364 25726 36367 38347 31382 40562 16216 14112 47711 36419 60793 37894 43567 34389 32208 48347 56678 46340 37310 56830 25444 42163 34469 49104 51082 15296 30176 50865 37174 15502 46293 29442 17352 17785 21727 24865 24227 20709 41824 18799 23844 13614 43449 32844 13996 42167 11592 30233 56987 44510 44911 46901 17489 47878 28045 27646 21295 37515 24834 22744 29330 22225 16173 56865 1502 34357 31088 30776 27760 31511 15657 49022 33192 60377 62394 59475 40169 27354 17026 17176 37264 59002 35552 48171 12030 43289 27190 56301
49299 22807 14819 18110 36271 30931 36678 15615 22963 59055 15296 6926 25597 23818 19634 22860 26605 29252 35706 35866 40166 39100 32123 25558 13892 40661 25617 44258 25450 44779 15518 20381 53176 20321 49283 20582 41612 25238 25886 53150 32583 42730 23505 35237 34121 46780 37370 22236 20467 34927 45307 43937 30371 28255 40499 38997 3257 38639 31490 51544 41368 35966 9415 1803 16540 46444 13540 13773 28968 54296 32951 22012 13980 34532 39330 33788 36950 51247 19716 30763 31159 28249 42045 34536 27167 11202 25772 8340 54511 36554 36787 20879 43397 33232 25264 16954 54081 19254 22276 46835 14725 36187 8720 36891 16304 50847 46386 51730 17698 53602 48589 32057 42300 25604 42301 24047 46940 37092 37092 15506 20195 50788 25123 34182 15153 20195 46680 16680 18342 53441 26341 37850 48035 52830
35113 48634 23173 42522 28291 39913 25519 4692 9301 9736 37504 43374 29694 61621 40536 56775 25309 44114 47768 32191 45652 9533 38558 13238 24513 17367 24011 34316 42118 35968 46975 22304 30210 40857 50970 25940 34197 14721 11260 19208 16542 12950 33157 32409 53375 32572 57109 21099 39574 12241 22540 29914 49220 28852 31690 28745 40683 35398 21936 43798 20454 24807 27932 26532 10395 62712 17774 17487 14949 25303 24073 47995 21158 25317 12874 41860 31423 18818 47506 11981 30734 34575 59201 27572 19445 42987 10935 50332 46035 54388 28501 32737 43272 20750 40056 16359 57587 32279 38276 33547 19702 22510 47574 41901 39535 30452 25806 22575 45760 3977 28111 13040 47944 29198 43062 41552 38246 35553 25444 28847 24188 25187 27321 17517 28649 40180 34197 40937 24332 31477 30553 24965 32070 22724 32611
17312 55288 44738 22803 23706 14464 37200 48076 40658 9281 45260 23274 22699 23703 55704 26064 13441 24292 29715 34782 14519 25737 33948 26738 18348 25316 43924 43757 8128 35671 9563 28335 23378 19264 51794 53017 61637 52225 36567 25481 12917 29433 33611 16223 52933 57736 21518 29182 53268 29965 18817 34498 40130 18154 18435 34062 30510 11389 20466 28738 32186 46888 32178 51132 10949 46154 35233 34525 21679 44355 18462 42245 44504 26482 43402 38293 50336 25657 14917 18411 33638 57590 8880 42855 12428 55050 42793 39787 28273 31702 43025 34646 15221 49336 41416 19080 61944 21267 44207 16482 51290 40003 32037 16450 20730 16810 58248 7561 31290 42153 19516 42903 36473 25246 49054 43468 46103 21739 57872 27529 28020 37103 29680 45099 39152 59401 20895 46869 28906 26523 29566 48038 35780 22788 28139 30014
56285 16803 29000 38718 44949 58074 51699 20740 45388 14855 24653 52721 26466 32908 14518 13669 46134 43976 29583 10944 22058 60699 19767 52578 26526 12772 7692 47275 57071 9093 23154 33787 36481 42844 37575 17074 42160 24266 29546 33840 11231 10033 50364 21462 35436 39404 27421 14594 33466 35937 26350 46868 45861 36843 21645 19823 38417 29164 27739 30576 33242 15301 33464 44152 43235 45780 34821 24551 39306 55419 34977 33053 48690 27161 11498 31611 56631 57614 14660 46686 39165 62137 36365 38186 28641 36988 42916 30524 48195 26549 40554 14324 13445 25030 9919 44725 27398 9230 37124 44764 52774 36844 51607 34762 43077 49858 22745 34015 40899 38383 25386 28027 46847 7890 43243 34047 19547 44748 34426 35529 39478 21310 29752 14905 14064 21894 34438 51890 38120 15111 28098 28560 33409 50461 63054 55350 43543
28970 34953 45060 37389 30863 43218 40536 40130 20650 30602 18067 34966 43741 45329 18453 28648 62598 11720 48703 51483 22279 25101 16495 59019 47039 24129 25093 30363 14350 20164 12900 33706 46419 31735 15592 29720 18672 51769 2292 35396 51267 14824 39400 25744 17582 26472 28450 32091 35728 2839 33795 43781 42569 31060 20459 8174 23096 41600 50747 27254 43199 37627 22097 29948 20284 29478 27533 34274 18192 34655 60753 16263 17820 45063 16124 41035 15422 27006 49134 33422 22617 52261 19336 40112 33609 35931 14632 33040 25200 31358 56367 40464 22319 33522 33789 15887 32484 44564 31730 34669 45809 41030 35695 31882 34997 39398 30161 31686 53647 30549 64123 49024 39649 12532 21708 56858 44554 23329 48164 18931 36969 42558 25572 20843 33632 24233 31594 40674 33869 27843 44567 47288 19602 21740 41803 33100 20878 46981
