13
7317
55778 27524
50090 25069 40624
20873 10899 22231 18346
13585 13077 29235 33455 13051
24852 55011 35231 54313 33901 54214
41562 36216 14593 25532 40639 49101 26289
44453 56496 47106 16730 33889 50700 12029 51424
26320 20658 18840 18720 32722 32389 39096 23035 42567
56673 6458 24401 23823 34600 46080 35074 21258 41403 15848
21231 25368 24313 30676 34038 37913 31938 3746 45817 39148 50422
6964 15574 20596 36213 41577 20078 50574 47134 38176 24481 44826 45778
53307 46159 28666 30579 7320 23641 38670 35805 44825 45980 24372 33267 10396
