108
44976
17313 36669
37230 19542 48951
44874 14249 22564 31533
43695 27634 31352 55778 30410
52906 22195 39350 50429 7217 35893
21768 33446 44264 13919 33339 22823 29997
27791 29611 11743 34145 49701 22459 41518 35300
18052 14538 37747 19223 34056 32056 6928 11609 34068
26468 36451 45320 18952 38320 32462 62088 21314 33403 14768
43575 39971 33829 51305 11380 39947 19726 28760 27040 50779 27542
13023 60955 35441 18972 19804 25158 21421 12034 14640 35455 35185 15527
43964 18215 3868 29035 38494 38046 17422 42926 42617 35653 33704 5584 50537
24443 9544 20016 39056 24990 31823 48944 33103 32274 22557 13103 40196 48436 33810
20621 50449 17254 51087 39338 36565 53510 26097 27878 19375 17013 7835 33952 35073 36884
11500 30522 36906 20033 51268 46867 26249 44382 9220 4747 52608 31177 28554 13314 49773 39907
22071 8664 32434 38924 32619 15980 30638 36517 36486 18464 24257 15373 8936 22868 41290 30882 22513
26725 26795 14536 50433 18359 39490 36061 32120 42406 22384 41280 37046 35989 32151 48722 35356 25314 9746
18547 28936 27376 42567 49156 51418 17179 36753 49507 37109 58823 44882 34033 17590 10576 36587 57102 23422 49177
29626 16411 51373 47232 24353 46199 64419 31976 3711 25728 24513 21421 31540 38042 56420 57139 23199 9507 21744 40407
40482 37498 43202 27129 62235 29952 45882 31227 17132 33045 52155 57404 45812 34586 50594 35612 42130 29549 28752 50427 46376
20079 38693 13369 15893 48256 33153 23349 21688 32257 29381 38993 51826 28496 10831 42476 11428 35022 58239 39526 17580 24284 21944
26654 38893 8664 46166 23927 26563 40484 11964 42189 45456 48159 61514 50307 44725 32808 41054 40696 54416 35488 57945 29324 21635 38887
21915 22942 39916 32862 38277 51857 21549 47203 14709 38849 25253 20567 54475 28561 26804 29850 30442 23648 50105 28045 43822 17550 36118 8079
30970 27258 39465 35582 58286 27782 31828 19518 27304 17681 33014 7085 35145 51835 45423 52650 46833 44836 21278 21142 26369 33132 26469 46801 35031
43954 11170 41660 34771 29784 6454 23221 52055 32189 25986 48925 14018 50753 33252 52308 43380 43076 39871 39611 32462 55846 7279 24241 36398 28230 43350
26772 10997 54022 41941 42184 9347 53957 10570 39850 50744 37859 37655 29084 22389 6336 30363 26364 39831 49084 42293 22571 53761 49974 44103 48522 46610 47504
21808 43895 32554 5417 9551 53844 24746 9313 24070 32383 2544 37272 31923 39001 9821 25390 15032 9282 23889 31618 36212 17051 21036 39158 42567 44995 42062 21994
29328 50200 28439 43195 39857 29694 18919 25549 34568 53203 51230 46460 54774 33782 31004 10283 26077 22728 26690 41528 53272 45737 40174 26118 27149 4602 39552 37361 17687
37657 24667 41053 44696 61031 27100 26534 12273 30788 11876 39471 36480 41233 8531 18006 52135 29997 45577 54910 9413 40182 19431 37123 37690 23760 54858 38985 19557 5401 13462
27309 16808 16944 50728 57999 41057 31862 26208 46673 20978 30795 60577 30802 31674 34320 44104 38642 32536 37411 29878 23697 31086 42213 4427 61327 50203 25270 51559 21067 29822 35831
24683 58151 23544 32006 38325 56450 34794 44612 42149 21692 49586 46098 17566 48692 36531 48846 43260 26445 45129 6874 33058 31331 41942 12437 30832 32217 41659 33886 46660 21518 41558 13974
56831 15202 54281 33693 36609 52788 42290 50132 25771 33511 16179 27545 30299 43991 34667 35661 55153 30567 7994 20304 38736 28662 25599 32771 49492 31716 28444 33221 56544 23952 5615 21748 27988
45916 27098 38388 29198 63399 47164 32035 26223 32977 35445 24288 49623 33082 9700 43916 30631 34626 35819 28551 30525 32072 31208 54066 44025 43438 26940 39659 32061 44755 36680 10003 20072 35607 23914
29706 32474 39130 33029 39473 27124 36476 25461 52711 26388 32348 43548 24458 18843 55004 13915 47998 24809 25179 42384 27168 30814 51001 53533 36818 55131 34774 20065 27890 16701 33426 28347 56801 30055 29132
16269 56064 44856 27622 2614 30893 9744 25407 21525 59210 3408 9783 56972 29493 37974 24366 42745 33999 26243 38020 26302 41080 43831 43160 4922 26257 34258 22988 56781 37753 38324 49792 46038 32654 30269 22801
48823 40756 48845 28643 25550 33481 33476 46418 17532 22188 20866 13249 15907 25406 46696 53646 59934 36063 14548 53532 40403 21488 56358 53447 27293 21711 40897 51955 40414 51165 32514 38396 49399 33146 29002 25669 39238
61959 27129 50220 43053 42467 22639 8212 43787 50540 43021 15961 39744 38150 49200 49503 11819 29967 1084 42883 21806 25062 21390 19237 48551 29676 35206 25255 20728 24449 32135 32872 46208 29958 33518 37576 51614 8409 26908
58407 11700 27483 31601 39653 14881 63724 33101 47457 33860 35309 15889 40445 23934 31420 61723 33560 21296 17338 54731 32530 44728 31048 9092 33866 30073 52164 36258 24867 59599 34704 50056 16377 34332 38155 28822 42799 34497 63636
48170 31012 24604 53900 18853 29752 50063 57171 14439 45770 40568 30538 41937 43837 39481 3791 41793 45037 7217 46659 18967 28477 17856 39430 42934 29580 29765 33401 51066 9018 49442 21499 45254 16550 33205 36586 26362 27186 18272 20394
26996 39485 24450 20121 45973 42791 54139 24598 15549 50000 26794 29826 30797 32024 41073 38973 54691 48862 47150 29608 49183 20228 43330 19233 40739 20457 43278 32521 54798 49133 43248 35776 17472 63856 54859 35239 17690 45778 39547 44317 45050
32370 39650 50816 22593 51890 47329 49716 36175 57841 4566 43158 39556 27279 32547 40456 18241 26348 38439 25320 22243 46440 43073 54167 2253 36962 17107 26742 39006 36412 12092 46563 48374 41301 29403 27712 43510 38925 20242 22507 36540 40132 16703
24901 5801 13786 33476 36014 26909 50606 35072 31367 43384 2722 34131 26415 30490 40726 25884 11012 28003 31079 20925 47722 9139 27641 45204 42431 44394 42280 41730 39266 39400 44887 34409 23988 29838 28900 29732 55061 17594 44082 16793 34278 36300 32669
32803 34437 53031 25993 32036 37203 33832 46162 16893 31408 9264 40539 37900 13053 8863 45570 29875 50841 61141 22954 8529 24034 29747 23471 37702 48444 39446 23157 32753 17669 17378 54361 22708 61852 20724 41915 51949 56162 40108 32509 16382 46775 32365 30846
23878 54268 51604 32414 33828 40847 52610 23485 20986 41425 21911 46651 40999 32546 43315 36983 33802 30691 35767 51411 20228 26738 48257 39342 36470 18736 30449 39272 35774 11902 62058 14944 19519 18618 25160 19193 37205 25670 30190 30095 55394 59777 55484 49285 56007
56522 12816 36410 3554 24194 42315 40206 41749 43785 20941 34656 34750 39616 54007 50067 25919 41477 16423 41987 41207 53561 44221 22291 56390 21692 43036 26402 62603 29935 15776 14992 33576 5681 29868 37820 23931 47328 53408 37128 38118 31072 53466 44243 30408 36879 28859
15741 35969 20812 42915 30054 39792 44408 26867 58094 42231 45299 41993 28788 26228 33822 50245 25690 22856 27479 45321 24831 45780 18175 52660 25795 58486 37750 31142 18950 39825 26909 36928 50984 49537 31827 26848 28296 31656 40310 22247 11912 11111 14570 43445 20871 60956 55052
11434 32229 40233 7230 42791 46594 52717 18654 23689 55358 53703 47437 35891 40696 13849 26092 29060 8338 50242 25369 17372 20331 33185 24886 13980 31203 44952 11425 31010 19034 19333 11707 46799 50992 36554 26852 38659 53956 28358 32381 15646 43896 40153 10981 18560 27564 34402 18042
21641 35261 21699 17824 30873 22543 27994 14517 51216 34046 29064 19480 21070 39661 16047 18474 41652 32826 28202 37195 49312 30536 21855 42972 44914 40563 34217 43067 28301 28703 52330 19145 31054 49832 45827 25574 50966 18545 32466 25587 19269 36824 12601 22351 30011 33600 34711 26200 45145
59653 64332 21874 25596 25483 16823 34043 29576 28975 19514 29010 48730 27729 18483 45784 40914 35667 40708 32237 28499 24724 30220 8946 32826 55924 11946 36421 41448 17235 26176 18503 40893 49553 30253 30040 49433 22413 29648 54745 18781 25513 45194 17960 30695 41028 47548 48806 34839 41918 55492
54196 12624 24694 4869 46512 42734 42191 43483 45308 6228 39717 39592 44535 45282 18907 40653 45312 6134 37712 43944 23160 28913 46564 29339 59071 23347 19446 57604 44598 29213 52201 41029 42299 19725 34841 5565 23599 32611 44777 58060 32626 39042 19128 25809 55141 41926 16870 13614 18535 43154 22226
43329 53974 43590 10206 53868 37654 43072 12137 32270 16773 40417 50131 13703 12930 33417 38780 15926 22126 18841 14532 39293 14761 25199 37386 33978 33940 47211 27056 31054 31629 13039 25109 44186 32501 13658 31129 36860 2860 40716 35484 20695 47251 19302 52094 22663 48009 37318 20126 19566 25708 17805 33374
36333 40864 46619 12573 14946 62850 11984 33083 11055 35444 30477 62744 30131 7892 21039 27412 27469 36611 32665 40334 39263 54114 47786 41704 51528 32847 15042 28033 32871 17964 13122 52153 32798 29015 21384 26608 50635 27185 18165 18566 35536 46362 13545 53210 50316 29299 49348 48206 9311 56987 35302 10306 38824
53744 43951 35347 18377 16598 48511 46117 39456 48043 21174 21716 12302 28366 31412 30339 26357 8864 49370 32656 22576 15233 44166 12894 22821 47570 49432 44361 31535 14833 32243 27317 35760 29759 24180 49406 5129 48412 23036 25223 22936 34025 25579 23982 23999 22533 27553 40150 24029 24270 23679 26203 21330 23976 40418
23713 62333 13553 37678 32261 44992 24840 39872 42215 46457 31310 37624 34729 28170 46371 53305 47274 32466 57832 42720 9802 51504 27899 26190 39657 27270 24253 23011 48359 15411 23438 18687 36515 21398 41935 30467 28287 33296 37854 41805 38618 21762 42012 35133 7700 38346 26858 57398 30348 18891 37542 23444 28325 12897 28082
43706 45243 19694 25197 30984 17201 21203 62774 28124 34918 47470 18030 44183 16058 12833 37493 54425 32908 43594 45484 33091 50239 52043 39025 18931 23599 31363 22309 16905 30399 22866 39464 30952 40526 17687 10715 31212 14652 22324 27293 52344 35304 25863 23756 29676 44724 32754 40140 28582 8703 30036 58107 15111 14889 20109 33720
19823 43410 20732 28516 6719 32410 32259 12895 37077 9120 37632 29962 40081 57094 35156 31683 9429 54059 38496 42731 36096 32367 43906 29410 13426 47922 30237 30729 30348 49108 24461 27327 43692 40628 3380 39778 9267 50740 24691 30294 45697 32947 30376 33784 41206 29841 43317 59562 46835 42030 36217 25802 14293 28138 29907 54457 25343
35876 27813 45272 62416 38206 48718 36229 41384 31639 28461 39714 40936 3471 16548 42509 7662 30086 12305 38567 50971 47580 30422 29008 49871 15600 35410 54889 46186 48420 39909 33361 15180 21720 6382 19814 62165 31337 43727 44044 29285 32827 14054 44705 19804 38058 24212 33156 37658 16921 32571 27926 20224 61158 45622 54711 34924 23924 19691
48072 17086 44063 57525 48039 32089 54603 15094 36277 45978 12116 25871 34386 23778 27805 42078 38367 27793 39812 31301 51387 53767 42604 9251 18244 30885 21425 39768 54750 18376 17847 5443 21735 8916 31451 33606 49342 26918 19837 37567 45508 30238 29695 44304 23641 8479 32960 30616 37086 48518 25120 21430 48049 39604 25215 24268 25907 33801 10301
29241 45508 16613 46521 41820 57797 5289 26965 50070 20884 48819 32112 24648 31122 31331 34922 17104 28192 32540 31906 28817 24476 32826 10363 43751 39528 44320 13905 28468 34531 45358 44167 30425 10604 46018 60796 46900 8804 22589 46992 24999 44587 48639 42274 25488 42274 32873 11413 26193 31655 14041 41029 20297 49691 29871 11925 49112 9438 51534 57828
38237 27729 16402 41106 26938 31955 24670 44286 4301 22210 44434 9610 40312 38530 42764 33941 23706 29809 18477 8319 22419 17646 34901 43944 54210 30810 23269 46192 21129 6933 44859 42294 4422 21888 28855 50268 35162 27641 34491 46145 28710 16097 21670 29509 14088 51864 47576 23496 35683 10111 37298 42026 22163 35317 45970 57034 48634 49752 29401 31242 41721
48396 40679 49225 41710 33390 33564 22503 5947 46816 26329 49988 38207 39616 36219 24768 28249 35439 13925 27322 45035 32334 40182 30612 41812 35515 63630 31149 19955 24600 31886 16229 28970 19139 55380 29468 2647 45853 46913 39730 53980 7558 49333 39430 16408 43615 38928 11770 33643 38407 56498 29038 35380 14556 43515 23231 32213 34626 38731 15441 17324 37271 47106
50304 32026 33850 39808 32175 34689 10124 19750 20028 31804 57325 21586 30858 12465 44478 13412 39669 46651 44381 27839 12257 23100 38699 30912 36266 42517 49032 53192 26291 24356 38613 25911 18778 34507 43377 43117 40962 23145 8122 33995 45319 54110 48660 25006 40653 42761 25821 41594 26545 50892 36980 42636 58899 57349 22842 18756 20565 56342 29583 25093 47318 24670 12244
50220 36342 52796 31335 48922 39445 17170 56233 40495 33683 38975 30714 43211 19663 25378 36795 8783 21547 29980 32586 51737 21510 23438 48904 56201 25280 57302 25430 36354 29368 34647 40082 38112 21073 37741 46878 40838 11239 33146 39769 22868 34269 2783 19874 27048 17042 42234 28250 29667 41062 33069 47585 38757 47544 36054 34968 28559 34027 29015 20189 5055 54363 37903 40209
38741 22123 38494 40852 35252 38266 21923 40647 30264 30696 60224 32521 25668 16404 11411 16568 22328 35936 43774 32824 52850 22315 46048 30183 50515 30421 53401 30244 13115 40382 18056 29008 35723 23110 38671 29643 48545 38604 32652 42486 13533 39346 31072 19503 55457 34135 47596 18135 35916 22555 12942 37454 44862 60510 37033 50933 40152 30848 48537 39211 11384 36576 24256 22862 45439
40416 54655 29634 31565 28639 48948 61668 21826 43837 30017 29974 34495 21082 36101 49334 54049 17302 22495 12325 31179 47440 25393 48068 13852 51690 30810 63473 49012 26563 40121 38158 18740 57659 37296 57209 33466 24754 21661 16275 38759 27784 40674 47548 11931 26396 58846 61013 27574 36560 23281 6589 28184 32260 27514 37970 20769 43797 16603 53880 44081 59495 49266 25741 37544 25686 35744
30448 37862 43333 32711 20994 47948 40338 13890 23075 4152 33696 33911 36788 38410 31179 31681 36627 19493 31351 27010 4257 44518 23552 22299 26814 45742 20681 35306 34763 19933 26416 33617 31271 28371 2456 32943 26672 33009 32349 31588 38474 27540 26595 43215 25811 37408 50311 31314 53290 21490 28329 40267 28848 35946 40107 31516 31429 37611 24812 47396 48842 47826 10700 14530 10525 54144 16811
38744 49695 10325 20201 44613 44592 32945 54245 37608 11697 40949 44801 38562 40192 17791 6812 50900 29822 11439 11542 60636 18572 36072 55502 36381 51592 6534 27687 27635 17364 33260 37245 33728 40911 29050 20275 36581 25048 3982 34728 33472 43600 32649 31036 37043 13719 24779 48718 42524 23566 20149 19777 27741 37395 57509 30833 51413 59399 10747 28225 23780 35402 47642 47376 34281 16701 7262 16190
56646 28991 22570 17194 47193 39598 61662 25398 10372 23022 26072 39361 31526 26461 45689 48427 14751 38746 52769 32724 43342 23110 11313 28700 19349 15489 15367 30818 24018 26220 26883 24328 22886 40037 39559 18029 29618 48845 13298 11505 7700 18948 38052 27892 34287 22123 38910 48342 38047 39009 38238 44790 28550 24644 24613 12726 30725 6776 51123 36725 19322 20314 38760 28307 17223 41804 38565 53616 29899
54956 35015 5740 45413 17883 11569 30694 34423 26938 16194 35904 15712 21799 30298 17881 56191 14852 34266 29457 41526 25647 7456 48712 36579 15369 26509 11742 23272 17906 35969 42034 31652 41547 12124 24486 41591 3443 28542 31386 15552 24520 59463 27499 29665 36270 12567 33917 11576 42883 23886 62508 35366 22950 31820 17627 26637 27768 39282 56552 24648 17497 15390 32438 51261 25002 59312 18593 12615 57545 7051
46349 26824 31255 21260 39510 30753 33268 34196 43743 42160 26817 42627 62726 28631 47837 42297 58158 38645 41126 27927 48051 37738 56960 25978 41209 39573 21705 29126 37213 40408 32736 29016 26431 19089 30758 16272 55553 35362 61947 46033 30978 33258 48576 41336 46498 37704 18387 55270 22849 56222 39061 8827 35391 46155 54374 18583 19195 12974 15271 36251 31191 43048 10934 12517 20786 41498 6644 28117 26476 27106 7618
31694 44772 34019 59006 36396 30205 46201 16522 21586 26387 30214 37957 63904 34953 747 58894 42356 48318 20614 22086 64303 16914 36921 41293 39473 13028 44898 40836 7643 34199 55139 50505 7563 35975 28059 41725 44193 30231 37738 25856 23168 19622 42543 54195 45700 30356 16204 54133 48144 46656 13343 25764 31364 43532 38410 41892 60734 19543 45676 18643 36767 29569 4773 43152 22791 20970 31764 45884 15575 30194 28699 30007
10861 51704 11288 5858 36137 5214 43372 23707 52333 30595 40312 42691 19352 29127 31130 29114 27146 23946 27445 21985 33572 61740 56229 34711 28228 48908 28748 55098 32459 46476 35467 45358 33817 40715 51136 40400 18830 8681 33101 16770 38539 49286 19601 23714 44653 55618 31467 19345 53399 42620 39357 34480 47208 48790 29286 41565 40256 37871 35397 20218 45696 62695 41660 22757 42886 35806 14633 43135 10163 24372 34542 16936 55911
20808 33130 17985 25346 41084 55805 28969 57572 26416 32262 6974 28525 39873 38631 14564 9725 37011 2558 55929 38900 29698 63660 44124 21682 53361 16467 63214 26520 35902 31310 40591 22532 27084 31747 41888 43350 34679 54989 41599 23281 24483 22542 54157 59442 18604 35111 35626 51322 62709 44918 14775 61225 29404 52317 27539 52127 44228 40251 18716 51517 26889 39792 38582 20320 18959 31835 46271 16748 20019 45406 8086 32446 53205 26583
28572 25270 34135 35112 55601 17591 33048 15024 44214 30750 45432 24014 22153 19532 24791 36836 57099 36001 13717 10833 27292 32893 12817 17012 47517 27457 13485 10670 10348 35915 30664 60768 44906 7931 4546 55016 25336 23220 29946 27561 29556 29394 28627 60671 11584 38584 44201 55372 30907 29126 12767 26353 23108 11098 25044 3660 29244 26325 31464 32703 32003 50071 38778 43176 21242 23809 44525 45673 26751 51825 37021 33377 19955 40775 28141
47600 44982 27366 53308 13941 54825 14506 40426 37202 42411 36854 39254 40933 40602 29738 24802 29584 23898 58532 28397 55730 39497 23749 39383 23467 10694 21485 37888 16090 31794 48509 60360 33953 40429 35027 35726 27230 46936 41295 47540 26994 36049 28243 6297 14142 32441 21310 42653 17696 35184 12144 48672 16507 17751 24138 38274 37547 26317 46890 48930 24850 15920 36209 10594 36113 47076 45183 40609 46086 23622 27572 50495 44883 20408 34417 40860
5207 21144 17427 35864 46193 49479 25597 50450 7427 37926 41358 24812 38764 24467 13350 53765 43275 54256 53030 26301 37698 48539 41452 18804 21359 34037 22489 32906 41716 11870 6221 28254 63280 23095 34472 20818 33155 17631 49738 50118 44876 50868 26259 15383 43501 54298 35555 36009 22212 32111 17050 25560 55090 28434 7448 19463 34969 29028 42430 43924 33876 26821 25578 50402 8137 21910 56060 46669 60499 21557 2647 31289 46932 40195 27992 26370 35373
33888 31584 12043 10812 31405 10191 24754 39139 35913 25093 26202 37761 24978 38243 34399 37750 16108 43334 25381 52769 33973 33042 31497 13540 12108 31780 43115 29981 22290 30172 41389 30766 45159 17821 31022 25462 35756 16068 7502 38996 54591 45234 22637 13354 38273 26311 53483 36951 28882 43107 35111 16954 42899 14567 24451 39732 5666 22449 36446 43174 46304 49185 11288 46062 38958 10650 43792 17007 28778 51064 55721 38277 2550 18718 25151 10898 19761 23020
19253 15095 48762 41280 30442 48146 32306 49787 41918 24389 18617 23805 27664 4590 30320 35879 50755 32111 31669 26455 1203 34599 59625 33261 54723 53366 27244 27468 17362 46779 51359 44752 13632 21336 59361 21468 27756 31659 18576 24016 34744 49430 34576 19466 33155 28920 23487 6635 45101 38065 39676 48851 50710 29088 46376 44579 20894 35111 46755 55097 48420 39076 18382 42357 53002 39288 44295 32825 10671 16644 50863 51940 52083 32934 37158 25814 36534 34241 42189
43376 43480 14769 13827 28688 44856 49624 38182 35863 36152 32663 44698 19685 36407 36940 35516 32218 22677 19801 19950 26199 28338 19485 47246 18873 44782 24055 42749 26467 54184 36937 37276 31412 29506 44146 36041 47884 32795 47057 51430 56268 18579 29640 37457 35922 30474 56757 53611 30719 4576 44794 35476 50739 31604 56566 56877 39502 29224 39177 34965 37808 36956 20626 25130 52665 52333 44275 24400 57289 30911 37770 36965 56640 50094 9656 41416 21886 14237 49375 23514
21476 15082 32346 41723 24528 36856 45967 30604 31906 54563 29145 30187 43453 33999 34458 22137 25214 30040 31539 28054 40518 55585 38146 43939 20597 48776 21865 40191 26731 36848 31175 27144 20873 37813 31612 22306 29484 27707 36839 17579 45240 38879 43114 44802 27018 28929 29283 44680 30978 11779 22324 63389 46723 24900 31804 23202 30058 31012 49882 17397 34072 49155 51312 15351 12525 23617 26205 59144 49225 53309 45568 34185 63117 31321 31930 62424 37655 38132 21484 10838 20807
13934 33012 15716 26752 20774 35125 56672 35870 45951 44555 22188 60292 34773 27864 37287 12818 21643 32509 4784 34598 31744 23000 31272 36385 48276 44747 1135 58979 45222 60212 35302 43853 20121 47221 32491 29757 26825 31725 29663 21651 44441 22268 38178 23474 10088 9985 43797 38134 48278 34142 39447 34754 12162 18289 25222 46966 40590 32412 41158 41840 33817 30782 36149 18193 46723 48567 31794 39353 26668 37990 56862 36553 42868 32173 48985 38303 24250 14058 18500 6555 54368 47486
15677 543 10949 47818 32421 45706 57417 44076 35036 35388 20300 47879 29763 25750 44590 20663 30009 6390 3918 37534 23580 31421 24846 25117 38224 55627 28109 56466 43314 32768 23531 23391 48164 46653 44488 29667 36484 48991 49604 30589 31923 56009 53822 29583 32530 17370 30104 45432 43519 45554 40497 13975 44508 22642 6761 50254 55047 26296 5280 55291 36321 34853 4918 43776 22218 25625 30858 12988 53795 40436 33534 41103 15435 54550 19698 25048 28064 42207 19651 40953 23174 42159 54485
49232 37723 26598 37764 25662 50302 32228 37683 26917 13904 29194 47680 26720 52529 19382 19214 46933 2434 3656 25593 59231 34721 14627 32613 50656 32751 18340 29614 56377 50892 45356 29495 28616 19609 26907 35934 33263 40373 24273 43398 20493 25214 32175 37131 21378 24408 44306 25937 16813 29857 20574 42165 35824 7864 50928 10647 24489 30206 27688 43609 42554 11987 38761 47450 34050 39320 39952 50426 56672 41643 18814 6041 19638 21101 27411 55191 44131 19774 51247 34643 37318 54143 9267 34095
52800 49550 15997 2954 28466 36812 21101 12484 15866 53914 38758 26428 49147 14934 49348 32085 46737 37730 32234 7531 40734 17949 31288 19937 45827 55014 56588 61718 26526 26142 18887 50538 28241 45093 57289 25916 13434 36188 14963 18159 25467 29217 28963 15583 24755 28373 5945 30063 52610 45016 15384 31486 34631 32139 27420 46060 42852 15437 43944 25240 33591 27772 33052 42340 11298 10876 27350 30383 28548 44715 25655 44249 22205 52584 25759 31298 42796 30484 24431 27978 25139 14351 50181 28752 17712
14522 32193 18870 18820 15731 29701 39899 9360 9883 35376 58655 18354 28818 40866 32738 24653 46009 36796 8836 22461 42095 45532 24420 54116 37650 22883 42212 46243 27654 54705 15715 39128 47016 29222 20289 22885 39514 30243 56542 35753 54394 42245 50330 33027 17001 48687 49364 50901 23688 32000 26606 42622 46901 39128 44103 42333 33490 17688 56383 34004 35773 45342 41526 49729 14935 34891 33932 38662 37632 29183 26016 30850 46617 37274 33748 38933 24577 34428 31112 58142 26902 27653 48409 33535 17852 55701
41195 23830 1617 25228 21338 37572 22324 38474 24265 33131 32966 32816 10646 49766 26471 10140 30244 43803 35704 4078 58063 52453 35159 47241 27131 29990 39269 40138 25092 44351 36866 13330 32077 14990 56719 29121 18996 40565 36459 50487 13084 38483 51956 39381 32353 39816 22414 55032 52839 58227 38039 24580 41355 24438 32366 37974 21037 48367 11636 20302 38575 25920 22025 26703 33136 32200 51342 45750 32976 26598 29025 32228 24367 49404 22755 38201 49901 57961 41844 16405 44649 24972 37237 16857 32773 36806 32580
55779 29216 31352 25922 50067 39706 27392 55248 13900 27986 26305 34636 25962 14123 44823 16408 32848 41729 49508 27283 12894 14135 22281 35612 41714 22060 25956 16916 30061 48704 7639 19419 18735 35282 28096 32978 47513 44869 32385 21847 24073 33013 46457 22987 18911 44357 46088 47758 35966 48788 22413 49153 45378 6978 14698 20099 16270 34222 44797 26226 47810 39994 18856 42034 41532 22853 54986 16417 29021 37679 57283 36510 40837 31832 43506 32778 8213 41760 14009 41157 25195 29158 17270 6448 53735 12044 51594 11689
21995 31985 32342 16017 53718 55797 54072 18504 42248 8312 30099 25391 43746 34522 20163 17317 15042 40826 33834 47624 10249 22714 30505 45756 16919 31993 17694 46622 21580 45719 51051 59536 42505 31732 37743 35440 31403 46960 31369 30751 37269 8042 35355 43518 42534 51780 35716 46187 28606 43613 33827 51144 41406 36373 13658 12403 60292 40908 7303 54989 30833 26082 29452 48950 28645 17078 44616 35343 30016 29866 32667 29623 42978 5662 21604 54412 41771 40303 54789 41202 32379 23809 27100 26951 19762 33584 45386 23018 40624
39519 35249 15164 32342 2284 35948 29085 29570 37178 3809 32110 33172 53669 8811 31501 42991 17553 37996 41691 25072 49242 28229 51512 9976 30563 30036 56965 27239 30730 43771 28449 7069 44210 52377 41834 9723 56247 54158 16324 28894 42877 62777 9357 24490 36449 41724 52772 20924 60099 35381 54506 41588 29445 37958 27967 43317 47494 59022 26500 47452 11430 57964 45079 41546 38597 9538 20313 44895 40515 34927 27050 10235 17791 41298 16235 20351 27355 16716 11514 25929 18614 30142 43704 42169 30064 34822 19718 17714 25448 32135
17474 31248 24833 38813 23758 29366 39063 21418 32521 23172 37005 27407 12114 55512 43842 21290 36362 37139 10006 48477 22417 41621 7784 38662 25672 43199 34715 35207 43149 15087 13579 31295 13505 27781 21787 35470 46404 19684 29226 38867 29303 26472 62104 47984 53433 50036 39108 19139 20584 25704 33552 55086 3560 18850 43995 44560 16791 28291 59781 22729 49108 51819 61038 40120 30976 20667 51446 31551 31099 28881 58236 12732 27046 5645 33890 14736 3551 10193 52743 18460 50823 35196 16075 20158 36862 39534 12558 31449 33445 13832 23344
13769 53979 13224 20368 42224 20734 59055 31888 10671 26994 40573 11407 57700 42132 42610 34285 42353 42694 17903 35594 35637 12390 49233 6726 25615 40405 21755 28160 15713 26484 16204 7322 24714 41377 13988 39027 53993 31934 61028 45035 21984 17705 38378 36194 26317 25411 22679 46904 16146 56172 24011 4044 21518 52741 51430 54656 22305 63341 47432 41652 13738 45058 51793 28101 39179 27688 37729 35095 59042 48189 42968 41734 16336 52384 38678 17909 33271 58802 60540 55362 18034 27603 12136 40016 58023 24420 25402 12411 59377 23747 34645 3879
41906 7249 38678 36528 40779 29294 35294 24953 40986 53115 54029 38368 42881 16343 25091 38472 29407 60384 41505 10509 31636 38906 31428 28819 30463 42115 20304 27447 22146 36314 32546 29529 51067 27744 26010 48987 13132 29813 23067 24988 48980 30330 12290 18556 52466 24269 14000 15963 31112 46543 47493 27033 40565 40928 32737 19605 20760 23905 19749 50609 25298 19120 24751 36684 24836 24622 30175 49094 38156 45628 17432 51582 33869 28984 32438 31447 28707 27012 54556 32301 22000 33663 29354 55779 28437 50056 32446 28760 45296 18944 7353 32748 52451
21319 27643 41726 45132 47038 34789 20465 33933 27587 34773 22817 44805 32695 32555 27889 53524 40954 32074 38336 51225 38125 36238 47598 11638 49903 46938 39898 22153 43614 32270 55782 21684 26526 24840 28273 30038 45837 23465 12251 49615 24842 58705 20612 32638 25078 29025 57036 44997 49713 28471 50450 36866 10780 51763 51640 39318 24085 27063 3869 33250 15997 45346 37793 47684 18356 32724 12708 28703 4635 45358 40838 36047 53777 40078 28582 46518 22516 5461 36966 19509 36904 27363 52261 28074 33546 26776 18755 29559 21756 54741 35360 29435 18012 30199
27932 48533 45963 34913 44182 24743 38122 51314 24304 42384 32471 28042 63113 37295 8628 43786 49601 26214 51679 12368 27384 41235 24505 43197 30862 31512 26530 15281 52450 27092 33275 3212 9814 7847 27427 15022 8010 34544 31608 24951 11803 19473 42846 38983 42285 54120 32563 29310 13020 48726 12118 65404 24971 59965 32808 19106 38808 61560 22025 56142 38758 42605 45402 13536 32593 40311 11897 22203 51645 8952 34247 15420 19718 49233 35748 23748 48015 15072 45169 43955 41910 37895 32909 6249 28638 35109 42070 36423 26211 37786 24624 29866 43433 59589 38009
12022 14349 31240 15760 40072 27631 29889 29654 39104 31665 49746 27563 31489 31154 34842 30064 5800 21586 42872 32131 47894 22001 48590 35909 13227 42223 9339 50710 18375 50091 28894 27479 47819 4231 62552 55398 52245 17890 48202 34212 46853 31260 37394 34674 45822 40852 31507 36398 29532 33965 14505 26170 42882 54211 18486 30709 31440 37689 25371 51134 5284 9582 32438 30198 39007 51394 19561 48893 42337 38804 47506 31540 22283 34887 28563 40697 50363 27959 21451 47789 33233 29895 34714 31408 7600 43350 26719 10083 9140 28996 36732 42277 39744 36592 21071 29780
34740 8380 49722 12628 26734 41223 11420 38019 14543 26161 6869 29248 28727 41626 21060 47852 33287 58530 21579 31463 23965 38568 24136 23186 28249 32526 27036 7755 7069 16435 11176 42611 18632 55415 38346 28522 21818 41530 21861 37265 40020 21468 21461 49479 30068 32700 13948 52970 46075 37948 57019 42718 42825 23483 27120 20864 39614 31897 45437 29490 54715 63798 51905 52306 39837 45042 34587 14657 43975 23340 29677 45664 49560 37190 23190 19469 38000 17567 16501 13994 55216 50071 26348 48789 15030 14478 19289 19503 26851 43492 42782 25560 35223 31224 28570 9713 49202
26412 22061 52953 11284 35808 18486 14062 59549 24177 28439 21140 36141 12611 12334 12841 44324 12978 44252 33292 22498 27937 17027 35486 39112 18158 35454 45119 30516 33404 23091 29520 30342 48679 49917 28719 5665 29779 37438 24381 20834 31580 20823 38106 40874 34213 17830 33127 29785 41356 28813 45379 16079 14708 36715 19660 27245 37817 7072 6246 24208 53951 51851 29807 32412 29923 36238 56646 43502 21637 37383 27468 15334 43015 16728 21217 35815 33224 16608 25702 27982 20520 61950 35897 44924 23943 29204 21179 7633 53317 39553 23628 32685 43713 32932 59725 6257 19293 30174
22044 42875 27768 34704 39706 26667 42098 32536 52392 4580 26026 25049 39716 22530 32387 28975 21232 27112 39257 43644 56427 29430 48271 18209 15348 6794 51844 48252 37356 33797 408 48111 39603 20167 31786 45784 44714 38449 45213 51865 49711 29089 29005 26769 26019 62583 27805 44576 17766 44566 44268 30885 43481 10714 39066 24962 30555 28454 29190 15893 44618 33114 22418 40896 27402 24532 17309 21474 26105 34293 3207 25563 29558 27421 25776 5386 33762 33453 23160 26833 41885 48131 22590 40078 31496 33407 42084 10658 20097 48515 57673 17774 32361 53358 36173 57680 34592 39584 33488
10923 33031 30586 30770 35547 41085 48730 32722 42818 46560 17057 34834 24897 11668 21423 23377 22070 36854 48356 40943 24451 33128 17825 22604 37511 49736 45379 25288 49313 12023 48941 31170 30515 16342 10942 13212 32668 35139 11094 33461 24379 48032 29782 46445 55154 41803 46364 30244 26015 10405 39177 52026 49956 53262 18301 38670 25952 14823 25560 38914 32179 41615 36218 26742 31100 25188 24515 32455 33309 28106 29203 44377 31988 54559 22474 41608 35682 17602 41032 26807 35529 34068 22254 26180 38020 31349 33562 23954 32249 42310 10284 27901 22659 41445 17799 36585 29060 10419 22152 39346
53853 36368 53904 16315 16492 49757 11519 36706 15635 53753 21813 29450 34225 58690 13971 12559 37798 49308 47222 27605 7249 50277 15938 41401 37140 27900 42836 44315 40781 21186 20236 50269 45150 10775 36045 31198 27046 17244 46068 48126 44164 35567 37858 54557 5722 35121 30711 60315 32903 25218 10131 33239 32874 22339 26135 30259 59236 17362 29409 33550 49878 41104 35153 16072 56350 33246 24778 39872 47263 38938 11432 26713 39349 12198 40014 20207 31938 45281 23324 21989 39719 41002 36976 57242 59970 40418 24491 43630 39797 58985 26669 53440 39966 21024 17751 51443 38303 21861 3719 25955 27991
32921 22301 21619 17574 32796 44668 41090 30955 40015 40960 45040 9096 47505 13068 17692 6619 55360 60160 32360 27974 38080 18234 22067 27432 10095 17179 41693 40161 25772 22019 5830 18384 48344 29523 16462 27991 48211 35433 35284 19156 35710 34469 14778 55720 28343 20329 29279 53044 18015 51220 45603 40150 36566 20486 54118 28657 24701 17056 35976 45537 28595 30528 28648 34824 36054 16711 27624 54215 42058 28693 19175 45692 48748 53002 13125 32137 32670 42375 42850 19021 43070 46825 34206 59943 5293 17043 34904 27257 48460 33764 50674 5282 46713 45628 45259 28161 12438 33020 5955 47096 30721 40834
9146 28645 29979 14639 23696 20266 11332 30051 42020 19238 48605 63358 14552 38201 58949 57056 13580 39618 32218 18153 36637 34083 30976 18169 39279 14778 26645 29296 33374 23016 30584 22702 21581 49935 28554 34068 30106 36490 46251 32512 43176 4543 51004 18898 35795 24073 50075 25837 39295 49354 25129 19374 43016 17251 30534 30070 27089 43826 29523 21925 60728 31129 58031 23451 40096 27639 28088 29369 48741 31660 22738 33372 62699 24087 33883 28136 16015 33946 27826 38074 30129 40083 10808 21042 20659 36708 29005 32179 25076 33388 4690 27290 38868 22282 31141 26696 15539 10912 44967 49693 30449 22157 22712
49017 18669 28720 46393 41917 37129 18666 41352 44615 35236 28188 38406 39543 51486 43300 10004 40880 49622 32613 34064 29006 49711 45627 31836 48820 29829 48904 62807 13122 24379 24365 29792 30294 25776 34824 39384 11089 49988 60155 8735 29075 38230 62820 26006 25725 20809 20645 22683 39789 18809 25117 35727 43459 44105 19244 43730 40674 33816 26929 32453 34342 46918 54670 60359 26354 34866 26017 29238 17574 38206 43724 11894 40608 22729 29294 55525 28737 10547 50663 50658 45289 14556 27286 26062 21497 38436 25053 17673 18639 43882 26906 35828 31435 48912 31150 32493 53583 62325 18682 32341 44986 18169 18524 34444
30060 37884 42295 45043 32198 37086 51431 44777 40998 53246 55502 54220 45037 49086 13901 2816 31867 10877 32450 56546 53552 13979 2959 28116 62829 26232 29203 32308 44175 6260 33709 27235 13817 34542 52671 43714 52490 18504 39336 54191 43298 20193 27847 38284 32162 26905 34942 48311 31208 16720 27179 45457 18773 56806 19248 30842 37705 41274 41196 45523 31524 51630 40127 39419 41030 29090 44040 35152 7695 3955 63529 29750 35807 30085 26240 27403 32022 53812 6254 39470 33044 45027 27477 18944 41786 29936 30864 24289 27366 25534 38277 22834 23416 6825 21391 54609 29779 37909 32784 35743 12500 42590 42089 53372 34908
33767 34296 5193 28235 15118 42527 25445 53761 13878 49725 26158 40671 48059 21426 24840 48194 28161 36829 13393 3470 52069 59424 23656 29216 11847 35289 29102 50520 52489 24170 10371 24217 14858 35634 20808 37184 25514 29072 22619 44206 37961 44774 50717 31811 62023 40083 48878 18271 32771 20470 33583 53603 39903 6768 28478 22957 32826 35170 31612 7069 17268 26154 48202 52886 22508 46635 25094 42484 35845 15041 14610 20762 35355 29006 43469 31592 22673 37683 14486 19516 22982 38350 34254 26359 19482 43649 19925 60153 18924 48810 59660 29603 18847 31659 19409 38995 40335 50915 34437 27753 29727 49586 50568 32584 22446 51575
53563 23628 44700 30612 3581 35544 15176 41319 31788 36428 39956 22610 47148 58886 52063 27060 31323 36199 40841 24301 38680 31695 19186 32092 32452 42143 56314 18019 15807 30517 48384 30560 31850 57073 13414 35252 32547 49973 25739 45760 42571 34656 52175 25570 28226 35538 50322 19069 28521 43244 34100 53229 56863 47372 40980 39316 2754 36499 33684 2259 25014 30945 31251 15112 27480 17238 43505 35221 52234 13651 38286 35289 50218 37429 39754 36147 12313 39263 30084 41221 34872 34352 15006 3758 24805 36872 56567 23437 60034 27208 43759 51460 29037 17486 20198 21617 24071 18811 20284 14134 13488 41263 36432 26290 38345 28362 19076
37957 15793 53676 7736 44366 33990 25909 32713 23343 57196 16581 16795 838 24065 30652 37386 18164 44260 39290 31609 33691 38006 45408 25670 21142 30999 18124 36564 35147 23336 56606 39295 14613 22279 29625 32427 12118 42261 34298 5300 30063 39346 35650 36349 53438 42303 30449 30948 49829 21531 14439 49100 34947 20132 47877 10513 39864 22846 26152 22295 45475 21575 40244 18491 15270 15390 16262 22237 26399 10532 43134 47455 40304 53177 44927 33312 33784 32830 42982 40832 31766 42769 24852 56287 9004 19603 42601 23965 21145 38180 16197 10009 8124 49445 28425 38581 23542 11508 62739 59088 38056 20722 3267 44490 4912 49536 28028 24066
