175
17742
48303 47936
23561 40527 59248
37832 36494 10422 9936
15846 30561 46052 17711 55036
40675 35641 59629 14441 10612 30229
5225 30604 22389 47065 9733 26054 34116
36835 22560 36984 11074 47507 49434 49408 24016
27724 54098 31937 52556 23402 23851 34071 17944 46672
35073 22372 45203 10334 23863 44297 37148 55538 15404 31588
34836 27501 58432 29655 20955 32559 28626 33728 50898 44953 21829
54401 23383 37897 59125 52089 8139 49119 21317 35336 49294 17022 42132
28045 34305 42818 49474 36714 21635 30094 27566 50429 44146 45250 16954 40872
43570 22588 16197 27850 34337 26461 14639 46531 38046 21893 57944 16370 17930 38421
51488 36025 42693 39019 55270 55670 24368 51175 21772 40842 45993 35819 25329 37974 33937
18390 32757 43320 20040 23304 34424 2963 43311 41186 11482 42179 51621 28866 34170 39466 32776
40457 32442 19753 14524 30743 58105 23326 31774 51788 22679 40299 28304 56329 25076 43375 20592 61611
56688 20617 65055 18325 34154 40987 28670 39974 28740 57732 47723 42430 36957 39459 36296 38846 46101 35674
13939 41348 34252 12935 7373 28273 35810 51468 17718 42469 43190 50248 20495 27456 39594 21915 31159 24034 31774
27236 6796 39211 50031 11269 42738 46203 17153 32732 12103 49970 10544 34634 24554 21680 32863 40881 33084 62550 44780
25196 30621 10626 30522 42209 17262 30612 30629 30827 33037 24047 43665 10860 26843 22512 26202 17477 20280 23800 56675 35668
42117 24679 40458 33019 29985 53661 37554 58009 26986 7163 33207 10638 50628 42718 36221 35641 60045 21930 46177 30972 54308 34748
20675 41013 39658 39028 39173 27206 62271 57141 8070 31886 44420 12124 21158 47212 46615 22602 31941 15170 38233 42335 50243 24175 28586
24059 11135 14162 34155 17791 37083 38732 13050 6985 44726 35774 28856 39609 39792 56838 54022 31538 18792 37767 35394 28688 1793 28061 25294
43190 32407 27050 17673 20612 46733 16655 46418 36568 37186 26922 21514 34579 52502 37725 23953 22677 33896 44294 10824 40639 44443 24455 11917 28911
39691 36927 31425 25221 31515 24718 47940 33508 55338 11731 47223 23912 39064 37232 22201 31092 32452 24771 38504 23144 43280 44334 5096 32674 37339 50192
34711 25731 36741 11977 17876 32875 21614 45752 48896 50875 28406 20799 32635 42705 51580 18364 44966 35853 43618 36752 37855 24017 13319 56860 35975 32636 25803
9406 5630 53358 38670 37081 51365 11272 33072 35785 22747 27048 46480 47856 5886 23727 8848 32687 28530 21629 37519 30564 27284 40050 11245 31601 44230 31727 28938
41269 30310 13905 49222 47631 41941 35579 21504 54113 44404 13644 49818 13962 42913 27812 32371 26857 49854 25700 21995 11232 19241 19434 29538 31949 43331 20119 23864 38162
24940 37835 30156 27150 37893 16102 31616 11553 32109 28488 34996 52138 30210 49233 37829 61195 29224 18785 61207 31906 33341 40408 18694 5584 53920 52502 44021 6135 11186 57980
32322 40050 29139 25960 33360 30887 42340 22842 22139 48625 25283 15701 29991 47538 25169 36118 46256 62795 30830 49118 51065 13850 38267 18701 15328 32129 17879 6147 31816 35039 12768
6177 20237 20884 40442 45252 54931 3327 27267 50512 37175 11394 37850 46370 22873 56699 45664 23450 25947 35148 31349 36891 51100 21844 15482 42498 28284 41714 25805 60592 9307 3976 31695
44933 36761 29813 42464 13793 12949 26392 41825 49957 27569 47314 20656 5807 30028 30468 42542 27615 26054 27404 14396 31256 12158 39501 46904 29878 8407 17955 28548 35612 25645 27632 18815 26794
32739 17685 18824 13502 54872 18160 4096 37561 9708 41699 55623 41467 35070 50764 32190 32229 30193 23181 29123 48597 48929 17669 17847 29995 4849 42772 42490 13130 31680 24089 23277 33678 24558 33654
18671 27994 33242 27785 28766 29710 32742 43700 28062 38664 54385 2902 63757 20905 21979 38863 26378 39761 13956 5502 10230 26465 33996 34245 51249 42295 11026 9730 28700 49203 28600 28566 25621 40887 29981
38882 33917 10018 14753 36932 19892 46548 38820 34335 22555 42798 50566 25295 22545 21134 21926 19382 40436 35669 13926 41525 38440 8419 45605 33706 51466 24216 61251 51575 23292 3029 28704 35067 35932 27639 37660
37781 14731 15969 37526 30375 56042 48754 34032 31632 34007 41866 23689 10159 59316 8458 26561 15462 53215 58960 53496 46867 42425 40637 40590 20760 28066 29105 45794 32724 18427 33420 52310 29863 28963 61614 34122 40176
16760 22391 21531 41489 44382 20039 35629 26984 17715 26750 22748 37974 13654 46460 18315 32829 50728 49314 48536 18040 23561 37198 32102 48237 30554 43744 42321 29559 13433 36027 44989 14584 19399 12860 29446 5713 37284 4804
41359 53472 30321 41395 18870 27143 34445 52841 54750 40741 27222 33863 35939 27034 58928 43690 4009 32453 23161 42230 56845 53256 17296 21128 20975 35521 47574 36544 8625 6226 29099 45313 24498 40474 15216 36008 31314 32120 33667
28950 48113 21454 21061 10667 19183 31355 19478 32199 10667 34526 12631 45259 46727 51800 24166 33301 11234 21066 19364 44293 40988 26642 36210 26878 34196 37139 21550 59740 10925 36521 27706 23938 47555 24118 48629 28880 47417 14619 19902
19108 35694 38070 48118 36447 28354 8809 50429 23393 32148 20370 16692 19723 44615 17811 42233 31419 54071 27083 32941 63441 6855 23962 32944 54192 36694 32351 28003 39348 38724 25980 11045 53568 29936 26703 14932 32180 50876 38970 14164 40558
34567 49820 23171 11983 35889 28885 30784 9783 34970 26692 33004 30727 35490 43595 32999 37789 31912 29768 41106 25689 42254 16284 42059 20893 9779 16808 27763 16072 32375 27594 30058 35642 34874 27493 22417 37460 31196 43477 18247 11124 26044 52348
38122 43515 14908 46267 44254 23881 16827 32752 38784 37054 41625 34685 31026 3003 24374 24769 37458 4509 22002 23835 16193 25031 16684 35309 30816 47000 14150 45206 53773 51824 43679 54901 31914 19888 27031 15596 50325 28854 40590 24921 37423 24291 53220
32030 59864 49047 24568 34202 27633 13874 36140 44077 54489 57876 61920 24118 31982 56989 33905 50455 22676 49965 38723 17966 30761 41764 22706 33500 34828 36322 21281 22659 53406 36552 60654 24702 13887 44340 26748 28723 47440 27782 25639 39165 30255 52257 55891
43070 9533 18274 8540 42839 6874 54698 27557 56230 18279 27225 18316 18061 46915 29903 40820 9579 37580 24685 14777 29088 40550 38032 47295 24715 47727 29852 39651 58254 58182 57326 14981 43015 45388 12774 52743 38744 22753 49639 26568 22240 43622 25422 30248 18430
37433 25980 17287 34836 39099 37841 30277 28801 57932 13741 37057 38564 44877 36465 29021 52190 23580 23931 53880 40336 57626 24107 51826 21784 21160 18404 52138 30681 24868 52738 9347 50991 22768 40936 32601 16508 8811 26870 25231 40225 49652 20618 45188 21116 22508 31237
42904 37359 41139 1223 25130 51416 62634 35889 22173 41113 18479 42913 55117 32401 43939 27255 37533 33824 19302 25622 37612 36517 28633 8154 48794 14210 32091 42278 22534 54293 29770 63322 32146 62912 28938 38356 43421 27106 44025 31733 45703 14811 31094 41245 51888 43786 18914
30893 32888 16081 43421 29187 48702 45710 49416 30847 51812 32674 54401 29571 18249 23406 50281 18030 45901 46928 36128 20640 26832 16555 50951 28026 40498 24795 9853 29786 26066 48450 31712 47265 11794 46913 13204 2479 49489 60470 54774 45796 50671 46467 34664 31649 48716 10375 34888
42819 35016 38561 13559 29997 24514 36147 34262 8382 22940 54684 36675 24918 26805 30011 33184 27222 56173 44402 43339 27420 23588 31647 28325 36617 28986 39204 22030 32125 32014 31584 32743 23000 48642 21427 10383 17274 52854 36732 43108 21955 42183 22557 29642 43027 4953 37620 39711 19914
18568 24930 19138 22088 20151 8393 19220 19694 35908 27268 32885 14618 17298 37881 27462 40492 4861 44675 42981 31623 29929 34692 28339 19592 49074 43101 37904 34960 42427 22124 34909 41727 46434 37651 22521 2869 22794 39857 11074 11411 55055 27046 18076 28278 20949 45649 35429 46146 51129 26388
29436 56660 37659 46413 39106 17676 59997 34398 45079 17101 24542 32678 35164 43508 25086 33412 37103 51682 47901 11354 20273 28151 37275 22151 26754 23955 26583 38506 7491 23575 39987 48484 18898 43233 26894 55510 26256 32593 25800 45598 34782 5834 33216 52895 24090 41640 36441 28597 46502 21070 46319
37570 30433 20764 31717 28967 42538 50800 50586 32834 25570 21931 20590 29045 60521 40493 46784 45598 38944 47959 28403 27551 56165 17543 52067 33623 50841 19741 31347 39590 34332 25724 34434 36587 25167 38400 54768 31112 16273 26892 43804 45019 40512 24832 42088 49990 39616 32058 48179 33064 28015 14619 51421
29409 27308 35843 31942 24016 33496 26963 26190 50007 49747 16489 28628 57556 20862 31909 24506 44968 62647 34153 22623 25908 35935 15892 22563 29398 38102 34310 14694 34289 42621 47264 45704 34785 30131 11584 54760 40456 21206 46919 37352 43463 43594 42517 45287 51324 33900 50442 55621 21385 34206 23431 3426 24653
28222 44265 43934 49191 6829 30867 28248 32889 33612 31204 27634 27298 15481 59452 38603 33793 30358 30460 48451 36344 32257 21890 35258 34277 47899 12079 33424 42282 45636 43875 35364 57638 33757 28030 24280 27449 27717 38112 39692 45250 50138 48361 13597 23331 32512 31993 32623 53178 11797 26736 43102 12264 64888 36526
47693 22799 46474 31508 39834 25738 15019 46336 3752 42943 36156 16338 45523 13321 18843 6893 32639 22218 43049 16814 19976 39267 32070 43894 53201 49458 47443 19365 37688 53145 59567 37275 33440 33271 46008 26809 25701 20908 57042 47196 23275 29719 51803 25576 25743 55962 29362 19130 56241 12947 28728 18482 63155 25956 30541
13235 51188 39020 55378 24730 48596 11530 32677 7752 41651 16544 30119 47133 40177 44173 24248 30073 44781 34352 31545 39357 14089 40682 42888 25671 28580 33820 23558 36983 61214 32548 44308 21936 42966 38245 19216 26446 26671 34875 33372 29876 23173 54536 15191 10562 1339 46381 31328 44118 51888 40456 24536 41297 26948 49403 43039
10131 31574 35684 43926 23165 30537 9893 24219 53613 12153 30749 53647 8131 53833 41260 45266 54498 27160 32561 50373 31782 56646 43918 29127 40178 28210 64417 47158 47782 15166 32972 13430 21664 48841 34926 7909 58945 20275 39911 19426 26345 40668 32918 11214 51705 15396 47069 19209 32463 37226 32538 20980 28875 25872 20398 34029 34639
22901 24314 50261 9658 60665 7772 35980 43884 31228 47927 62963 29638 46814 40679 13545 54822 46590 28366 39372 42477 26046 35917 4352 12923 36989 38082 8930 50992 56475 24975 29652 11117 19576 34835 17460 41615 48756 22957 28771 27641 27886 58303 28866 49930 28232 28584 22959 57122 13537 33479 23436 29602 36633 24190 49847 45032 10064 32811
30609 16213 33766 41264 32378 18761 34618 46828 30675 61732 28590 29375 40955 22086 22434 16904 53072 5135 13683 20009 31286 49631 23429 31872 12555 29462 30772 28270 41006 46868 38371 33109 36864 39226 39664 52880 58593 41190 51646 11141 7986 53624 16553 43407 56145 43603 31253 38416 20895 9940 52318 64105 22140 15964 59879 39928 55881 25675 24846
31775 26981 34817 39990 22589 44078 38111 57787 43442 26376 62018 21505 42461 31313 33678 29029 48672 25192 43040 37959 40921 14254 47960 29449 13418 44675 38041 40970 41266 38728 34624 35242 51088 24155 58030 31305 50406 35869 29251 38983 29331 17646 32095 26115 26102 51503 18275 49631 28784 30014 36781 26170 40802 16764 4509 26996 15402 16970 33942 15852
19499 10246 39924 45573 4289 16146 34586 28699 34638 28621 61800 32401 26931 48790 33340 49094 11214 19406 23799 29210 32897 21461 41209 45036 54442 12044 27043 28575 20907 20945 52819 33679 23779 19589 25193 39455 38834 52104 46408 15790 24439 5947 21068 54428 52628 37885 49368 41288 46951 16940 33868 49684 11858 48684 39942 45407 32692 49243 33639 17801 13549
40216 45519 45298 37724 17604 39583 33274 40035 17343 11573 8960 36192 49770 21745 23142 24500 34083 31029 19083 18624 27723 32096 29135 14818 29762 16594 43666 24701 46441 40684 43828 42477 25631 28428 34324 12180 53442 33939 10644 24275 26550 44769 57363 20744 12632 14678 53233 24469 21002 27475 31630 8153 35370 34869 16714 25395 13849 20319 23428 46853 20024 31792
24734 25774 26341 17928 49911 29069 45186 24648 20719 40708 30573 31310 13542 27249 41991 49019 62780 36150 47792 55087 29776 31922 23497 58570 28804 27205 17329 34732 33848 49998 19142 23349 42441 45359 25964 30405 42907 39238 9217 28092 14346 40180 45796 20346 24953 39323 23158 42848 2630 10390 32535 31948 29908 40779 41256 21278 49023 3861 23815 43449 25771 17750 27413
31738 15028 52079 40882 16706 62461 26302 27455 27889 40676 39077 23067 28263 9676 40579 38052 45317 20241 29112 24382 39976 48407 18339 39495 37684 28219 37286 16926 30086 48349 32031 28452 7806 24415 29552 21945 25983 26656 6648 50750 40422 17792 53782 44305 5908 16863 14636 37523 40041 33693 10393 39716 30021 36121 46524 34597 25865 15541 12790 13044 43795 19664 43688 38642
33475 21450 26928 18304 41852 50178 29425 29948 49306 27611 35143 27592 35200 30129 43412 37955 10638 26599 36153 29388 51234 42204 43412 42948 34973 60144 12295 28555 35423 21634 36336 8834 26825 22517 27825 46343 15161 51109 12713 46971 5391 20981 32312 22078 34222 33092 44989 22961 39026 15346 24474 42547 54462 50270 25389 15394 15858 14570 52184 47074 21356 5109 26362 20945 4237
43999 48627 24142 27829 45832 38434 52666 23365 14288 28905 11381 19355 42134 35750 41696 10519 16316 57274 62809 23323 43937 41606 33857 50438 26277 50536 19448 50744 19240 30147 25823 14866 36746 40179 33621 30706 17962 24666 63416 21305 23914 8537 11884 39751 40873 32078 45006 39804 13127 19867 41024 39737 39588 42911 49184 24027 13344 23737 27599 41669 14874 31307 7086 42326 17140 18868
58395 40174 16653 53331 30072 15598 33477 20362 39971 46260 12924 17591 49277 44961 22162 59708 26342 54549 53606 12920 44991 18544 24922 20939 55143 43282 8398 46228 46652 4699 34335 33845 49314 39851 25521 42508 34551 22626 26592 15226 13722 55264 40207 41441 38124 42374 27036 29340 35149 51378 36842 33553 37662 17604 11861 58523 20157 39199 16193 25756 29835 49440 6410 35957 22760 46120 28179
8580 27701 26007 52410 9515 15057 17613 40802 54473 27930 48427 11367 10686 51060 13838 38445 22889 10813 37594 56081 54572 37332 13036 21875 51813 38554 29092 15285 41590 27887 42597 41014 33470 25908 42124 29014 19612 27591 47994 31093 40306 35081 46735 24307 20127 24922 23851 9263 62850 13595 29359 42891 25468 24746 46713 41830 42478 23656 25577 44576 34358 15542 12898 14872 35255 12786 54592 38321
29133 34942 31718 27463 48090 10425 53684 16701 41279 38658 32264 31218 5978 29626 9283 21446 20365 31553 25541 26904 14134 1528 22511 45131 63415 34877 38943 64443 30319 4721 47029 31179 54462 20724 50708 46298 61443 35879 20120 37704 57760 10345 55460 22388 32499 42520 26520 8128 22878 41368 31442 26251 48704 21319 36275 33333 14073 36740 38811 42270 35048 50864 35819 23974 13679 34091 23041 38444 31212
29526 27965 5394 20416 21903 44289 31927 27724 3127 31916 52091 16622 37806 48030 23486 31497 33877 50488 25568 33785 37515 28888 30272 33056 36526 37343 33088 21471 25890 30637 53055 39316 7748 28066 34461 43937 24182 47903 43450 8037 26134 41857 38646 17983 37253 26155 34992 11665 55588 15996 38218 40634 20817 25556 44835 40729 43630 35220 42139 28688 12505 24346 40978 36605 19699 36807 42984 46402 33564 17147
7804 55358 29621 39958 16944 43345 23325 47736 11620 38362 37298 14721 22133 51003 35800 45201 36807 41682 55789 45832 1974 18944 10320 53318 51365 6695 48994 37804 47346 44194 33667 33944 39680 22231 29972 42602 36139 43553 45171 63621 35287 29666 28161 30278 59232 15739 33310 38670 22569 52298 56619 52797 27280 41393 35719 35635 35064 31503 46480 14673 63933 20932 40874 49140 24387 56111 43571 640 47079 34994 20874
24658 56841 34731 44560 46282 34827 16764 29733 55115 18508 23428 29738 39730 36140 46882 39549 20448 41227 29112 28543 16565 43593 58533 38800 13585 43845 42312 54033 61525 33377 34050 32352 12767 27132 37172 37342 46351 30838 4924 41452 45384 41006 36989 24296 23014 12167 19027 38196 24140 53469 15904 11567 27098 35475 42309 43832 41966 16136 62752 12208 12265 11420 57107 63223 44331 28078 53372 22894 14101 30881 29373 19315
25861 40913 43829 23911 19035 37281 39748 48042 30330 22640 8265 44701 29886 23198 21414 39583 19594 23178 35513 32782 33086 30358 55012 31566 37432 43297 34182 17597 31449 18571 40959 45242 12929 1844 60334 44966 44177 62332 27125 19937 55399 30658 22578 13260 8547 55912 44998 42437 28391 48589 42514 33837 42066 41041 44148 19300 41220 23636 28751 37835 49246 43062 56063 37313 22974 38486 37350 38308 16517 38166 30309 35800 17427
28373 42458 31930 12232 51699 31143 3244 19205 43216 34603 31756 22823 27084 40901 42811 39313 51014 53463 34458 18338 22432 58304 44679 39610 36153 24031 20324 17978 46705 32918 46479 63872 32168 18755 51561 24557 26942 29000 36690 41185 23442 28164 42923 24508 37638 28887 20179 48094 10746 26400 23848 20647 38603 31297 50958 46455 43997 36760 7395 32174 38796 18566 2822 14508 25659 33389 55768 29138 30792 22184 28089 45182 38422 39581
50954 30736 56321 24487 33321 51179 17517 29480 55159 39788 42422 56961 39764 27124 45631 59152 15905 9955 30822 3639 19517 16793 25230 37205 28166 9591 46867 27082 26592 14810 39001 52469 39465 25126 33981 44088 33088 32184 22175 13553 13702 26608 17505 20610 27483 30769 24674 9290 29472 33240 39170 37288 14643 21574 47265 13822 17909 15067 26015 27307 48582 64759 41563 17678 24839 56827 19767 38536 35862 7493 41106 27770 46932 30261 45772
36930 63266 41006 30276 34627 31710 20108 47453 37593 4586 45234 9843 45158 41381 29184 50153 39243 44910 47572 29726 17126 23462 43919 30066 24217 25261 26257 25156 22978 7396 34363 45303 56771 32425 8683 46055 20475 39005 52481 39287 20938 38496 38624 60422 49295 49427 35556 4596 46508 31957 45168 52640 34431 51716 35556 48492 17514 50436 6558 56247 15564 9779 22527 32481 30981 16880 48487 22858 15988 34972 15671 31058 36475 34455 50893 51544
42616 25666 50569 36798 32716 26107 41165 28387 53208 27683 15352 25895 34810 29466 30314 52458 21909 37697 11140 56460 41477 33015 12964 42604 37548 35994 24363 39148 35051 8846 32889 32363 41504 19248 25070 32073 47021 43746 51947 38886 24305 33282 32461 44194 26955 44273 15607 30172 58397 9232 49352 35318 39110 31677 16800 23375 36005 25690 62176 14407 33052 43589 33766 52030 29577 13791 8211 6804 40270 35720 28359 34984 29642 19361 37730 21468 43101
45705 11588 38544 10342 39070 22477 50977 40263 29252 43613 47091 27742 20441 14420 5986 46860 23996 37138 61393 23219 25678 16376 10142 28846 18415 19556 33068 20067 35072 47542 39639 34093 17375 34641 28419 57966 12525 12434 21516 28551 42122 44250 31829 29142 36631 28553 30268 27325 31987 59391 44068 38811 38524 33181 25705 61904 40982 41920 16751 44731 31263 45516 16787 16318 41206 35614 16181 21047 44284 35606 28855 20360 53905 35095 26744 23824 25110 22654
38104 23598 18409 51372 49207 27204 35947 42241 37109 57521 54268 13533 35185 54484 24317 48033 34829 38926 35276 30891 18216 47040 19658 42843 23842 32072 15448 32532 15450 28169 35028 45874 13107 52063 32416 29464 27657 37548 34331 27174 27967 64849 9124 49082 39220 32940 30620 38709 44616 52767 48739 36855 50906 54024 20570 17761 55629 47305 41439 20177 47101 25793 50003 49063 37197 30800 57622 42822 28572 53461 50057 37130 47434 34738 20235 1110 45238 29253 33786
1162 29762 41456 32442 4356 32333 25618 30633 42277 9527 49675 17190 47181 39776 33082 20882 48605 28456 41729 44877 42291 35566 25790 33976 22959 46356 16338 5681 49843 36857 27038 50201 17310 6653 21376 35536 15312 44416 43739 33463 34474 32994 22795 24621 31626 9858 33650 29584 28113 36034 35697 43332 44255 32257 36454 35238 33812 41119 58803 47384 47825 30460 42679 30712 38003 24440 41681 41639 20573 38002 26467 45446 43502 44108 15820 47347 22662 6501 43883 26960
36742 10781 29090 36603 32332 35028 36303 37461 20537 15338 47444 30654 11437 9662 27024 24471 14088 33970 53219 34367 36522 29478 22956 50196 52979 26487 45133 36218 36675 13321 47396 29391 25338 34616 38290 8306 22904 27495 41721 24260 32286 50932 31412 4645 55370 23618 29225 47862 27484 18861 6835 30101 46775 35225 16820 31331 13752 29282 28813 40384 24512 13931 27804 20493 43055 58386 14147 40361 32357 26042 36321 12018 52675 33215 27094 51276 32166 23173 32897 51733 29042
28265 17220 12460 34948 38859 24445 38002 40508 36109 16014 43463 35325 24718 34262 16652 7972 32942 5812 50847 44306 14285 36490 49889 32551 11339 18103 23090 23747 57479 21658 19699 35143 13027 35220 30594 50193 23998 62214 21056 51329 30584 55886 29070 19962 29296 17615 34250 34776 40201 29669 56150 42366 41375 25842 55953 53836 34453 53591 34778 46496 44618 44658 33682 29403 55070 11685 35353 43357 7024 15438 29648 62599 29091 33743 13589 27575 11283 59783 24137 41549 31011 36566
39884 10156 25394 20763 46591 34608 53408 18872 4417 18492 33740 19979 11760 28208 39704 28534 43120 30826 37091 31576 14623 25163 15245 31505 46172 9011 52598 46080 35464 44675 54526 42887 51203 29593 15492 37636 38190 24021 51818 28632 46695 54425 41231 29540 35855 47940 16083 36614 37510 28982 32278 28705 25133 20944 38200 32785 44899 13424 38552 25656 51846 27767 28824 32247 40954 18757 28055 27308 14364 38458 46069 33721 14158 39607 17938 24189 24046 6681 33358 19543 34909 21443 41736
55977 44796 33556 16034 21202 26153 24428 18299 47665 56902 39980 35827 21032 58289 59570 46698 38933 24267 28767 19776 17754 54260 23187 45780 20310 25485 51886 42376 26473 18933 57360 49084 31474 24458 13849 30669 13139 6320 25641 40991 30186 34245 32160 26382 25624 21288 37342 22269 56127 18746 11332 22090 29882 19547 54320 42840 34287 23788 36098 26755 41017 38731 54813 37935 4346 46041 43742 32952 24979 34550 33446 24705 22370 33027 53461 49640 29641 11871 33995 36688 29735 46952 35305 36629
20956 24706 18316 25499 16967 35339 41240 35647 14026 12386 30186 24673 23747 27624 8546 39267 40340 28925 31459 18596 40604 36866 21962 23684 49466 13653 33144 8035 41680 26967 18765 47009 40125 53352 29865 42909 50272 43753 18157 19897 27418 54584 32631 25684 40524 51126 22951 33230 10068 38596 36064 39046 35733 29376 19582 30431 35947 10252 18404 18229 42808 40711 43634 36843 38237 23568 39814 13152 52280 32648 16001 28660 32043 17871 45763 24582 38292 34630 37805 63993 16085 14411 30877 36905 24141
26943 29939 53497 38236 18050 6162 50888 49505 39029 27990 22518 31678 50039 31778 18146 39377 51174 51158 45550 11516 16934 53200 37753 33438 27285 36721 16867 42007 38290 32281 28556 54982 45950 36649 43732 7181 20665 12799 24090 45386 38308 53755 53184 36830 50845 54911 41509 27946 50181 41706 21417 47756 35388 38556 16044 42343 12707 36086 39310 38679 28313 23894 30382 46334 37244 56093 17518 24701 34480 54699 19757 46834 54930 39008 46923 37311 9604 27293 34088 34371 46052 36799 38180 26077 24083 18217
41374 48623 40050 19514 49400 22488 33631 22098 58769 47351 49980 39122 24009 41646 43111 49944 21504 4699 39745 32901 20118 49504 41002 30841 45034 42268 55171 52820 46686 28399 32171 8566 31826 35896 27392 36159 30755 42585 37862 10511 31797 41648 35003 34886 14052 41630 30174 14916 45715 33669 41904 19050 54688 24256 30353 16406 57966 35253 28386 40616 30553 38335 10497 58755 3781 20544 23887 36868 32526 49817 24620 38284 31383 45608 41465 27003 36798 41039 12053 31537 43238 51821 45022 46607 35947 43490 26808
33138 23729 29709 14849 49342 6165 39504 40984 21328 39159 18953 45918 38024 5561 27802 43059 56265 41146 42850 20216 31856 43098 23488 37899 17886 30457 42774 32717 33651 13047 25283 13982 31887 24243 42022 30943 29843 22671 15520 41710 43741 23274 47506 11564 56013 31780 25690 44026 15302 11932 16987 20406 33060 16565 38129 25794 23114 23755 22910 21373 29336 35137 18787 41030 29036 43126 23038 27518 31271 30922 48305 29061 44073 38044 24282 35516 8915 29263 27099 43905 30083 25663 17171 25653 14233 39119 35810 57656
30840 39518 41383 27371 17276 20300 40388 26029 40968 31224 54679 53724 37244 47300 55938 19420 38710 34319 31204 35851 11415 14393 15645 26312 51455 33186 27020 19572 24527 28842 32915 18799 24677 28592 16272 34330 46625 50454 8164 18131 18533 37691 55024 27643 31376 22655 22034 29170 44034 28482 51885 28953 14364 36324 40477 40399 30268 50884 30148 51314 14787 34884 45827 23910 53777 40131 29496 25864 35462 10913 36805 33722 43651 13374 40457 31194 30053 38906 28515 41929 10895 36916 4405 31208 34144 45902 19678 4245 15672
29607 42941 38962 34168 40863 25396 23837 36222 24982 31905 18359 32939 16364 11622 56416 34399 7424 60130 47993 16890 46900 26229 41313 53980 43240 36222 26230 54373 59513 35167 32540 24053 18507 16246 31665 33516 30394 20772 34964 21162 32297 39883 28198 22672 17654 14534 37063 39932 36228 32123 28888 8270 30255 31557 43703 25833 31067 32646 30405 25898 28004 37791 43362 39026 33965 31982 45807 29217 19860 15573 40907 24983 45692 37043 38996 53813 63937 29160 57582 11096 17863 38355 55799 53348 38123 28118 32718 41142 16781 42831
27348 30638 33295 43936 20329 44207 26832 8232 32238 37654 25648 26182 25281 31300 48783 39772 34371 44441 7757 39113 36052 29813 34249 29676 46805 37433 21349 32294 57508 50755 49536 17624 33442 19443 26234 37216 45360 23212 13490 26913 40108 42442 31371 36215 37240 23728 25185 31684 30707 10942 29335 60777 21628 14162 36236 55236 51060 42445 29088 27703 36155 38287 14642 38944 32306 41465 23205 34017 36535 25193 43093 38873 20267 27199 20645 29288 27630 51422 24052 61933 44385 35234 46754 45002 30691 13294 40206 33117 19410 19234 44954
30728 50578 20124 59557 24874 40321 47549 40591 17955 43006 33765 33720 27730 21866 41077 9856 21785 45605 32459 28998 48598 26256 35399 10860 40938 14089 43595 29777 45238 33777 16950 19797 24984 18856 45416 4056 24563 41103 21314 29242 38179 48389 32546 1754 9866 28520 34921 48154 62857 42012 15991 23641 8062 25470 27820 36343 32203 20976 23145 21332 9679 45008 19211 35536 26857 22911 32245 28362 54395 51038 44678 38308 12772 36299 37918 29117 34435 56616 25118 20853 37818 33235 51172 24364 22247 58413 61649 41282 35180 34966 33861 31254
41128 36719 42400 10250 52731 13591 29762 17790 32452 20972 35723 51407 23653 55890 33499 33889 19516 56999 60818 42640 28586 2890 23312 47551 9233 43164 54966 9292 33484 39677 26594 43162 57665 25294 37364 25861 20683 40045 21583 21489 7884 32827 43600 19386 21669 25240 35672 32451 14260 13285 27335 31594 18779 32897 14333 44050 18169 28874 24155 22295 10734 18724 17726 40669 10137 27117 53258 33217 45404 53124 24092 23075 29845 37450 51924 24165 23206 26271 28053 41190 35054 40164 39356 36870 24780 41335 40618 30245 32674 31929 51135 31139 48847
21258 56411 40159 46002 25803 40927 15931 44972 3674 20905 38934 16414 18456 44313 49360 44646 9830 27026 43720 32743 22946 47728 9313 30205 44590 20246 55287 36362 35945 21220 19437 33135 63666 27960 25250 50570 37738 16755 23158 35773 6385 28405 52680 49510 57768 37151 45819 36839 25069 16207 23659 23711 10785 36069 30843 51438 26276 35140 37258 45619 24535 16328 36344 45520 31257 47060 45092 40227 46536 29896 38512 34190 12104 30210 47931 47216 7927 46819 29925 16169 55604 44747 30158 24344 52832 20763 19542 39327 35547 36145 25308 11292 14086 20077
32706 36848 38719 31793 17767 31356 35815 31196 45611 23838 37214 9934 8302 25913 49157 24168 18064 31785 19515 30728 14064 51024 34398 18191 24560 43023 56018 39645 3055 48068 20980 16082 24909 23505 36902 31311 25194 40341 21958 37041 28070 21103 32565 49499 15712 34753 34004 18348 26618 34538 31489 56068 24531 21833 4638 44740 29515 13376 38537 29258 52418 8493 28835 20727 29336 21874 9420 29227 18220 18030 54117 31046 35040 42369 47309 34216 21012 24586 11618 45745 39205 40811 42376 38849 45175 18690 12701 18488 50790 32304 32256 54134 25941 40023 21266
50396 62370 48338 38195 41928 13232 46343 17604 29594 50139 5713 32291 46005 7815 11794 31153 24438 39440 34219 35790 28222 26841 25210 9435 21357 6464 17889 53559 32355 38312 27967 14656 23169 42093 53748 41306 20260 59379 43359 27107 16304 24215 25826 36666 35714 25273 45531 10688 36346 10939 31148 28117 40571 51452 25012 43994 36962 11228 19282 20525 45840 40379 21480 25391 53733 17657 21717 35136 46145 41973 25464 33473 40325 39185 20786 11280 19727 24236 11108 32142 32319 35622 47980 35740 26744 37086 34477 34456 48918 15927 20099 47844 12668 48525 36944 37087
27402 38211 34165 36072 37662 10168 41808 20320 19737 45900 39747 5287 14427 21086 55980 13598 28741 31569 35565 42275 35893 32897 37221 29975 40843 36945 36724 20826 47530 13600 25209 33357 26094 21838 41942 27727 43962 45882 43241 36798 36462 27974 33556 35070 36200 32209 32694 36973 9225 47931 10287 31338 18865 55268 49630 14166 29121 25132 52773 54161 35735 50290 35426 30588 33427 50456 28662 26485 15895 34429 13378 33757 41346 34561 18596 18708 35892 8452 23167 20347 55694 35558 21295 19313 24814 55046 55318 36180 30133 29638 19093 33160 59203 43909 51210 45162 33016
42147 43479 15964 35381 24960 34139 27580 18007 49276 44021 38123 29889 31734 43783 45642 53458 43600 19440 55351 37354 15849 5135 14100 27498 34081 17606 39743 3248 43608 23411 27929 41245 13294 37240 45314 20497 33858 23604 1883 15596 22966 27911 44163 34574 20138 45392 30936 18903 22907 21105 57534 40103 52365 13768 29843 37598 54844 31926 57526 15324 33003 33949 28040 41730 45816 26328 32617 20398 44742 30925 5818 17728 37553 19415 53209 795 22813 44376 25383 33948 22630 42673 42244 49444 17135 32064 34257 11283 10006 45671 4589 13513 28478 33669 61878 50855 57795 59898
27024 18698 41225 39717 23001 40790 43885 34920 48880 10472 23375 57121 45366 49440 26385 34994 58635 48993 24850 43642 10960 63240 14258 42456 28387 46966 46417 38958 47525 19467 32847 56027 44918 31783 39691 33598 37047 35627 58343 25272 47558 47221 38210 34474 41732 16229 50556 47218 24786 22366 59124 32115 41870 13244 18445 38665 14234 33762 37667 33430 34133 29488 52889 31099 37150 43268 23758 28950 31574 18623 31778 39625 32861 29121 50932 25586 30868 16235 45991 30195 55385 18715 38039 46635 12301 41521 38951 17914 44048 23056 18614 33471 5315 31764 36004 34268 52869 36768 9808
42159 22964 6164 13340 28826 21172 38094 12391 14076 29155 33071 29073 33077 35744 21655 43514 38052 36940 33383 26626 29355 35911 31229 5640 22696 42994 42681 64110 16380 42923 28669 46995 24072 27603 14632 19415 9258 28874 57754 37274 49093 20209 50356 48956 39477 47783 14804 26396 22748 1098 37979 30620 23835 38974 9129 47899 50256 32480 13086 22521 59357 23698 35355 20630 23841 61874 27645 33618 30075 39585 6183 10892 15949 20416 51704 56486 33014 42349 47312 35839 49877 19466 38928 34551 50508 36853 38678 30702 34233 22927 57667 25924 48510 44344 40439 12632 25082 11089 28818 39564
9357 36921 30836 47936 62102 13390 20733 35281 30071 35828 37261 55459 37518 42889 19844 54802 60220 13164 37954 35969 23779 30718 28968 25166 32990 22943 27540 39388 11411 22704 34534 20871 29021 37263 49793 33715 40094 15517 39362 34492 14263 11834 33802 36101 2054 22215 29881 9452 36589 17059 23343 14548 35275 39468 41677 36633 29184 41414 13040 51743 31979 14799 28412 26691 39918 24230 46670 50149 31847 43180 25670 37735 34744 19521 20551 59688 25408 39366 52654 13192 28766 32153 43996 48359 52340 32795 13873 11173 20705 17836 13325 33313 4868 36525 26833 40637 25662 46972 37851 15320 20976
14458 28811 28626 42360 42504 13892 11530 58425 12420 39010 16867 53135 42064 50760 22713 25820 27083 60246 30703 56705 34132 44778 484 11996 38732 13413 13560 35407 56339 6951 43914 56632 44042 32401 23549 53497 31631 30209 39085 19185 23299 5335 36861 27776 30406 27254 19532 4869 38713 33338 13306 22498 41147 25478 35174 36981 37802 4538 27378 52768 35946 35892 21245 56898 50009 52821 38887 19003 36054 53117 27664 22378 22850 33549 24024 34609 13565 22627 22430 38638 51304 47839 40900 32770 22497 37347 22697 30670 50121 49358 32941 28592 34944 42752 29232 38155 48743 40922 58258 20795 39389 33466
59186 51618 60224 41729 60274 24481 40692 53263 47793 45206 48470 21828 31567 38371 60104 31233 44972 42215 26536 33187 46632 44801 36951 43917 18722 16787 23862 13086 32508 9724 58019 53174 18965 24987 53504 13494 30925 13778 29867 37244 13700 8191 46597 37225 34458 55684 39278 23517 20078 55232 16199 37944 19298 19475 25583 23002 38870 41948 24516 51235 10791 34941 42794 30323 21689 24404 19071 30762 17896 18882 63010 56488 34839 42281 29300 12110 33188 35556 41941 30586 29938 53337 35494 14476 32861 34531 49989 61927 40521 31716 34323 40680 42258 47293 42864 46832 18203 33484 6077 11615 37570 56179 25433
29077 29290 32785 12962 28403 44143 59910 18940 36054 25397 20145 35269 11938 38169 8052 28252 46004 40059 35245 36898 30572 44989 30398 41847 53549 24894 35846 30908 37972 40798 10980 31823 36930 13437 28858 46737 36951 18171 46823 52194 23539 55607 37578 31907 13943 51603 21956 42290 24385 21102 36150 15856 37297 35368 33406 23358 34090 25376 15103 11642 27912 43961 30741 33030 30894 36431 46882 15937 21372 37189 12679 27018 9424 5882 23714 9026 36875 24014 27093 42953 46221 32800 50814 20352 11703 29779 39935 36549 37607 36035 53175 30201 30589 30675 33542 45436 60124 16354 37707 35247 63584 19280 39400 58097
42860 23676 27707 48544 31584 4552 39846 46624 29594 26003 62856 33999 35707 11837 33601 32268 47715 40486 2608 37432 29619 17326 35767 52659 42697 35124 50484 55518 48901 46362 45064 30743 41929 27071 33172 35775 47220 42371 43830 36918 56422 49862 23121 7645 27392 30696 30785 59667 15264 22344 43624 49718 41383 20296 21031 38314 27765 10823 36060 27596 26474 36517 46057 26878 23015 32450 56493 52638 34633 55550 55431 30221 12019 22456 13529 23212 35908 37202 47874 4057 22172 30763 28769 17910 49500 23203 38488 18785 31714 25370 43589 33403 12687 38896 25994 30116 35267 23428 15750 49981 10206 27704 25497 42917 11072
25708 17698 31546 44873 14973 35715 45664 52057 16591 39962 56693 37584 42430 6216 43224 38158 29613 56687 23786 23924 37114 34026 24075 62304 16392 58399 44188 55858 40755 35945 25851 37197 43231 19242 49033 37902 13160 43459 4262 22998 28977 28050 18611 22021 28824 38905 29711 30715 7168 26199 15128 43801 14789 53772 25138 54972 27723 4215 18875 24136 12783 37626 28178 8474 25873 34547 26520 31378 48147 21956 27309 49683 18772 42188 51122 19194 31540 21866 27397 25768 39955 34048 23815 23165 21073 36077 49688 29657 41037 656 23193 29725 25705 46922 33512 39591 22788 47228 45926 41687 5246 53124 32884 17424 35126 33221
6768 12718 34191 37019 19900 6932 46053 31080 33463 43938 6811 30093 15808 35510 7184 31336 7992 56241 63140 14683 25471 15859 17590 8132 58102 19677 31913 22277 37371 40909 28889 17533 33007 51747 53161 35212 56370 23362 41848 33681 27685 24198 21158 19438 38183 23378 40850 47105 55190 54534 43166 22828 20438 51968 26665 31950 46661 47265 46227 44103 24386 38217 16444 44278 47918 21593 39300 32829 22121 25903 10954 58234 22868 45867 47728 53262 2125 42415 27349 31578 17333 40986 14937 22204 34796 33228 33628 3991 27987 42534 64574 3911 10313 25734 14174 31534 35116 36941 41758 13485 31840 30939 35293 22818 35394 27024 37371
16879 22324 10701 15832 33907 41876 31983 27604 29197 19395 41561 22094 38943 18466 21866 37800 49160 11535 19842 38465 28455 43756 48642 44153 26334 36375 22088 32944 9355 48881 49589 39238 24976 16858 42921 22682 4940 14131 43908 32014 27423 56155 60582 8450 22120 34480 34415 15059 32393 44438 4159 40165 51424 24683 40310 30100 22222 19342 48500 53059 34229 46944 31642 36944 61168 34881 57158 64286 26597 48786 27608 44553 33263 30385 8371 9077 35440 26879 31028 45502 35529 27100 27836 35655 51288 27049 28331 48750 17535 62661 28257 46486 48285 45966 22335 46875 10770 27240 4258 25953 49725 31153 32238 48837 30336 24008 32384 40359
29753 44814 28088 14441 9418 41443 41721 41322 11666 34472 29088 50954 28656 18875 10510 29609 35142 29565 38051 19879 21235 43086 31679 22371 25174 43151 8643 28479 35024 20638 17933 53146 21442 39132 41981 36564 35978 38314 29430 40780 47243 30566 58964 53093 39201 2674 44410 51579 43950 14125 29640 37873 43411 33270 57500 37158 2094 2862 5975 32634 30945 36661 46937 31052 59658 26220 23555 29951 33291 34097 40115 50415 43331 31717 36041 38783 32786 30440 48040 30478 25559 48795 46252 18940 28148 14173 32568 21160 62407 24972 40620 12148 34482 55692 37478 23231 29716 22459 21959 43753 50509 12408 24623 21074 49084 21540 42239 24410 25795
20255 37781 48224 29120 18890 38737 12230 24596 34947 38805 56299 25888 27563 30656 48943 29250 61346 38706 46066 46301 11465 20812 28820 38477 22399 32108 1908 48116 16418 28403 26356 34611 54038 30017 22899 5480 6328 23478 34129 16373 13674 27059 27886 39993 27018 25237 28330 31635 37241 34239 17636 27493 42392 36496 34302 46350 47685 46184 42071 24045 32738 10920 28239 10084 17101 8366 36422 36561 27495 16859 35484 19862 32272 46479 17840 22802 39721 40746 32228 25253 32529 40460 19864 22446 33318 52629 11049 24975 39116 50469 26875 26022 21345 38940 46442 34132 24132 54746 6873 40443 33238 35264 32678 18678 41591 47916 42548 56235 49288 28030
44255 26485 30823 8217 36363 47542 33397 20058 40980 23503 13074 28578 5469 37662 31391 30545 31812 24837 25979 21703 16172 33507 39940 29541 42097 61976 58014 47752 52855 25603 39335 36244 15259 18950 15742 52198 50749 20863 26244 20702 9407 25552 51481 29663 27008 42584 46494 34886 33504 31350 39025 23924 15167 32140 31219 16073 47357 35065 32388 62373 32377 12828 26245 16233 27157 51798 36436 57715 13872 24328 61010 38179 31018 14736 39648 37340 42338 24401 17500 35578 35131 37287 46888 12256 53009 52724 56227 44014 32071 52633 46636 9858 30268 34292 59172 49917 30800 43111 43755 41151 40418 41552 23010 23337 56661 40209 26727 35225 35077 32265 26331
49007 20309 26264 33182 35854 15012 13341 33041 31442 45394 32762 18835 37662 30142 40845 23426 22610 42570 42040 54082 51660 48469 23386 26929 58093 4415 52819 29102 39701 21608 17026 23834 26021 38192 47433 14293 12795 15862 28678 43584 27511 38172 24602 30905 31099 48385 48870 33697 16230 46085 32200 18264 40088 54408 51747 56383 27762 21738 36179 30389 34386 51082 27834 26392 48537 39626 51641 39372 24999 39177 49582 38702 15836 26791 11771 33696 39321 3076 41983 40832 47163 24960 29977 50991 22821 41850 44715 29454 14262 26708 39444 46971 35662 8813 48307 50392 34638 40997 55274 26499 56084 35804 26903 34781 12801 27634 43420 43590 45941 41670 36568 28447
33488 28346 18987 37575 16242 27182 18676 28060 33979 35711 46229 29698 27147 9489 29292 46679 33474 25920 9178 57594 24128 22127 42561 48204 34790 24316 37628 44205 34578 49482 49009 45694 24356 7093 15611 27165 36735 26785 22780 35819 37760 32362 7381 27720 25224 36723 19940 31637 28663 43546 28043 50737 43821 47298 14633 29818 32651 33223 43550 51924 21614 42893 30153 43421 36154 43121 36236 36148 35148 24275 40645 36346 9220 33045 37590 24655 13509 41366 3870 21652 36588 44726 29948 22311 33242 29397 25042 28777 55535 37971 44799 50362 23435 38287 29154 5243 19727 21739 31708 48138 27865 36038 23118 46024 30281 21376 54934 36886 8386 39800 30231 33106 8096
45841 31277 21470 41542 17575 24634 28697 21524 22173 24991 55906 56424 52050 29626 13082 24227 57638 51181 46753 31269 45688 19350 48472 19023 13739 10263 15261 26239 48411 17103 16849 25109 30507 15646 31828 19572 28218 29795 45959 45304 34984 33280 52169 38660 35028 47955 50552 33272 36128 45502 48376 28978 36843 12960 27303 24595 59285 18265 41700 17915 18046 46408 54800 38475 47878 32207 37003 16481 44940 24140 31414 12189 27250 20512 22767 19297 36375 34988 35735 30476 39131 31054 3854 37374 25886 20329 31669 30616 43328 29785 34283 32568 30624 36224 32270 31807 16032 31807 20610 15885 18591 56820 34212 36866 48125 35841 16854 14719 39706 39877 17782 32225 17494 24223
27877 40075 29200 57841 45188 20700 15018 28442 9393 21044 36995 35705 31182 54260 49659 30832 31801 34170 31090 45917 37971 37415 15688 30114 18044 8539 28636 13470 45845 22134 20368 41393 38525 20696 30404 43578 18706 44001 56277 30619 16184 32497 20775 28466 35149 23912 34070 12896 54192 22182 33285 40583 59074 30220 11858 52482 9955 17144 52320 4919 38004 49354 31371 33409 52179 28389 45879 26690 34145 18598 52416 19931 38270 17774 31113 30890 27787 22685 18416 27153 38631 29075 41560 24431 48368 31665 53021 21028 41738 24148 28835 30607 10643 31968 34119 49426 19690 46770 59241 23563 9584 26410 52587 12764 26501 26027 18860 26596 25482 34194 19084 57218 34269 38464 6763
46616 55007 25365 24489 17669 31472 45937 7333 41384 45681 51893 44993 40290 22976 26687 54108 50580 26942 18287 40406 58268 30028 40872 33166 31965 11848 42054 19687 21171 24724 33964 10813 57984 29839 27706 40947 26021 61080 33358 36968 53632 28432 27209 47612 22387 12887 50059 46862 25820 37070 10613 32257 41757 32467 45925 57649 30613 36039 62651 36609 33700 26378 31962 37328 42153 22013 55070 53246 29702 15871 35562 35818 18201 40814 39838 25590 44868 38574 34968 21121 31206 56349 19769 44523 45151 17434 24801 43156 38926 48902 14065 20700 12885 22849 48839 37154 48274 15148 25539 12232 45094 43301 36167 20269 17010 33677 7858 60849 58580 50884 30564 58804 50351 35627 29374 60822
19295 1313 59422 38838 7750 34052 43749 53878 40645 30520 35443 26677 27194 25626 53800 32595 23047 61452 18789 6704 33675 23404 45959 5932 47141 667 53233 45222 34103 24058 23042 32000 13344 33255 35098 28313 19007 7876 37018 21457 35062 33007 8160 22280 28067 37065 25165 32414 12712 53938 32577 11506 19044 26379 39452 41062 26935 35379 21054 29530 31616 38024 17159 7211 43681 31342 33751 60733 23544 52291 10254 38124 12518 46694 48908 40347 34509 33080 21554 28072 30472 37145 28382 18294 22269 26218 37488 18785 47111 7561 15947 28109 59272 28375 28108 35606 28385 11956 38996 21407 37744 52609 12611 21958 22167 55197 43001 31726 62901 30054 26583 35955 27178 60224 22586 43449 26965
39305 23686 21021 58520 31904 21528 24575 35153 44262 6736 2497 16610 24251 34449 25026 12458 25216 27704 54882 47624 42131 39590 12801 31326 44373 23867 39679 19211 8486 31575 37819 16750 49255 47195 31383 44776 26486 21413 35314 41178 36532 34965 22572 24738 19074 36494 22436 29603 19262 39148 54973 39737 23882 22290 32723 21702 26885 29792 55625 22955 29390 38964 17790 40774 39686 26095 33490 55033 40461 31985 11172 28194 21572 30875 46679 3619 12809 28747 30023 40027 18365 30561 5847 47658 49600 40256 42342 17647 26739 27972 34644 22028 41013 61136 32512 17119 26980 42308 43724 40138 57444 36862 34071 45356 48531 10847 25665 35173 54608 27591 31402 60116 38908 18327 54962 22235 37367 44333
25272 35544 27554 34793 25886 32812 26971 16173 32835 27704 27523 46680 45703 16474 28282 19658 22090 43509 35489 24036 8684 37477 29783 16644 42956 40716 31738 18827 22092 45387 36334 18137 30667 26240 45712 33870 45737 38925 36418 51531 35142 23377 24930 22829 55810 33195 34897 29527 24380 39037 64368 54056 12118 26918 20253 45056 15535 30981 46010 48448 21927 35196 30117 43590 42142 6121 64831 41587 45044 23982 52968 52519 55816 53290 35585 19906 24892 8381 28137 50084 24560 48326 20478 51757 19585 52647 42404 30909 31059 14526 32569 25268 38082 40812 35100 38770 43313 24339 35758 8792 7422 37134 27471 35524 12940 35523 43104 21526 34871 23949 24383 32177 39011 22222 18509 33522 47468 32743 47082
23354 40373 40502 40567 31209 21404 13085 34899 20063 50564 31739 7644 50173 47561 29232 41846 49696 21199 51995 31103 44076 36595 30750 40022 24958 18581 9879 42076 15734 46615 16360 50673 38775 27096 59760 20854 49886 21048 33934 13129 36620 14743 11940 29643 51041 50773 16657 14172 45885 31441 20788 15965 38401 13677 12398 58668 44811 45192 60448 42026 47547 33410 52648 36792 28020 40378 23145 55348 32146 20627 21439 51712 39288 50537 46860 19835 60550 33439 48561 26372 40474 27284 23820 46844 20885 15272 50815 31171 42583 36922 59240 34746 47041 24237 59689 21823 40241 63837 45345 62131 27143 36525 24752 3190 44454 10492 21813 27369 29546 44714 43026 29291 49846 25110 11941 41818 7914 57762 31312 39450
34660 10157 22642 36617 30597 35479 21099 22150 26285 15552 44442 57586 51261 19592 27489 47789 35731 9294 18718 35864 39951 35444 16434 39313 24851 8537 34302 17273 15870 26461 35808 34352 37424 14048 32571 31255 47370 50754 18795 54157 35306 42978 4050 25328 22577 18978 13265 38052 29503 30561 21190 28934 42612 22015 50707 40056 47409 26716 41751 55128 28371 36056 47921 32263 34493 32210 7107 35046 48206 20908 36396 35923 50918 31429 38859 47280 23014 51069 31234 55899 42156 25140 12847 22965 21145 53578 31156 47902 35597 30494 17904 40695 61800 37394 18499 16799 42250 48262 28172 64372 49491 60631 24749 16602 56739 30057 34180 41519 36186 33944 32242 52178 24536 42183 42841 34340 24702 48212 39700 13701 38570
36258 44681 23126 34236 14093 29459 37109 44311 13049 46612 4547 34840 22466 33005 45344 36384 22475 39164 57197 12943 49522 32675 10505 25797 32538 62017 46674 36899 22303 59958 19372 39942 27621 40161 51573 27602 15305 31652 44044 24292 41259 46045 35794 20636 53869 12014 40231 39005 25070 37430 45164 35204 48654 16148 45567 29554 12589 21226 43585 41351 25003 42775 48530 23331 20967 20730 11347 25511 24643 41460 53986 31345 50974 42854 43424 23265 40152 43694 50414 15450 54224 12591 21802 21048 14953 31813 42678 19422 31487 35154 41457 21676 39925 37303 19258 37888 32682 35538 49906 11579 25726 42501 17785 49085 25808 20654 43824 26343 30467 13359 26741 14871 28019 46567 36265 52397 30339 30518 50988 44556 40082 21883
23903 27024 17920 27160 46241 34460 46380 35435 19792 34960 34936 18390 17360 28362 47683 28600 53375 46251 41197 35697 18364 20883 28374 24672 39400 47331 12894 61415 54115 23033 21988 30564 7310 41013 8138 28728 47559 29433 12911 36804 2927 46500 35891 51046 36326 51094 34678 50305 22925 33840 23192 28785 41667 17104 38904 28824 14822 22231 44536 42583 35674 36773 26359 44812 8060 47258 26965 25625 6830 39191 14194 56029 15694 29817 44974 25783 25533 35363 35944 36617 34396 38260 25602 41778 47497 52684 43227 42641 44454 26252 43347 55944 12049 36626 36810 48245 42539 29375 25248 1466 38740 47347 33844 43958 41709 34062 45800 57289 34133 30320 35100 36690 38634 43129 32045 25523 19472 12937 24959 49738 13605 43008 25710
19576 32392 38974 36957 57247 28826 3748 19370 38170 28603 37520 22712 16975 31820 42850 21987 30873 12971 52349 48527 34138 52025 32062 26136 29171 39510 12550 33249 33730 36963 56117 40776 48169 47551 27435 43184 22663 48840 19529 25717 21052 25570 26092 29947 56999 35179 39800 22687 28458 11202 52298 27073 12579 25416 54210 24259 3572 25693 35139 51716 43772 32610 49194 39396 27034 41141 51160 39107 59184 20663 27565 27905 32029 13256 29449 39165 16576 35401 41293 31513 33658 45208 46551 52660 21164 7958 27655 42798 30644 27172 31552 31206 30709 49696 38622 37951 38091 62316 28228 41109 19352 26215 44242 42315 54717 40816 31206 33984 43160 16104 30945 32084 30091 33071 18723 43366 10740 16038 34317 32601 28469 60331 18173 20873
43693 39071 8019 20057 32188 29154 40562 32808 17857 49109 53174 52566 39966 26327 47746 30786 22065 59206 57910 40782 34140 23942 50736 15577 30462 33269 25041 42819 46199 43250 44153 4332 33574 17118 39305 34868 25709 23577 6239 63354 38314 7428 37979 9504 36926 18941 29919 13189 35210 17253 40266 41225 29420 34204 27900 51212 31175 10499 16214 24302 34679 57849 27574 30734 16734 32988 50557 33230 35037 29200 39947 50829 31570 48626 15040 27819 29215 35044 26877 30344 33443 37700 27167 49796 32317 47475 32137 35582 29263 29650 24218 26200 43064 22207 17586 50929 42327 37532 25394 31529 43790 29639 27000 11616 14011 25249 33509 58358 33216 25482 22233 33098 33148 38627 34996 50110 59215 14603 47062 17842 41112 41568 32671 32131 54969
18246 30575 15765 28432 47131 45734 46148 35582 8510 16548 60403 34789 51984 11466 51968 32544 39409 32374 5070 17941 3650 47368 25785 28191 50273 23523 14373 17568 29871 25188 25710 21241 29580 17388 7159 56968 12633 29659 27934 26799 47733 57745 49734 11981 14142 30831 25035 10818 27672 8146 28177 36973 47457 15134 25973 53936 39800 10672 41559 40553 10942 50920 23321 23802 7059 27177 8730 46018 15960 26320 26042 33824 32619 35902 28761 27510 26413 42451 26711 49955 39422 31471 53267 8326 22591 20211 34287 54528 32334 57661 50250 28146 33932 27949 41348 13498 32602 10790 36860 44731 40726 19332 24085 40273 12322 32938 13867 32222 39645 29944 40609 35267 25510 20428 31190 46686 43742 13447 34346 13585 44261 49801 24060 29498 49692 38195
30639 39483 24289 50147 9631 36723 37781 25081 38447 29762 3224 32472 21438 9735 37451 42460 17580 15908 35085 56936 43864 37367 28988 43996 42532 45794 26428 36246 44911 28228 41835 32503 40345 52605 31272 30559 41730 5612 23508 27183 52746 51443 21711 18117 35088 41968 36218 30849 39542 41028 18995 26309 9371 62288 27483 29936 42463 36466 27986 33378 30882 40717 26745 27260 21316 36477 37167 33948 18468 33316 14290 9251 17828 23395 18630 39025 5667 14232 19560 11494 24577 28709 26394 10467 9630 39529 22842 20421 50522 34755 32553 24815 31124 50581 20808 38848 22702 40254 25589 43928 54535 37917 26514 53208 48383 27540 43133 46046 47862 41217 36631 33547 54604 28102 40896 25791 61024 18242 31449 31834 50324 24277 23745 26940 29256 8670 40406
18117 28121 47551 45692 44117 35243 35798 43793 44364 29722 14724 13300 55562 46985 41003 5510 15088 14934 22822 46119 23132 16100 14811 36920 47790 25487 21413 50711 23369 41659 29670 3621 46986 53956 41983 48322 18130 42509 43342 16975 31873 10996 34101 43819 18423 52188 29971 40884 38037 53025 29256 25678 18872 22311 45619 22871 51908 25163 42550 64302 30486 19181 31663 57908 43534 51055 39936 17097 15119 27184 44168 27982 32118 41360 36518 52769 49316 47087 57276 28067 53241 21421 31017 61492 29397 30505 28748 38453 27801 32965 38534 48132 31907 10976 31032 23042 24147 35802 25024 33936 18700 38418 21889 27660 28714 38891 38359 23768 33552 48065 40996 48979 44318 2039 44489 38876 38322 24300 46116 34516 24621 32512 25751 18587 44015 33426 44160 46482
37977 24581 46401 49687 45257 59829 58425 32395 5279 52741 56008 38734 20286 38740 30285 21697 27650 11266 20522 39747 29262 52846 48573 27442 25986 40186 53352 57586 50428 37381 21898 46305 35869 33775 22147 15198 12869 9496 39090 25802 10965 33760 40313 15749 25899 2726 41526 60912 52391 32716 41034 14953 18603 34225 52502 33617 48278 39605 39416 50440 1992 39224 46163 38895 34210 14234 34179 12389 36226 34874 45802 57032 29385 31098 40425 3964 34007 21945 25566 19166 36620 17239 24107 13648 22729 50356 41519 3888 42347 47152 33097 46303 13397 55338 35035 40638 49382 47876 33348 57643 33406 54045 29411 44168 11390 28373 7194 19763 60996 14476 31559 43917 29489 13986 51660 52214 25253 52086 32008 20175 57344 46442 18011 28791 35490 3806 37668 35148 32235
20015 36037 36274 53563 17857 6300 36359 38898 41968 22538 46762 24944 29471 10353 53244 47382 39340 41772 15965 9794 55802 40353 33326 44116 21093 43307 47053 19119 32081 37676 38811 31920 45338 58629 30200 47544 8227 25620 49989 29991 22730 37307 35809 40541 50546 43865 63530 8379 11383 43598 19588 25502 45117 50169 26957 51818 20257 27068 19172 13436 25475 18677 35242 32052 41925 51974 23039 31733 41542 38222 35908 33820 19814 35116 36055 25866 28549 17410 58393 27167 44803 40751 46698 23227 36415 45074 50219 31295 27547 18444 59834 34825 33142 29822 40824 16249 26160 32454 31174 22514 35880 27719 10498 34000 16833 32349 31118 30070 12631 45674 54217 54596 24909 16847 15378 52120 46082 41450 21194 31699 26582 33821 21585 34133 5928 21958 39176 33663 14427 49223
38221 36271 40395 43263 22913 46917 30171 12622 37380 36772 51946 46739 34615 41512 33624 21040 40313 30260 24964 22915 21800 36648 33744 24046 19112 27746 25755 11472 46679 35139 23109 20361 27796 23851 38702 35704 56768 23419 43446 25087 38459 29585 31804 36988 48742 4301 54562 36944 6815 39569 54983 38620 35655 29756 32651 5502 36030 32046 43470 14745 46949 37064 35824 60553 16283 34408 14416 21424 30142 12655 7504 20591 17970 24893 34127 32804 14676 24882 5805 15409 29574 30895 54218 39413 46374 60177 6918 27343 23189 30651 9920 15393 23604 23052 36186 22346 52833 18788 16691 49577 24958 31012 37035 48288 57833 39082 42530 17805 47107 54103 34808 38354 26668 53387 39052 41678 37573 45990 38464 40417 62509 39944 39796 29802 25794 42257 7813 20427 55528 26145 61911
38242 57597 29336 50118 26256 43360 22998 40629 41143 31346 42812 26882 56626 14483 25128 25872 29031 25636 36346 45371 28337 39299 43541 18407 8818 37137 45526 32624 38411 40750 7326 35385 36570 46139 56781 30368 36417 23703 58563 12040 20895 49312 7393 31181 21076 42170 28036 31059 17855 26947 14864 44023 7490 35482 25058 27673 34363 41248 16474 28699 27148 57653 11483 19036 28180 39738 31426 26940 29618 15245 31088 38683 38984 19087 62533 31321 46389 27808 45729 38229 24536 25121 30693 50801 27026 34672 33647 51212 24516 21742 37023 45190 35788 24316 22232 62014 29453 54776 35190 23447 55011 34372 55260 38637 46256 22591 28010 43683 17877 20552 29054 31000 32688 3776 34681 49324 5027 20487 20155 39870 28428 27774 25253 32945 47949 55427 23189 49633 24005 9335 18923 36273
30676 31930 49162 28288 26329 43437 51278 51886 17462 36783 27162 58522 25929 44830 43214 23206 23412 42078 33736 42801 29718 10189 63081 41115 14479 36298 30737 31044 28222 18102 31777 49036 38533 24305 29175 24018 28354 32476 50419 6776 28758 27349 56439 6109 20642 33597 39906 21601 33028 50292 25236 43620 44767 50907 35822 20550 17295 48849 28494 22630 25718 31924 24597 12582 29429 27880 44451 9445 35946 38858 41816 55811 35383 41404 34965 21216 33211 19228 41143 28124 17493 28747 11041 25942 24423 35242 25394 20400 40016 43927 32842 40777 32879 34420 13770 41601 52518 26271 13072 33720 32723 46201 41853 51534 20952 29794 11889 21922 14484 50875 30540 26390 25959 26595 7534 38922 50608 12344 48183 57051 33489 5150 27399 36333 552 41971 48446 54172 58646 35862 16956 14923 35069
5352 34146 43096 34616 41673 36366 24614 46381 46618 24480 32785 42039 27449 31099 33405 41400 31367 22268 48582 46865 14436 28548 25679 43424 38193 13939 33910 31431 40269 39721 34974 26597 30998 35079 46883 27226 27888 26474 45673 46981 22841 39350 30925 49352 47696 32584 25775 45953 10390 29568 11377 30994 22635 19905 25202 46810 6704 24936 29970 52792 55875 32214 11953 23694 41221 28267 13743 15163 37590 31367 35947 32670 28695 25995 4423 31512 38182 28373 32418 47882 31332 20933 27356 35026 46130 50622 18516 27091 29422 32284 25965 8041 33530 43586 27779 42742 52405 30096 58361 14811 21630 34660 44590 52598 47798 33567 35202 37673 48061 34849 36948 30802 45044 12747 47367 42579 35769 6011 22007 33419 24429 19601 38279 44634 22384 24688 33302 34591 48163 56948 33284 9788 29157 52736
22448 24847 30996 12916 41340 18682 28180 35630 55751 43868 35139 21391 55025 37269 7936 33527 19290 16644 40876 36039 50530 47883 38823 24669 44904 15624 12114 26905 20430 49244 11019 36445 18675 31336 27443 45960 39223 23690 60458 14330 39674 5157 18001 30484 33948 35477 44551 51252 26748 25916 29610 32443 13564 34171 33694 27145 46203 34992 26176 54654 36185 51261 49138 34939 16886 22913 20754 50781 45234 36315 30209 20103 37868 29357 42784 56408 33286 20822 30925 10032 27999 44853 39786 25200 42071 19884 23381 15734 20814 43545 41199 25507 31396 32222 28824 31831 33464 48730 27313 43762 42988 40173 52121 36564 33952 34550 27566 50013 36657 42455 16212 24557 39427 24302 22249 30692 54130 54172 57036 39586 17889 24899 40798 21384 22446 41278 31999 43508 52028 26867 30736 41286 16103 18877 44271
47329 11539 4350 21501 60450 60444 18455 16794 45674 44645 13414 26151 32537 33356 22349 52739 49551 21044 28203 41356 25901 25721 29280 9510 20816 56191 39243 14639 59740 13731 54350 23046 36014 52549 20679 40972 38566 55495 30744 49057 24231 27272 61344 35110 47118 28904 39102 26873 29244 46663 37076 26491 22673 24837 45377 43276 45677 29569 36708 28173 17201 19485 31902 37596 51771 42296 34384 36826 33515 5426 30168 31080 9380 36458 20633 32740 58050 24387 22511 28592 27816 45593 35132 12587 28086 36175 40417 51380 3402 21316 35644 22188 28357 16984 33455 38771 12679 62698 29080 25450 61681 57693 33113 12015 17505 55821 38737 35427 48951 36189 54496 41510 28886 34220 38757 48793 58522 43354 30786 17435 41446 15046 52437 45834 11290 55378 42624 42954 33428 31837 21154 23225 41141 32071 23195 41014
32221 3440 33738 26786 36205 47928 53137 16477 16067 61694 31566 20424 32063 29988 32866 23361 12355 59913 37934 17193 15150 52749 43024 33760 32096 31632 26987 46535 21050 43250 49563 36157 37146 26770 22018 23200 36193 43218 34817 35412 38511 13329 29942 42166 30628 45231 30275 52776 30817 41228 41287 18184 56323 25480 51041 60343 25069 12930 62963 13462 17790 42076 30300 46595 15894 43893 19963 41056 32534 38445 48690 49163 47068 36580 17503 32101 37833 39930 39396 23758 14909 8142 13344 65191 52888 55490 50291 40783 28730 24886 14396 38692 14979 44935 14557 23178 50387 5657 11188 31199 41610 49992 12834 41346 25352 49527 43401 39380 37294 30468 11076 50997 46554 42578 36025 43526 21228 28093 24387 24229 26695 18345 28740 40307 29000 35442 18717 47824 25936 26747 44844 42781 14271 28706 41939 28345 55285
35786 25713 47618 12627 33231 27238 52572 11062 29845 27409 2341 10498 25209 22484 27068 35348 9691 24077 34690 43468 29981 26398 5847 24461 25246 39014 59420 32436 23742 21316 26543 54946 44509 46362 7665 12983 31835 38727 12098 55891 19095 3882 56323 4311 30451 60964 32914 38305 48078 49558 38224 9233 44936 53982 44702 29578 50304 42847 31962 46952 51481 32885 52326 40718 26543 23426 34209 21980 42661 29159 44266 33584 26714 14594 25250 19051 27438 57909 58153 51949 51584 56030 34528 8215 31155 52319 49701 24903 52771 7191 42329 41437 62771 27494 23772 28988 31042 6059 12559 23232 16560 47688 34385 26060 3548 43163 56576 38336 32552 29702 20864 27130 36595 27112 39983 56795 37789 5025 37228 26819 49030 46736 8600 65043 41230 54295 22803 36137 41620 43412 24638 33125 35450 45160 31607 49705 31519 40436
35615 13012 29411 25494 35734 12998 19494 44721 38205 40288 15688 26785 56435 18944 22696 14024 12694 35847 36008 31367 33034 13013 41895 53564 21292 35274 50181 37961 19550 22599 28706 22797 11518 25001 34398 61671 53613 58707 49432 26937 45580 40612 14002 35682 58169 50428 22923 23745 38230 35772 30723 40632 38081 41538 15482 20133 18907 46063 11600 42474 47364 26659 11492 39398 33437 25150 31128 56313 58117 49568 11724 22914 45722 8617 49117 48099 26048 39353 33327 26746 36053 48432 8990 32936 21560 39790 44301 25039 33866 16340 34394 9546 33131 45504 29032 41087 19452 29842 35987 58569 32859 34733 21055 16266 55017 26222 39112 14883 9222 34870 4753 6642 55315 24677 19960 24665 32623 24155 13664 51895 17016 28025 3877 53868 26002 62748 32171 44247 18715 55464 32591 52058 26994 30586 28273 23379 57080 44274 33139
17956 24077 53363 19124 45356 14098 46426 47252 32202 22117 11016 5491 18784 50279 31965 34737 27981 9592 29241 37293 32496 14841 20093 37321 20394 24136 53511 16996 27868 35526 13623 14814 40932 21460 45680 27286 28197 59856 31758 41711 39163 39196 49524 36165 40392 18967 44546 12283 46573 33056 26902 28016 54984 24216 38417 33796 12731 7903 21587 36374 13348 39510 48957 33289 34661 50523 28205 12857 37085 12367 29827 19721 29164 34706 24994 23768 34801 37765 16614 18438 27726 47239 39346 53490 62561 30454 61286 38398 12684 27446 16736 37257 61742 19877 35585 6643 15527 29346 17321 57756 22870 51854 24249 30436 51357 57801 52111 50218 51162 57524 30091 36816 20590 35757 17423 31797 38842 17173 39546 34745 36636 33612 22572 36028 25591 25779 22662 16798 32679 39849 29414 14526 34702 30860 31405 57470 56589 26560 16187 33597
7554 29090 35824 51035 41551 47764 43053 12088 32979 33524 22351 6452 35437 42787 55481 16302 52351 40834 26570 47368 36968 32879 48098 30625 23431 31308 34914 18905 28478 22903 31912 55824 18667 34385 50197 44710 41456 34106 34313 10746 28588 30355 26084 35438 25471 38587 33542 27234 60104 48656 30927 49203 12009 24822 24223 24133 38208 36811 18390 29428 16174 30446 17364 34979 35349 24256 24058 34224 3920 11169 40358 11390 9285 24050 34360 39785 23119 4625 38675 19669 32464 32863 52116 38686 39721 32060 39708 11431 62648 30985 30987 39886 36063 32805 21697 52982 8445 15086 39327 35963 10866 28104 12034 30401 24221 30993 30798 35877 44768 55592 21728 42759 18585 42606 8216 32201 38186 38211 12633 8906 14834 62984 23552 33898 38992 13595 28526 27913 52646 23261 46851 33543 45907 35758 31263 51395 24246 34799 31779 40095 8496
11262 31853 14586 34850 28732 46685 46132 23786 26890 24918 32940 42219 50886 45236 27845 41345 21970 21466 8923 53262 32397 30248 43345 27123 50518 16124 25222 58510 19086 20919 36058 28993 19093 19897 17068 32106 40396 20067 31327 12907 47249 27411 34383 30115 43845 46889 38111 26738 8776 16904 12398 26679 26107 5900 48988 36436 55997 48536 33800 45095 33004 47372 40148 24338 29932 35014 1055 26740 28443 10279 36937 54701 50136 36495 29618 27676 25476 44895 15546 44323 55935 31221 21952 22048 20778 22961 34086 24692 3043 13813 27979 33152 60171 29216 35983 10914 27394 28050 15698 35133 9257 33708 46580 34477 51935 35788 35028 51284 44930 22867 9300 44947 15990 48033 21203 22984 32792 32278 47793 8277 39114 59411 24142 39065 18666 48373 39946 37875 60633 15391 11844 40901 31992 41200 43870 34158 36261 8904 34231 19021 20290 29960
35759 12228 36397 18190 26534 45873 45767 17467 40956 36342 49520 37871 38672 46450 23177 22922 35652 56069 14961 46188 5880 27662 14726 49141 12425 37359 19500 37765 43611 12806 33473 49788 45770 28084 35236 56378 21561 41563 43318 27680 29958 26966 50647 31116 55188 38923 24552 34782 39487 49109 37831 38521 14187 44566 6613 8378 34164 27695 18034 7682 14013 16254 35327 33201 22948 43365 28891 47911 22668 26435 9060 46533 31185 29304 26110 55528 24535 32867 39175 34804 35067 614 47326 41542 20381 9695 24036 33598 27167 21552 48249 33343 60128 45752 42238 29350 16448 8918 33745 41940 46239 16876 24915 24873 28253 59737 25060 29189 28633 11900 17893 39369 38773 25270 27060 38867 40848 37736 17842 42883 40586 35312 60992 32828 34498 52145 37820 54618 42651 39431 33416 54848 10353 29268 41731 44622 37543 36345 31116 34018 51100 25172 42628
32093 34224 41159 26187 14111 26434 46768 37186 19849 25269 52593 39879 22521 51813 19049 38459 27087 52405 52984 44286 37486 29700 14461 43121 23858 42674 41050 27891 53630 42782 23533 31458 29362 5034 31896 61090 16428 26293 53178 32913 46413 30367 57011 34062 18805 62920 28386 27770 61445 29328 33193 49973 6235 55126 21606 45472 11735 27260 24698 31769 38875 20065 56134 33537 14790 33125 46632 49848 29432 24040 7811 54175 40658 39498 32179 27157 38066 51434 31002 22136 43001 22570 29209 34092 43015 37481 34318 32398 24636 7687 36443 26368 38905 32100 41055 32480 37531 36576 36217 41615 36741 36058 25355 51822 18966 36276 27252 35547 31150 33741 43283 5176 20910 15749 24650 45795 33140 25916 36215 53053 13409 33106 59900 28070 37333 29734 60216 44671 48432 31770 49803 52775 54738 13198 56660 42236 30491 37087 25845 42850 47211 26225 16076 26039
44322 25248 3130 35930 25760 36815 43681 25516 27206 54364 13148 20493 50546 62122 31697 20958 31108 35093 38235 34173 34271 37377 52572 41803 26080 58314 44341 32680 37096 12499 31300 35573 31319 34682 46571 20881 37261 53794 40329 31706 49643 22311 43646 20020 29390 47341 37417 43261 34714 30161 50668 34964 24492 26675 29477 34138 54884 18037 33590 54191 17189 41718 39806 17396 31052 27670 40284 17031 51258 27701 42546 22473 31567 51635 3935 10266 55787 34543 28226 62427 10095 33355 37948 38762 41785 30246 36526 35624 2217 30944 42742 58230 36642 31960 25207 20658 27136 53361 33421 40766 18598 40455 33946 14201 22132 27645 41471 7618 15048 7346 53274 29306 39171 61062 49229 29185 36997 31704 24566 29880 48303 15115 22647 28413 13535 32379 36655 28977 35957 29835 42366 42932 21204 10138 30915 23271 37720 65032 8800 28457 54628 47668 30643 25816 40024
31360 35358 55384 26514 47435 42752 33287 12915 19701 22457 13892 29787 26590 25000 25968 41131 39014 17967 39915 42689 18668 17068 33302 29181 49106 20608 56399 27073 8055 42252 35575 29036 26171 12718 35438 26718 28286 41929 29461 43512 28320 25785 31051 3480 30976 6624 28014 26271 31744 42143 15330 33901 16895 41556 27908 12898 29021 27745 9526 14303 35962 38949 42198 22593 61878 30463 18501 21227 23408 38481 34788 25404 24586 16250 30737 49300 29155 30681 51502 40532 24411 32976 18329 11226 21202 55229 23475 38023 53928 46594 35292 32699 49468 37118 29301 37078 56560 6673 53725 26424 16420 16026 32882 40513 24885 43003 29336 19793 37511 15250 14509 34760 33398 6848 32528 23814 47973 41703 36386 22636 9138 28002 19011 33112 32192 20375 46036 23338 26603 23265 26419 25925 56471 23714 40129 39686 45600 24123 43230 29646 39657 42250 31723 25341 42320 12913
8775 22515 48056 50127 17488 15889 42109 53892 9834 31924 33283 37871 10483 30528 21159 31090 51274 36114 28873 45163 40144 39306 37579 41532 23269 29707 51980 29764 21226 28658 34796 2018 28989 23712 37835 31352 15935 34165 5385 42341 24144 45521 36357 40456 37329 42261 56609 13762 13600 7839 15548 31220 16542 22991 49974 46076 51372 36360 25326 26941 32168 28326 27207 56083 11252 43788 33693 34528 15343 28314 13651 42501 45560 24750 25032 44512 11888 9385 51036 20435 28087 55787 32878 31036 18478 39893 33633 54141 45619 33221 41617 17397 48167 40731 35937 60420 4714 33594 19248 43273 32093 14718 17758 37990 24927 18762 48458 33657 48846 46590 20822 34724 45582 32504 31713 28230 29565 40857 4939 49343 22394 36673 18932 17518 52838 49489 44604 31413 25761 42279 10882 41202 49804 9763 34088 45190 44165 43943 57485 24274 33517 39186 15121 40244 49700 19908 28436
6415 33419 42270 13046 48063 30849 30334 39190 43686 29796 38213 36822 50981 25240 20691 24981 44698 19322 29832 46259 14951 54124 51141 35728 32747 47820 36327 50316 20613 24059 34385 39430 47511 13658 27746 41568 33920 54599 30586 20473 46751 28196 23290 28977 37206 19535 17984 45160 37379 22569 58541 37886 29192 38418 23969 32338 42692 42603 21628 44486 57751 50579 26782 15546 4064 52200 46439 41355 56065 11726 53815 44701 43096 31651 21102 4684 39238 25030 50540 22267 35629 10392 13970 25352 38760 13433 44350 30934 37725 34250 44240 14017 36967 47337 13483 38701 23528 34359 49196 28790 32577 16916 18100 29951 49104 23777 48035 45862 40695 25341 36441 38222 23061 31942 10807 25043 27274 28320 30362 47897 34229 39145 22246 40829 40184 30720 10872 26975 23985 42054 52400 20257 12610 21019 38129 25378 48394 53728 22168 37826 57960 36851 24838 43873 16062 5301 32667 20575
43883 33926 31159 1307 15822 40903 37563 42999 18248 49878 35333 29522 21818 26132 39669 32140 45314 40418 31982 14596 24579 39582 25420 29725 41881 10410 32114 55603 31014 45157 30400 28329 39435 46638 30356 38622 31654 23142 41039 36914 20313 22893 37713 29956 33410 35748 27387 48055 16003 25961 16043 46759 26811 30493 41409 37943 41610 27936 9120 57030 18767 36819 20388 31924 30316 17301 44336 45152 32575 35012 49060 38956 29994 31684 34398 11895 42380 21747 31935 51617 39365 26800 39463 39946 38708 42844 53751 13330 40763 40279 37773 64536 28472 29442 51785 47742 32908 60603 23949 37283 34968 27363 45240 32743 30906 27098 41770 24490 32341 33281 36932 26444 33477 26551 53092 43308 43884 27482 13291 37804 22955 31054 36153 28971 43744 39408 9902 26633 30829 29090 18347 31398 55217 49346 45965 34658 6667 25521 10679 18588 19677 53968 25992 54454 47494 8829 40544 7695 58725
33562 34720 29447 37340 49413 20646 32254 15433 50335 42195 17748 40462 37448 43911 43880 11402 19041 34850 28316 39197 43337 23044 43344 20774 34654 15501 20961 32263 55556 50973 15027 34078 11929 36116 37410 34764 13436 40402 58001 58227 45838 33976 37470 45422 36527 18724 25580 18211 18368 28278 30103 46573 31391 29713 49603 19246 24493 21842 40652 36935 52042 35226 48917 51862 11735 33865 12540 31613 37811 46271 24292 24667 42300 34397 36649 29328 9942 24704 25647 26491 30943 9868 23635 12414 38838 14302 20981 31479 7100 28630 31607 45128 14673 42455 27448 30160 49366 11582 36760 11502 7849 21868 45815 29444 23339 59841 31669 41329 39612 45469 27697 19860 40381 28769 25293 51406 49292 58731 6632 8320 31626 19483 42978 40456 58136 56276 32538 50889 42900 51186 28147 23583 38240 16344 7881 23404 38107 28390 38911 65041 10852 31866 15348 14700 30300 35829 18696 16095 46371 48311
22938 31688 16154 43553 25613 39305 34975 60305 47805 32129 8723 37991 35853 18704 14294 13318 25180 22933 37449 21962 9226 51314 38347 33046 4982 27397 49850 14666 20226 53936 13690 32196 20749 52434 42601 18917 28663 25291 27110 38157 56864 23034 28754 21149 43496 13249 50701 29171 48558 11646 4984 24175 24532 49298 40177 32627 45753 41566 17113 47198 13501 17472 33168 26768 16448 21403 61815 27498 35746 47563 50925 38986 43330 39986 53840 17041 34690 23601 32772 14751 28865 38694 22630 51412 35679 42611 32728 46993 22972 8055 14008 51507 14904 21393 22887 48413 26418 53283 24646 20142 30476 24204 57267 13638 56357 33835 2064 9286 25821 33378 9659 19212 15252 22159 41237 54521 26282 47636 32382 26989 18558 41552 24151 43976 40818 16547 31999 47978 34278 33388 13012 13235 29239 37133 29754 44035 14025 53732 20879 14266 33272 58962 30514 26168 24103 11193 44420 17118 12724 47988 22757
54538 16130 27369 31158 40988 9325 52083 44117 9079 23641 43636 10531 23160 15650 4429 50304 15488 31019 50524 28365 15599 40658 18435 46185 52005 39034 22177 48562 53891 44159 27286 20236 14950 32069 14657 18645 58930 2345 13316 42860 46404 10891 34877 33586 33532 38861 8014 36999 42685 58190 7830 40908 29668 31598 26484 40287 47570 43661 38730 37281 17383 38667 34679 8434 22915 17223 52570 35763 48647 36259 14932 44610 45265 12414 23494 33024 60737 49720 31502 38990 10938 13616 40335 9354 40088 22473 33957 29206 29246 21599 44466 26961 22284 45397 53783 36506 29280 53514 26418 33362 26523 29150 40549 32985 54813 44592 25870 25232 22855 31843 25743 7125 34935 11987 33351 48393 30477 29667 24470 29324 46188 22002 55771 33983 19440 47968 35448 22529 17660 26252 50891 27824 41712 30168 8246 24368 25898 25507 25624 26591 34571 34381 7121 23324 32755 36918 36032 10568 17219 36798 14407 24259
16473 28484 23492 41966 25237 29994 28824 15655 37209 50127 11300 35535 12292 22931 32710 35142 40438 37078 6369 53485 13968 40952 24785 5667 20784 39256 31992 43334 16695 27480 52919 30394 22021 24663 29548 34524 23290 7861 17529 32270 6007 10450 22333 40110 52953 23822 32023 48925 49283 30152 50025 23996 42964 35170 29586 36073 15404 35387 37617 32006 12524 18099 25320 31345 13682 26922 24789 60811 29983 30720 17946 23220 38739 54676 34838 25165 49006 16456 22569 49333 36048 53884 9138 52810 39641 33421 37907 32624 33001 41695 36522 25733 21088 57806 13528 43496 40606 18877 25599 38906 28932 49418 13690 37659 53488 35352 32431 39852 16834 17219 20729 52747 17117 26351 31162 58009 20382 19320 33363 44470 24422 41793 45090 40899 26005 31912 33929 50463 53643 49680 48359 50728 36521 47573 21148 26434 33868 34395 31495 35019 38360 9727 10122 42786 41642 62241 34179 23208 34338 42019 32340 22461 6051
19300 46940 28354 10890 22340 37370 35861 36408 37411 43920 14359 36365 41569 56701 38696 61801 35421 15648 27049 31661 43129 7130 35832 27703 14100 34572 30326 32359 52366 18452 15748 27040 56134 25685 37248 24894 45471 40235 48844 38052 63989 28664 44487 44850 47787 38429 25296 22598 22048 34040 32328 13121 35508 28139 15503 24451 29382 15956 30214 30829 33977 40853 40715 5469 37609 30477 18431 51635 19385 26140 40258 42194 47496 18977 26421 12822 17078 15486 35383 63714 43426 37521 34470 31894 3246 23996 30950 15504 26169 27486 39253 13361 36003 50391 48210 23257 45644 44934 21054 41961 26004 11469 26489 32447 37082 31242 42084 54971 31360 37022 19805 37695 50405 42474 17093 38826 28265 43852 33020 17244 53612 52775 41059 29110 9294 30679 54617 31254 31086 52670 61500 45021 16174 45373 23920 25195 49133 49074 42322 56608 41483 21119 60484 26461 59368 32515 29348 17535 28644 38557 5331 13289 29790 42671
19250 61690 35768 30872 10783 45842 43089 37303 57852 44434 39049 45934 16167 36824 34496 23323 43521 1349 31062 49696 42730 13625 21162 24028 54851 49940 20766 24495 29803 20022 36626 13560 22976 61951 33507 34585 31398 17871 32501 15216 26491 23814 45476 29534 52382 50948 42323 35909 29296 36650 16480 40832 48465 15574 17710 33397 44450 21352 21017 50815 24513 21059 24965 14592 35855 46276 18894 25433 34540 29260 15703 35560 16569 32315 19070 45327 17877 18417 56230 37677 16030 47823 46891 43682 61304 15922 32625 44237 47297 13694 13013 35600 38616 32784 43959 29385 41502 31048 8313 19802 36595 30857 41850 49186 44472 53552 41754 44160 27339 21150 59833 45014 52877 51251 40375 9091 32094 31055 16755 40166 14239 43347 13135 28000 22958 38813 11690 41554 56300 32653 50916 34074 21178 6278 61788 6939 61046 38372 31605 9649 31618 42762 36747 41534 57917 30552 13313 18979 42758 44588 52022 37566 27198 28391 37770
11633 26693 22761 42844 34714 31100 34707 32015 51867 37441 37443 26367 56275 17141 35929 5007 23714 14328 34104 36126 43623 47531 34876 47628 56964 44141 40136 23736 52823 37020 17980 4996 35650 33436 33782 22735 25252 47819 53591 33529 56797 36232 9663 17506 49740 27444 29839 11114 37203 57391 11557 41584 34896 38106 47841 28630 41124 52627 34085 46587 4016 27323 28496 29503 18130 59570 22722 33282 29549 57305 7388 39076 32477 33935 37628 18820 36484 42802 3715 33540 33731 13350 24273 36739 31736 46024 53062 38241 20613 51834 42819 38654 38601 47258 43557 29370 40995 23177 38735 25332 31221 43176 43552 32270 28062 46933 39416 46695 32893 46834 39480 23135 29684 62429 55870 37974 17761 22135 34155 27308 11814 58144 17183 49088 41890 47673 14010 20980 55093 38945 32668 48040 46654 21814 47397 29497 27167 58844 31413 19211 22582 23153 22444 29050 41444 57172 24426 28905 42123 15590 7504 12214 31110 55175 39100 28740
30267 44952 21774 20719 44037 24951 53673 52251 26694 9605 35306 47140 46175 53282 30002 51053 54702 53679 34529 2132 19861 13963 44631 58684 55667 42772 22261 42113 29352 26542 26648 26759 20115 22711 17700 12203 24214 30350 19830 54349 20495 22932 56430 36047 35936 46633 51567 27536 47336 23726 26582 24304 46854 47489 34564 12623 42012 54531 29273 35085 22921 21396 28981 26761 27820 30101 18169 44581 12006 38756 45827 37952 11672 45410 28851 45370 45600 55280 46956 30578 49633 15212 47754 46411 40503 10296 43376 5409 17540 34483 44926 7511 60969 23356 29714 45132 36996 50740 39565 35936 23799 33787 49743 19442 49376 27890 34489 25957 58785 30071 32553 43797 12441 11755 48895 19301 17192 49838 21918 20660 31405 31777 52834 41314 28810 16035 12462 32718 31261 35474 32738 35418 43208 31826 15196 47973 51690 19521 24189 26959 26339 52926 24741 50808 50450 29738 46389 57664 26073 18661 52107 41990 34454 30032 36615 54572 8362
48585 26379 5905 59766 33457 46838 26645 21080 49256 24104 41624 34995 36687 47106 31994 30179 9157 7138 35226 16202 20008 23849 46810 17993 31452 19255 20249 10302 12862 45420 63671 16011 39088 22313 46612 40591 28304 32715 26000 39337 36927 60085 49546 15675 30238 54086 24676 21156 46219 28894 46205 24387 31720 30430 35893 42106 39059 5284 4588 40871 62189 30097 52226 35372 36694 49413 40150 22888 36399 39520 17098 16059 11223 41218 22590 10116 16556 28747 21391 48421 49426 40859 1825 58620 48487 16978 41296 49258 25098 59344 44159 44241 30556 39798 36620 50060 25021 25762 35674 55809 41358 18100 16325 33163 21293 49423 42673 34700 44795 20240 38522 30053 35160 26648 16771 36980 21157 32647 46634 23067 38721 1213 24274 36793 32650 25371 471 43694 53220 33278 16797 24665 26797 17610 40065 41500 17988 2780 27875 7509 33034 12180 26917 47974 52575 35413 41894 41390 31652 28284 35526 45452 30775 43882 26853 34914 19321 35967
58467 32655 39370 22811 32671 11378 41867 54431 39163 57452 50458 15977 27350 43230 30424 53721 35728 53030 19750 18002 28040 55463 30818 53040 24353 34493 17646 39894 35511 22218 39721 22436 30381 33327 32626 43512 34146 32330 37418 13875 30006 31869 36785 39861 24712 27174 53352 30175 15803 28839 51373 23567 24363 30047 35041 24997 62267 39342 48484 38404 33866 15091 44695 33928 30904 29328 16601 46228 37604 38371 29832 10632 28976 13902 26120 58050 36347 41264 19895 23459 16293 24553 32756 35723 14478 47064 27936 26075 34582 43615 41371 23025 38300 29916 50630 21293 10882 37040 40447 14577 26663 13116 35495 28316 19691 19934 34846 54158 45870 36345 11973 17192 20816 23785 45819 5320 47536 24592 58654 39887 23216 30927 45458 10141 32431 50308 8372 33682 52237 7313 22246 63247 50474 38485 5254 17777 51302 33583 46581 11803 4128 28801 45972 27756 12986 42922 41409 47044 41619 44553 45278 17284 44555 17664 44361 48906 32642 27117 32611
21943 7512 22066 11148 44779 27116 32558 53797 60934 41888 5697 44941 45672 25812 35018 39970 38769 41957 32811 35912 46209 45879 25026 36957 40184 16678 20208 21696 24630 22549 42263 41426 35228 24162 32146 23539 41096 38512 44487 33668 10330 40603 50961 13539 41077 28999 38610 43121 33846 25808 9835 12942 51966 43929 15162 17307 59437 54272 22177 26615 19235 18536 13823 51200 24385 20269 21172 10266 35812 35507 57887 59555 46192 31063 54690 34298 14402 30073 23195 39040 29370 13691 55916 21653 47931 19388 31348 35482 25890 9884 39954 42733 16336 4219 23720 45551 5797 44985 38293 20480 45313 34485 56376 49537 53829 29649 33266 25296 14799 45420 37924 44110 41727 21990 23596 45660 17720 21406 24429 42328 54230 30967 57155 53668 32316 28749 22800 40863 61386 49155 34357 37800 20446 19064 23568 20000 49625 52748 35843 2919 25883 25886 33644 41950 54533 34321 60333 35811 43253 33601 43557 21463 29771 35601 24628 43034 18026 10208 60217 53517
43694 49166 25750 13071 43130 38394 41385 52862 49966 51206 46036 49086 31272 20625 59510 48941 51401 34299 18671 8490 42609 6820 39582 22038 34433 40172 57061 27217 22615 30514 21282 34364 34643 28632 28854 28213 31447 43325 27906 33437 5698 41409 14692 16340 14580 46020 33599 48699 48718 5542 46063 45617 32174 22982 28886 27668 19061 28294 39765 22600 62467 7749 53450 32554 17848 36707 27287 34076 34549 50240 32283 43644 31511 39740 23733 52139 57729 20150 37831 24842 30098 29968 27824 32503 28330 32937 27855 21972 32810 16353 21894 12799 22896 23832 42035 31705 9693 24238 37432 47042 36049 9986 38132 34331 12716 62582 24007 41795 46030 24938 23056 26520 44695 25659 13105 18302 47463 53069 52872 54099 59294 20732 52598 14198 18588 29611 36189 15432 26562 40376 42904 50729 19566 4486 29069 21882 31232 28017 31895 34457 28635 11229 38424 37351 43356 41766 18289 19396 40420 34223 22016 42129 49363 57814 17191 43181 33161 41470 19525 32886 19303
35971 27322 28752 34250 50121 21477 55449 5142 50733 31016 46512 21928 60943 34785 40950 42464 29137 26994 19403 23585 58322 17210 35216 52168 12914 30360 50595 50230 43025 41198 34917 37067 27407 39835 30262 30951 32203 31742 53111 16363 16039 37752 28806 42293 26626 28522 20932 25637 36924 22834 1938 46110 43444 54835 16974 18556 33485 42953 52826 20642 17891 52054 5141 30704 31065 31291 38878 26052 32654 43478 31254 48511 5858 35721 63261 40577 55732 36018 59220 42027 15975 22195 16153 26075 5975 52971 36557 30449 37607 5818 33488 26320 15222 35711 25475 16596 30564 50844 38213 35936 35088 40303 39028 19668 36572 41306 35188 33166 33575 40892 41123 42479 15441 41461 45664 12631 27834 28004 12044 38695 41666 33643 41735 50877 18632 8552 46770 43897 42286 49340 44651 44221 23123 38600 60051 44520 59031 38122 26506 36442 42074 26757 48561 43380 51708 31477 41319 54932 59868 29084 25354 26907 29276 11739 61182 12393 44507 19728 19872 30686 17081 43165
41810 34523 13142 54753 45170 41149 24082 42555 20833 34023 32076 9997 32384 28344 10086 41398 52269 38288 20159 39829 27338 44240 16823 22028 9909 25558 10926 52857 26703 26115 36868 48702 46072 23223 21528 6842 10769 58706 13644 38221 34553 42292 52736 39766 41742 46525 38033 22071 29364 11853 56163 11086 34377 41540 20690 48124 35372 8450 32577 58787 50878 13800 19726 49566 41055 26708 31900 42323 38768 48038 11335 41501 18511 12097 22131 34142 27485 16002 53628 55415 21754 24778 20421 24774 30087 35193 24492 40877 22883 10223 27540 21131 10476 42893 14809 29376 10374 28592 27871 13739 47247 25532 33539 36014 21862 25358 22181 9511 38764 51462 40487 26744 45825 60679 27624 31744 30854 41582 11848 49438 21593 47260 12199 54580 52955 31473 38501 37281 35948 45261 25825 35780 19821 40337 31101 38142 28220 32923 36504 47792 26426 38219 14994 17976 19656 37636 61386 48377 20292 44322 31907 24655 15120 37640 35705 11676 30859 28694 41647 56897 35860 27562 42148
26524 38412 10533 20408 31503 53971 18407 15946 34296 39626 25425 26301 45497 25167 37569 39789 25521 47555 27031 2749 15680 52614 30518 16140 39877 26105 18170 40634 39074 59259 24646 60454 35125 53866 18042 17842 32480 17194 30964 42429 18178 29209 29461 25255 27387 45974 44093 44752 12330 30722 6093 6296 38897 19389 42275 35422 24494 22312 49055 19076 32962 24225 52899 31593 45198 17033 13710 39789 24688 32576 54208 34032 15819 11559 33946 61010 12795 32925 40826 27122 25186 51712 30657 58930 45153 30132 56527 11633 47446 35862 39428 26127 22179 45448 30401 37484 40359 42600 13923 37096 24513 18199 38989 7138 43603 35830 55262 18876 50876 35171 44150 36053 14939 28608 18806 45965 50834 35691 24124 26692 26815 17605 5673 12634 55876 8238 39069 28974 36992 48647 35064 26146 15571 55983 34458 43670 52380 20100 44259 46311 59709 36330 4915 22393 30740 10559 52458 49320 39554 19682 26984 31447 44521 49460 29710 27748 19364 60053 29754 22450 51481 18790 27980 23325
14243 31237 24231 28937 25764 46291 50088 28626 55677 52784 37808 35291 56204 46717 16927 19842 27699 31257 15957 9514 18641 49506 29619 22319 27334 53436 18838 34293 34673 34949 41826 45017 4148 58652 24692 12091 12909 32482 23596 47741 22398 35383 28141 58366 42182 55164 26900 39454 31652 21263 40194 42813 31098 34129 21783 12731 30631 37538 22707 48119 35722 47971 60215 42067 34436 23538 19457 9518 30198 60592 46705 54504 41790 33278 25066 9696 37823 19514 33224 26233 35029 38854 17774 49423 32738 19713 55356 48133 12871 28746 57744 47546 5474 41474 33995 30862 23189 40585 57677 37600 28478 15936 37495 32531 31935 30085 12199 36739 26743 54457 19517 29331 54214 34876 30620 45730 39947 55407 48416 46608 23208 10673 42028 48956 25851 31840 45088 27784 19558 27872 57434 14419 24136 45967 45115 63741 9217 42188 38691 24806 25328 12536 34931 32366 7287 25715 29577 15348 36340 26526 50117 24538 12488 32471 24713 3199 47700 35455 11572 49219 39926 34550 35110 21894 33553
35997 53184 33448 22785 20435 22624 23048 49960 41206 30311 18952 8935 27754 31029 40199 38300 14988 44074 31077 29865 44990 54951 24962 21869 35934 48137 13246 35143 11469 39859 43640 7577 35180 45316 56338 23490 46745 45916 15083 51489 25782 22044 38243 42776 57377 51362 38362 29445 37179 46671 49840 26186 31844 18051 32324 30278 49661 7326 34552 21593 40549 22528 30508 60898 27130 37897 17725 27715 39200 26649 17295 46298 15413 26512 41086 26888 32664 41422 26221 26159 43946 41524 31674 17834 42187 61472 8904 56543 27484 3826 63987 15657 39867 32269 31647 13290 61001 47310 32296 51843 14182 46742 13297 18002 26483 27333 43864 43193 2767 17595 20160 12055 18904 45017 25733 21196 26866 4988 3851 18743 51323 21256 52399 33722 58578 19930 30673 12211 22104 24402 50899 46724 53613 24275 52244 48524 9842 8122 30196 42538 16837 29032 36563 36288 11207 40765 15633 52653 35032 28825 33549 31568 6489 10461 16169 59402 47528 34663 43972 8508 57894 51095 24382 28740 42804 41168
52214 55941 47408 18030 49231 8539 25724 26580 26277 49704 37239 45154 17755 30285 17536 51062 48848 45864 7672 53361 37220 43547 23103 27315 55158 18564 20918 45469 1897 14277 30907 48269 29593 23869 24495 40675 19049 55884 45810 59394 38456 35921 15077 41798 48486 36014 23527 22546 33362 12481 38486 2502 33630 2540 34454 14272 47849 25998 25861 23905 32595 19719 34306 29193 33532 34230 55790 26905 21572 37117 27945 45551 23946 44090 26644 47083 25904 20686 36621 25199 36245 46106 49781 38106 21785 18300 32428 44684 38428 47191 23571 35558 34558 28679 36617 33094 47646 37870 26604 58637 40414 34157 21280 34203 31901 25058 22786 44624 31931 33455 40436 42637 41112 32051 25172 45487 50836 41677 33411 36633 10510 32991 30434 31274 24168 57544 21455 43586 22785 18407 18860 21186 26425 30622 9431 8968 45936 27979 19889 18037 17414 25168 18586 25705 31578 52236 13811 41028 38862 56287 53787 39270 13250 32552 30064 27439 50579 57161 5206 44287 40869 24992 48939 29238 28756 10126 41550
18996 49667 36469 34336 16474 31504 12208 20225 56326 24030 24741 32082 41112 35017 45743 44401 36211 30261 29488 6079 40436 31870 11145 37020 51580 19975 8472 34921 33643 31022 21823 35717 47905 59478 34141 16974 23551 25051 43730 28968 19810 34849 31485 30833 62126 22917 26432 54408 11072 45159 40185 7630 21112 17193 34186 34979 49081 42026 18002 25960 18016 49610 49328 8315 13774 26217 37382 49725 22883 47207 37811 28430 30847 14883 56086 26447 54915 51711 47504 34654 45773 41562 48258 51100 18621 55700 11594 48234 20406 25100 37195 38438 31508 35365 43489 41266 31290 31803 29806 17901 30856 16049 43603 34998 40284 13286 49390 2542 35863 39482 59809 34293 25625 35852 37322 54572 16579 32703 25291 27633 47475 51119 49667 23205 24969 37439 53458 19880 18536 59854 60567 36187 31084 46268 44724 32285 31736 13672 60551 41036 54124 35380 14194 36940 32550 44415 23764 34427 31367 30121 58893 22328 48367 38162 39036 29412 14783 39450 30083 58847 24661 61216 14976 55434 39953 55942 57556 36675
21589 32427 40416 27243 60544 55791 25346 26210 50162 50866 23965 39817 46604 31572 30477 48703 39468 35380 21684 40674 50099 25012 22515 43478 33281 19507 7720 59256 8310 28689 32949 31786 26227 20398 38137 43082 5973 18794 44115 18489 62079 38820 21541 21592 45904 20670 21966 24837 37160 26391 46765 7842 16232 43279 47140 22925 28014 49414 22417 31271 50843 46428 20054 34000 29263 26736 37330 39401 37866 39076 21349 30161 19148 24664 32878 28902 12885 46569 16975 32652 25061 27579 32358 45601 27868 45098 22036 13572 25242 36249 42683 53398 20096 27238 35254 59703 47084 2292 54379 32584 41534 34719 38965 12071 36057 24779 41590 12597 29466 60116 31887 22994 52322 22557 27614 6495 3089 46852 29125 31803 8583 29164 19363 10948 30757 20273 29400 26974 30536 28983 40131 39015 33364 22107 47814 46142 30886 22781 31295 21828 46494 12159 17552 12249 4255 27712 48920 37982 23814 32160 19254 28465 27188 44543 34380 51379 33673 41917 18873 17732 28773 24889 43740 9541 29737 17621 31510 50452 52787
2288 51144 40210 14819 17386 23120 16800 28316 26658 14353 58140 8122 50171 41575 52712 31904 33233 5812 60003 45230 43015 52825 48364 58178 39164 48820 58852 47037 37648 39207 41387 19839 45218 51984 51362 16361 26645 32209 20263 9817 35781 38601 50587 37935 18965 46936 22622 39118 11620 48349 20433 49042 7186 16570 36947 36830 22654 38989 39490 36114 33034 21752 35330 13964 36885 17434 38897 34733 56319 28435 39022 30677 38696 39746 31706 31333 20464 18953 52885 32443 28854 47302 14592 28727 49116 24794 32633 46651 57281 63398 33377 46118 20165 61064 15896 18776 26440 29411 19199 20786 24490 28179 23925 41746 19018 34170 50648 37465 38282 39545 28812 28263 3017 51822 26094 33436 54119 28347 19040 38489 28356 7359 24128 27899 48192 42457 32239 17893 30266 38763 41422 23670 45844 47828 24123 26638 25901 38259 25496 7182 56037 26794 32323 10196 16028 45527 38557 46785 38578 43612 45318 28725 50566 18328 28127 30608 35194 47851 35207 27698 31982 29108 56412 59771 38463 5461 56002 34507 10193 35628
38167 22402 57344 29850 47034 27392 51503 12033 35596 19622 51644 21436 29549 33746 41994 47153 28990 37860 30325 28091 41181 31807 47969 49596 47787 14400 51498 15765 37640 16200 21043 42660 39509 33975 25818 32331 23793 30701 27522 33257 33594 33867 44167 43742 20884 37166 19021 44681 43101 33274 49969 32332 33780 46604 29075 18309 31930 35012 35797 29590 18191 53637 9302 42974 13140 58284 43382 50620 11751 36506 26005 27282 48937 7599 32531 28607 35706 55371 30799 27298 54075 33231 12203 11420 29386 55705 57222 49934 25224 39689 40512 30550 14038 32130 24120 52951 8210 13408 28113 35565 27294 28422 30567 10490 32473 22740 33117 25183 24866 39208 28178 44154 12762 21347 31718 47277 44385 42725 50488 29782 44056 44815 49259 35031 8797 33599 16347 56207 41105 14037 29163 36318 54036 55604 24826 32035 33351 30136 29544 49856 37513 37828 27540 46099 33848 46776 26592 57982 29624 24050 25259 39776 39271 34003 45653 59417 51620 41659 35134 36360 29904 43787 30150 36495 42827 36129 25164 9996 35190 13405 38194
53472 24495 34849 45271 49516 35415 60364 13211 27150 34254 16062 30686 30761 27253 56408 46080 54553 27819 39928 31328 42560 23758 53503 14688 52479 42818 19149 47967 26292 21604 54466 42685 19649 34966 46655 32218 38021 33846 45729 40726 36703 41893 35147 17616 51889 24388 30108 34154 36826 19313 12020 21315 25657 39054 59572 31931 35120 37625 21050 11314 31773 8979 38631 26632 30306 19772 56859 37532 60766 45525 19254 27216 37489 36157 32152 2436 54010 14290 37025 26261 22619 42488 39857 21479 34802 26637 45608 32726 33568 43632 25446 29893 42823 13698 15052 39186 36290 28067 16312 12064 35831 21300 62858 21835 45889 33427 23461 34295 20738 46113 28006 38784 28315 48190 41518 48201 53610 35659 27997 33456 31441 44455 48723 54552 10287 19376 32881 31197 53988 10698 39700 37731 45135 43091 29088 40967 45522 50090 25458 31273 33995 37936 19434 22571 37532 52805 33387 52332 32932 49738 55890 17740 12354 23709 41728 36139 48856 42399 42965 19049 1477 49584 12337 32613 39528 28977 32629 35457 52770 4224 21759 42524
44628 38910 60463 26774 33884 39948 31848 17486 21917 19720 47366 34727 25459 30548 20844 23805 11072 33615 28922 19123 26213 62808 48910 45864 35392 28112 24329 54460 18483 10519 28747 51662 36252 32654 36405 35009 33757 26003 53285 58353 36949 27527 18811 2497 21604 15818 35226 33936 11625 42173 39902 47806 13510 33983 34730 28330 16345 24110 20574 48822 24580 19822 30040 42305 25254 35549 29177 30891 20767 60122 48545 60244 28878 24006 52145 35740 49941 28673 35719 50146 34130 18924 26755 23176 12518 12261 18951 29165 31538 33357 37746 34929 54676 15748 42020 30836 28015 63979 55166 30806 44063 27617 34014 39542 46854 25540 32677 52534 28549 19960 38707 56053 29434 13018 5864 27155 6855 46796 50725 31984 31819 6700 26695 29164 26853 47451 15537 33638 28151 3258 32450 18368 21728 43175 26074 12633 41727 48516 9562 36497 39350 38831 27808 35272 46691 40841 26381 10590 12904 55666 15361 20402 804 26059 36572 15142 23031 33011 32510 34330 42048 33608 10183 42731 35681 24878 41111 61437 29880 43779 31950 36780 33190
36134 19404 36955 36749 20472 6386 22632 47048 22489 27550 10806 20413 42282 18224 9249 26823 21577 43787 16525 20552 40343 37516 21974 36769 21876 29972 38495 27696 27713 50691 36998 59223 28253 29881 44718 48757 33830 27799 46899 27370 29184 38138 52345 41493 38985 53574 27869 21848 29536 32984 62143 12817 7078 32528 38017 41378 50555 41809 58498 51562 49472 16632 53538 35528 31571 42854 42177 33566 31765 41467 34239 35787 59366 30743 30331 47662 32551 27931 21847 57256 40502 16485 23730 35226 15732 44373 41708 33122 28994 27470 39524 52323 27134 44460 4477 44025 62474 41938 12947 40326 30661 63776 33801 23147 31118 54516 26686 22534 39366 23215 40338 18361 38093 43441 48740 38626 49924 23899 16663 28387 39113 3339 30727 46363 42621 19489 37271 35562 39040 43520 38950 52655 46899 45572 61972 38604 26357 60304 25024 48031 10276 55812 34188 52618 5924 31934 55255 6636 27731 53023 12033 43557 31760 51335 15722 17300 14012 23639 37234 26523 43191 31213 38264 21400 31330 36009 4062 33004 28699 31725 41731 42232 27203 11032
52551 12570 58682 31114 26890 21173 31073 17060 11436 29477 56087 56772 10892 47052 55994 40523 20748 33291 25774 21401 60043 28480 33104 51470 40297 22733 21762 17931 27654 21521 40994 3565 13506 12907 16145 57367 12796 33085 43568 30696 31254 35302 30173 36032 32623 53701 21114 53760 36967 6716 35941 30470 22366 24745 35839 10035 23220 24174 54696 35303 31944 35050 2497 17026 31740 37245 25769 28772 29360 25990 16062 44781 55105 11879 35940 38269 31763 20862 56825 46964 36738 61484 57308 9266 7153 26579 23150 26392 34750 20942 45583 34692 38220 33667 26400 35030 25335 36429 38399 27249 27427 16270 30477 42930 33836 8359 24234 14330 24693 30454 48439 36521 36444 17373 40723 39711 30788 50363 44188 51389 25737 29424 43574 32480 30095 33755 30783 8428 10675 26846 4886 36414 23381 20311 37660 41526 16599 41128 44209 13367 27800 33328 45110 38814 19704 21838 35337 7116 44119 14180 17035 35873 45333 33233 32284 45053 23953 51700 32029 19137 36909 24878 39916 39883 33608 21728 21226 56955 52546 28264 13944 51764 24698 13097 30452
