35
24332
53479 33353
62702 25710 29980
23015 10555 55520 39129
34116 26431 31936 32635 25280
32857 44143 59493 44218 33259 24654
36598 31124 46420 44219 10894 15277 40947
16920 61070 49509 33578 27843 35412 46364 23639
38173 43329 40242 25820 16262 62133 23558 4632 35935
35344 45050 38251 14343 36530 13166 23604 6876 39931 23743
36821 43330 18763 32337 38316 29591 43522 18048 36634 42554 52608
49071 22913 35212 48934 20540 36412 33261 34386 47754 33457 36798 9828
7413 18491 53085 7871 29153 44092 31019 60096 36778 14357 24968 33224 10419
12580 30933 55095 19290 39115 19313 55917 25090 44137 33210 30411 45831 25950 24596
37806 24781 30985 50909 38010 27057 22732 45684 22668 10259 12805 47930 47940 21077 28182
38287 5125 31446 45662 37332 46636 36854 24636 40039 28954 56341 38162 48553 36911 34195 43583
39418 56011 3791 46370 29115 5199 22059 34588 41290 31769 38406 44430 41224 19849 25792 29142 34134
16386 13496 55639 32402 34528 21585 42349 22814 53638 28135 21370 32089 19284 34781 7391 28578 7080 33938
30458 20570 26083 8806 37677 23521 18789 31672 24278 60056 57743 34539 33623 28893 17855 38491 26127 32529 35157
22635 10334 16788 48052 22394 42915 32967 26680 31208 32064 41225 38468 33300 32403 8888 51512 36448 48382 41528 32882
39211 34272 22503 14163 30933 58009 38948 25915 24510 39048 54096 32139 23622 43279 38347 28577 55500 20876 34806 42717 39858
35680 28207 35489 18263 35820 10455 32332 55835 50318 13390 24894 11870 58025 43253 36568 31360 20377 47915 24184 20704 12480 15182
9087 8160 26495 38338 44365 12767 4404 21220 51010 44349 34625 38678 47295 5210 24325 41654 50465 50582 27103 53797 43979 31568 46385
7620 43036 52202 35418 39409 61812 10691 28345 30478 47924 25403 9136 33145 13498 41650 42653 41363 35175 28296 45282 23484 24731 10524 47070
20565 23990 37072 60657 15293 8216 16388 15738 30290 49953 44309 53979 29816 24113 43623 37490 50829 33960 58966 40352 39152 50662 27461 20935 13314
11596 40850 18498 31779 16952 50592 22135 29108 34826 31691 36289 12563 32293 48247 15234 29345 8166 24064 26907 35518 25774 37577 56298 27083 16349 59696
5457 39975 41171 19352 53935 51760 29425 32861 36196 14410 40340 10723 31439 18131 33824 18055 35922 29226 34290 45225 28491 53936 32362 40619 36124 40133 17643
8940 35620 8394 44242 43980 19138 51997 34176 33707 26968 42015 39509 20713 16453 20528 12977 38373 25832 36785 37365 12545 43170 16128 30591 23708 39124 22142 40623
12054 32476 27276 48872 39630 24605 43912 35718 28199 32243 26068 46060 21373 54720 33231 25466 20787 8421 33752 16782 18856 21696 35920 29065 31548 41651 55191 37579 32846
63516 48654 16565 20289 32349 46099 4773 14961 39637 51719 39931 28737 28388 44106 27674 31504 22505 41789 36446 16702 28486 37695 35370 34090 35417 31918 58078 25910 47748 31726
38872 23489 52518 18781 9337 48939 19359 14682 32801 49620 31566 48198 40497 29212 56725 56961 60935 14946 45010 18540 23299 24840 60262 15973 52359 34925 17842 41165 9714 44785 45076
60420 18084 44788 22511 14443 35326 48854 9887 14945 18270 28918 49542 49732 53797 46006 35333 48248 31155 53621 40314 12634 35176 28819 21831 17740 51365 37744 18123 47276 31431 39020 50021
26587 57137 14822 22647 52026 45378 36416 20320 30503 10330 34777 44415 39940 30682 29969 46134 34351 53024 32840 24803 7689 22925 12254 27880 59378 48769 26162 52644 33867 41308 24998 46199 44915
8574 15514 36544 16840 23111 28011 34273 44974 25367 18045 32568 35203 20302 30252 7206 31654 11852 34523 47629 20088 35698 24296 29256 58969 28190 16566 39485 17322 55728 19105 49991 33481 52619 30477
47816 23575 50444 40022 35361 41972 46996 27871 30384 51905 39043 30470 33239 23773 55097 9518 26869 33446 24343 48563 42346 32896 38778 25337 27797 46793 25542 4957 45016 41440 41816 10559 40081 23078 45456
