86
35436
36439 39618
48448 15322 47354
30272 11887 48705 37964
8166 46844 11004 33965 7954
39242 22385 35454 30500 29621 21755
16925 10111 16545 61692 25579 43904 22122
46293 50248 31368 26483 26084 21397 2039 33306
34187 40497 49965 37058 20777 19578 38795 55751 16926
41684 27758 32653 36297 33181 9530 32881 42380 25908 41292
14035 46789 26106 48132 22805 43734 47183 52421 31126 10014 44180
42732 34486 36092 44839 39386 51925 31186 51305 28911 27731 50943 40122
29579 28047 35298 27771 25871 44267 37852 37898 34009 25798 29262 35784 36425
43904 28310 26646 47298 29560 36375 22866 47008 35601 37421 43998 14918 40103 63546
51225 27668 44701 31135 45666 29800 9042 35770 35610 30371 14630 57325 36513 37413 35448
25494 38232 25167 36267 49175 37789 32383 5403 56015 39377 31253 53035 21790 54356 58484 17978
35939 2951 51448 24744 39424 41929 44804 57556 21331 7544 39416 25888 51646 38136 35122 26603 51872
17063 30739 49045 24409 31460 56827 7806 52552 11792 11851 37638 38351 26763 22625 34700 30284 53942 51101
17010 26656 12527 58209 26135 41132 25495 36620 28891 4430 26382 43518 15646 26473 54197 36760 33088 35929 56811
38712 20384 42368 22030 37951 5792 37951 10370 54797 8351 30196 23972 10242 37885 41985 39382 53631 29466 13253 7542
38369 7254 30367 50405 13451 18960 31217 34948 59612 4778 34586 31921 59956 26755 41849 20942 27636 39419 36976 54329 40314
20850 19293 27731 43559 38216 36258 40572 47451 51164 19614 35605 28278 42896 47537 28285 59608 52932 16954 41234 17377 13269 36763
38712 38641 10535 34610 24909 62824 23830 19040 43952 28326 23045 13959 48834 36364 34386 25858 32483 56056 42080 43831 27764 22730 21131
39553 41939 34533 35639 32834 56673 57510 42176 58843 28030 23918 53641 37034 50315 28829 40944 33297 28391 35219 31320 30575 5360 37809 42781
27172 31498 30292 18595 36751 33171 38112 23879 55570 42218 20146 49001 29707 32112 32554 42347 18908 16261 32171 8620 32740 15242 40338 41612 30594
56797 11840 29291 52760 44767 31509 47017 23813 21232 52081 29861 47528 35441 25269 34753 13666 45504 32831 43868 23956 16702 57199 30166 31644 19788 47016
55694 38109 34376 15430 42215 27315 14484 40108 33341 31360 52367 33850 30707 32165 18072 39502 26728 27008 18192 33353 37372 28531 35415 23435 36622 64732 26830
49525 22017 47901 22227 19301 47409 36757 58567 36027 26369 39844 16138 38106 27088 48297 44541 28446 43006 3078 38399 8938 58346 24345 30574 13214 48118 51012 61102
41112 43649 37350 13341 58681 34283 51295 39962 30945 32916 45070 38662 52977 43228 51797 45377 54983 26914 54418 37676 64451 34760 51238 33061 42311 42797 55922 23437 46770
50609 31956 40644 36708 48564 23727 25387 35518 17814 25439 23841 32798 28598 46662 56580 17125 43638 14021 53048 41587 16437 33338 48154 27176 55123 29191 18444 24933 29232 39819
45932 52103 28460 20517 23195 26609 34982 40247 13818 29186 54528 19488 55783 8474 18073 57919 30404 43162 11217 41206 22767 47072 12040 34211 26825 31309 22174 18856 10930 38721 1266
25188 16139 12828 30822 33079 25139 27198 52058 37760 60552 56071 29739 17057 21102 39895 50493 29688 42051 49166 60652 51430 36454 22284 30107 40653 22840 27698 17832 36616 26905 34526 40822
61181 48746 10864 8545 53255 30089 54859 50637 32648 18135 34252 25366 34529 34484 12372 11167 43888 9601 51523 11718 61079 12189 49145 54254 36277 19814 32727 25715 33322 49984 61498 33209 33109
29065 29830 10781 31896 21664 27672 14335 8529 34022 45648 25025 22754 14011 40593 14786 18602 14976 33848 11874 53768 31891 12966 35329 37470 34133 30011 29439 25355 31014 37719 27579 22894 39015 20571
21143 18152 16246 27557 25074 47322 26292 41109 12332 30882 41602 42638 44964 35747 41790 12524 44733 45881 13642 61202 22483 60614 49413 35936 45385 29099 19150 12340 40318 14150 29446 32239 56018 28409 30221
38129 33700 34338 44100 37019 36439 42531 35337 34891 19783 46171 40893 36705 28375 21034 39360 46400 32102 23791 16499 34116 24404 28172 30773 34512 55040 23263 16740 15684 33484 46282 47204 43006 23831 18732 5523
16991 15425 41317 44368 33735 21162 33492 61436 24471 44722 28379 27127 17709 47800 41688 50082 40937 48414 38956 16731 55085 55363 33848 17283 52824 35463 22618 18042 25802 11850 16885 25249 30180 31212 43621 19543 55556
32716 14092 21498 24971 11852 18763 26094 24281 20427 32384 2704 7246 35497 45069 26178 24907 24902 29521 47458 28973 45570 39339 24657 35671 14140 12413 21360 27432 34646 33062 42781 18432 38063 37125 35770 21824 44455 41340
19877 49734 31902 12265 21823 14963 34804 30126 42728 25895 45576 59434 25345 26050 14652 14525 17897 23460 14320 54470 43006 25133 9345 58791 32164 37053 20819 20670 55097 31412 27842 14188 57628 12146 33073 30483 25518 14936 29950
10510 17231 41668 35468 41667 32864 60438 24631 30093 46911 5553 28771 28366 41037 6898 37228 38887 36842 29498 30133 46646 30327 37353 43932 19229 24659 26207 40324 5115 30172 23549 37321 35376 31606 23072 43727 25371 20863 50220 59123
36894 29782 31102 41109 16023 64604 54646 3607 55272 7665 12151 16856 33136 10614 23262 43576 7310 35657 42764 37271 18084 52171 24417 40533 22801 36700 52029 21201 26932 38493 44545 3437 18542 15660 18187 34952 33824 31786 53691 23170 58792
26552 34164 30138 29289 45108 38290 10387 60351 8704 12664 40297 53004 42363 33926 23199 21937 48900 46618 17044 29964 36604 59797 37800 24191 20931 15959 59450 32616 57274 20417 46765 33065 44351 13617 53597 51489 19123 33287 26285 30896 25718 50598
33020 27957 17129 35690 34474 16402 19051 55990 14870 18085 31578 46826 47522 37456 29210 40804 32685 28786 26377 36741 25239 60011 11910 32429 38080 50586 47346 24637 9352 33633 37549 41875 31822 24862 25624 13327 57972 55346 29073 30995 31065 40446 7033
54782 16221 9184 24112 10800 36576 38715 21015 53514 40514 24939 11149 8682 32738 42962 47856 28721 41506 19409 27812 35647 20321 27334 51462 15988 44543 24083 29816 20785 16476 47895 12120 34515 25816 54065 54791 40637 21970 13251 57574 21582 43436 42540 25683
24294 53957 45003 37040 29158 40829 37378 45659 48300 47668 18991 45493 27289 43338 37300 37662 41741 53022 24048 30455 35176 27154 24643 6559 15626 38022 34316 21364 22867 50391 30893 39130 30115 52585 40324 31279 42330 23704 5618 41938 30680 31943 48985 56868 30846
37972 45844 36229 11946 26018 18057 45654 7612 36621 35603 26869 50455 35577 52756 27075 8216 12226 39149 35104 9760 45003 45308 14189 51855 39282 6051 33033 31941 22298 35393 36434 10275 12063 33334 9132 46086 50149 13537 41333 33746 37833 37796 33804 30436 31019 52189
25554 26780 43629 18158 29991 12381 14830 43574 34924 41348 38414 22292 35327 35698 35117 27370 33345 14727 47531 16151 38290 29475 43495 26874 33875 31655 47171 47604 43746 37489 40734 48998 33184 29409 29912 49838 40174 21594 43984 18735 11562 27192 37481 37957 32438 58334 54015
8530 31217 27820 29685 10679 9018 44032 55210 41682 39666 50491 48254 48645 40313 22461 15568 26798 33584 32487 20227 19503 49269 53783 17779 19943 58793 25773 20099 36662 40748 17932 29842 28027 13663 33168 40448 33304 36001 7836 36140 41579 42320 41104 24696 24534 7120 34506 37443
1976 10367 19627 30957 41841 40892 27027 18134 30816 29160 20707 35422 34791 11107 29177 44516 36708 29838 14389 30666 34872 37319 2809 35439 42948 25455 19876 25651 24422 26086 24470 57206 23681 12685 39984 45720 2161 31427 56016 28664 34968 37350 28375 34296 15959 25434 42917 16119 50956
30588 20634 16725 31769 29358 45335 36722 29405 38222 35961 34734 31927 15293 41507 25704 42761 56924 44404 48130 47922 37257 26060 32987 48785 34214 32396 33107 29320 34577 42770 26570 54389 32299 35519 15008 40378 28500 20723 23604 50102 31469 40206 35560 30665 23893 3696 24860 10066 28394 49273
21805 31667 42000 19081 14719 23114 36133 49152 48238 25720 22152 12350 59485 30623 18586 42660 41898 11546 18363 10896 12472 23119 54348 48994 44515 4249 35499 25725 38287 40282 41785 38206 15896 35315 29270 18694 23009 39874 26723 29493 30536 21545 4543 33579 32944 28807 38600 58441 15477 27196 48098
32236 52475 30375 24939 45944 45215 34602 33730 25674 16833 18723 47944 27586 14019 9716 15453 41283 41476 17148 22370 22570 29156 33178 30901 24536 28867 32560 10423 33709 17665 38173 35784 2825 28925 22720 25161 47437 54041 39802 34968 19927 42420 27308 30486 33799 32558 36788 49700 37696 20966 36853 39456
44766 27711 44235 19308 34372 30869 25496 48743 17618 32075 28093 30576 37350 23744 49304 38632 37089 54612 36235 22831 24867 33126 16884 38566 40461 55129 34613 17323 24317 43401 49837 28831 46931 42585 38332 18914 13938 55336 24001 6101 26550 42326 46110 16087 53890 53314 28209 16198 31286 30542 7516 46470 24112
38105 36606 23029 31185 32579 19575 33010 50297 26860 39718 39646 45449 24628 31853 46105 45151 53114 44458 29956 44123 32032 43070 41469 36063 35717 41354 39781 13642 30985 35564 56732 34044 40972 4551 33027 55126 14062 8055 14841 33718 53262 22878 55516 23933 22990 8413 18960 13323 40589 37714 38386 53952 50347 35359
24804 33021 52872 39587 27460 33311 39556 38461 37235 5513 25342 35407 52178 30362 48728 49208 44735 56498 40689 15703 27292 31538 54057 49934 19399 33144 34144 20155 47777 39653 48118 39360 48010 28377 55626 39292 28387 41140 39870 32591 37131 20438 40370 14488 31328 38815 21891 61113 8006 36719 5525 34576 36891 51878 35908
41726 31038 55460 50163 40933 41744 50378 8960 38688 29169 38518 27598 24085 26178 20744 48313 34335 40033 29667 36901 23712 19631 31332 15470 27385 52108 23532 29687 30344 35161 35803 50462 32943 37493 31121 39494 50893 36670 36975 14795 16962 50200 47058 17937 43117 4449 54046 48501 27312 29560 49584 31319 46697 33470 24296 45849
29946 29587 33321 31258 19394 38488 32464 15802 39968 22379 42046 18521 33654 16173 15827 16471 23331 29182 37615 43027 14470 45119 59123 56815 27904 54862 31037 40010 34290 56460 34093 31108 19642 22362 49702 26620 50875 30486 25476 13845 46417 34850 6314 36395 38366 29405 36088 30369 41411 15270 26572 20950 20062 33502 19591 56874 19729
34021 23177 46588 35642 39452 44339 20399 45627 46817 23523 32159 42867 27541 31225 28207 3138 25752 38616 43966 15879 27211 15836 7340 22052 24845 30312 33624 43511 51516 17372 32292 51938 48956 9622 34671 34372 31595 38647 30105 25981 21032 36703 31490 44524 46036 33327 42506 57587 44239 24261 24848 48112 25978 36993 62070 47172 41523 32453
31899 35664 17243 36080 32223 9842 50514 39522 20642 14093 16505 33404 11076 42621 26927 40092 8228 39460 36818 48163 7588 29539 8390 12401 28195 20376 42088 50406 14337 34853 16154 49379 32158 45673 45370 26565 40282 8131 22313 30959 20884 23957 43336 44992 45230 46398 15349 50072 44295 44061 49042 26584 38143 33684 32893 19422 37622 47361 26391
39691 44364 34246 63424 31935 50784 24386 21209 37978 40084 30421 46273 33084 19016 14814 30166 24261 17881 53695 2684 17493 57771 9174 33553 17740 19482 53636 35828 28938 36745 47147 28038 54000 37462 28966 35879 62044 5860 20955 26680 21166 15247 27557 40471 29513 31419 35814 26149 20362 43716 48127 38082 57042 32269 49486 39503 38017 33524 40245 33579
24567 41948 36115 30644 11413 42785 35400 15438 57784 12071 18995 45399 25284 47691 48694 21294 36630 8941 37807 14900 49678 40815 13312 39625 21263 49712 17544 17742 38262 31120 42662 9761 22692 36847 30652 50595 26617 43949 37161 18484 35541 20265 34892 28213 33945 22725 44678 37892 38051 33504 37176 12802 30291 25562 31168 23696 24844 28178 28033 50188 34858
28651 44503 13528 39696 37825 47140 38739 50462 24567 17865 61404 11698 46828 52260 24276 30765 55040 31895 41115 50159 23186 17536 3474 44121 14341 52545 39447 18633 16821 31801 22155 44191 42501 29384 61262 59198 28500 36429 11457 33794 33794 26666 29507 2638 42606 54717 49970 32130 29946 26728 14578 23804 27141 28042 36065 42013 23535 28291 37726 51781 32024 12466
48330 17109 23520 46457 38277 32043 25254 47670 17904 25767 22476 14410 37481 24747 23985 25878 56145 21654 29365 12792 40200 40904 28984 52307 28655 40354 36762 7555 34917 42370 24634 51946 14024 35529 53626 13801 26492 40151 11705 31710 41694 9996 6999 30251 36176 28873 40116 14895 26416 15723 36912 39241 36063 52309 45098 41179 30398 22758 4868 39492 47403 39550 43805
35555 33928 50302 18133 13338 42291 34372 37004 37703 33677 35633 36514 25036 9206 31397 41846 38152 42703 30720 36202 56923 51319 41634 26334 43812 24908 38379 9775 9413 26034 26939 40385 45212 26119 45042 31728 61450 36522 31088 19231 16497 43004 20758 29100 47916 5725 48706 45562 13729 55854 50260 10853 16683 36813 25263 21841 43820 61339 38064 35098 32005 52728 53688 30755
31764 6981 36135 45258 43451 58337 13917 40306 17241 20522 47291 33911 16974 42116 31646 34877 23545 16717 25194 42785 33212 41700 19580 15235 24821 25002 38196 31685 58118 45567 37877 31302 44366 25668 7196 42342 41260 25815 32010 18309 23554 15385 33311 34563 14127 36458 29371 26175 18450 39979 37439 17307 24588 16826 40969 55670 35966 30584 22393 48688 38598 53702 28658 25640 33863
33026 40144 39361 38493 20878 36214 35159 19050 11209 27972 47437 22991 37906 25496 35842 14826 43722 37843 16342 39965 11345 7509 28456 60870 28936 39807 36955 22599 27981 42415 30155 49407 12673 20293 19931 18766 59908 42916 41706 20115 24375 14888 23384 27184 30073 36404 14724 29059 44328 42792 56272 30190 41640 33890 48283 17616 3671 41283 45637 26505 50324 29995 28462 41848 13760 29563
33206 31231 28219 35729 54332 43132 5734 43213 44322 43088 29343 12945 44743 11996 25415 35900 22411 11646 58558 38190 33230 53657 36709 43208 25584 33929 38811 40552 36944 27568 52670 18799 30032 59503 40498 31037 23887 38948 37204 31026 28333 21553 19334 37039 43978 45557 36134 33553 29446 33487 45717 36795 32448 54305 46132 29196 25946 61258 42593 24932 39219 55721 47486 37156 26795 21664 14825
12458 32290 23949 36867 27479 24568 11730 16428 26763 28812 47822 27333 52134 28224 46561 19501 13320 29556 35946 15554 48401 30341 26571 12520 32289 51671 11618 47357 35480 39878 32400 33120 29142 30389 14519 21106 16188 16642 30002 37011 31272 15632 35175 15396 42490 35131 34481 29059 16917 40935 47730 59665 18902 55152 11787 30510 46238 25145 9946 35899 30157 52896 9793 46231 31939 34568 59807 39072
46305 20941 59988 31930 34180 53587 23999 16707 21008 33783 13634 25242 31202 17433 40507 31008 22618 51227 33292 14645 17627 41564 34324 29498 37570 49468 35762 37773 37232 28443 45128 41615 35909 21081 19765 17568 19105 27989 63448 47649 36837 40561 33170 24432 39791 8204 30660 44270 10399 2182 41932 14076 28376 51774 2829 44536 41334 45975 28387 56900 28636 28397 19632 45119 34154 33443 24021 43080 35198
20760 38832 26304 8057 39084 43939 10247 26299 29630 34572 50302 31397 22705 54093 12419 29333 39393 30149 31863 25067 26033 36820 54458 55306 18048 32473 33197 57422 41646 23606 26543 33306 48282 32073 34590 16590 45734 29556 31838 39880 32561 35862 32717 36457 63643 20623 26058 36881 20804 34366 40630 37921 38796 11909 14065 35319 13778 34498 22236 23795 29304 34902 17109 29815 28637 26786 23357 13282 44129 39172
40052 64148 33380 50911 40667 9198 10310 23439 5841 34638 12390 31862 21684 30741 35110 35573 17640 17827 31973 42090 28618 15192 45571 41527 31164 8341 43744 39355 41756 14519 17884 23637 18507 49953 15702 30567 57770 31538 42928 46160 33687 38986 63305 39023 56948 19914 31361 58662 48799 19216 23480 38867 35961 47997 41294 27096 52322 50801 44450 20628 40635 3916 48918 32103 49123 46446 28682 23984 34872 21559 46811
39633 27678 33543 26093 39464 31731 21822 11164 32022 25622 23100 4683 8445 27880 40290 32856 7992 31433 42510 47142 52525 36378 30624 22545 48183 49977 37243 55933 47544 53895 28412 38342 20241 36964 34692 15439 49568 60721 52851 23670 37575 30029 45865 57502 32741 20758 41223 36643 33370 50416 32618 35433 20357 12601 45494 20685 22728 37456 38728 15535 19329 32918 35712 33905 37138 12395 26049 14962 52954 29232 31080 52498
26168 12867 38358 34481 29838 30981 34411 3503 21307 60118 37511 25707 6046 18455 32139 26951 37656 27942 34517 22178 21258 21092 27077 17116 41170 35890 23998 41044 33235 51950 38428 48493 14185 23290 16962 17539 16118 42165 36240 48121 20955 11390 40804 34350 25974 37558 39711 24962 43817 5053 40993 59476 36946 34804 51659 37127 15955 25529 44923 11767 39563 46957 25745 28039 50778 44912 30832 23062 7967 37923 30324 23044 15932
18917 26112 12208 30991 53524 51828 31100 24826 17940 41774 45511 17244 57667 27535 12017 43413 30464 39671 41818 22788 30636 42183 40290 54027 28583 30813 34664 21768 34642 33049 10190 55388 33547 9821 8435 37480 49971 19336 28983 29834 17450 20474 29434 11301 40529 36628 23708 8853 34311 57396 49276 32060 19370 38587 36092 40315 56222 33289 35963 41136 15936 28030 25945 24637 38898 41083 39414 29057 43282 24157 34994 42459 19969 59015
27628 35501 32544 29784 23046 26966 53453 48944 17759 18229 29546 31344 31831 26028 45909 21878 43342 49689 30959 31651 53924 38366 51352 37975 55992 22106 49841 49906 32748 13549 41881 42708 23712 40694 17326 56157 26417 48599 38740 30701 29187 30446 12009 36836 43890 27548 14028 12962 7649 31043 30558 60296 12206 14654 21759 49652 41788 33011 20496 47430 38631 57789 34031 53473 34067 43262 44029 33826 50204 57367 39322 19050 1637 19558 48679
38681 55884 28493 9731 22927 10804 34347 63884 32045 48249 35424 32038 26960 45951 12619 37167 33116 36259 27726 45574 9390 42309 26823 30732 44710 45255 36888 38817 30375 49800 34720 24870 20494 51432 45246 49401 35388 36423 43220 49019 28817 47365 18753 33036 19053 52097 42852 17933 56113 9245 5278 60124 25147 32056 40528 59354 39659 27954 36312 20840 15524 26218 26777 22500 31426 14147 28655 51120 33960 35353 41276 35115 34230 58703 13793 8372
42314 11076 9020 44716 34501 39512 39599 28531 51591 52458 35224 15210 35057 47453 39257 34543 56417 12813 44881 25187 22327 25949 27872 31270 35030 23980 44901 5785 31898 33114 36930 39963 14822 37574 25813 35594 50202 45138 48768 32714 39572 21597 27298 12985 14517 54599 29339 30774 38365 25968 39882 49314 42349 37688 59281 39005 22211 51454 4942 42952 38207 19748 39010 45889 18499 49673 44078 39721 21294 42509 49168 23520 38240 54160 33131 36295 59962
33010 22939 58685 43290 16530 28162 45728 42337 32978 40961 25172 11887 3089 36086 31926 36772 34991 36419 42536 36961 30988 47431 40712 29699 48008 57185 17335 31213 2690 36339 35990 56702 31836 36444 36355 22038 33653 26107 30816 38678 28205 54834 38923 53212 26340 23647 21861 43977 29690 45540 13518 21053 30670 19488 22183 26264 45250 56435 30543 34874 14646 20540 28452 21123 34695 20701 45706 23763 28185 17332 53727 14986 39752 51746 31106 31496 39287 16777
61908 43438 20228 49988 40757 52698 32338 9401 33286 27372 17853 30531 46757 32839 40873 34884 30067 35144 25202 24861 37584 32080 49275 50988 65309 53183 51234 48083 18105 28661 25546 64625 37378 51539 22991 33382 42332 49974 19605 33553 24869 16642 14969 28628 16828 41492 32219 30221 24450 16844 19741 32542 28375 30605 15006 45158 16412 38580 13502 27460 49071 28322 34269 52506 30193 19127 54363 12103 34626 29267 41623 42794 46083 43223 20211 34340 22674 44449 37838
55702 27984 48145 34696 27358 34462 2954 40064 16223 21722 53096 8473 39029 9318 14094 49071 29570 56737 28124 32421 35303 34026 39728 16474 20738 15010 25195 17198 31285 15145 25325 41344 29406 57056 47127 20915 25695 6693 31047 42531 13335 32089 14813 52531 33638 46300 35132 20802 44971 35087 29376 6320 21064 24145 32204 26076 16539 46336 11712 22312 35846 43392 33274 26355 33256 62511 30171 27549 43937 59756 32963 38790 20112 31128 38419 30990 27671 12563 9513 31380
49556 47166 39269 57978 18536 21367 23081 21279 13812 58143 19156 51939 31638 25494 19142 9254 18097 27965 13664 5448 32929 46195 57856 45224 20168 35222 41991 25768 37511 22794 51925 31655 26940 43820 41418 39941 11337 42078 28743 18466 61709 34046 31145 24158 35047 43373 32083 39192 33081 35340 13988 3762 9058 15161 56572 45451 29889 27990 9148 53251 46776 27841 47682 38010 26277 41435 19439 34128 15850 37124 32803 34020 45542 23197 64062 20888 29689 15109 22944 1484 29058
35482 47529 38877 21475 48576 45497 55855 32890 25813 21808 31518 39080 11320 13166 34061 63951 56394 55252 24154 15690 22891 18880 51560 14463 41980 35986 58515 31945 55387 8109 43583 22410 44777 32366 28872 53795 31750 41014 27281 12786 12307 63589 9720 30809 22383 30299 36192 58039 39544 34169 26405 27244 48530 36124 21931 50391 41243 28840 55119 25434 16754 36730 18033 29523 14072 50418 22899 56868 46605 26739 8884 18732 36626 19802 37012 5578 44645 17160 28019 24928 40039 38109
57265 34125 32120 35385 27053 38640 37369 26237 59849 26538 46664 26887 6756 34012 25286 19767 37342 47076 43988 19056 49814 34341 16848 5134 31471 45307 28956 22900 58693 46536 41495 17922 2043 19949 55584 33046 17776 28360 13976 11793 56324 18875 30431 27731 26134 19492 29270 22333 23049 8037 40283 34349 35385 43229 34895 35971 42249 35308 24466 31138 46296 40945 60293 55526 8198 1102 36999 12722 43250 35937 20214 34662 28158 18828 17206 22880 27017 35118 42405 8961 29171 21671 51874
56233 47516 29014 41614 30393 52964 57501 14793 25487 39978 24538 14516 36235 26576 26734 58285 56335 21557 44986 39701 45690 24505 10012 56140 28716 25788 31735 48307 28806 6558 38823 29609 35558 37054 40846 20620 37549 47230 29965 49088 22331 23357 13698 51618 41968 40795 47695 37524 16429 34616 6355 23284 28495 28980 41581 32547 28857 6062 58495 30594 32714 37128 10344 22639 54242 20385 29575 21068 8290 8665 34622 45431 38056 45584 24811 24145 23573 34470 47600 23866 40457 33274 34732 52883
32228 25198 31615 28347 6918 49762 33480 5648 37071 38963 18153 14582 30367 13893 44352 26571 24534 19188 22318 52974 23508 24739 8725 46784 30202 23984 42832 33697 13734 33918 15429 46578 40504 29545 29263 27153 44819 42197 5840 22623 25492 28446 13097 54588 45852 33959 36024 20745 37131 29646 9439 55333 27841 42742 14589 37614 45471 25723 17010 17864 50946 20161 30365 20753 36942 25637 18144 12584 27872 32519 24729 32366 47128 54729 44330 27971 51545 31434 20978 19976 29696 23658 45136 36123 34670
17673 26022 45789 20227 23303 19283 25518 37407 41155 30390 57327 37923 29855 47408 33790 37997 37114 40994 18492 52829 35892 29930 16650 31062 22700 48363 7878 51380 50373 14721 11730 27610 31451 59406 54925 36392 33105 33267 7510 22268 14982 31886 8846 27063 25818 35137 41621 26041 6828 5482 30156 26211 21087 19051 37009 33555 56911 36259 33605 53033 27871 32882 31304 23048 34926 32823 15867 44812 38748 9812 45757 54680 23560 51239 22764 53516 29908 30482 19692 41158 23583 32884 18203 16423 26697 28077
