87
57700
37085 50129
21394 20498 5306
33875 41950 3198 27725
36418 41234 46346 10488 32258
51852 50197 38938 35825 39853 4095
49939 35950 35797 19240 28482 61402 36453
33776 40457 49813 37563 42166 36038 44288 33847
29660 46298 29561 19003 37825 19366 30305 18470 33477
49800 12824 23896 6984 50915 16127 25906 37802 16915 20853
14098 32330 55674 47576 42585 18826 28281 25740 33383 49097 40558
55790 38556 1895 17083 15968 43609 41668 28863 21056 33019 28736 31193
29167 23013 43578 27499 38350 28790 26388 36564 53819 31758 39213 26995 22424
12302 3813 48298 29251 48084 29340 34263 35485 51905 51890 32348 42246 33845 31110
39832 25055 2960 15738 36587 32135 32818 45294 50612 20572 32123 19007 26965 20162 39627
56273 24364 35095 27522 5120 18586 11194 32512 32047 33537 32524 24742 32188 10172 26477 6098
55306 35889 25918 10212 10869 49595 38109 36927 28513 38332 11947 19520 64810 4501 1800 54088 34355
31396 36437 39095 39130 21067 20721 35821 40834 21993 30522 38987 24711 32478 17812 42286 32333 33417 7261
38394 30513 21068 30708 18956 42387 39813 28858 40132 49109 51094 15119 25989 55382 31710 42836 30636 56694 39356
41447 41626 39317 48786 13097 12719 13075 17343 32634 27723 44111 16034 18235 5583 25515 32924 26314 28057 37766 38670
22152 44809 21056 19286 43734 4482 4664 8919 37906 18528 41425 24301 24222 33542 43879 31994 29401 27860 46429 46687 54562
44328 41490 32890 42458 26467 45030 36013 41313 15077 31032 51286 8216 49935 29803 56535 5725 38719 29659 12175 38033 19157 42475
25054 50964 27956 38138 20771 30279 35256 42856 38592 1673 42948 8084 34835 30776 51896 39904 46718 26552 29170 38571 28512 36199 39123
58965 48153 48548 14011 48446 25096 26832 16139 43462 25231 39755 8481 38476 31500 32118 18525 51506 42208 54191 7201 25815 5484 32343 32716
26523 48654 31182 21182 43998 19497 56949 61528 26624 43289 24747 45048 11872 31296 53454 25855 28000 41215 39746 24269 28511 47796 18532 59586 23229
41153 31894 19007 45530 26757 30774 50849 54038 25439 38821 7499 30928 7857 54084 35228 47466 25562 16241 49908 34627 14393 35982 31924 45243 56624 34553
58938 57394 20509 38675 43751 39944 19042 16700 29211 50844 16734 9685 24374 40528 58993 33085 37272 48516 42746 43986 9377 39573 11355 39416 12209 34791 23538
23565 50728 46038 22304 40560 63334 43205 31559 43394 52940 19730 25026 24995 54200 58144 24567 18228 35210 35147 34625 63123 28581 47607 42242 43041 33126 52096 17051
45118 46638 28745 9578 32587 33117 14000 52945 41383 21075 35096 31791 49072 38001 11741 42724 40394 44820 51043 33871 40019 34208 54279 34258 47018 30578 11817 22731 34864
24554 35883 26268 49733 38507 32876 21668 46666 28242 31052 33858 20637 14080 16683 37592 39327 48085 32361 22981 46512 17457 45925 28264 25905 37749 16001 41506 33920 26879 23068
33364 35838 32815 40086 22620 36876 36968 30798 10653 49416 19718 48039 46963 27476 25964 37117 32576 30543 34042 32435 14949 59736 21262 26408 56896 25040 29449 35004 39987 7447 33867
32206 24988 29582 41525 15553 22493 22931 25637 38897 25685 24455 23931 15809 43108 12746 7578 47248 33129 39101 45022 61118 2246 30911 39850 8874 37849 21038 58462 29366 13316 16750 35160
22849 46758 32477 34297 44203 42271 57050 53665 40788 50382 53702 24497 16284 38677 58369 40839 30690 55634 15852 31875 36488 34022 9189 56839 42477 20274 30285 42866 15473 43412 12676 14372 11380
49519 28139 60286 11350 32799 24545 39134 20086 35590 55236 37797 33078 17285 16888 43827 36597 18170 42714 10984 40467 28359 43724 23077 45296 20555 36396 31815 42476 15589 44379 20657 14182 49655 32954
37570 31680 43232 40103 31194 58713 30463 45444 14682 17041 28086 35759 32928 15816 35427 5001 31501 23902 34408 19826 20481 946 22308 55755 41692 28454 44535 29939 4862 47642 30784 30536 15303 56043 24417
21806 46231 41981 51384 40707 37070 17324 21926 33062 24524 17499 25485 50168 11506 35944 35784 19417 32670 56886 9149 6442 56112 22561 15559 18505 16139 29837 42056 37271 9868 35286 25505 18804 35092 19039 16432
57409 23043 50310 47959 25181 35001 25262 37493 30758 32919 60211 16106 26112 10490 32889 30229 35913 58694 41181 43352 59232 38104 42687 34321 36774 37648 18561 30114 47483 14161 39042 40298 13632 21752 34082 24264 28499
15206 22721 55070 61461 46587 47551 57291 56294 35863 10875 36398 29479 33051 35159 45992 37430 54373 37042 56730 45428 16725 22252 21858 25922 32590 20068 8291 56830 16812 17789 32761 26634 14290 26259 29062 60357 36128 47113
44651 28046 26868 39998 11270 36294 28335 53650 7097 35021 15793 29284 27362 14084 29019 29975 49891 36041 41227 11271 35099 39549 24609 50583 57066 35968 15872 19494 41391 11059 17924 9748 27340 56053 32656 38336 36767 39972 60932
47500 41354 35620 37054 35799 28140 24659 58143 25345 32293 28688 23687 61802 38804 43708 28759 50546 48027 7351 36333 18808 42904 28258 41129 17374 54508 58395 4077 22275 30968 24131 48920 33095 34074 55610 36234 40202 42677 28001 22180
24748 50981 20247 29124 24204 35788 20154 45643 34060 22027 22702 26521 40587 49984 30032 56590 53609 11469 18690 23051 8198 10257 37922 41453 26818 34411 13073 29719 58876 54589 40496 35816 44566 56806 27101 41152 45935 42437 18042 26112 50279
28220 32869 35590 35678 46249 32767 15155 36532 45678 51624 7655 45256 56554 32193 22146 45052 25981 22697 33892 9904 14726 45758 17133 35649 33383 32868 43389 12307 42366 20985 19316 50050 50220 54236 47154 53233 15315 20078 31512 48062 9678 42511
39812 18764 55171 23328 40150 38647 57933 2559 32369 40739 37774 27405 48050 47148 29863 21162 52218 38005 51958 12599 41641 16988 38877 37651 12063 11332 6331 8348 23741 39049 18160 40502 37600 43407 22491 27711 46316 23987 15582 34582 41534 36693 41815
34588 46646 29911 29864 41137 51255 41112 22064 9270 43934 33016 10574 32265 45004 24663 35684 13963 8225 25877 21969 29212 17405 37265 7668 28957 24257 50221 13614 36844 12235 14152 10464 50922 29307 33090 49768 10872 24116 38010 34601 27380 9810 48979 14463
54464 31288 44073 21452 53307 34118 24927 37489 25028 28378 16724 27084 10684 23125 35432 35647 58499 26391 55034 25640 27258 45185 40301 40425 45055 19953 45085 40417 50547 21191 48493 34160 22326 20070 53180 12789 44457 52266 52586 15570 11563 54134 30934 31589 22042
26538 28770 32528 17626 34852 44653 38194 45513 12357 35159 18219 28998 22381 13184 23130 29618 61693 47944 20513 17773 27731 35598 26078 36568 46287 26932 38130 37969 45523 30745 37566 13881 50878 46621 53408 28912 54000 32160 31739 23767 45514 34050 32299 44621 47786 24226
31890 46512 49393 30946 55441 57188 37887 40481 44934 46022 32564 29887 23251 22328 51697 32540 28631 35352 14227 39832 49137 43207 34685 33938 22659 11174 29966 20588 33516 42771 14246 29061 17547 52080 33446 13885 24258 25883 34156 51444 52975 56437 27481 12298 20084 46558 23501
52702 21168 37303 31272 24786 36099 11359 26058 33606 27340 24116 47635 43927 38253 39834 36451 44073 29252 29935 30234 13144 41650 38546 32920 19335 33817 18660 47422 23316 45012 28741 42858 42082 31561 36118 52860 17869 30675 48053 44503 47545 29396 46211 16600 22146 30125 19424 32480
20107 17852 61997 23375 45106 58467 46025 50565 58842 36609 14610 43235 46559 16118 50796 60614 17061 43425 48181 29842 35465 49252 38604 40868 26603 45213 28306 18780 37165 25518 30695 51485 39086 32502 33580 29252 27854 25556 31935 37938 22509 44970 27905 31303 32875 48087 30802 27619 26791
40378 24339 11367 28419 42676 32162 31537 19934 25638 19552 37793 7064 40814 24494 11546 19088 24047 26602 31480 43305 24837 45430 11422 25023 42514 42161 28012 31413 26231 17914 25792 54890 38802 13746 13819 45886 27333 45113 32893 11152 52590 36336 24487 46531 26863 49973 27351 42035 41639 24681
13677 9539 39926 37356 52940 17234 45627 40991 49744 25792 32472 61281 5980 52204 55083 32784 20816 38712 52374 28304 28554 16643 44152 29503 28011 40877 32817 57980 49747 26006 36128 44200 57763 41246 21671 24099 15033 15524 5156 8014 47349 32394 17656 13447 17337 35119 40068 32303 15972 56051 35878
30886 34902 20022 49473 15437 31984 39256 42289 32131 29584 20152 56664 36006 16279 23736 19223 54810 45157 36279 35788 25148 4442 34837 30937 54638 10711 52786 42909 28686 15673 15982 26999 36477 35555 37672 52169 43292 52788 25282 38898 21577 48780 40859 21329 49254 3916 38931 48968 14801 28626 30346 22837
43243 35711 16736 23162 37396 35251 23284 47222 5549 36302 33192 9353 28693 14128 20444 35858 31146 8505 15341 39027 42704 25417 38975 44810 34789 37056 4910 28984 18760 47358 14109 48223 45914 26468 60010 10714 43643 41808 28536 36623 44812 28706 25763 32089 23915 52541 17487 49690 28153 46590 25816 26291 46358
41414 30881 45186 41763 33781 36360 41193 17535 52203 36720 30023 49544 25865 49973 42748 56994 13996 19387 27495 31787 42040 10079 13290 38530 36106 45185 11747 50696 52354 40323 17076 48925 14851 32964 6076 21026 10474 51364 36442 27509 26776 49027 17392 37751 50285 35777 37341 28296 33737 12221 3456 48393 27149 35289
34874 23384 13975 21620 36716 49622 42183 9710 27764 34020 27648 28838 42165 54496 49054 33535 31115 32300 20228 34645 26712 59687 17810 33803 43645 39472 19110 23424 46424 45480 33185 52244 14923 27631 35299 28710 42676 41318 32461 48665 9205 18027 30653 34889 38765 27487 34835 32025 41596 48290 48946 9960 8833 33429 43126
27670 45278 41367 52034 36610 41713 39430 10998 44558 35356 34886 50928 17305 13246 42165 6801 42499 43319 17330 40249 34732 45030 21918 49737 30452 18733 26329 31007 24122 45674 8132 11547 33760 58622 50365 17823 35397 5706 13861 42506 28617 14252 28764 44476 36556 30343 35779 14358 40366 48183 48313 40054 44750 44574 54172 11837
45198 11677 48336 15563 27981 55314 32946 37760 35691 34527 50084 31165 36168 20323 17924 45791 20804 33533 25651 32329 4542 44815 38546 5978 25880 7416 29055 46450 15793 21015 42332 35826 27113 36814 32391 51768 37920 21371 25953 39845 17078 22144 56906 42905 55306 36412 35235 37236 37502 11279 41931 30870 35954 7512 34080 30815 48195
35705 8710 10287 29781 23504 35547 39782 58116 44990 27646 24932 37555 25765 36304 34186 27072 37856 54449 36662 43662 37589 49410 33224 29561 29407 28449 23715 16101 33120 38767 39716 25390 18361 36428 46252 4791 35656 17433 40091 23518 19823 17717 16977 43270 52109 14846 37167 49291 32514 26328 28818 50385 40237 44065 50142 13365 38768 34360
27248 59671 39721 36222 49064 39385 37306 30291 39657 22746 8322 37144 20368 38010 43232 18987 44286 5913 18486 43501 32403 34583 22499 21694 35759 26323 60742 35583 38835 38063 55744 43278 25085 19210 43698 42828 42477 8260 43386 39450 39654 34492 23419 45526 29764 19669 33297 15074 24938 40171 6814 7581 36280 32097 24195 24166 8332 20630 17182
7582 15687 54506 31185 38821 33609 42172 28666 9436 36339 46703 20219 47521 62627 56415 31795 58965 51897 50415 39170 22360 40856 31358 33479 54539 32412 25452 21220 17357 28456 16920 24247 41980 29852 46308 14242 37372 36438 46639 43780 17963 47031 40025 49725 38120 26655 39362 17068 28308 37615 48330 44467 24463 42885 28624 49328 36922 37185 31030 62724
50419 46981 31579 32784 24091 32176 29855 54066 22546 17186 16226 39885 19257 25404 37380 17213 27631 13660 32484 28388 35474 36067 29796 32803 37766 14641 15587 37976 36648 34214 32449 34021 41434 14755 15454 26409 35834 39045 21530 35971 43497 25007 32852 33365 29704 53376 55150 37374 32437 40024 19399 49373 31314 30872 43967 20564 45885 38046 8630 15809 37335
39883 46092 49798 39552 13695 50464 21506 60825 34074 37716 41877 18305 10748 14600 40606 32918 49029 44185 28287 3388 23829 49259 30870 32209 5644 41690 24132 32436 31178 24137 31979 55366 37808 22806 28134 61159 60188 21924 34459 17144 33646 29263 22629 61655 23561 43387 12454 45285 28746 53636 39103 22402 14226 40141 22030 21775 42305 39348 59893 13803 10423 45724
37331 41588 44373 11745 50952 24334 6776 44519 48883 52247 21380 12555 27382 26094 47062 37293 30831 17652 41678 34351 53440 40329 60367 41200 39240 16398 26166 20560 13158 39137 24932 24239 48252 45155 43193 29293 36329 43764 33685 36329 15628 51445 13657 36741 39750 26308 32099 45472 46584 31938 38675 35482 22144 8016 14796 36050 33345 32460 39146 34475 31383 26520 58320
8833 15588 16915 50654 26295 33417 37532 58994 46508 49380 31124 26861 52672 43351 45915 27823 18770 10560 38994 36121 40645 27137 40151 24969 41077 53497 53579 32095 31941 32648 25102 28670 48660 21261 38785 17602 51906 25834 54787 33550 58670 35453 40434 44610 43962 21800 35762 50620 39109 4682 22433 17629 33455 19267 22046 41733 7128 50546 30602 21397 29344 33337 18501 17899
29030 48886 28848 58727 24204 29962 46377 39275 23665 22998 30225 17750 59765 24248 12232 18568 57336 45331 31407 32354 30298 14915 35621 48706 16122 40874 12680 56201 43066 17065 55868 42391 31865 16542 36254 26572 57879 62187 28688 27017 23412 61167 16880 28203 18160 34313 24479 46357 24298 50587 49534 31142 47556 30468 31723 29502 18909 40867 48968 21822 23957 32986 22515 20228 40780
38919 44621 35825 38242 40588 50870 45925 41526 35272 49551 26816 33834 35611 56119 52066 54686 36836 60428 30379 36079 49541 26738 33275 31873 34140 24775 32946 21168 31946 33130 33328 39391 34097 37564 37334 47212 47084 31005 46850 28858 27233 46318 29972 24869 11755 57997 19311 33809 53228 47707 46448 45018 55749 4280 10872 38627 37076 54789 7655 18314 30331 5793 32541 44082 18457 64234
47483 35639 32526 51012 46174 34557 20665 23565 21290 40417 44668 13732 30012 43587 17845 27754 30196 25221 32710 13503 11445 55558 33294 24324 27868 31782 44524 22423 34250 38469 8386 9945 17119 19907 46063 28970 27515 9471 31954 30443 49919 64091 19660 38010 35017 34870 45374 16952 30777 25840 29574 38022 18610 33512 39175 48066 11664 45185 58141 33870 54838 38935 53034 22153 28164 49165 5775
46802 7256 35522 44714 17802 33939 13974 18653 16145 17941 56808 21126 31688 64575 63259 29959 28685 48751 21643 38335 44097 40965 42139 54798 56516 12388 29098 37715 51703 31464 41496 26352 55353 34548 30788 42563 34792 22504 4752 58030 30056 27938 27483 59792 55575 16899 22789 50249 34644 19947 36334 14392 61568 33851 39030 50879 41211 54353 25340 44348 49446 43405 46050 58640 38239 27473 44423 41884
32263 31996 20043 55870 30590 48622 28814 13913 39461 35208 19120 8521 39515 46888 28432 49264 51326 39471 19472 29999 37106 33277 11279 56548 31764 14834 46445 53489 44614 35183 27274 26293 26598 46033 43462 28559 34133 63611 44416 30945 32500 37580 35866 52234 26913 14884 47091 28265 62526 41444 32619 41312 60585 31082 36066 25165 15043 27671 26296 60050 25324 41291 28492 44942 34181 15462 25856 25249 24301
23752 25140 28970 51074 40401 56645 33931 13224 38625 43159 33314 46013 23384 29318 35664 29728 31382 17781 32119 15666 32764 34754 29170 29523 29416 31696 48679 38628 54970 49147 62321 50243 43733 20135 57138 46033 27286 32304 35531 14830 36190 33017 48026 50939 34445 25952 29441 26455 50563 5576 61023 17248 46497 22669 10004 40826 15940 20499 53887 23555 49872 31415 57858 30042 41634 45785 33531 33760 14618 44763
40652 48117 56731 33052 23252 60922 58242 38908 39026 34381 39472 15835 29960 36175 19717 39193 51701 42848 50017 11285 44184 5345 49317 21809 28242 12848 33839 20172 40068 30638 18783 44870 32908 63932 18328 26878 40909 26808 12854 51799 48035 37124 14492 32173 53616 56063 34346 35171 39573 19208 49726 20440 35952 33152 36921 36716 22627 15047 3963 25214 27596 20286 23397 49009 28685 45891 35669 30881 19077 30519 12971
48241 40084 51066 24778 38208 50073 27757 8462 26990 22774 51823 31450 31578 45577 25054 29070 26982 24628 20254 1160 44529 12502 19085 44841 40795 44367 43146 59601 28676 39678 22902 42209 44620 31557 27057 21175 17554 35714 33180 56755 31032 50454 26005 44343 28317 23906 30205 9378 41761 17860 12084 41812 28964 43935 43419 33966 36614 30799 39313 40974 36646 20790 53108 51413 24550 38837 14248 20067 52133 26922 23178 31768
30915 7927 23676 39253 27040 20091 32220 26999 31900 18709 6923 44001 60438 39975 11370 39922 20080 37136 50775 28938 38409 44335 6452 56970 37185 45542 29023 37840 27256 7315 14137 48189 43022 42648 28450 32561 44130 17748 14715 32780 46550 43559 21155 56878 57034 17008 37624 13559 40347 14225 28382 39879 50349 28392 30387 42494 33372 35286 22230 25340 24843 58813 55208 56866 18200 7160 23945 40654 63206 33261 26842 43104 36561
43255 38393 31291 35133 24184 40263 36796 48262 43985 21284 24644 23311 22112 42993 24371 29494 24455 10253 31721 28510 33957 31702 41415 38371 16154 59312 14378 35113 17477 19449 41590 18317 34184 42256 16392 43887 45121 35670 27712 27441 44498 45867 32385 39218 41882 27888 51752 41938 29432 42243 40598 21873 47438 25541 18219 54383 20475 19862 35655 41771 52318 41687 11851 40967 32728 16358 28565 34146 30666 40228 35461 27036 32146 20210
46718 48916 38547 34222 42716 54317 33833 36282 35586 21315 50102 20341 36432 49849 3739 20286 22564 34030 23094 11638 35807 22594 55273 9853 18657 55060 29970 4788 43659 30663 23315 26233 18491 36023 28491 12845 13649 17479 21274 41520 33072 43222 58335 32483 46900 41156 15100 44197 24256 28272 44495 43988 31540 45116 52666 39124 35822 57479 26652 44035 35919 54705 34389 47552 29623 16922 28100 45676 46471 46114 40907 8807 16669 38440 22984
12818 33241 44686 5404 42443 24349 40883 34600 24051 15432 26615 41290 22250 30906 25018 37093 10513 61396 50012 48981 35015 30964 40764 53756 18026 26491 25532 43579 20062 35529 23355 25968 43264 11838 11289 23805 31410 39227 22710 42561 33746 36637 16242 37531 41153 20295 39596 44909 18912 38168 32966 17942 37773 38896 25631 23541 44586 35632 37655 45676 26133 40502 47118 18137 41903 31843 55652 21150 27480 19735 55672 19226 23921 13234 30380 25005
46681 53140 19296 33718 52846 15389 19953 23191 39444 37037 53443 19374 43433 24740 33330 30812 10636 47970 27809 15875 25118 11336 30318 13822 47039 47796 25084 46515 10960 27142 19879 20093 55215 47521 13267 52670 30397 42210 60124 15575 56410 41770 42277 24870 30951 42969 28940 48141 22723 41551 47348 35563 42060 32237 17209 18208 40934 41488 12863 42507 11247 29212 33891 39182 17606 52590 5125 19847 33484 36710 38791 11480 39521 3943 41288 23648 23526
41166 40872 48510 13241 37628 23815 28052 43579 45393 32709 50689 25548 49965 35393 23588 41165 35825 56029 33118 48540 19195 44024 49936 12954 15275 37874 60056 5160 5476 34090 64857 37540 35714 52739 15535 31344 19816 6361 9724 46059 34422 60431 62113 50036 24074 10756 6140 18796 30597 37144 18287 33331 29255 48042 28248 50730 27057 40989 46617 35247 29985 37069 33809 23843 42999 48157 31136 27878 37270 44140 29733 33113 48474 18458 36098 32475 12966 20870
39317 26058 29914 59154 11072 21130 33620 33565 36706 32121 22901 31751 53083 15094 28317 33840 45194 31586 46637 43512 46161 51997 8067 22462 6158 21128 38399 54244 21794 54785 33027 16585 8430 13801 17390 7373 27856 28320 48672 16976 26155 39047 19194 26546 30299 26621 16858 40786 49858 44384 30241 22418 44225 21780 14127 23249 20918 26486 53348 20335 35587 35048 2337 47052 28167 31176 42179 29256 52257 38519 58029 47426 12979 22358 32318 41756 27420 53443 11990
41525 31419 45856 10198 34029 41714 19147 6300 30116 24863 32805 44169 31418 28324 22414 35581 30350 16608 29031 22360 42882 2355 35343 45306 10230 46332 31204 45891 28231 28061 46410 62867 52441 39028 19615 35658 29192 22242 27714 33736 26679 34377 23700 27246 38340 49156 33269 50842 15634 22905 23750 39852 31869 25603 35173 26887 20073 44292 16435 10760 35122 15837 21904 22032 24379 23532 47581 24703 24290 34963 31097 47285 29322 33073 48322 18963 24719 16166 18460 64502
19285 30673 31717 45506 45369 40084 54396 51924 27803 23245 59970 41612 13277 39902 29079 36941 6494 34086 15068 26484 35710 30724 12911 30562 54429 4570 24753 35703 39707 44039 27138 60179 24919 23530 3779 55703 34227 29412 11090 38497 17038 32342 47120 23761 11848 18334 51550 25674 15168 21535 36762 24616 14297 58677 55078 32718 52847 30786 34913 28316 34149 18087 42922 54256 16154 17858 54626 21291 14830 9973 19945 35757 36928 22430 27040 39127 47219 33055 7397 37383 34019
35031 30745 35485 41971 36902 42908 37372 40962 29803 29647 13184 24432 20232 49425 30348 42140 30043 36800 56960 36328 30918 31808 27322 38323 9896 48879 38555 37469 34913 11308 22915 46662 58192 46168 42707 36814 14551 25555 60905 35156 50772 25342 39461 26938 34088 63031 37609 20959 43700 32223 48020 16803 43094 30294 29574 37606 43889 30717 38432 31752 7521 14131 31424 36712 41864 33878 29895 47976 40775 52170 54165 19047 44540 38380 25226 25285 43273 34590 26887 34530 42445 24510
43625 38174 62887 31789 26131 18392 42489 54476 55140 46450 32802 32249 46524 53323 35201 10262 46204 26307 33656 40833 33538 41786 27493 52379 19631 35856 31402 46020 47331 33700 42662 30045 27390 18520 8377 52677 33376 29836 54850 38234 39529 32413 28835 49280 51833 47343 54586 24469 42480 53726 42344 40696 48174 21453 48783 18186 6292 42266 14858 48171 17024 34856 27967 32444 48466 6995 27017 11035 34925 22783 31818 31145 7982 38792 12003 48838 30966 35153 18098 60115 35109 48312 17689
35375 16155 39968 26487 17720 34361 28133 10028 57426 50652 21611 14743 15323 24936 19983 36890 21554 14394 46385 22547 49592 42418 16435 31460 14541 33075 33140 7660 35282 40474 59220 8842 8485 19400 15411 9760 34599 21917 42609 33293 57400 33529 10349 19376 27833 38717 41097 21610 35080 20935 51492 10652 44422 28151 47262 38052 28308 41776 57686 39653 31888 42190 37295 32187 41948 8756 29701 14984 52439 18114 36539 35501 31712 47574 17456 25480 53592 40657 53956 30331 35231 38163 21718 45284
32022 47101 49353 15397 40987 40685 59641 32157 33551 23875 31689 38572 21074 33378 33688 25777 22085 6566 26310 33038 29511 10866 26546 16673 43446 14374 42174 46668 38390 16928 38985 44526 28773 17345 6323 12647 36194 46185 55388 34326 23886 34681 26020 44381 27785 11343 43754 25754 58228 36427 28304 42286 34413 5327 21237 9338 13781 9018 54905 54236 28172 39148 21372 24759 51059 20806 32862 46183 30313 9126 28542 29774 19276 25453 3902 33229 45696 24571 10749 31298 46178 25776 26139 14095 30036
47341 17912 52627 13748 40975 42996 36653 20963 22905 50798 35135 16962 41098 47048 34088 6959 44194 28257 34887 36108 45346 14489 21502 25655 56680 49360 26027 2321 23765 36198 30384 32762 22217 32954 31852 26963 61092 22830 43071 33147 17350 45346 26504 41168 29071 32499 25513 15286 36703 38149 33280 57995 12438 8628 25582 16814 58516 44899 26325 41344 46778 42096 42000 26209 44646 49982 28933 4274 20216 43561 24335 15569 38867 21397 48016 41759 33876 38366 36841 6140 35804 9063 41336 35785 41419 35470
29087 35557 13697 46518 15805 15790 12895 27451 32562 26760 32706 52609 27485 27601 33038 56037 29600 17384 38304 60871 17753 2350 6360 15497 18922 61443 25113 22922 42674 18632 50368 13098 48400 32731 4142 37833 43622 40349 4035 41415 51219 50798 35551 24451 43894 15023 50403 11103 9712 22206 32045 49082 50402 37628 28445 13044 53674 33738 53782 30572 53675 22918 22900 23429 34369 57490 46234 35227 27854 33101 36584 34833 48819 49174 36796 14662 29006 48462 23159 23450 13825 13653 36473 35180 31274 32908 50979
