139
17098
42530 29041
19941 31275 22088
20097 7479 39874 39517
30456 27430 18672 40640 31286
16917 24343 43986 25500 34914 30610
42483 14984 32880 26567 36228 33370 18587
16657 32483 47733 56135 20690 12913 24118 36560
8299 31886 25854 5529 30010 19867 49709 32256 53409
12791 25891 45672 28671 20992 14657 31021 19636 29210 42468
29875 39967 29347 36464 41815 20386 20474 53826 24441 38043 8832
52410 24443 54380 40597 21819 46524 46196 38042 16162 20636 5650 28909
55760 31355 38568 15343 28837 55737 36757 39424 51969 28853 38456 19329 11333
40401 31730 44240 21455 39788 20004 13902 31999 32742 22060 31836 24376 15774 39277
44888 44502 8951 22851 39844 38972 55885 37648 10655 18890 27139 32821 56744 27102 13432
38416 22560 39897 30732 34307 54631 32539 53022 48492 44510 44805 45073 58797 21987 17141 27969
25637 24023 20043 46353 23092 29210 24682 37344 9529 23309 33966 27150 24214 32015 17018 32762 23465
22654 40238 29190 11732 35262 37928 14993 8822 18733 8905 12283 49903 27434 16497 33956 54430 24598 24705
50924 22757 46161 29271 24882 36130 36924 24915 39384 27318 14389 38103 37693 9986 35997 28738 19393 45924 35284
21236 7620 48447 18491 6222 16294 44527 31793 38830 17350 43734 30228 42101 39046 38229 41544 36355 34885 35530 35114
40888 47459 25751 20252 8437 44608 14363 46204 21783 50492 22197 38315 31617 47286 52679 27402 20370 40720 26288 51447 34986
27305 42703 24532 55850 27105 20358 31743 29552 18200 24115 1497 32733 34990 35896 33218 9937 37122 20212 4123 35756 40566 22471
27971 19918 52074 37904 29080 34967 3643 11569 37246 21351 47437 34952 56659 16798 31484 18294 33142 58012 23979 51037 50760 16834 51128
41368 4137 26222 31622 11149 24442 21504 38769 30359 53401 35291 38365 53272 39911 33628 52518 16753 38340 47076 28591 36864 44689 39635 35798
48423 29357 39817 3070 34373 35446 42343 46723 25786 47696 40906 44489 3557 58009 28182 28717 29480 32688 28584 22543 49633 43510 32736 39889 25458
38347 63009 52690 32058 37776 42440 23666 28824 36771 24118 4625 23278 37477 27339 38159 38299 16438 4839 26571 46590 55671 39403 59559 3448 14982 16181
53762 43370 56260 48677 14908 21298 20882 52766 37812 36915 19534 41596 11469 41417 39002 60066 45027 34134 40469 20976 41817 62523 25054 32708 27022 25558 33814
38783 49378 1417 49437 14465 17332 18098 29012 32299 26727 53427 35097 32731 33111 35051 39117 20721 48359 37050 19664 32976 42358 17791 28035 39636 8548 49308 24389
9824 29456 22383 41588 9940 47324 39770 21364 39822 27943 22972 43683 32751 26193 39925 31840 19287 54970 42852 14604 28967 52418 32107 27911 24765 45768 23400 16562 34169
20270 47804 30827 18109 17491 20680 29843 34792 37015 36586 45450 10330 36442 41605 18353 33652 29692 29941 27495 28820 54236 43932 27914 49947 40028 42971 47358 19049 6107 34576
22432 53726 27833 41629 27986 8411 7510 36833 47730 31421 34834 8251 7009 40679 26444 24845 34944 18616 20838 39862 38445 44944 47295 21909 29898 1744 27575 53260 28853 32214 38062
2169 62031 49155 14852 47166 32248 29879 15896 54458 13329 48978 24396 3917 20729 16180 14336 21846 44302 4029 48785 20535 15540 51277 17763 25934 36937 31812 31442 13820 21548 47874 26945
8099 20670 36840 30478 48030 27231 33364 59036 24403 41328 38310 54855 39965 37455 51521 49267 16222 30045 39042 31612 53879 40698 31434 47557 39622 32647 25465 35244 39341 41827 49647 21908 35979
45804 33165 25561 27840 29318 35248 22239 28587 49807 15804 44291 34478 40806 32014 49317 24359 41324 41734 18471 25208 32001 34567 21992 46592 33414 31854 22600 15134 7769 21148 39335 36660 22747 54513
49253 35745 22124 51917 20193 17860 22381 63377 41853 36606 14396 39579 30872 29872 28986 28491 25746 16440 38600 44292 55754 30457 22852 1826 42659 55887 34064 44296 30073 26524 651 18966 52399 55361 22036
34218 36516 41372 40972 33573 31160 29967 40147 57831 43082 16376 9418 48465 37053 11193 44111 11457 34157 7601 17347 50071 46269 46912 38790 37174 43276 54725 61433 41210 18618 37538 12667 31302 54822 49973 56426
8314 28594 30944 36138 4852 36797 33026 31769 52501 36007 58619 32150 50749 39120 59946 33282 29133 49816 37361 38333 16163 29790 39342 24872 39327 29828 31426 10401 26787 25961 27278 19593 36750 17773 23152 18752 28096
28400 30667 46887 24218 38994 11259 51869 14714 21490 40034 21504 20929 36914 10849 49076 30415 38769 29526 38422 29700 36879 20643 31624 37057 31852 22439 45160 36963 47848 22977 37143 12877 34274 25683 38390 45534 29628 16572
54115 18038 30421 29787 31168 41846 23949 16530 54635 63548 21060 41663 52933 28713 23386 54340 27182 45725 23342 19072 18439 58104 36898 46803 42159 41114 5270 34460 55428 34531 57063 58173 22506 11571 16761 45588 13119 42730 27304
38018 38626 33640 25815 26601 19252 19982 38500 17828 13461 36410 49586 33561 21350 18252 34077 45475 50181 63655 56073 40612 16083 40360 39378 54141 6192 44464 29659 38284 16509 7199 30594 26163 17433 22613 36650 33489 19298 19891 33071
25798 6844 25494 28661 16753 37509 32098 23001 35380 44828 31348 39227 27757 35042 13868 25725 20862 21559 34797 19966 24262 24956 17172 17438 30116 40207 46850 37181 45946 36689 12055 23483 29095 56482 29363 42487 50570 50531 50487 52819 32900
42482 58881 36654 12278 30384 36977 32488 40254 19454 31722 36832 52671 54842 23496 36985 33493 25030 57198 11023 14818 22273 12860 26117 11335 47690 31632 41914 53090 11266 57035 41614 21653 26761 31565 31968 10558 51264 27767 43283 30399 49029 18855
31107 41591 57017 42557 7315 19910 21052 37276 7330 22027 25199 38688 24592 21672 29617 48684 43324 40699 34400 35360 38536 18022 46816 31322 41555 38984 48527 35387 41725 40449 28364 45347 51942 40176 15096 25203 10350 38519 44659 3465 42484 51188 29086
7621 2522 10952 18647 31369 30335 29780 38015 34612 27203 5622 20726 41766 49030 15633 38557 43456 11432 21249 39379 29280 17416 32040 43766 20583 29704 40167 13930 37685 34567 53148 50316 34346 41829 28329 31166 28839 19330 3949 38494 38409 56766 33607 30413
46515 38008 22425 37740 35588 34322 21954 32921 52572 42219 33569 28342 12316 48995 41240 43553 25250 32730 44293 39739 36943 27824 24650 50788 24707 26692 45126 52221 30366 45304 52825 26725 29184 57644 10210 29690 28169 28477 26179 58144 33305 11663 28378 17973 16784
51838 25352 18840 15310 20589 41007 13738 31796 42426 16298 28363 35360 36040 38623 30044 26866 41971 46889 26043 38925 26015 28138 30793 37582 10280 50307 33126 20630 40433 32850 29043 17605 21848 8889 54479 57019 14528 26903 21464 35289 36485 19660 45810 44412 30987 33591
53883 11528 30383 32186 44754 26586 25041 27059 24664 14674 28883 45188 7021 30931 46612 30604 12402 31162 40948 41002 35781 35688 63699 51136 46535 31037 26385 51117 53976 35481 60685 13648 9049 33501 26921 25098 33704 8551 38340 23356 27686 41367 35134 27204 28980 47824 46582
38021 49968 41070 27215 39771 11900 33236 20645 31784 7031 35426 28507 28749 36480 57718 10448 27944 10232 43633 15204 42011 42047 33971 49526 33412 23478 35741 45417 45509 17083 22157 23961 5949 27055 30947 29801 21580 31986 33282 32824 50769 50405 32070 26470 34478 42471 29202 27730
27329 8278 25542 11614 33772 20630 53696 9449 40846 28421 46945 43347 18183 53250 35849 27900 49078 58350 17177 32324 35581 46889 19439 18314 58938 29204 4587 36656 19150 22797 31855 30613 28186 19573 28378 32537 49532 51372 18572 32796 29271 26131 25830 12542 27143 55561 39750 42014 19950
29164 48909 18398 32621 40224 40859 26269 39906 25346 34896 42683 31919 26612 16525 35480 14131 27732 35759 28820 40141 52355 43289 37646 47839 32994 21546 34920 56008 40399 50242 49921 33255 21420 11458 37177 29086 28375 48392 40304 42827 55217 41077 28166 56400 37530 32361 25946 34316 16371 31300
16846 21983 39963 45926 40386 47400 32624 17711 61331 55625 24150 50943 35237 39840 51499 52278 39508 41358 27726 25652 44035 51317 36896 39514 42256 10672 39169 30214 18398 39589 34642 31384 13001 44207 30577 10099 57397 11568 41407 30708 42622 9609 23196 25468 14343 56088 37481 23915 41774 53055 21893
54561 21078 48989 52302 46591 35803 42194 47912 26466 29217 46333 33393 52398 33669 24896 40584 17728 39527 22265 42958 44152 27945 32650 53923 55737 36394 32850 28520 8288 27594 47792 60027 20430 53353 19462 19517 13155 57959 36275 47374 37503 42019 38166 29007 45187 29695 13200 53598 52429 35930 63106 20892
41661 33684 10058 34410 27062 19468 19275 40998 21780 13349 9185 27442 5178 26171 44654 53229 53896 26801 42067 21174 46940 7654 31470 37870 26135 50234 25505 53237 32281 30220 19402 24364 39619 43455 23755 13809 21363 45487 31747 25765 48009 48191 19154 38824 25192 21454 9879 38747 21356 24252 43188 51229 38392
40808 42631 43596 11628 46132 45426 55884 39206 6015 38612 36987 21639 40873 57357 41272 22255 32530 53884 31972 5055 50202 28547 45023 64085 22816 29824 25226 30225 33926 56020 22851 61013 26795 22496 29803 50816 33775 56578 12386 24050 45234 38813 42377 36876 42324 61709 2111 46124 29748 3764 43234 40371 35764 53747
29654 7169 46643 22568 29048 31350 39441 31413 17962 32883 14766 52985 45642 29013 29546 42579 37433 35967 33188 36389 56920 36176 31422 20430 43781 11048 20759 28845 43170 39272 21263 12836 41869 34670 43782 37265 33831 41115 24412 18518 20176 35919 21104 19410 41961 28138 17060 52581 16337 58572 51800 47726 31462 35925 24553
15439 51596 31717 54715 14438 48161 50908 23082 53268 32516 31898 30617 24763 23190 43136 37990 33718 13111 20972 29428 36459 35144 31806 45471 37429 31015 9945 19147 56438 47925 52506 38100 63119 41938 26210 16925 9694 9055 26129 57604 27589 17979 15239 23532 34211 46276 53797 31025 27864 45918 37192 23351 54979 8807 23636 32859
13510 32318 37542 49917 46143 57156 36766 22911 16016 31193 43679 22080 31000 40542 14086 10144 50486 47409 33844 38911 49228 21171 23945 52669 17337 36676 35429 52025 25820 12101 52777 28373 29974 36628 26675 29424 33224 10002 37859 60906 21584 35744 34972 53794 29201 60700 31162 28155 40039 38888 38560 27601 20660 29795 2734 20999 51289
34540 32066 33532 30900 61412 37309 15632 37671 27563 26495 39586 1296 21154 39401 37397 30673 39207 16473 30149 20681 53147 28207 62485 45400 8798 13006 38756 30429 55761 39314 17938 47802 55891 10718 17022 21069 42050 26386 11018 20216 54274 53388 31253 32282 8689 25005 34303 26899 25198 37333 33064 21826 34266 21605 31216 17417 39061 39099
23222 29382 49920 51767 59868 23258 18809 20539 18881 45478 35937 36390 30917 26760 34840 25432 53576 44259 54527 43826 35242 26643 10101 48402 46154 49018 53208 27737 49034 38009 47756 34919 30153 33902 28654 23708 32103 59579 37984 45145 55492 54975 26688 50939 26176 8153 18415 24549 24634 20843 11214 46710 23828 46292 43067 33294 53037 20339 28056
30222 34021 25258 18499 49620 43164 27607 41117 37057 49330 42076 31494 35381 44934 33176 30687 53648 45946 46315 21383 34354 26350 43956 26204 17275 16447 3925 9410 41163 4561 17708 40727 12674 35328 28314 33210 34048 13103 26881 38156 42662 62396 19900 48493 40402 3594 29233 31550 28132 41077 26555 27357 38463 9569 31676 17579 37440 29482 14229 23816
22856 15411 24740 42069 24247 36570 30795 42737 37357 54658 15337 36154 24139 22151 42206 39828 43822 13389 26761 45661 56314 27953 63564 19956 20492 23443 33157 34490 25284 46549 28054 37135 27525 36438 25054 15700 15788 21366 16316 63463 43162 20373 42130 51497 30639 10515 27071 54650 29259 25167 42146 56635 56271 55723 42652 15562 29593 18822 32014 27784 29961
51264 29014 32982 38786 18488 35031 43538 36448 38865 34029 13470 35078 24935 25338 35033 45780 43869 23647 43810 45864 22546 26234 48090 44387 9702 12973 30561 16613 12088 11862 13848 35087 60011 33495 27741 7487 43483 38287 10897 37077 39915 34782 40212 29492 19194 46883 35911 20408 40296 48320 23689 11716 21908 28179 36408 37048 37344 23678 48568 30706 52395 54624
41831 24275 56405 57881 37796 48315 29502 51208 32464 1291 40902 2191 29003 10017 52300 24844 37750 36445 48946 51936 43439 41505 39639 31596 37975 17868 56731 25614 20430 22718 25054 45609 29813 13912 56832 53017 46763 13816 25696 24640 26318 43775 25440 18175 28994 25805 42335 41140 24164 11970 20669 18113 21142 53311 26586 52869 36406 36001 18710 35167 28069 9035 11984
33969 59716 20380 44906 35290 38257 18676 48451 40505 8846 17076 9915 33584 23801 27706 38450 13853 44307 28903 37384 28770 38716 30747 31900 42846 48085 42294 37968 35953 55101 6040 29572 3322 49618 27297 37013 21083 28664 46513 48615 49650 29197 35880 10710 32032 29808 32102 24261 24903 16258 38092 17170 34754 47011 22968 6432 50679 23860 20362 32587 11585 52371 30117 28663
35586 15905 18278 49536 26779 34366 15406 42569 35690 38219 18269 44208 29905 30631 22611 16152 25135 54704 23153 9181 52452 29642 13588 32099 27215 45651 52128 18951 43986 36266 32114 58409 48843 7728 42474 33323 35996 6213 40043 13932 47780 52298 46162 28492 43586 9885 15616 30507 63704 44959 33237 29801 32709 35760 51761 26981 21608 31537 22901 46209 18466 55936 28415 36892 26708
41470 17967 37526 32348 26124 5736 11854 36765 22280 37638 12711 23923 49492 27500 50941 25920 36175 19194 29875 24677 16216 55566 40232 17472 30672 47369 32444 49715 29463 35403 46030 51100 35214 59445 12993 32221 44947 27173 52721 51797 30087 41851 46017 52836 34762 9114 28304 26473 11965 30174 58558 44742 20159 41386 22698 31193 26670 43614 26806 23044 38766 36696 36673 40102 38109 19449
41643 19231 13530 22433 54612 43726 26566 42417 46492 48405 47617 42375 44514 48978 54252 49795 33928 10982 31205 25607 23533 13618 35917 28018 45681 20372 34692 15908 25204 42863 33771 12670 8790 42527 46561 7902 33910 28934 28100 22949 30518 59781 6136 45363 17653 44282 48346 28904 37907 5319 32972 24613 59120 46667 9260 49735 7148 25317 33627 22193 28006 42999 38586 55490 29120 20192 29351
32730 39769 23807 51076 32602 47249 37814 25007 34464 62408 28771 43401 49421 21342 11368 9074 54785 14770 48420 28619 26844 25894 54263 51955 6398 28698 56896 36168 33223 53483 34145 11054 14999 55805 11960 46339 22222 47532 31654 22310 26060 31323 18829 55800 29426 33384 12744 41433 34206 37942 35261 44842 41264 20001 25287 7753 17675 43661 35400 42903 27788 32726 35233 40820 36628 32863 42544 30273
40963 14982 24919 47197 36537 6318 63605 36390 18071 57651 25834 48128 44794 46713 23573 8777 43846 5853 20312 48480 39640 23743 27665 42406 22800 16001 39842 36731 48465 20098 33642 52032 39672 31522 33992 17747 49510 36545 48414 34325 31739 44991 34251 12774 37399 24699 29742 35111 18203 32599 22952 26678 23141 18098 50074 18292 34645 19692 31586 15170 34126 33892 34403 29694 34732 47997 42489 48650 15826
40083 22406 33221 21280 44553 21611 17294 28404 21054 37382 9158 13487 18322 49593 24269 17329 43108 53474 19716 46939 27415 26851 25289 42763 25095 28443 45181 9761 15255 34026 25216 17408 33318 1967 49459 35844 39956 37068 12533 34192 19392 30111 12836 46084 44940 18314 57636 38590 16855 21484 30291 10527 22785 42021 17936 57991 10090 32148 16572 13911 47986 24987 29367 37869 32632 36248 33890 26281 14814 31468
47643 38381 36099 24312 29763 34072 30535 43802 44858 37770 21258 36021 33633 40100 22188 27941 9495 30660 38028 29132 25786 30795 31500 31755 44718 28057 21643 43328 2896 8974 18281 21197 40706 24587 22022 36369 43554 26605 57026 44139 35089 31255 39932 47933 13360 20968 42006 33766 16349 9920 59759 35781 23674 44032 14951 37948 22117 4358 16734 39593 38399 33075 33972 22638 8104 41959 26312 17130 37825 40066 42492
35709 44713 35428 56496 40838 51390 35053 33089 10343 54884 12157 26131 2942 59385 37236 14722 27180 43484 48690 34289 41427 25710 49432 45502 52174 31759 41348 32588 15747 28960 25302 36087 34893 24575 33905 21795 31118 33037 33202 44588 6823 43178 20986 19061 45302 50999 26793 47196 48605 26899 13599 57924 32443 13980 41661 36489 27888 29750 39136 24463 48603 33343 31468 54195 25310 56598 43070 17749 35159 40220 31798 27351
39592 30385 20023 22168 15408 47670 29086 30456 53070 21513 46540 38487 29028 52363 26145 23317 64465 18460 51709 18321 33780 34589 42177 14893 23342 26092 13771 60744 36576 56554 47227 30530 59496 32888 25652 51834 60713 33012 27730 46419 56959 43712 32824 25129 14796 26171 52038 22367 47217 47044 29914 30548 53196 16316 41045 32872 45375 47747 27927 36090 51752 32890 30337 37741 17385 34303 54257 26141 33761 23411 6343 13165 43888
44342 21606 34236 38901 50089 4650 50026 25298 33579 22902 44758 24933 27674 11690 26210 9488 39642 36388 25709 31538 51145 30277 32599 27947 51014 56685 27008 49242 35250 46845 12616 30241 39789 29267 16654 19422 42200 31439 24372 47858 27217 14291 44569 30910 19513 36030 44061 30368 18160 55536 13216 57851 29399 30666 64258 9259 33869 49322 38050 25234 19376 34545 61154 32401 46436 39423 21537 38278 51654 17716 27327 32979 11576 20465
13596 21975 40984 32147 37272 26097 32455 36221 47762 48771 16806 15118 50796 43244 32019 48550 42885 10891 24944 51366 44093 33986 15131 2924 32500 46319 29301 45401 42506 29812 35806 57805 33758 47280 42935 49192 54994 13059 33375 27594 14662 20684 29748 32787 41367 15213 29082 37987 25129 22596 2799 15386 43352 18610 27794 34456 33159 27161 24292 32574 20756 54740 50757 44394 23138 24905 41750 38012 48077 40403 37301 13271 28601 55508 51843
34520 19586 39853 8672 34016 33931 43964 34861 8527 42546 35427 35273 52101 39898 29953 20242 61155 43999 25846 40044 29382 30885 36769 21045 14994 32905 26212 27852 42404 40427 5789 33938 36700 34605 35246 52711 20253 20142 25846 39212 47172 58062 35284 53951 39474 36333 38314 33537 16455 30315 25047 20050 29155 40615 33722 29971 29287 25859 19636 21410 33073 33758 18982 25184 55713 4504 50542 46510 45850 32912 50159 32234 49400 7977 1797 34678
12958 38847 35858 47793 45932 28853 35959 39930 27328 35946 32146 52146 31739 10558 4293 34361 34429 57744 45934 41968 42407 43971 36591 39221 28887 23091 34983 30313 31597 39747 16886 26604 54476 31058 38971 46623 2128 23232 9432 17761 40284 33260 15659 38416 5968 36152 29334 17552 30090 30467 37496 35135 45931 38317 42545 14460 18515 39830 29472 17064 42915 38686 31399 13347 16569 62116 31268 13646 32501 29834 27384 35463 51641 16175 33412 37935 33892
20723 12838 20134 36438 33846 42817 21069 17136 36696 52017 21379 31120 33976 50008 41638 34199 21176 28951 44058 46693 50103 61900 30780 22362 32277 7897 11118 45015 33842 36253 34318 33593 46190 36727 25725 37091 51496 45513 48924 5172 22722 48626 43593 17548 54683 14673 22118 54604 36371 25928 36817 30162 44170 16181 16107 20863 14176 32890 59412 36787 37108 40566 43949 21454 30632 51849 50709 15664 34268 61970 36778 26425 12781 48755 31952 59721 52799 38154
40421 22208 35118 38712 40776 16126 27933 41567 51546 44388 57450 20442 32891 43344 42360 29967 50444 46626 55971 41817 13163 54077 31311 43034 33785 31742 23256 3251 35606 10182 44705 38530 47395 18933 33800 18153 6783 20971 50544 23367 22408 43785 47413 52476 13474 48300 33211 53607 37419 27192 40287 23018 27778 37642 26241 37859 56328 4738 37763 26804 38173 49155 14020 32188 26658 28394 48804 46170 16757 28312 30083 10736 10615 2669 33217 14301 50312 2505 26045
29568 54025 45069 32729 11834 12632 15511 2676 30060 22486 27335 7150 4724 56036 29184 42662 35509 27360 34206 30975 40843 21548 21764 48469 52824 32551 35730 31243 53373 28720 20646 37248 39768 18344 18337 16916 57419 49647 36835 9766 36020 46950 50381 13337 18933 40043 64957 15945 32109 33119 52755 29465 18556 37538 50482 56552 34945 39061 28278 25110 22238 30615 20802 17666 35057 12294 28918 9230 45084 24134 52464 31129 6590 47797 24721 39939 53047 39346 41785 15788
38374 27550 34889 27892 28461 15577 32543 37946 39018 46532 29467 31200 35582 6845 52127 49221 31818 52261 27658 26057 23980 50780 46012 50380 23687 8643 32278 5038 57911 37561 41590 25806 37918 27036 62525 42638 54173 37584 17099 41805 48658 38578 22912 33131 11487 6564 32701 49992 46435 23556 30943 51012 43261 14899 33865 51134 38159 44178 23898 23320 49912 18303 47986 29617 47127 15196 20978 24553 46542 21639 53304 18976 47483 64353 57765 47286 31872 46154 44441 36362 29756
40867 55156 34942 21007 63947 32406 49778 33624 6944 15967 45635 12665 30726 44591 43605 49616 41179 24934 22788 54718 49662 26468 51379 19109 9168 19338 24512 47584 43697 38198 24718 30933 22274 51144 27001 39135 50465 25251 29925 26464 11631 24868 22830 60857 25676 15020 18615 29000 23065 25243 53726 29551 39733 18513 24326 12685 53246 55087 46731 42242 15576 30354 31441 813 16929 35294 43573 15728 56376 28784 40727 33065 41854 34216 36825 14266 52307 41193 36570 34434 42776 38288
35450 20192 41003 13054 52505 11830 16365 17555 32023 32227 43710 37295 40147 21318 8447 23987 35503 32704 32526 26621 33034 37042 48460 27629 38468 20346 28698 41190 15548 16763 51158 47684 49877 43025 37090 26474 21227 32926 45981 21432 29537 33923 13414 42636 34454 10526 45982 33607 19178 40913 28069 35145 23228 22010 15068 54259 44143 62715 36769 31395 4703 25139 31829 37049 15087 16130 44376 9624 45182 59591 27403 50332 22892 30948 39373 29992 30744 50359 14844 47772 10980 23970 26620
37974 27695 37124 23595 32183 37465 26685 27368 28191 53186 43180 33940 22767 13002 21427 46479 44421 42448 42672 42554 22337 28470 39684 39667 15749 45403 58896 29723 50096 27295 31026 44562 18722 30050 33229 24889 43324 34820 26941 16879 47964 13540 54500 41106 21219 27236 9763 27014 16177 29411 31320 42280 52134 29889 43749 63450 49059 29278 52521 8698 24197 51738 45699 32745 26543 46676 59477 35336 38528 52590 47102 21685 41560 33223 9949 36946 16024 8639 30292 35133 39582 55222 41921 42967
57803 43532 26758 28800 47999 31520 47618 33689 19226 35156 51605 7553 12284 28424 33950 38550 1413 41625 38015 25404 58133 30315 24214 37841 56332 6362 33860 21684 32714 37961 25323 28230 22960 20246 37862 17639 28956 35748 60571 22776 51566 59471 32357 50903 25097 24443 38566 50917 46666 51076 16063 11650 48530 53965 48142 27407 27457 36788 36853 35819 11959 26780 30675 14452 29525 9185 27912 46350 41080 25575 42227 25111 39300 42763 37110 15342 48598 18349 24175 56052 26830 64559 30400 29577 29135
55024 32584 54798 11318 18000 22886 28385 26468 5295 8828 50787 28345 26733 46057 33012 35221 17385 41740 24309 31577 34181 49478 15556 33635 26528 39928 37570 23827 32922 31872 30032 49100 17106 26689 38092 24298 31915 41111 48536 27088 55425 8932 22547 35806 23735 43145 59548 27762 27564 9956 36756 12013 17344 20311 35163 29359 32594 36672 44626 21273 38085 4097 29399 26505 54901 46841 26443 50015 29381 9608 47118 30206 29716 14605 44417 35522 16578 35562 11267 35086 6958 28797 46066 29762 41402 31528
57778 52156 20165 30794 28065 35549 30895 28995 44062 10501 20952 11122 36234 6549 26784 43065 7749 19435 42854 42230 34480 11111 21644 39690 35625 40811 37489 49110 3089 35670 24437 33976 34248 20104 38392 5907 37039 50274 27738 57411 24869 17474 29946 34218 18312 41353 7738 26793 45116 43927 45689 42654 41886 11724 55319 39147 17936 28553 37236 21743 55280 13355 48368 11273 13727 47893 38122 43931 55166 16294 12228 40196 53739 31038 32733 34211 21832 39742 54165 9946 44531 21764 21836 32263 17485 20977 35682
50316 7350 14693 22582 28616 22415 44736 31274 12571 45367 20834 35742 30180 33292 15531 33519 26501 15986 34811 12929 27484 30407 50866 18608 41674 22378 34864 20447 27441 43196 22486 44652 24044 20253 15618 9914 20577 51950 15124 55077 54251 47245 20847 14865 46572 20571 31600 42458 32709 26296 45176 19683 30420 27653 58343 48522 40059 27809 34077 25138 44569 37098 32635 33079 9486 7492 14942 15613 46777 29197 39210 5089 54396 35748 31548 24643 11189 33386 48116 55429 42438 35519 45749 36614 59406 29956 13020 29222
21484 44439 35786 19525 34498 15577 35039 17347 23023 18218 29051 23295 58066 36075 35071 28763 29388 27258 36553 48694 38718 55352 48697 23280 39302 27270 52914 47336 32519 53698 62352 42625 35101 23118 56374 52759 46378 27785 46084 46605 48271 36050 41560 49346 5290 23434 51859 44182 61149 38161 19477 37864 47238 37320 16959 27931 39687 50701 17519 35467 31679 16961 26117 6811 31758 45764 13924 42922 31059 57335 49384 38936 36080 44601 3316 44612 35907 40424 40424 34960 34990 19304 29474 41307 20368 28439 34819 20229 59977
23892 21483 17390 40504 34432 19003 36470 27839 30459 23121 6396 37692 55078 28557 43490 35600 27487 61777 25479 35228 37895 49916 50251 32830 52606 50158 42638 7257 45093 53128 16560 51017 61531 15656 42256 42608 24190 24623 16912 39727 26354 34813 57871 49892 37396 32754 43885 30449 33862 36719 41098 52405 32230 31185 8134 5519 56149 32379 25472 24289 38132 22732 33306 61962 48929 49188 60915 21609 35390 59364 30059 51040 49833 32618 17122 51277 20675 45591 23736 37010 14572 42827 42316 38286 39813 33382 23296 34977 46317 25288
6196 55082 23938 25553 54085 10891 35240 40161 24215 59426 51645 41304 26758 45392 51744 32918 31605 25463 21298 50684 32194 6130 51539 30952 45520 9255 44260 40122 13819 39281 39491 45269 33959 50482 18897 45206 29744 45259 36846 4958 14073 8602 23803 52365 23392 39169 48471 52099 52168 21599 22880 31649 20109 19732 30074 50244 34323 14463 29187 35024 28855 34818 19290 43170 26841 26875 39392 32538 42203 50380 37365 25499 46876 49364 33786 43394 3580 15986 23629 41008 62427 23304 41807 37637 36633 28661 32096 18785 25109 37528 43745
34469 52017 5202 34864 35375 33996 33412 36270 36703 42310 42636 20412 52632 40702 34253 32440 30774 16471 24995 26372 16028 13229 14192 28927 19498 32611 16533 41224 18494 34264 29296 6016 22073 34156 32355 37063 5499 6270 53708 25918 41317 46449 38413 35139 37205 44705 45189 36151 30891 12913 17044 40314 26314 19264 43417 33389 26382 24430 32502 41071 32986 12634 38921 30686 46990 57190 34356 42270 2696 25585 38614 24717 62761 38235 54095 32394 28369 42500 33022 28534 27361 9292 41285 16305 22711 31378 29058 38812 41907 28472 27414 48021
13111 42141 17250 35837 60066 39201 60356 1332 43348 42788 37279 49051 19118 34054 40527 28561 42510 17702 46902 25972 36565 21990 48565 36264 21603 33189 20266 28810 16920 28355 17655 12924 8021 40864 46203 37852 12151 29340 28437 28939 45537 41494 33319 49770 25074 50288 46864 40023 30474 19465 37679 44852 42122 34625 55270 18271 39376 41080 33427 52537 33341 40462 19608 50466 34097 25186 43860 20347 17932 43990 20519 10403 58414 38090 10352 43256 31479 37787 56721 17630 41415 64173 54504 36019 27646 30812 12246 11478 26876 5899 19389 28072 9250
48408 49656 13193 9422 11494 26605 32474 28256 34001 20215 27641 32827 48957 50296 13127 21948 45702 53713 43300 26180 37135 48224 15857 42291 26934 34183 32269 33257 9566 27301 4566 26567 35811 25882 15792 48682 48937 43589 25081 26742 48525 11144 64272 17928 24943 38465 8534 45632 24881 21458 2347 33921 20274 35226 33520 36904 6610 39160 31491 42134 35697 40782 31173 36139 51823 30203 41878 37191 22827 45662 47319 29771 5639 42456 38374 30101 15202 56778 13092 20613 24476 41874 42226 15486 29972 31891 39854 27868 18989 10793 25530 37122 2371 43446
25973 54352 47289 46235 9534 56868 15086 16438 50038 20959 20034 32233 31869 20193 36116 23314 43188 61579 28103 33043 48249 52795 49847 21835 18477 64337 14919 63770 30768 34608 24278 51679 38115 32052 38596 24828 33445 25792 42096 37839 49620 16692 9788 29626 28372 37358 38535 19996 16899 21071 52145 11349 36800 31159 30746 21444 18540 31623 10786 17867 30823 18205 19496 16328 51218 18393 42126 47900 31691 58653 54707 27944 29683 33352 24055 51018 11498 32442 6074 30437 16145 13780 47452 58709 24263 32500 54588 14332 56426 44411 22972 20539 42078 37065 37179
52080 16128 29758 41497 33533 20658 40763 36534 35905 6610 21789 46450 14491 30401 21831 20652 5485 24544 23320 63174 27670 27021 40432 39455 49653 50218 53552 35095 22636 15381 42038 28174 11481 47535 16995 53092 30878 16728 21271 36728 12570 29553 31154 27820 34733 35929 54676 33120 27062 58478 33309 50161 32919 28692 38573 1731 12718 16297 9892 30770 40540 32652 49506 8865 41987 30750 29256 27758 23550 36287 16564 38908 39859 16592 12294 50087 29821 44463 16289 59859 46014 36029 60130 57564 25303 45658 43306 23333 18214 3815 28121 26380 57869 44739 43087 28404
28907 47692 50157 14649 27936 30182 43024 26687 35851 16879 14364 31331 16142 39622 54126 51717 13191 39116 21862 36231 21208 28769 38247 55112 16992 29158 26318 5544 25470 35257 39164 37639 54164 49211 30545 30149 27649 47564 18733 49217 16932 14029 53745 20701 42846 37788 20731 25080 43280 51354 33195 35314 37016 27176 39780 15146 25433 10404 20866 17411 25263 20592 21352 52953 35836 18923 52342 25103 39073 6516 25610 24580 32252 24428 48517 34584 28015 22579 30791 29098 54360 23594 44977 38429 23577 24495 31521 50893 27153 29475 28151 12829 8096 17126 38806 25196 23077
38745 33626 15898 45826 54491 47270 34694 32661 31690 15066 23826 20800 43146 35156 47389 62818 4985 40821 29191 62811 37110 29853 14896 38538 37218 31789 40952 23121 41245 9603 36286 32270 26760 23551 51684 31522 44033 34563 30409 34542 52201 35310 37581 37584 17568 50208 30800 19499 44679 37114 23986 40027 48637 18394 21842 43202 50016 48161 19858 21185 11028 15663 37073 14262 32118 5732 17775 45315 24296 36641 28108 54279 36808 27331 26696 29217 27767 59565 28482 39091 27990 17470 39196 37148 42691 46294 55349 57531 18720 28118 31469 51442 8395 7836 43940 50975 38437 29321
28858 38052 44430 37117 11406 42720 34663 40280 7554 44851 24591 46842 24054 39676 4068 31043 25671 37789 35658 31635 33497 32372 58015 20810 26632 31970 16962 35272 7735 27721 29332 12398 35780 26116 22517 19610 29458 16249 29382 57772 29309 35331 24421 28423 33897 37636 22067 28680 32562 25565 11152 23568 38203 49644 20445 42623 54498 11923 20345 48821 43146 26417 21186 36883 54927 25894 40476 33270 33109 56785 37349 30658 10041 17044 43644 53460 8859 49357 32834 59532 10717 16862 51095 38477 20318 27430 20700 44404 33150 40452 34927 32098 35485 30682 30385 20855 37147 53767 16386
28947 38743 16874 42179 40855 31667 39140 33106 40033 30862 25686 52752 41681 9288 28062 40798 27210 28992 47647 42394 9768 44505 35637 44326 34254 33903 24130 40545 13468 31589 27815 32170 23024 29978 43970 27490 39211 45038 52469 41961 37293 17984 15774 32672 57047 44659 42783 29413 6151 47843 28375 36377 20637 39411 46630 32156 38908 22018 55915 35279 31104 21872 29960 38673 31884 23196 23387 9664 42112 33768 40646 21056 28858 19379 36008 21743 56475 34909 44641 33324 57219 27718 18768 19032 27859 34254 24279 14803 29673 16212 44116 30974 24613 24378 43816 19511 6377 34783 37044 37855
33172 14243 20054 52310 31110 18662 37233 3581 56352 29192 17249 36147 32960 50536 35208 39510 47815 45416 17735 41418 22933 32871 37884 44012 43146 22725 20233 23838 28423 15586 35789 30142 28777 35614 39847 21037 27667 32216 3065 27340 7524 43890 9762 21497 15292 34379 28545 48662 31356 23747 43384 30081 35074 22842 53605 58011 37551 33296 41130 35268 16099 14756 36006 35677 12542 48728 18105 41925 34912 43660 48194 11098 57449 29853 38563 5760 20601 28399 15162 30101 27632 18398 19304 29944 49710 35277 42127 23818 24212 39706 24586 37419 51328 15912 21311 38076 33618 37203 36745 33051 36461
36607 25162 36777 25902 36232 21731 38086 32502 16209 11442 32979 53029 12984 27417 24623 17691 21024 52599 23352 52281 25573 19756 13906 19420 35435 40855 20955 10088 50191 13850 10802 15930 27441 15891 55224 27570 13875 41188 36557 34611 14196 33772 40914 25626 23892 51338 30501 20936 29235 35872 40231 39837 40049 43021 13880 35065 24173 12720 33465 23869 38537 31338 24328 22471 32548 36764 50054 46071 44702 47780 17556 43312 5974 32997 37520 27342 34735 41915 31196 10292 43525 41096 25303 36034 1211 45229 20960 16342 31280 18824 26456 25809 18628 40059 57247 39699 2774 38628 37654 32253 46793 25125
30235 42221 7929 25501 6415 9027 29129 48300 43090 2146 47512 19121 27717 24486 23750 42766 18759 45170 7602 42785 16310 32294 39614 23628 27638 18464 52809 37870 34405 35265 36531 22375 25442 14953 36444 27670 29518 19833 56228 21341 49801 12879 24810 51866 31092 21579 25744 19246 23661 39631 35061 35450 52181 26938 19577 31196 17420 40684 35196 18103 23923 38726 30302 23143 52329 43430 42366 55886 57676 43373 34110 42957 2176 26107 57341 24642 51810 43696 23579 23823 19284 16109 31736 45971 52148 26127 7668 13613 10211 24441 31854 28479 22594 59018 44488 11048 28975 12962 42081 28231 41740 30498 44697
31230 14903 25448 30416 52139 40721 8917 33638 40112 22010 56521 14010 25196 32595 46244 20270 52799 22395 18886 26402 19848 46800 46991 29939 35241 37302 38239 19205 26624 30859 30358 38836 35310 38830 60052 25955 52437 14208 31930 39536 18960 48225 46182 31038 55045 42674 38136 8233 34063 4817 40403 35221 8592 47391 51796 35806 46569 28156 37340 22887 34680 41417 26571 32910 38815 57573 15233 27574 9149 21422 30815 57659 42290 48776 34242 33665 20829 33233 18190 20709 39328 6632 39840 41927 43865 40750 24280 12937 28650 17923 26649 36746 36018 24264 35520 43306 25360 54747 5678 51657 4198 45981 21955 38855
28179 7278 37087 38275 37238 20655 35555 41311 52208 44222 33581 30138 43746 43260 46365 10484 30634 22986 22550 44396 14251 28550 8052 20869 44097 46738 47770 49051 21198 5965 21736 32273 25779 5654 38332 28486 22350 54094 41079 53658 23553 35669 38009 49004 24618 38540 36131 44831 36139 59729 41427 29455 51299 37893 26089 47519 45874 49928 26824 36142 43767 48827 46540 21532 18708 27517 21592 53448 25319 18860 18380 41364 35282 30124 36742 49375 2868 42971 9959 34057 28781 13464 34127 8306 32476 35908 40479 8570 14307 47935 57525 29312 22752 27114 14449 23014 23348 56483 36021 31243 29760 29643 49376 20815 38242
43970 46162 14866 27645 7401 49772 60084 24941 31647 49804 30100 39700 6210 34835 51476 31315 24374 25185 44947 40072 22744 40150 20337 56085 43402 32467 11022 19289 37290 19381 41162 48819 28057 49887 27396 17029 46520 8112 8222 41006 32357 39304 12919 23821 30722 25544 61551 47748 28397 44494 33894 46577 19335 41723 62652 34998 37424 27311 41936 43058 25417 43082 53252 50629 31537 31532 37816 52942 45638 32437 58697 27823 31980 19013 38683 1222 27521 28988 22410 47220 43620 33530 45305 25883 33270 35552 35270 42006 22167 36940 9300 19147 43176 38558 40703 27285 38023 40249 29739 20694 53909 8058 31284 34543 46898 38082
25469 21054 45759 61553 48740 46117 20891 41447 30028 27139 15396 38021 20113 27960 46782 12200 27799 29475 41415 22196 52667 27942 31134 26886 19549 34975 22180 16894 40671 12016 27961 47359 22432 34168 36286 41318 25856 28054 42129 19092 37215 33964 14867 32745 33565 42009 29348 35013 15513 24892 3749 43145 39989 36214 27252 40595 56400 13864 32370 42563 37706 9392 24320 30460 13186 24177 48252 17434 35675 42183 25416 48384 50481 29972 48067 36110 26471 35001 19020 23458 54364 21780 44868 19485 19056 35719 9995 32223 58370 39280 35330 3145 38773 10289 52359 36537 46885 40233 32507 6287 29045 39352 19902 47406 20676 31549 33073
31730 47986 23322 32179 59454 29662 36525 50082 33138 39018 10072 61282 50924 41845 29306 47441 46093 27487 31091 30158 16437 8840 33186 38202 57029 22352 35945 41973 32539 29718 22310 51808 35991 16188 56122 19673 28315 56097 52742 35777 34950 50725 41192 33656 47544 23208 33091 52319 56722 20234 55411 6869 52082 13738 19418 16184 22201 31978 15577 9708 20167 28457 51406 22350 32508 45767 51483 30656 11961 18980 21279 51104 41307 37792 14393 41807 5701 18842 34251 33582 51414 33396 34100 31643 28782 45197 48083 48376 49262 8773 27402 37795 26676 33276 36919 26621 37665 22034 58556 48742 26773 32998 24056 46911 35824 16602 44363 36583
40082 45134 16404 40380 13787 17823 49077 22562 28459 21297 37260 20087 23522 34656 22266 11546 35680 27791 28001 15468 35078 26908 28188 57549 23602 16234 11921 39582 34884 36309 16411 34365 35999 20161 28700 23563 25760 55434 18421 28776 34728 23955 36100 13237 59671 27706 16555 45649 30797 28386 41033 38042 41131 11239 9534 40692 18830 17837 1257 12733 54874 47761 45228 18772 9836 25843 54757 32282 5412 31541 24054 33903 31205 36790 28222 44212 43020 37078 26652 58183 28410 51445 26866 12425 39439 24179 51743 14554 28843 21423 41218 48283 46639 34571 16124 38954 10745 45798 45422 50152 34665 28064 49590 54326 34274 43416 30007 31090 22720
46385 36173 32766 12134 47815 34650 20537 13620 16573 40127 28290 37256 43378 17114 64314 59331 13126 43789 45761 22341 30872 17078 28024 31599 28619 13111 40893 27551 27451 25071 23025 15157 39243 28734 51316 63892 33882 15235 13223 45592 37576 23840 32745 27684 34548 43635 11672 43800 32576 13534 55576 28242 30219 18880 47815 45363 16821 29305 42756 27419 38046 29800 36400 36715 32038 20719 31915 3457 26028 17772 6870 53437 5266 52032 44303 16513 44087 38860 37815 49196 43771 40046 19246 44830 27454 34441 27605 26808 41824 16249 10763 17496 26048 27808 22062 38239 41152 28511 23714 43821 40639 58644 50628 53538 34333 10017 13814 20127 22842 51941
28054 26369 30326 41407 51461 55723 38960 47377 49316 25084 21706 23098 26833 14164 40611 35481 29166 36116 50203 35728 43097 37530 28562 23165 29811 29511 42856 45250 23196 54907 52732 33726 31541 24470 8624 34001 37533 44536 48356 41306 31026 23809 38389 33467 41816 33809 32583 36434 8557 46728 42806 25984 8144 33734 38949 26023 26338 30508 14450 10274 56067 38936 19072 33367 31892 27114 27819 34209 26611 27653 39255 32610 21889 39366 42720 30971 6558 60046 51113 47050 42155 20925 35344 48433 33543 48819 22648 50831 23824 7377 63805 19780 30506 21364 36547 34479 45491 50688 38759 25650 35082 21458 28041 37675 38288 22602 51083 31996 35749 43723 14284
50948 48042 40626 11436 53922 37373 33632 28811 15672 38655 42037 43465 24613 28432 18577 23237 53448 23185 13269 57825 57474 46560 42335 31100 7348 31070 55439 47094 52924 47468 33992 36782 31741 9832 23910 20231 58835 36020 37324 41053 35232 21679 19802 35347 41157 33464 14190 28296 41120 14128 29545 35868 47763 44663 41131 32046 56316 49390 23189 14369 44605 58099 47237 36689 38581 42215 19931 12577 14020 13098 43514 10224 27593 54813 22590 23070 20262 29215 24586 35338 13881 34702 50366 54806 45668 45774 34232 47265 4358 44093 40537 2059 23423 51258 34305 30388 22318 30502 12305 37628 34165 50529 35815 18242 41906 56140 34019 55784 43846 32069 33383 27981
20882 35757 26578 32721 34804 33508 38020 27604 31695 31563 25566 26550 5759 43329 44350 34262 32102 23844 17413 13462 37349 33624 30611 15957 29018 42042 37704 18803 62759 25644 24197 22608 12971 33676 40103 51532 31557 57019 36113 54982 23639 28186 27426 38688 40768 50695 28218 31929 18783 38628 51642 22001 7190 11535 44288 52520 38083 61673 17261 26814 27848 26322 46177 35602 6532 44843 9020 29318 19543 34387 44894 47482 29344 17576 29735 22091 13761 24206 35063 39773 31512 25699 33070 14092 25606 33414 27692 13243 52717 33112 21842 30664 21032 50489 50174 17814 17949 20106 15248 48001 47911 47529 15211 54253 32424 48887 48876 25910 39425 45780 15732 41407 53904
34209 43619 6118 43447 50109 29977 12814 23765 5510 35063 46739 58698 48992 52570 18393 63605 41385 42406 25661 34744 14528 28984 26143 16497 40198 35696 33761 35842 33499 19377 20450 36810 47776 34136 47234 44328 12467 34758 34849 33150 28021 40539 58655 26155 38214 36983 53723 28814 26759 8571 44215 29192 17302 37061 45074 63482 40660 39349 29260 19394 36514 29614 26052 62147 17246 21004 55517 44633 35178 25650 30195 31718 18725 21888 50025 38091 34542 52564 41886 28262 25382 28431 54514 47641 6701 23057 29124 25922 33892 43451 28791 39235 5673 62827 41831 47995 24541 53377 47351 27978 36320 19040 48006 35855 26771 28260 37236 12588 21589 17392 32032 12799 20868 52836
40172 8170 31876 36126 60215 51276 36275 31615 48737 13445 22896 37095 51402 43508 20508 49335 39122 10747 32279 31309 39128 29176 35778 10505 36670 31564 48507 13389 7779 31576 29603 32632 50343 58234 43674 27114 23658 57621 31425 52996 7180 23941 6263 34340 5612 32300 21530 25259 47212 42091 6670 46073 19947 28064 29360 50542 31945 45869 33378 56939 18278 35441 35202 16973 35874 50379 25713 45175 34140 28573 35728 25672 18806 21574 37693 38176 51919 30757 11226 30304 55239 40092 41413 14182 6846 48905 23903 33683 6676 39118 58120 33351 47144 40778 21281 22242 45916 33757 27145 41156 42512 13286 32798 64333 34465 22727 2500 32221 42867 55262 38745 15316 46818 21132 21820
50322 48977 42547 35790 41848 42782 27694 40815 24548 45228 31203 36992 32054 31319 24749 31583 31441 32387 28142 39021 21522 37772 43783 48138 32858 27605 23894 22167 29449 38332 34365 29811 39807 31652 25371 15868 25885 25577 27984 30614 46912 61679 23099 33183 30028 41235 39742 22646 32414 20149 23991 5244 11926 45111 35592 27153 56471 22520 18576 43414 23550 13400 63406 16233 31788 36791 46532 13291 34945 36981 23601 43900 18525 14577 32852 26237 32545 26509 29582 16716 27691 22184 17216 13386 51931 40098 47304 54232 21140 11226 22921 20564 14002 21171 26335 30240 42648 48009 56876 11675 52646 27839 30929 31524 21306 18612 44076 32540 23221 36296 43423 30179 33655 22106 56968 47066
26849 39117 29769 14687 41553 42877 53313 35539 49959 12493 37840 22678 56006 16156 40021 27401 29834 47306 33586 9867 38870 24630 7621 35706 18442 21442 32112 13882 33924 36301 28562 24361 18597 58551 32139 23206 35789 35552 27834 39186 16733 36520 48769 9933 22707 23150 12350 11320 15663 46228 15186 28081 22067 16249 38174 52121 34590 31101 44800 49744 12112 15616 13915 59959 43562 16482 38027 30637 20234 5634 61170 47888 29009 44098 42737 41156 57439 19841 23014 45350 59284 40991 24883 37016 52817 9852 21047 32632 22515 16120 32337 23079 17373 41970 29411 39174 52590 27596 31052 53363 44038 35045 38635 45264 37638 18845 36130 34427 12748 22612 55631 47573 46009 15210 46292 53054 49197
21822 5392 26391 31368 25650 43875 15807 33322 33446 25900 43924 62067 42743 27597 42234 25283 9097 42148 47695 26234 42680 12562 6130 36088 15079 61049 34372 57758 18036 30260 27045 60362 35778 40361 17014 11996 43309 30259 44309 10807 39193 52532 57827 22840 12770 44045 13632 45888 42475 55324 6029 43951 33682 53955 5417 12773 46394 22881 22130 45379 33087 25942 8140 37158 35333 11265 53653 13554 52713 40644 59436 31748 10059 60157 31730 16828 19597 31246 16711 56701 20494 29014 34956 8868 41006 45620 48671 24722 34637 55818 27233 25255 43979 49719 45490 61507 36871 32794 54387 52423 37475 25876 12034 46993 27966 32390 47552 27649 14072 38350 2318 41338 57840 12367 52554 35672 15497 36709
21206 55550 61727 12402 33297 46540 34325 52439 57178 18720 24010 23026 35602 46683 46750 35109 16793 40157 43760 18382 23376 38919 45347 48975 19605 16183 7059 21767 42441 42445 39075 43606 37708 23340 45746 40091 23935 27312 20512 50488 26817 23484 45900 31115 46448 12720 31384 19190 24560 27626 41059 34520 41119 34251 31501 46737 52188 30387 48374 40832 21000 45571 29822 49927 16259 10009 35844 24196 48302 16725 51690 27480 3559 26649 20623 7908 37775 32452 40531 27270 18950 25782 36246 31649 51629 30032 54456 15249 50915 34800 34328 20408 37382 28663 36888 39287 38778 31941 48407 46636 24476 31162 45941 32569 3790 44599 30098 35325 25966 23961 25038 42967 16349 18243 45704 26153 38524 9876 32290
36434 32169 45804 46843 9649 42438 40876 11123 28072 23345 39986 34282 25493 34379 21471 19648 16602 43892 28179 25172 31446 27405 36398 34056 17129 33141 54160 20284 34418 18186 22937 46925 28371 45104 14249 36767 24938 52549 33056 34446 32664 19112 50526 42621 42687 28858 36804 54730 28730 41947 59312 55000 45423 25708 20610 18435 31673 52939 18845 41903 40058 39769 20062 16440 40211 40566 54822 20481 49890 51331 21589 24936 36681 42463 47179 57040 49063 57064 28009 36501 19804 14338 23308 37659 28103 37259 25752 27327 37450 26594 26986 61409 26691 21352 50402 55523 22804 34941 20067 47140 35356 22402 22858 31748 23738 11477 46328 28387 28240 37079 11469 14113 38973 42984 34857 55069 28640 45673 35437 11577
50842 36024 29431 29652 43468 44854 32039 16718 25300 11844 24672 34822 30485 14912 20478 38495 42987 40844 31588 38581 29368 18055 36338 36715 37085 13200 44806 25312 30648 34568 33281 20340 22699 32079 42563 28550 41236 28358 46893 14713 31317 53195 52253 32681 51661 45247 30835 28793 45276 15874 19346 38472 36065 16373 53462 22390 30526 39671 36770 30306 17745 20326 35670 37230 34940 31142 17232 41721 36382 21013 13041 33123 24471 11538 20889 24332 49734 31486 37545 51796 46989 51257 58751 44442 31946 48420 46459 53056 35678 40477 27135 20901 39082 52101 26218 45865 38412 16828 35356 52780 45287 39203 45174 22798 21143 34329 12502 26158 8318 22780 56989 58350 31741 32304 2347 40109 33394 32274 31712 14027 36159
32004 32285 46248 12739 47972 54079 29860 16733 38291 47785 45342 18799 33778 28602 32888 37720 6879 10706 21777 42103 35516 7250 32073 15918 40935 30360 41856 24027 49857 25605 19990 48352 30634 35833 24426 20636 57091 37332 38366 19055 46379 38134 35794 38840 21120 45247 47011 25049 43878 64655 27573 36400 20539 35782 22116 48670 27998 28100 33299 20229 19248 11754 21792 55872 19985 21398 37358 46389 30306 25128 22233 28991 24705 22787 40517 56256 17615 45956 16014 32281 30636 26892 27159 40360 27001 27899 44862 15311 42645 44721 30822 38381 22366 39311 35819 42338 49208 38130 3121 40845 16769 33854 30613 62928 22424 18128 43127 54665 39646 47112 21817 43034 16307 44873 36922 4834 38520 32752 18394 30528 35723 31070
18041 29334 42829 26355 45687 56899 36382 36879 36403 20390 32863 47123 14351 38944 23150 40541 27242 50450 38060 32333 15268 8154 17274 36678 40476 44507 38710 33956 57397 12401 23618 36298 44107 42238 31485 22040 35009 17635 30662 34028 55286 34174 29438 48551 22602 6193 43269 40873 9244 27226 29244 18003 45519 9563 17153 18691 21439 44691 43957 15129 47183 42850 55480 44024 27102 27943 37483 9980 52940 39236 15661 13192 10616 33047 22876 21756 38980 46594 33628 35510 5519 34148 29579 53271 30649 30877 32328 7295 28962 21772 37876 25423 36906 39955 49391 37861 48944 35600 44442 39329 50326 7012 40531 56293 17083 33392 29563 15888 47103 45458 10610 40834 32450 54829 22681 23452 19812 55709 13647 18876 46660 24900 36850
15683 42948 52867 54502 1425 60483 16056 35976 28166 43553 35653 56122 15875 25534 18825 33114 47333 30586 19171 23369 40463 40884 40117 24936 10464 29390 34910 43029 37048 25383 37693 24498 35064 48927 32436 21661 16638 45334 18465 28471 25643 16236 10470 46048 39391 52352 38498 49913 34170 38580 16885 22753 50780 14440 39166 52726 30693 10233 17631 38556 12661 14283 43766 49969 34412 38458 27812 32788 34346 19881 26443 38310 48144 50294 46150 26695 44924 48388 43259 30808 25550 21935 54981 25143 55401 35035 2822 56901 34986 44260 53023 16610 27634 29741 59502 31343 30113 27924 55381 38731 38167 33276 56371 49108 46517 63809 28008 47214 48856 30023 16723 57719 37860 29803 51542 14158 37942 53517 13007 21076 6958 49551 59168 26345
32815 22608 35752 50542 38550 33712 33222 23105 44484 36367 26332 11715 37145 40397 37961 25684 34805 46409 40812 48725 54713 45797 22950 38948 14787 53504 53336 27170 28531 42490 19680 51376 44588 42034 21665 25644 10570 39435 43255 35064 36912 45537 51012 40819 36414 29207 59625 44028 51922 15628 33604 52980 26957 53536 18359 17595 35087 18610 41888 58802 50553 39461 16481 42551 46569 38869 33625 38571 28095 28709 36328 58222 31838 11636 15725 21729 27938 13858 43850 53091 18286 52366 44253 54098 36514 36634 21384 32018 16924 30757 27818 34049 23869 24079 33187 16254 22373 29496 55250 7402 41973 50688 28825 43429 12875 49350 35158 36368 28103 10732 39786 36489 48587 41937 56374 35697 34230 44245 15640 33064 42216 40792 27507 34831 30402
45498 20643 54405 21154 30298 37386 46824 35817 23450 37129 39836 29175 11225 27390 35582 53292 36215 31051 43376 28137 33492 53583 14160 36491 27216 17513 37119 29045 32330 24571 44766 20998 21796 28004 42315 59294 24893 29187 42152 58782 28917 44858 31059 31588 44716 41575 35757 21585 41154 34028 24598 38853 43414 52264 38639 26912 34698 43387 60567 26562 21758 35396 47468 44811 34895 38885 29138 22107 29665 47036 42535 28946 50704 35626 33482 36496 35135 28561 20508 14902 41932 32332 29309 31586 22554 36033 27214 54644 50309 11339 21485 51151 25457 43596 26555 19920 35642 36901 31256 24280 28227 41780 31589 28231 39658 58587 30721 27517 31634 37497 6218 16859 22167 42350 41124 22718 20061 21273 29037 37770 24897 36060 34564 20892 27043 32789
31178 28244 40421 38438 32287 16661 36966 29806 58468 40252 12166 31820 39159 53802 50597 52002 42041 43839 31011 47695 43658 28635 52319 24370 27723 25439 40379 35628 17882 50473 42902 52126 12184 20633 32848 27110 15846 48402 39496 27495 41250 15856 50145 4477 42414 33430 10103 22922 46057 46692 19309 31983 20530 184 37410 61706 39658 34035 47606 26429 53361 25205 23880 52454 18728 13471 29307 52071 31085 4815 19435 51231 29089 36965 38907 58478 24100 48324 57610 32179 34647 9032 3448 11600 20889 19284 24484 18595 48456 14408 30192 24846 26312 59778 19131 17392 34423 23139 46181 31401 61620 33355 25934 19096 38368 21659 27606 13599 33371 16561 45660 30620 24198 45549 32578 2928 28351 36785 29927 42492 37735 48476 4523 47262 18654 6734 45038
28857 42885 33256 34320 47017 25531 19336 42608 13008 19934 19087 32624 17295 53842 52829 23407 34628 31092 8786 24781 55121 59302 36303 37354 18709 56646 54321 52518 11759 14005 46299 19680 37697 27732 27436 42874 17002 37505 11908 53075 16585 55710 45636 37579 20416 3593 42442 7234 27821 6179 13431 29208 20722 31820 34219 30380 29166 56037 48326 59488 33025 28749 31016 24980 27530 38114 22065 22693 56043 15624 27457 8183 46210 31005 19384 26086 39344 30080 34550 13525 26583 31378 43100 29474 14418 60595 14152 25392 24711 19524 14106 9051 29137 13731 42805 11783 47506 24881 33526 22928 16683 41806 49598 22617 19962 27739 22253 47296 24929 18615 12771 25896 14527 24768 15873 41965 52596 30938 58020 38771 21727 29027 33584 15895 16482 18106 32514 29241
48475 37184 45434 27195 46380 34133 61947 47228 52532 29530 37858 19292 26322 18349 26256 27963 40808 35503 13669 17529 20565 24768 18369 54133 36600 35393 24837 30865 44210 25488 49295 28204 46820 58638 8639 19110 30444 41756 48120 32862 29229 19992 17046 23991 59907 12900 58620 36109 23504 14431 20106 38083 33013 58472 42654 22328 20176 22240 37017 4812 30403 52263 11227 25054 58924 40094 37829 15057 18029 48291 24501 28673 31973 15511 41739 12241 43764 18650 27946 33952 44537 43469 51566 54478 40790 17359 48954 25274 21609 38718 53742 19654 56980 49278 33000 36177 35638 30701 51081 31419 58287 37354 40241 18276 44382 32470 30017 33196 27045 19217 16151 37874 21986 40700 26131 50328 27510 16117 53655 13821 24514 35677 25858 26241 9252 32916 32692 45188 26111
46843 32014 19046 36527 25329 46190 50822 17302 21716 31029 37702 26133 30984 39619 31493 5002 22506 25720 42019 42327 5596 40373 37120 45275 29500 35287 40956 34677 19563 26689 35702 13959 39370 29778 27088 34672 28599 58730 11625 32655 32404 28394 42145 24646 37567 49200 31192 9971 38041 33949 13166 36088 34946 58257 13250 34740 3803 32876 14646 51335 25603 31374 24106 48336 57432 27991 39163 36337 30782 28711 48141 41288 15379 38494 30140 38966 55350 28508 20587 20509 38152 34434 12920 25176 22249 25390 24134 9293 40506 35008 29233 42839 34649 30363 26781 14552 19111 43036 38886 25137 48260 38052 12911 59584 52561 44947 18070 52711 35181 26697 16062 20229 39222 43559 57667 58746 16656 56458 20617 18085 24921 25302 35565 58344 30320 40040 60111 27297 39094 25760
42641 17458 31883 37601 20626 38394 29264 64136 22322 49496 26211 27382 34001 25518 24869 44939 32719 22107 34550 36775 51851 11966 38967 52907 17255 15928 28998 11253 42178 4650 35460 25317 34044 29682 30802 10974 22132 26867 27406 46908 26509 12937 44826 14178 25251 19990 44245 54960 52761 62715 26782 15492 35918 7318 33494 35903 23458 30281 47069 25921 22132 28530 24596 25323 29479 45427 28633 40091 33815 41387 30605 42417 14247 24954 41872 36240 38966 52799 48195 24468 35876 33116 42501 8992 21968 20527 57652 23444 37788 52250 35380 34894 16359 49788 22883 42159 12561 15541 41760 43031 6522 32804 22476 34279 34690 36395 33735 44413 25992 9256 53106 35385 63982 15228 32555 33661 26387 35208 29523 31912 43863 32682 43082 54554 41242 52037 46705 26676 32444 21941 21031
3412 22172 17500 19402 38875 38684 30875 36798 22313 35483 36816 9824 38558 55161 25437 13330 40347 32790 34977 31026 44925 25298 20731 53793 35751 14860 51661 14144 28024 39974 48246 48365 35920 31615 44629 37770 39824 42615 24780 34677 51862 51054 20793 33039 17603 25796 47358 33976 45431 24792 36218 13009 46098 31244 32781 18361 27636 19136 32278 39886 29821 18769 45303 41844 58637 18467 32270 28425 20740 30098 34492 43756 51138 23553 43107 40830 21672 25038 31838 45343 32532 51548 22547 24624 51814 45319 52445 18703 13825 37683 43038 42013 15682 50748 29495 17850 22410 31877 29574 40519 30777 50284 43629 47651 36527 34900 21835 49580 34381 36505 28032 63814 18032 31135 10347 16719 45692 51139 63342 38438 43470 21349 34791 36908 1990 21223 17208 25537 9159 55464 20160 57670
20782 21256 35806 29977 24412 35943 6132 42907 39345 43813 19553 40236 18317 12705 48772 38445 44113 32317 49086 28412 34651 52056 56688 40954 5131 44882 24824 48520 35268 40074 53177 30724 39906 24931 27407 7120 31176 10297 45148 37195 52950 30575 55553 23764 17002 45412 23132 40652 30693 38008 58831 37779 36519 47882 59576 5002 41489 39805 35961 4879 18817 34861 13937 41603 6231 44925 34816 28230 40438 39884 24197 16057 26042 45946 21346 30779 30470 14566 48117 6954 21818 51826 43424 17386 32692 25213 27074 43737 29141 22375 34235 9302 41725 56208 17130 41154 34445 32088 41649 44157 3043 42782 57966 61416 40543 40772 31618 44897 42339 2089 41806 52041 33870 24621 19248 49152 6784 33200 41099 42471 50010 8978 36027 12637 54842 22194 13602 12992 42625 35570 31521 38516 33679
35377 31766 25814 47300 31439 37219 49736 36225 57132 20583 28456 50467 38312 35457 51159 40717 22690 52499 17590 22174 15996 57724 31267 41782 47509 52507 39040 47158 38989 20818 27691 17660 34052 60287 56709 29929 34330 54532 28910 28509 32238 33600 18119 55224 43746 10131 39791 19802 10070 44892 18244 27555 27047 17405 48810 51699 17465 51924 37375 31658 25960 25922 60834 4136 22423 28841 39412 37582 33060 34404 31573 35578 42098 31705 37414 31756 24541 25187 31429 25959 44489 34660 28051 49768 25746 29757 48880 35440 46747 28236 57149 45279 45634 30451 56025 9493 49642 19345 23074 21107 44015 58758 41340 41046 37557 31281 37189 29218 29849 31476 9692 42804 11259 38189 30626 39660 28477 12862 15095 42157 20670 30598 16444 38868 16094 18020 29647 50114 33789 48186 24081 29655 50811 12903
41826 28531 34999 15946 33827 31223 43283 12612 23730 53953 25070 39094 9584 13617 18856 48638 29374 22698 21152 9855 29946 28808 52025 37781 30854 11310 24015 33442 26049 46844 37061 11527 16650 47184 50810 34850 10946 54155 15694 50517 24393 43021 36768 20990 46848 53559 46035 22399 42565 26215 31811 15159 48505 31485 38739 40582 43260 40540 3938 24267 45359 23520 51920 38248 47729 47852 35836 38843 17696 48864 29000 30502 28064 26394 29971 33032 27727 44795 28093 48833 5516 36323 36262 30128 22968 30515 58158 42807 17715 55881 55476 37044 32862 8837 46234 43912 53143 46921 39231 44308 37695 31732 34051 34486 51126 53222 21062 58833 34141 36480 14184 46017 32915 36640 50888 5608 35254 42279 61128 60839 36138 40949 31175 55388 37708 19178 36389 44905 49278 28007 11842 34861 21790 19145 14462
46087 44429 41587 59192 49241 49708 12228 20690 30338 42841 43548 26539 23521 36214 17628 31267 12760 49377 12130 12954 30149 43515 5391 38768 24842 52516 40259 35588 26886 51901 27486 19384 16153 24357 40640 29676 20642 25274 21193 31229 18179 18912 40665 12367 34714 9461 38480 17726 46024 41048 51342 17197 10479 33898 16628 36986 32874 46475 34528 28552 36767 13340 40370 32435 26601 40059 33997 47199 54954 42761 46990 29416 25923 43046 44374 24753 22802 4147 55685 36888 13177 27535 43899 27520 12759 25240 36505 14661 52620 14770 27196 39883 15351 20795 41416 37231 61050 9618 38042 29841 37491 20248 40466 31635 37188 33325 38291 14548 36940 36658 20090 39604 28906 25221 38952 27539 53376 33927 48637 53713 34925 39320 34649 20429 44560 57881 47005 17385 37578 14952 36391 26756 17404 6886 18007 54270
35588 38900 38800 30902 27973 57840 46382 9487 44059 17724 52884 33637 17640 10807 36642 6683 28941 38208 40502 52112 9704 9912 40753 22052 5339 39679 45427 21558 43844 19062 28765 48169 37509 43387 29517 24665 12285 18543 52643 28457 9484 54194 36546 29432 20241 5029 49670 53798 18286 27815 28370 53010 58241 24342 39046 34846 13484 34646 16000 30633 34894 40389 23585 29715 26567 30402 26825 44988 39030 33454 55257 14596 39869 19945 39087 31306 44794 32980 5803 47600 52110 24525 14639 6741 42714 19253 25498 39385 45628 16236 30028 37596 39703 21715 51622 15294 19143 16329 47110 42718 26286 20652 37837 17054 20525 29664 44123 22877 42146 45506 19728 37243 48495 11956 48461 27992 45043 11028 16495 52052 19853 33603 38361 26062 41887 12194 63722 21288 31624 17551 41218 34241 23207 29292 16770 19449 33374
34199 35272 20528 28683 58993 9525 39110 56592 39258 47913 34842 16076 16051 28420 56462 50847 37595 24614 45186 25064 28208 43503 31315 47625 17686 25535 35941 13408 42987 41206 38164 29262 17166 28916 40643 20789 24288 24346 36816 27248 24513 29382 10910 37733 17938 44888 36233 23919 44593 37939 13045 38384 53375 40116 28990 17993 33116 49212 31431 46040 12585 29227 24046 24575 27717 41441 34070 34845 23310 15039 46747 9618 16872 42018 5345 60861 33073 16750 40517 53760 38216 29184 44327 32697 38542 37176 30697 24650 14691 30329 37098 39186 20008 29984 59018 35696 16699 23694 17193 21702 39677 30755 52519 52851 32718 36671 34531 36310 12303 25923 52927 25680 34846 47501 24346 24386 32860 51069 20052 51210 44330 50806 36556 41995 48870 27092 28389 46241 33266 24826 6395 30510 24237 22344 37745 42259 22902 29724
49318 13230 37550 56023 24314 21601 50869 43737 35020 29834 19948 32643 46207 48523 40113 28723 46191 38083 17253 36937 14079 39826 28264 28456 18062 44887 26139 38956 51580 26996 36573 37560 33320 40775 26892 25132 36596 25138 37132 34278 27199 32660 48955 63815 27241 32973 18424 45999 49618 43836 39844 43135 32474 32835 18079 50965 35808 15680 61770 31441 12102 23444 24579 11029 35691 37024 29483 15168 40623 52674 42786 35506 50034 49245 37961 62668 12308 20941 28415 20716 30452 42868 34722 29299 34420 8883 51862 43201 43251 24808 16440 48950 34001 47989 36074 32051 40046 18361 28938 42517 20010 55059 51449 31039 21604 30437 36120 12816 50558 28814 20933 34792 5079 18797 51042 44584 36303 49892 47693 21550 24006 23121 4839 42331 35356 18710 54672 18703 30000 33938 41641 25258 23908 15909 46737 37260 23832 25390 59814
