89
8136
28152 37328
23065 38868 36900
32035 5576 21704 30320
25998 36680 22018 6971 39024
32503 5859 21733 40745 47412 36555
54734 16152 44640 12571 44118 31135 60123
27953 17116 35868 38662 11885 57282 28656 30527
56369 42343 23164 27623 55772 4651 48414 29022 34510
32878 17721 40965 48744 42640 23593 44091 22536 5872 10064
58974 42767 16368 2063 47826 31453 27631 39876 12788 7890 16717
15313 61478 23119 49770 32149 13766 28849 19878 45679 24373 41307 40288
26561 25812 10156 51194 26346 23297 47876 49107 46409 29214 3780 54091 37952
30345 21066 44226 33069 20643 45303 21144 46450 33996 21035 10028 9838 45925 22854
59616 34177 6349 26024 12820 16394 36194 37553 31013 32619 34184 30657 36983 43266 37277
10296 42598 24112 24064 45942 17749 31831 45842 42204 21410 40146 30003 968 5040 38151 9412
21402 41947 30289 24099 37813 32391 36370 22961 49014 31248 26027 27598 20030 18649 49786 34011 13165
31040 42465 45367 24163 30120 19775 39232 47745 33901 45556 33114 12068 18419 35167 18915 8112 16023 17634
61242 27522 49849 37339 35264 28154 35515 55724 19925 32379 43260 49588 35802 28770 35804 11090 45101 4880 32187
13288 49967 45541 9465 46293 26944 5185 33781 50040 25281 32133 30993 12594 35856 44303 48812 35684 23950 56895 60198
7020 27548 18552 28894 26285 26264 40726 40503 11907 39652 37244 7565 28752 28895 19210 30019 25973 27880 29470 34744 33616
44896 11545 4940 31555 29863 39003 45662 47788 38174 53317 23377 27373 34083 27701 57473 29029 54551 32651 28753 28532 12634 39338
38176 49785 25165 50670 46414 33750 19535 35770 4922 35049 28606 28270 52550 25364 26878 28008 24017 57270 28781 33801 39739 34863 23146
43441 47076 41438 38742 20929 49708 44581 45969 27543 42098 27234 55164 58003 9496 20470 51061 40471 59005 37954 25565 33154 26369 43172 10516
27700 33028 14975 44923 14734 27366 45871 43889 49390 46854 14358 27988 21941 21446 10901 24968 51011 35717 43018 4202 24824 33955 35287 7772 27189
49536 25947 52156 42583 41084 3061 29931 21697 23542 35591 37450 45266 2640 11248 14391 29162 7657 29711 38676 52074 25889 42182 31551 27824 35416 15219
19737 33053 37870 29048 4354 45073 25666 48180 26459 40172 14774 52487 35971 26382 44714 37200 55512 43479 47483 45681 49342 31911 44173 38344 21651 29406 46652
23734 16566 39900 24811 25757 52616 33538 37624 50904 24425 44974 36550 55501 30394 9536 29361 11223 45017 25371 47389 36184 17191 25756 14438 34481 34052 8484 8943
23872 26065 35859 34582 37479 29165 38089 53054 25477 20918 9895 16835 18938 51600 10506 33033 31525 47577 32598 35693 59496 40688 35048 15183 16161 37174 41248 50961 26802
50443 40801 49426 35450 35536 22280 38834 34264 52963 38774 38225 30766 6565 44043 57423 15067 3958 23591 31499 25406 28855 27435 50151 49848 39366 39029 30018 26282 33540 8037
9596 39026 49362 46942 18164 23923 33678 5052 43021 30473 38810 58338 29475 25238 58709 21296 44697 22907 28958 35076 48334 20758 23382 10431 23586 31433 24669 53697 42740 17394 22676
8043 37799 22003 47193 43291 29847 38443 36877 33329 30759 9722 35856 14864 43190 25279 29891 23572 27812 26076 44677 28576 34384 33967 14772 30740 37916 20634 45748 29902 36967 38652 53731
24879 53649 24885 27552 46231 35322 29860 28748 25191 51202 21163 27719 55805 30216 47272 34802 34489 23150 40956 1963 53245 38803 15880 19411 39208 43991 33834 20682 16794 61850 40901 44785 42164
40764 31285 39591 6612 50972 14556 25674 62555 22428 48411 30782 33705 39707 9296 24288 37662 47097 18397 15506 27163 12438 15649 20914 19453 25426 54651 31393 30759 35468 40525 44992 43512 15526 24822
34157 39120 27647 8917 11274 30736 59127 42316 28661 30486 22510 26041 14735 49475 17732 40318 36152 32247 37208 49658 35665 20626 31372 33933 61497 22644 39744 21142 37966 45309 27089 54647 27636 29069 47267
29326 34697 11652 46610 19260 37740 29762 27777 15587 22526 20776 16974 57566 47519 19348 31196 35987 14512 26342 12679 20829 29071 41601 25523 31902 7325 31170 26300 6071 36410 58378 60677 26630 46791 54457 34028
28397 41635 15151 6356 27083 31276 33485 28441 20992 33222 37616 10783 23787 39375 52988 51267 64494 16038 38478 9189 56423 34988 17478 29543 26552 44097 12359 18728 17216 31174 11694 37768 20574 23961 35804 7399 44148
24603 38449 35749 45281 42412 37901 25121 29444 28333 18641 32445 17470 38780 29659 39896 12784 39034 53387 53202 34168 34312 38468 36106 17465 36996 30818 41443 44943 33872 42568 47289 50396 18891 19286 55279 15745 25940 36586
25060 36572 30540 37989 38136 59983 48147 31527 35722 48440 35850 24209 15357 45305 23439 22017 30893 10993 15107 29911 28669 19584 22214 51830 44108 29445 63289 25146 37882 47074 32955 50054 26982 28789 29610 29114 19186 44576 27754
27700 45821 15938 9049 44629 30695 10811 60630 12157 19472 46954 47426 25357 48600 26417 38141 47203 47006 30446 10344 6879 32708 57346 14305 29155 47273 22478 41929 41166 24749 20400 26752 34560 21040 29963 40551 32730 50066 12603 31197
25274 50994 43426 19264 33537 19314 49057 32500 45071 6833 37014 7510 46404 56143 62947 19144 55809 36780 34023 18344 24995 5672 36609 28759 35725 10530 8595 48438 37662 57084 34300 49827 44982 43541 16795 45312 38070 55501 38354 54443 29052
38276 32767 5637 29033 26266 47492 31086 48093 44654 47040 8007 29752 43874 11283 17391 47578 30678 33756 16324 43043 35367 26749 34602 54899 46265 48980 43647 22570 42472 43458 22050 15528 26647 34089 21108 36686 24996 27364 33749 22394 54514 45145
60070 6284 24669 59107 41797 20967 32329 23524 26131 32488 34066 39101 34672 5872 42779 25292 30653 36191 29378 15219 50009 20885 21098 24593 37538 52979 35951 18950 10748 27862 49973 44721 59845 36514 29977 32628 20060 37812 31867 27053 28706 55148 36797
22206 33655 45357 16702 60422 22716 29780 32606 35556 23631 28738 38013 20666 38545 28759 42747 38631 44002 15347 47415 29386 23715 38519 43411 46532 34098 16193 12910 27958 40432 29105 27176 25214 47934 25898 17184 39679 36218 52488 3001 22549 24838 55470 28239
38690 40513 13180 28997 37255 51594 34000 30458 48290 33602 28683 15822 51669 34761 5261 57376 9854 44928 36279 21587 31743 61125 62183 60611 12215 22009 55165 22483 25350 37244 51932 40930 62283 27055 22624 43856 31208 17137 34668 15484 19515 40352 23392 29128 31654
5664 54170 50579 21896 25807 27515 36413 25409 56844 39523 32294 27184 29240 54195 9134 27575 44467 34505 26932 42292 47326 40709 38170 36872 22551 33737 18879 57748 27583 39028 34179 35638 28726 15462 41670 47697 32221 19200 22504 22593 51475 39840 14152 35432 41526 33191
44872 45607 30122 52341 35399 27868 19404 18282 61093 5097 51454 14823 24258 15533 11678 26441 47358 14471 22029 36595 47032 38105 15020 27716 29010 39682 28633 46748 22571 53345 42486 41308 15011 30296 43361 23522 49946 35397 25211 37263 30704 17802 21924 27075 48004 40326 41789
34782 19512 17305 34725 35648 17516 9506 23354 36681 39549 27523 37472 43865 41167 31770 48501 29392 34238 30792 35032 29966 21421 15727 15594 15732 28922 58602 48651 21344 40968 50207 35996 14898 32563 27753 50427 29005 35039 11050 8073 29710 37736 35267 28838 47574 53553 52626 43187
46597 20632 30713 21519 22523 31744 18007 39704 35609 39365 12812 49714 46780 19531 28791 43451 48712 37359 62202 52754 33050 50449 59123 18328 23186 39955 46532 19117 41491 43348 1228 10162 11002 23348 46442 19205 17576 31763 25856 15623 47741 45649 27885 41496 21465 32845 25232 47769 54301
50281 5962 25320 31399 47364 39036 37734 33495 29822 44932 24692 42000 26934 25029 31344 37294 25999 28827 11708 31508 37861 22888 25271 35746 31387 54669 40384 60086 31760 23144 32568 15281 22180 6491 50047 7667 42166 32708 49910 44253 23721 46853 29179 32717 20697 9341 24815 43555 44969 59788
15410 15170 33656 25489 52261 48774 45734 11246 29991 47954 32658 38913 46998 13574 34974 47404 45014 43776 51241 23758 38469 39073 38035 35911 48962 62793 41020 36086 6958 46169 31108 24637 13929 50479 35530 17274 47444 37675 6768 45070 26701 34223 51925 23386 41909 32794 39513 46780 26604 25036 25436
28567 19795 34342 23614 28487 34889 50310 38750 23342 26924 28749 33566 5293 56416 55515 27101 47394 27202 18832 61947 41455 14132 35277 40408 25715 33684 23791 19412 21005 11203 33369 13902 30751 43042 46442 62376 40968 36111 44418 30273 20263 35564 40450 35961 50910 28183 46664 24752 33931 7921 41397 31046
16784 41434 34729 47258 29516 38707 35716 56590 51999 47963 52390 33026 46696 26288 26223 39635 24201 36246 28735 31973 43232 16491 32118 21908 14030 43918 40308 44867 26037 5984 23450 28752 20208 26689 48966 23326 18405 40594 19416 36361 57839 22193 32947 33653 27248 18687 22836 37310 27337 18908 19644 27463 43096
18857 52907 40558 42111 21701 20065 38294 40093 37774 46911 38683 35346 51816 28834 50529 8765 22961 24046 7877 54912 48584 56960 32167 21561 36622 19896 39017 33994 33251 33529 33130 36242 26280 20896 42762 20464 10683 35086 21417 59718 54141 29859 44455 45811 34894 23487 14179 49750 34959 33219 20287 26832 45214 9741
12186 13250 30940 33789 28372 27786 30122 21238 32588 39051 22374 50772 44901 31009 27250 3450 43387 2990 38701 54216 29681 35219 25078 16540 28966 26670 27438 30551 24442 22753 28469 38745 22860 18698 18028 15363 21759 57867 25905 31923 42223 35139 56293 27849 30591 24594 22248 7080 22286 17367 40603 38060 43516 19956 38749
24376 45736 21447 49548 32428 36724 59058 47500 29286 15039 21524 14267 46535 2793 9549 36984 16431 45650 40892 46116 34047 48986 50371 12063 29589 40032 20928 10698 30545 36806 16404 59523 30613 48107 50464 19371 22464 40751 53826 53154 30514 5106 38109 36041 12620 53396 30285 46975 23916 26484 39924 40994 52979 18164 59187 45846
21825 14707 30056 30904 48054 25937 40949 38250 51635 19694 31801 18826 49813 52906 23443 29049 26047 42212 52069 34200 61072 26110 38158 6725 37992 33879 48621 57314 35496 52815 34660 41677 32942 28230 61137 19303 41435 27292 11670 24080 38287 9648 14610 31529 32554 24036 17061 24337 32268 44440 47022 57894 11669 35625 49551 30924 42277
18683 17830 13153 30748 38250 25940 48708 13786 31449 32251 25046 27072 24486 43254 33399 6956 34356 48043 8328 52606 3295 18293 22631 32793 60939 39350 25205 11866 32788 15311 37650 20386 30045 62238 23199 22353 56388 49413 50555 46279 40748 25315 31748 21349 33905 21016 17054 39560 44663 17411 31143 60820 39835 10758 40318 44006 42557 45439
18052 12510 33983 17360 10521 21471 18816 34392 38302 26694 58080 23158 30833 15732 39743 23948 23027 40649 6397 26873 24196 21413 24185 37404 18053 8041 51733 43606 28244 16755 38448 16136 20050 29987 55594 39312 31456 29148 34146 16209 42076 60154 59707 29095 38696 36832 44817 44532 48035 3054 23879 11673 5676 34434 54844 26100 50980 41725 55376
34919 2795 32959 32226 33360 14818 15145 48469 32017 51303 59801 26885 24073 18139 40815 12117 50840 57758 27662 39588 37917 57617 23250 4434 57338 10643 29470 54718 32653 15234 14418 34378 33848 45890 43468 40277 15194 51505 49901 28991 11859 53678 31509 46184 8834 48410 50597 30000 39241 6101 37371 40438 20486 35392 19319 29980 16410 22713 55675 40193
40678 25505 40806 5125 24008 10072 31896 46216 10787 48191 19570 46314 27987 22197 58962 42890 19642 50968 40345 31434 43449 31180 16807 30985 41390 30510 40412 18599 36347 25504 31129 27652 33791 32640 6203 16768 54553 10031 47397 33658 36523 54030 38838 18516 31252 38779 27470 33389 40115 42200 59214 32805 14314 18307 47892 27612 51479 26589 37377 52210 35228
35398 37749 33478 28376 53023 25296 20154 10795 29383 40818 51758 43252 19868 58555 27519 38037 21506 51723 34065 21100 5719 25282 50496 33754 16634 48704 13935 34369 40012 26598 48892 29436 3245 26386 41290 40817 4734 48932 31669 40187 51741 28543 18593 47356 60395 62336 24170 31957 19528 49800 28531 44516 23445 20471 35354 52619 42545 35629 39106 39209 21626 24459
25031 2590 43732 46190 34701 54729 35229 27962 34929 28044 27956 26956 16083 32453 28154 33796 24853 29398 16463 5317 33174 28446 13460 28396 36534 21756 14119 57818 53973 49618 20585 47343 29779 36607 42170 15243 30095 20962 29819 11535 46315 23516 7178 19673 27846 14926 37832 22089 45952 46742 28694 32962 31608 54807 24914 32672 37649 55853 13278 33350 42151 49210 20505
46100 46749 49567 14946 15464 11090 21434 37658 48803 16678 42989 38561 23077 37496 11158 7512 43599 38315 34839 39837 50815 7451 41679 41425 49685 22315 40222 23636 11380 20026 21603 37767 37112 26792 25088 43977 63236 26836 6995 42360 25080 27936 37310 40184 53554 28651 37536 51879 16403 18325 10073 33508 9723 9854 38216 46608 30283 39686 24015 28811 41057 36748 15948 23222
36765 19058 45088 47343 11105 60951 26796 60311 55052 30939 55630 28430 61950 17694 12137 23477 22424 35136 54361 26091 24376 22432 28032 24078 56383 7840 23615 45186 40461 10399 15860 26020 28674 39933 27649 41430 39295 31514 31685 42358 56801 42070 16031 19685 31883 21008 16881 36996 12508 6826 20250 33969 12852 28803 27513 55758 46068 41467 22640 23609 58746 55666 37725 29779 29223
40264 21922 42620 33115 53212 38046 37653 46710 44944 33201 30333 12504 54980 2618 43282 35809 15317 55195 7992 24305 12583 53042 26957 15720 25878 37472 13232 46758 25093 32391 18114 54796 36434 11522 34531 8952 44128 29495 62580 41162 23179 25217 11219 20197 37687 18498 25953 10406 44224 44507 62846 42350 55689 22698 19595 47261 42992 51729 30439 53651 33368 49007 40176 23473 44829 12836
33546 48724 20643 22415 35219 23776 25927 41234 44266 38578 51049 15371 34160 18218 11627 37340 51077 17835 10668 18404 50058 26002 43660 49026 26077 30272 31339 38424 14047 49941 49065 42245 23280 37745 31909 33192 37489 43701 36801 32098 47552 51263 45916 42388 51518 10095 32214 50076 21836 32680 57742 23773 36424 33862 44263 12979 49300 25772 35389 17024 21647 19514 32755 17829 20120 25166 28776
45440 53008 51785 6652 14195 37463 41867 38670 50396 28878 35189 24065 33565 24275 37733 49457 55189 27847 21691 28417 25508 50954 56538 29136 33961 13821 46878 45054 54278 40447 27370 27626 42777 32622 31646 50166 36676 30382 26776 45697 23014 48157 11577 36331 36959 9242 49377 34964 30734 40710 38641 45276 37461 14657 7879 28962 40082 39724 17347 36808 36902 35109 27975 44845 41586 25485 32434 19889
17620 9924 22372 50612 9391 27435 21182 19862 43871 25889 18462 30646 32326 25860 35557 45686 32453 22328 27251 51253 19002 50202 45608 57171 47623 20492 43365 31280 25483 47980 4999 30508 6181 25243 45041 37030 58679 48634 14850 56576 37920 25063 26906 20121 43583 32452 28826 13265 26870 24815 32736 14088 19875 28873 49741 24222 37288 45746 57153 36082 43620 50955 31260 32870 18743 27187 12862 54106 56192
29832 8967 31787 35489 23150 25559 19773 15352 11331 34830 62700 37094 38502 40716 32155 26317 24888 13362 19880 22280 28953 20190 42870 46845 50794 29296 10593 38919 32137 7755 52685 18312 52951 52684 27414 20193 36532 30804 13215 29552 44417 37187 13766 46743 47005 2041 56302 21941 21862 51159 27763 51754 19264 14394 2489 51541 31113 48262 45597 50328 56480 46104 16383 59729 3302 31312 27073 41186 48827 26257
16834 37034 49792 19512 13922 39432 33939 31398 37377 23134 36181 48443 31487 11019 33062 56151 29627 41326 8295 39003 23191 36584 51062 45989 27122 32986 28340 59541 14380 16546 43650 28302 47012 54179 11070 30956 14013 31545 48458 14098 24531 46278 18693 21600 47433 47531 53966 30772 42366 32582 31494 17903 58066 46841 32269 23793 35748 52770 13380 22683 38487 28195 37385 53323 21831 31835 42941 55137 30423 39466 8640
32064 34150 42223 51315 19780 59220 13836 32821 20176 57088 8927 51556 34116 35532 31946 16484 61438 25879 4396 40339 35423 17473 26981 13648 19399 23210 19156 30716 42903 46770 46811 29175 36141 49848 27352 19362 26601 50462 24620 51547 7981 24643 52280 52099 5720 37511 41050 52858 44234 13898 2549 60065 48612 33260 29285 21591 8452 34764 32524 56314 43403 13900 4427 28142 42713 22475 18048 37520 25678 37545 30733 28226
10571 26950 15185 16738 47405 47618 25003 59473 21335 16188 30845 23408 45864 36694 51494 44829 36864 40111 22789 37818 40256 46503 27004 21925 35398 33950 30697 23871 33395 36852 48558 44776 44327 14856 45098 27393 44482 16700 32957 52713 41892 49136 40134 45054 43565 11393 44455 34212 22717 22867 39102 24377 17076 29890 32620 26908 30578 35121 16147 60334 33368 31998 61710 52047 27332 37516 27331 2144 13334 26679 48525 16191 23985
30819 14030 10317 25330 6508 24551 38890 47930 32181 32310 32375 23017 45980 37661 26707 44639 42372 56315 32220 9213 39369 53808 33654 8736 45775 11035 55679 35884 28403 22558 31830 49534 43157 34455 33884 7542 5655 40936 42481 30583 18904 18800 45430 41694 45624 58510 37705 28428 39319 36516 21451 42849 42581 41233 38748 4925 23249 12596 7773 30209 38253 36974 17708 36619 37000 52256 33834 6587 25218 44456 28600 52596 32186 14953
14388 56722 45203 46015 43520 31096 42345 38668 44411 19590 25247 7601 18180 65050 19092 48396 5884 12693 39848 9855 22979 34391 28730 51048 26554 38849 48813 18729 13631 32049 22877 37153 21171 51719 28333 49328 27766 36262 35068 13621 51945 54122 36522 34834 53867 8886 16918 36517 33626 32490 16802 23120 31258 59236 34733 14450 28425 55173 27287 45675 46726 18093 40128 36250 16626 10301 11400 19297 39597 27539 33870 43294 27672 31759 27252
41010 31121 49427 33113 26110 41849 7678 18269 27616 26160 29232 38624 24379 55831 6410 9794 10603 45965 27114 34786 28626 17136 47153 43554 37841 29860 21311 22369 12998 20742 34420 46591 42515 64632 39217 18524 33559 46936 20179 27864 39729 24071 26301 24018 31683 26854 40014 45484 28204 27731 42726 23237 30667 6320 47590 10109 23042 14939 33964 49716 37423 14773 45721 12618 22964 39710 27405 55070 42480 32503 20840 29202 43075 41375 34058 7302
19980 23412 41299 19671 49325 8410 48547 21865 25988 33327 27994 25752 56818 43986 16344 33991 34649 26148 49278 7252 31508 38277 30378 28066 36489 14934 26044 38669 21267 61685 3351 37625 38420 29123 26648 14274 24813 37152 28192 47051 30972 49005 37519 41330 57251 35081 17605 24346 21057 5714 28707 14111 51766 43948 31750 52197 31969 10613 52178 39881 23460 35852 16100 33067 37853 60370 45212 45677 36590 32039 30813 16878 29238 36972 27012 40462 40724
37375 54130 37165 45802 35393 33159 49579 34583 40338 47907 45543 45306 35923 17319 49219 33268 13026 23153 42782 34662 35232 47841 31960 35502 9454 40026 13264 37167 46378 45624 39529 23621 34486 11230 56063 59730 33265 46252 31733 61879 43834 62464 57258 27346 41714 36155 50302 34309 9593 8125 17616 45230 35632 18151 22275 37935 18549 39447 19827 5607 28073 44205 54915 55094 10028 36364 31890 46459 48479 51600 42496 18968 38049 26268 38188 27243 44368 59536
26744 42966 41936 20170 6723 53176 45183 38059 33005 27505 10172 45459 20182 49248 31208 39139 37470 20455 45923 47609 46564 55140 31886 32821 32714 53304 39367 21241 37487 28612 27503 38308 27699 10086 28134 42902 26486 42113 47501 25648 47768 53361 33475 8912 30712 20632 39398 14039 36344 34391 27482 61349 18167 36620 32636 39066 18773 50201 31406 30999 38770 47837 7502 21625 36782 17591 50109 27171 27752 28425 26204 30068 50178 33586 6537 44492 35035 34449 3494
50828 2387 14984 36625 28434 28618 40053 34347 21183 17056 26042 30548 39155 25652 35766 33517 58638 37608 16329 25941 22128 26908 61266 30442 34937 23853 17331 44048 37513 16767 41546 38181 34816 50286 11384 24200 30782 28765 49055 53402 28324 43946 29978 53179 29328 14520 41551 23628 34658 46563 55449 37547 11389 7567 25946 11065 56638 17944 20979 31318 37126 25057 25538 28771 47925 32584 39977 39359 19243 34992 47239 40648 11337 17525 45628 50146 17900 54523 48807 59755
31608 47263 20266 35778 11338 18881 37155 17224 46018 16067 28148 50269 59715 43524 35580 24418 41002 31204 18842 32949 42968 30915 18224 45239 19373 19713 56605 37832 21257 30973 8384 59977 33101 56089 58234 37016 38359 44468 12972 32534 19463 34606 55220 18980 23360 23014 22517 8736 30430 29759 29899 21356 20036 32917 43928 18023 36050 34123 46525 32624 23014 25792 34968 40680 55521 23892 21899 24879 43299 35174 35316 40614 26125 57177 53045 19371 42749 45449 35501 30879 32595
44633 23996 53730 32370 57384 9665 40917 12214 44374 31774 50903 6786 55362 13873 51014 16950 32590 25948 48518 42544 40153 55038 25077 49617 34627 5239 35058 35961 28908 25382 41694 31113 26676 17517 48153 30815 22394 30122 32004 29787 34080 28734 43517 21727 37765 27018 41829 32074 33033 21228 26012 19708 43020 55751 35075 40790 16110 59255 49657 19382 55310 41310 24796 9597 25038 26845 53776 31755 42637 23378 40434 39616 52395 21023 26852 18685 54920 25251 29508 51743 41604 24125
39283 23945 27390 53839 21458 16026 50776 34872 46783 9394 42737 34135 62108 17202 56105 35598 21447 51576 36192 38587 17057 58085 17398 25024 17290 46809 57674 57724 30435 59572 9150 51023 39179 38870 42418 32920 33376 24479 23939 46777 42822 22383 7573 53008 6171 4774 37956 27390 33086 8356 19443 26597 11024 36042 11008 24352 31217 24182 29646 9749 28226 39176 50361 52767 42081 15331 38949 42144 54447 49764 17518 13049 21388 41964 31735 48776 37209 54235 52510 18607 39541 49553 41542
36557 38718 22639 16843 35394 19480 32722 19985 28781 39265 39710 50549 45744 31608 35248 33367 32361 35518 42728 47897 15610 31635 18985 33306 37826 40536 18128 17850 25632 24427 27710 20569 52086 50989 34259 18519 41763 31230 23279 45075 32902 47167 12019 58863 13568 24142 49469 42058 19954 25740 19757 33156 38074 24410 35366 28668 36539 32534 43908 15893 32081 36898 24746 38443 24030 31453 21752 32417 27075 50086 45004 22998 5726 35550 38023 26154 38161 36069 41609 48636 21306 8732 30003 22447
31291 48865 41955 34207 28531 62357 16889 30255 54338 27800 24280 46014 34311 29259 34268 9388 40484 26893 15976 2904 29175 20796 35804 34340 37602 18236 28054 36719 52804 33643 24311 32153 11645 23080 22367 33538 30188 48084 51759 44554 43251 13519 42693 26896 33776 28026 55425 31350 32836 43571 50885 33947 21328 52059 21744 34271 28274 19794 25186 22690 32525 51321 51836 45892 28285 28975 25756 10276 25124 38866 33827 42404 15203 43206 30833 30243 38808 11368 36070 16385 53285 50970 35043 34206 31337
14650 44997 42330 26563 57129 16623 22932 9621 12616 30656 47278 32062 50165 2968 46343 29725 51090 12248 40191 52116 34941 37854 6902 33025 28439 58123 46412 52678 32704 50367 20064 42818 56025 23642 9364 16085 15553 18748 21064 33246 32214 42693 19929 39359 37500 35925 27051 60374 35601 36172 21530 39300 37876 14602 38793 32811 30086 39664 39510 47398 37927 14940 7908 39387 61496 39598 50063 45989 9751 47945 33467 54246 28197 38794 12996 33791 40130 9938 34317 35150 41551 56449 35572 58677 35627 42999
43996 21779 32692 29845 44833 21064 50254 10680 14119 37427 14679 10948 49739 34358 23342 22294 10989 56239 16948 35342 42863 31744 41673 39695 51760 3208 52558 23926 33168 28326 44577 41124 38895 16316 19875 12281 45997 22825 20532 53973 22313 20556 30261 19609 24773 30342 39940 23715 35552 55608 47618 48723 27610 16832 58512 43276 30226 46465 19468 53290 30699 30167 48344 58128 39873 32804 40787 36126 26615 36297 30684 30130 48876 37924 26324 49197 57088 50327 10395 35823 25234 35968 38290 29785 16389 38209 41495
37065 18869 17465 56971 29855 44549 47816 30542 12094 30548 22093 46273 19458 35842 12330 31555 21070 44654 40381 19250 17794 31994 45160 49394 42236 29189 46474 38113 27677 25583 46723 39774 37445 34072 30898 17610 35541 25568 32121 40325 50475 27302 33334 19952 44199 24524 32842 39529 43179 26033 44310 25425 40086 31413 31224 9480 26568 31032 37971 63471 26018 38810 25987 36965 28034 26682 37610 48840 21193 55674 32233 28540 58583 13753 50142 10974 28428 9047 15915 38224 14537 42164 33327 28464 34155 38960 24905 38111
37973 47146 26843 32446 41190 6916 25156 16683 25214 45853 21219 3208 35966 20181 31770 44339 20036 39052 56135 35725 21297 38562 43468 44022 17061 11126 23816 44751 16384 38250 42587 20599 27298 28382 29476 59724 24043 44591 27845 28082 45371 42433 30876 60935 30706 33776 47114 38570 16752 21279 34929 12284 39190 31148 33580 40541 34370 47610 32161 25134 3156 12901 35115 6093 43695 23889 29484 30619 23728 37146 17669 22008 6584 32803 50196 41797 21799 47306 29115 27617 32349 42354 35673 22570 32955 35959 35406 11396 50078
