155
57092
34499 36464
34041 27830 46798
39313 39390 24444 11396
36788 10716 40502 34244 32187
43223 48066 27761 23684 54957 30464
5735 37105 16188 47826 17800 27616 14952
40471 18357 10803 27662 25519 30413 29896 50191
31355 14512 57473 32331 32089 32574 28220 8866 13097
51287 35547 34036 36557 40410 36668 17698 12069 38312 16449
20235 24335 53666 20169 23181 38251 32679 22451 27532 29979 22935
58337 20965 19710 42322 26672 43385 6132 46263 17797 23081 31965 26024
18618 38866 20121 8708 43701 25176 35848 24490 36944 34200 24586 41085 35440
39283 41343 29273 5618 33225 54087 28448 39864 28282 42050 15539 28832 23399 28496
36081 54668 36974 47953 7610 30554 8561 15140 14574 28396 28238 19884 46189 16673 41702
32198 29206 24280 46873 33362 24522 9459 28359 48690 30571 23632 22993 16454 16085 14801 54292
50028 18411 24148 34164 11908 45196 22203 25038 38000 41623 39908 10499 13328 54254 4784 26355 30786
34416 35840 29566 30694 34812 50354 62085 30174 45684 26024 21478 24841 60343 33728 54147 21575 42404 40923
31034 38521 56861 42714 39148 39549 40705 29083 53881 32563 32304 50432 37313 36733 40329 53735 36516 49723 43759
46386 19714 14923 57406 30655 7356 50829 856 36464 6576 25059 26143 55843 43967 13100 26223 10170 34506 36168 28202
12307 10926 28439 29489 6160 25423 33657 30563 28815 51339 41294 34976 13938 48705 19318 16584 53911 29778 45265 50619 39392
59038 44095 51544 52523 23813 17568 35200 39257 60263 44244 20500 38731 29092 50106 29427 52191 7068 37940 21501 42999 24880 54562
57618 34929 34367 26978 37905 46638 39591 24532 29404 26127 31308 29530 36690 47346 19722 35540 34642 48057 1733 47392 33983 59202 26459
48414 15733 41071 31402 33200 29526 47134 39062 40373 29763 27441 25852 21517 39451 25222 20413 37785 19134 45823 38073 30519 30732 56698 48080
17863 8165 52953 6370 29227 19496 24570 52176 39747 4790 21951 16505 35821 38256 24839 44731 15113 33333 40625 39546 52089 4837 38815 54163 35868
3424 49326 30183 30674 17285 31427 26967 46459 37686 37560 25024 38903 26194 49523 57094 40486 45752 43982 44294 29416 31307 25262 25505 27933 19175 25328
26295 36773 15982 38262 26152 35168 31425 53022 24021 46382 45503 20682 38300 39407 41288 18264 41311 27266 37692 52138 24828 34250 23931 25247 32852 30372 57828
32022 30535 29680 36440 30705 35253 24720 56505 39950 51071 52068 21219 7759 35970 28490 33465 40850 32930 13090 35354 44217 6076 43470 37605 16034 37297 37422 21244
14894 31329 22304 35902 28734 43436 36740 35978 40368 17267 32316 44482 27494 14228 37415 54725 28222 16881 26149 30322 42777 27240 49431 36267 33496 34010 38363 42319 23129
45351 33617 54078 62078 23343 21595 47447 64549 15058 32729 34173 37936 21488 43177 29068 50045 30314 7595 17254 32494 15902 22977 19693 42849 37613 33738 27645 35256 43192 28326
35448 24273 32604 39221 7743 19342 25277 11863 10545 57549 27321 34028 47406 39792 31535 40916 59414 25685 50176 44527 56265 36958 49420 35357 17958 24681 14899 15166 25870 33111 17237
29746 33378 35849 48210 5080 29697 34141 20746 42258 39883 24117 31070 24256 26528 29551 31021 41920 20831 36332 24661 33522 24298 25229 35514 14136 41504 37424 8248 42866 14560 43447 38067
26238 52493 41472 43017 45884 38019 24557 58904 30862 20772 13404 42692 19795 20689 23599 36330 29803 28009 32836 35691 56503 36044 46461 23335 41237 41178 31928 34046 34917 42867 49879 23760 34185
43638 24760 33406 14177 16324 39741 57831 59595 35134 9029 45801 37031 46275 38319 31080 53719 31795 31581 34113 31546 9582 51500 29269 34736 33363 24577 10373 40473 28868 36022 56238 37205 23200 34865
35764 24644 46534 30540 33908 46534 33817 27372 56783 26811 21365 57326 31653 31747 15804 16180 36310 40574 26831 23964 36931 43788 34445 31752 19146 43149 21718 51030 20813 51680 7562 22632 33706 28136 46729
13341 36290 8066 33202 52052 26485 38286 27878 31471 54435 13038 29191 35788 25901 34434 38641 45773 29936 19240 28039 37072 43984 59328 37800 45751 32170 28460 45875 37216 43615 41036 33290 4524 15823 26110 49676
33916 36826 55074 49432 42670 17505 46746 22800 41252 19266 29509 28627 35004 24671 10243 30528 24151 35734 39861 27961 36566 8392 49465 23453 29463 16341 46959 22604 53244 21661 51513 34085 54883 5888 28023 36875 41774
2782 18183 45786 16187 32792 9417 13172 40812 37516 33183 25531 42143 43547 33896 8587 39862 31398 32772 22214 15759 33802 29523 31053 12044 4651 35125 35583 33035 48359 39050 39356 45166 26653 42034 48996 9747 50094 23309
41431 14044 19322 38907 29428 9127 51041 25052 28828 39253 19267 27536 25776 45255 14080 5110 9487 28379 46712 26096 37785 50291 49548 39006 40494 36461 39963 36382 48813 38314 22019 22032 31480 3851 19240 43798 25838 7022 41830
29712 6766 51125 21153 50140 17755 36030 39095 22874 39825 20331 33158 8044 57074 57498 25842 44273 23903 32045 26328 50377 28855 19970 30489 21973 32474 26619 20885 31475 31144 19446 65068 31491 24321 26325 53438 18663 14532 37238 26924
33663 40146 37051 45909 30121 11532 5507 26391 38469 38737 15533 34902 34869 38273 36635 26351 6744 28028 33194 40643 51086 28961 30015 38835 46775 32338 14004 34204 47795 32494 32495 26722 53858 26836 29386 35810 43172 48615 41770 34813 37977
35843 36076 16531 39009 60682 39154 25988 58268 34525 39962 29361 53482 35675 22342 12280 26411 47204 30548 12603 22846 22488 38182 22104 34310 49047 13723 19248 30816 20864 18834 34723 26412 31604 44525 20369 13644 14165 43914 45787 29088 35583 30539
36190 22278 34901 45582 34558 19550 19766 59573 37784 25738 33665 5150 29453 24170 57624 39210 45373 9436 42970 18618 9736 52928 9638 57260 30031 7928 46174 34530 3824 33891 14817 54074 11981 39393 10254 17813 23748 42579 31943 19156 27830 40087 49643
48085 32387 39821 36186 23930 32267 28183 33011 24737 41774 35605 51865 25132 29132 38245 9256 27385 47558 56295 21378 28650 38650 22909 43657 20957 29001 46342 34585 56756 31892 49506 54036 52301 47288 32113 33883 49802 29081 37907 40141 20809 48917 56360 43594
30060 34059 22672 50866 38865 29532 14379 38885 36186 34280 21977 20418 38629 33935 47226 44074 24915 33585 4846 30462 34181 25006 50196 34333 34905 19430 22222 47975 55985 14778 33276 33980 55659 28425 43132 23547 52584 31665 22830 50950 27529 48022 52980 55228 21676
22164 28846 11260 38323 16527 20794 28073 42876 14693 12152 53919 28393 52468 30282 40128 15576 21280 15503 6637 20011 28614 50471 9221 19392 37575 32499 8424 19065 30723 34001 33398 19252 10074 40353 50831 47827 29868 15429 30482 29236 32730 32669 43488 46649 13507 45703
32986 47041 19269 19427 43487 37803 18244 28307 24271 21209 30877 26998 25994 27176 31537 46956 36847 47741 46817 32597 15328 37042 24458 37905 21308 42413 29968 29824 52194 40520 17232 52098 42933 35688 25131 28663 29841 27114 46465 25791 52312 41648 27954 22714 54507 35480 34079
42696 16425 57988 17702 21961 19442 55122 16681 39068 16934 33252 55558 20004 30885 26393 14494 33086 53582 30672 55249 26826 14850 37099 31359 26538 44195 31560 12425 36030 44813 27593 21964 37604 54051 33612 37420 57596 46788 52915 22918 35304 33743 18140 60347 52360 28710 20648 21675
37818 48552 48376 60470 30302 47668 18602 22077 46934 16300 7328 33438 17793 46063 19896 44347 15295 2268 23763 24050 24817 48213 14034 26788 42997 55353 46227 60721 44971 29288 6904 55161 17141 11457 6879 24412 55475 46375 20778 35002 37827 17782 18103 9076 17157 41872 28776 52072 24923
41303 44827 26743 38308 40103 53170 44674 45760 32610 35595 7526 46991 49001 34312 33031 20209 24219 53639 28995 20422 27352 27242 53753 15598 32256 47503 21258 50505 48627 37848 28758 17335 23696 47651 29117 16152 6072 22865 27423 27212 14668 35395 15452 42034 38699 53719 37204 30636 37685 41199
57832 39834 39754 54377 29175 29402 43337 46374 53599 35916 49940 30727 23556 8914 31370 15850 47554 40268 28042 37809 24189 36504 50679 62010 35347 46486 14765 48743 51298 32040 2702 18710 29006 31789 34427 20265 43188 30085 34643 31102 24181 55313 29430 23799 20081 48815 47940 31346 32904 28735 24093
48849 18586 57251 25952 33522 18056 43963 59118 35767 58929 40805 33960 35327 24435 45441 60525 39593 46642 34033 55325 18071 14923 26772 3480 33446 34719 55114 57021 44987 34319 30707 43374 6832 27000 40303 55178 31851 45502 18078 24304 31174 43710 40544 49539 41894 27737 31637 36127 30440 23151 57629 56230
56430 9440 32216 21241 43286 18317 44198 42231 40386 35412 29799 36736 26448 33047 34810 56436 40610 35764 17986 25011 18583 22028 14876 33052 22030 55295 6760 43152 41961 21869 51720 20977 31494 56887 22492 33563 36935 20026 32450 52721 33930 19802 9626 53330 25777 20340 24390 46109 10650 37993 27302 12084 47142
43033 12952 33654 57654 57956 19964 32450 25000 26411 32692 31482 25182 9804 46751 24061 30774 23465 36253 6570 42001 36640 19343 44003 21200 38034 25427 7815 23889 35807 29641 34678 34934 24807 18387 34959 34077 19338 54865 53173 28712 53160 16929 38596 53877 48418 55843 9118 41190 45014 39225 18469 48217 4005 42562
25141 29104 4208 54302 23472 31177 45588 8621 10871 31110 16501 47567 20585 33221 21361 29540 23398 36712 52967 20812 25934 35661 58040 33383 37889 51798 35524 57749 6494 36193 36587 30134 45894 33103 33549 29098 11162 16129 18186 46160 55353 19285 34498 18570 39683 38701 47638 25912 25048 32615 42213 27960 9879 19684 55053
28522 28450 46213 44146 9904 19800 55080 19696 31210 24344 16815 11371 31734 20037 27896 35521 27572 53435 48613 62416 46086 43100 34132 49020 27595 41737 32807 37282 21987 39585 22332 23075 57647 29956 40821 54495 10381 42002 22960 35254 29405 42411 29391 52360 45825 33710 50096 48438 34777 21500 37173 51103 48195 47222 35901 9121
18207 24315 20903 21792 19279 33131 27221 44025 38834 26022 52004 50189 10024 23947 54521 34109 8337 50940 21678 41830 22221 35800 33577 40556 18620 8702 34116 16940 41278 35665 27620 42631 14131 21933 13286 44893 36219 6900 50732 35982 21238 33031 30612 47611 25220 14789 35072 32642 49925 33550 10062 28933 42840 42690 27488 28258 28256
31425 23061 9082 41722 57578 25676 34861 31750 50974 26343 24667 23654 42815 43716 48101 21242 34601 25797 30376 39584 30911 13768 47240 39480 6624 10927 30050 25764 37995 48216 27927 14532 40514 53156 43911 33142 31044 46452 34962 54682 29520 43686 10265 30738 26184 55324 31226 22461 14347 21172 14871 36731 23160 39759 28750 26157 19313 40654
28800 20145 38101 46607 55949 26599 19588 42484 39509 31921 37981 40795 26552 33775 39491 16166 50838 41087 6162 36403 34512 8513 21420 33124 17476 33047 40691 31127 26323 26336 55235 50094 41566 42364 26622 39047 30402 48075 50565 40196 12259 21677 29239 25091 58783 50946 31732 25702 31701 38314 31900 36107 41574 61317 39439 45268 54578 44915 34348
37023 23577 56404 32468 22861 51963 43272 52712 9151 33208 29806 51527 29907 44080 18792 21201 15723 16964 57046 22630 23141 34771 38806 21477 38050 36027 33416 52016 41219 44256 55950 20518 8294 36894 34440 32934 40877 43609 39252 34451 38838 47983 20946 38857 60771 20286 39652 30250 29074 15786 35689 28567 24869 43664 26177 56815 25850 34257 39501 10002
37363 35661 17003 15584 26862 49892 42363 40249 54989 32886 13919 20988 46190 25572 37879 28938 50867 22797 35105 40004 15995 38863 36029 33161 47269 41998 16813 23225 15891 52647 30416 28084 50082 45179 9990 35929 43575 13419 31023 38026 48812 36180 16427 61478 14823 47898 31450 38156 49346 35226 21532 34079 25634 37045 8913 20027 41188 13387 27097 35394 24554
42044 22548 24341 30226 23657 18530 32403 42046 9392 16803 42652 38732 37107 30390 41232 26654 33040 50814 17359 39827 8424 15320 28856 8842 26715 3492 5548 23013 6985 40644 11405 2690 18835 32280 47927 26947 20246 26238 21389 38662 54198 16086 37742 41133 52048 39426 42169 32534 30149 46818 48464 38690 24309 32852 7954 47538 24256 36152 6110 9124 6407 41072
33174 32218 32168 43227 49689 56626 51333 49497 19270 17037 33148 45259 6911 39628 31854 27151 47907 48845 22843 35845 16786 29554 33731 57743 20523 27033 46054 24973 38097 48676 28036 44765 18784 31217 32894 39007 13242 37346 34994 39157 42433 26325 28161 22398 32081 50604 25676 9946 42060 59205 27504 34281 37011 28802 20305 40843 17413 62017 42957 51872 52354 26980 22723
35336 17386 48841 37396 36003 53277 18258 53152 11601 41722 17373 55623 29426 31330 57675 17129 36966 41014 47229 27750 25740 27221 20049 33182 31302 47775 37801 31346 34932 32500 58723 39617 29172 12595 35936 29289 50598 22334 15745 23886 48748 33524 39332 33612 17190 53812 44459 22599 26290 28385 29300 39965 26608 36567 52449 23212 45506 29688 3536 27608 23303 60453 29219 29566
42655 20797 41656 24959 33643 35104 13425 29115 35913 34222 43052 11282 34841 50375 27339 25700 27069 20554 21804 47762 20501 15896 44081 39547 34303 45074 41145 15357 33371 54295 53155 8956 59403 25607 16849 8021 34286 42434 27680 52457 55012 60199 44917 37785 33229 37400 22698 42818 22921 1140 41125 34760 56568 47130 44096 33032 14074 44781 35936 10979 15983 30409 48610 26937 30263
43408 43432 27626 36146 27939 42128 44759 24128 29537 61308 31198 28737 31274 46922 57569 30228 19294 38108 50110 20124 15581 36113 20054 33974 45190 37064 30857 53058 37946 31971 34359 37154 25051 39488 34625 55606 40773 7617 55172 25180 24155 43076 40676 37748 48380 18091 53566 32608 25863 29140 44659 25856 35934 36512 49763 44850 29920 28144 25838 29910 60524 52386 14837 30926 52452 21400
45398 43513 31783 38832 34547 41783 27668 39371 17066 43881 6797 50890 47196 46445 37233 30603 34793 24611 59040 28912 7473 30317 15353 25559 45076 28459 48991 27938 50290 27963 10926 38319 10796 16253 50120 53856 32032 24787 23695 33811 9519 30748 21215 30634 22074 22584 37018 26115 36894 32775 35745 29696 40639 39529 50643 45695 39419 32318 19728 40546 26033 44646 15160 8327 45506 22977 13867
36304 31246 23343 28616 10011 34421 14736 9712 39241 27351 42948 41604 32059 34580 33962 15203 55247 34572 56100 21101 39399 58016 25106 21890 41057 56751 31826 16001 13342 34839 14532 37708 35327 48572 21066 26050 49890 42618 12228 21442 60329 46645 58384 34607 32050 11467 44558 13797 23647 38426 30880 8646 23054 18950 55973 39091 45857 27756 38653 29835 36982 27949 40073 39726 34543 34857 34343 32380
38762 17728 6839 40021 11977 30802 52507 32408 42474 16704 15411 47910 16815 35817 45789 62432 13047 36907 43001 22181 38561 53738 48745 40277 30095 8451 50444 36304 50334 39255 46786 31221 25779 41671 14955 49062 8872 28976 41703 18626 46947 33910 28438 35624 18366 43126 18904 2235 25758 29969 35341 53079 2784 52775 12949 30942 9062 25496 29264 11057 33550 45381 9246 38959 27322 32524 52959 32184 1864
57551 42354 9644 29082 13932 34490 26091 44687 43972 32148 41044 44806 47287 16608 49864 20449 41253 13184 18217 23038 29935 25684 13139 33343 4082 3642 39209 59778 39442 38930 5770 40105 34604 5310 21845 38034 38689 17182 35692 13854 54737 36368 31406 21038 39708 35956 28922 9632 35555 33068 18482 55638 38148 23319 26165 33326 30049 46357 48354 41225 13272 54791 51739 8904 42058 45259 38847 24649 26263 25665
48046 40558 26271 47947 22471 3605 23618 11465 39405 52256 19296 56217 48124 24941 33754 38555 33750 17118 41358 22705 17245 53585 3165 51386 55405 55720 30760 47510 11496 38081 25804 43557 13999 42878 40493 17735 30625 41661 48169 25052 32158 33632 41631 33476 25222 12869 33136 22239 52281 33870 21628 47373 27798 47705 25507 45102 33150 33095 17093 28450 21714 29177 53698 54472 15473 37197 48250 27650 39483 53285 31438
27568 23568 35679 20637 14000 31695 35804 19909 56290 32602 1661 52778 38440 30864 39968 31144 19554 34128 55719 50211 37230 53117 47088 28025 42028 3315 7133 392 28542 32660 54860 22580 35395 30017 42015 5466 46939 18393 44596 10459 58791 56636 35181 20119 45061 42826 13992 36462 23893 41955 41671 48192 24697 23782 42664 30702 22609 26676 34605 11607 36795 26542 30005 37977 32151 35123 36255 45272 17607 34467 22861 21169
46122 42462 52508 38341 50848 14531 18929 25077 41737 7476 40102 27422 40005 15632 32289 45348 45364 36406 37692 32740 36022 37513 27868 28479 34219 55269 34782 25365 7923 30764 19748 35654 34670 39231 37260 25523 39420 27901 38392 46138 56701 12614 34630 4285 34000 12282 32344 55578 28376 48889 32781 47410 9842 16418 32068 43237 57982 41302 21215 60435 1502 23671 18876 4765 40818 30561 38589 30816 27160 33783 23232 17728 19632
40984 8871 27930 55836 30115 26448 45007 20796 14970 36252 39231 40174 45180 26220 33098 54290 42376 44702 35793 14730 29568 36628 10418 48181 32835 40108 37839 30451 15792 55367 21766 45221 43433 44742 49208 56361 52749 30983 30021 39007 49340 31724 24589 45097 41877 26707 47216 6759 42107 23326 33358 31223 32074 56619 36232 40377 62436 25436 30204 32911 23083 52879 41867 51544 36347 27558 18966 19188 31030 29567 27002 33859 37309 35580
19867 40997 22895 17147 36439 30074 24108 39006 3981 34594 14804 29699 33054 33789 37447 43724 24298 50923 39268 32151 61649 22220 3340 39237 19123 59008 46880 38583 52336 21734 60799 31435 41448 44256 37385 46691 49916 9550 4766 42589 29579 8462 26909 37786 50035 44800 7016 13051 36504 35334 15198 9566 31958 39168 26334 30629 33297 28364 18379 41646 56871 51786 5121 35675 40182 38492 36194 33418 5730 27105 33231 17693 28232 34745 19239
31730 38025 57029 20298 48107 50437 35299 32792 34278 34716 20467 23409 18117 45102 41943 60212 22374 24220 42095 50498 31915 32453 40089 35708 59251 18567 33589 27585 13469 16326 31525 40945 27915 46175 21320 28140 34202 49715 34430 42897 24367 20771 15271 43714 18084 38156 50595 24926 29919 3538 41810 16708 36538 34642 32660 19543 42266 39277 45385 36979 13532 43011 15185 42874 9954 58100 19596 46925 20490 50721 49114 29131 28982 39272 39963 5332
14148 28843 5166 27208 15126 43976 34550 51207 33163 30368 32592 36848 31618 51475 13340 45028 34269 59137 34876 41413 27002 24651 2704 27503 23355 37070 30198 40645 31742 8302 45390 22950 22693 33544 20346 50673 27150 30845 3930 6536 38170 36013 23500 38474 43690 38776 19376 35350 26524 48319 8680 20174 29906 27744 19795 19025 59178 25149 26833 28286 49029 42548 47939 47415 27332 35878 46983 46171 49605 13299 31869 30154 35178 35195 21767 40803 29329
17566 14341 24329 39452 26940 18517 61080 35049 18230 21719 37874 13274 31338 22637 41209 31693 27321 31222 29577 11684 52228 35922 30084 33341 40488 36449 40139 40570 44297 11011 27453 37689 36997 14616 28346 23900 44155 15232 49442 26049 45260 24859 34901 33098 39256 33993 30258 28885 44543 44394 18586 57667 33441 36318 18798 27509 30494 34052 52877 5193 14166 40382 47575 19617 47914 36588 31020 61787 18041 15212 34411 19288 26913 45598 59254 3961 32518 11748
44588 56988 45060 38302 30828 50595 28671 31786 28697 15724 32469 41064 19215 43737 59492 27962 19248 57032 33936 31103 48733 38427 30518 34839 32373 31152 45111 34787 29016 40553 27507 37825 35046 34084 12490 29329 17151 39619 54300 38709 43394 47140 30026 41101 53840 8745 32819 22903 57162 35249 44213 14547 32335 35739 32436 24963 26943 12489 50701 8806 26106 28184 7841 30300 18015 42093 61521 33861 26704 41122 28410 40705 13740 39837 39552 50544 9298 47672 48832
8818 46629 36184 29595 36071 30977 37338 40177 34735 1736 45216 27298 49578 34139 16008 55439 5560 9881 64628 11926 35513 10338 38722 32921 54156 21654 10196 11894 20244 33045 45833 25614 34862 36798 10688 39233 13754 28274 26843 4591 47770 38675 14648 24057 42414 36733 20409 22844 45524 59795 52540 43932 50668 49972 16035 18678 29912 50751 40140 28971 32120 10390 52376 45083 19114 11288 40680 23974 29518 40612 20634 40365 14918 23068 35472 24590 36465 17503 25000 57515
35503 20300 22211 42850 30177 30917 22210 34836 49893 19113 14979 41633 37019 56024 18152 25321 10725 19249 44239 32972 34211 51607 35098 32810 50867 36838 58535 12516 48117 25600 13400 44760 24651 6087 55563 57831 23188 35095 40866 32242 32176 41426 49403 33494 18559 22489 25080 15479 26081 44299 37751 17075 11446 44872 21082 63849 40926 30832 34687 4218 28217 11875 1992 33734 29351 33536 37907 39725 46088 13352 22849 27279 25916 35772 28723 20940 58658 24475 24007 31940 16028
37285 4831 58200 10378 36794 27737 18791 34250 54201 45846 48847 25916 25476 39927 40820 33218 53498 18394 37682 49724 47610 17313 36333 14728 18535 34858 20355 42630 12829 31319 25554 29720 14590 27398 8894 14621 10987 38681 12324 14453 25027 42862 31717 24833 17254 45287 49633 19871 16820 13410 35320 50479 23181 7873 10250 14995 6096 51426 48120 52395 36702 63399 45473 18005 25368 56303 49379 7793 16605 37529 28066 30689 25229 9351 34747 41348 36360 34454 43791 38458 38189 39339
16255 31971 54750 10912 30952 43103 47610 29275 22318 38798 14176 38326 42542 30032 20467 42390 32201 39045 37263 7896 49631 33805 38422 27230 41552 26312 33641 56582 39677 7062 35687 14258 29636 43351 27632 42816 49287 17130 28388 50322 57636 50994 27171 38023 33148 49420 49036 34814 6511 59224 23808 31705 27869 40184 15457 47350 35751 28876 25483 29751 53674 40370 25697 20090 26314 35466 23746 21665 48868 51766 30349 32650 39385 7062 26532 46102 33673 27016 29158 17190 21460 51948 25394
27032 11931 33444 38250 53326 33724 32655 28269 35878 36633 56461 57370 40449 55440 24703 26707 29376 46082 32323 37111 25409 49487 54457 28646 13414 27735 44739 42751 38669 27898 33601 25637 43032 18200 29969 24884 28773 19090 21267 25614 25814 37702 38953 48789 26185 35093 27442 20133 49568 24544 7950 32288 44985 38788 12957 17127 21878 31717 53439 40665 17333 42209 53332 40918 30552 30295 13372 24510 22845 41000 43863 33905 48710 40500 36997 16334 26449 47195 27302 20406 33087 33405 27802 32266
42225 23674 30016 8361 55109 29234 3962 39283 35101 15238 29224 54856 38743 31829 32808 20743 51924 50301 18522 36754 22645 28642 34208 9160 24856 9824 40666 11144 29087 23515 42726 20661 33512 53297 56484 18731 31189 3904 10998 22220 10052 28908 43195 18297 18455 6418 39123 29969 34092 63379 59935 17780 62309 18511 14205 43650 37792 37670 18381 41499 53951 11256 36337 46622 35232 45734 43209 31852 32037 37647 25395 38630 24109 34065 13327 45931 51607 3216 15935 35803 51269 31081 20642 26134 53012
26493 58904 5115 16105 16045 42369 29548 25758 13014 25021 61000 31001 17372 39340 31342 41268 48540 30766 6593 28116 14327 54307 23069 23510 38605 45163 21860 54300 35326 15334 12663 11140 36203 53620 41013 41712 26866 30709 24446 26430 45173 25160 47410 37200 50130 28496 33585 9733 20202 43498 40794 38460 51613 18678 31630 16087 30667 44886 37295 26804 26965 27626 26521 18613 31256 47504 36655 32696 20984 32552 9808 39583 25810 53140 22235 37448 29319 27060 22194 19348 34551 47206 26548 38756 31234 53898
22464 45718 28553 31490 32952 50700 22378 41133 18555 26276 28039 56939 41192 5439 47550 31517 34785 16062 36848 27041 34629 15359 36861 51415 13556 20964 42437 58273 13005 12619 35112 45279 11955 30486 48646 21359 25218 11299 5184 39473 37916 17748 10164 32775 38243 9095 24643 43984 50227 37790 29134 28780 35438 20087 23602 19643 24053 30964 60243 27549 16551 9203 46863 41970 16484 19542 9029 30874 30476 23291 24534 39029 35455 42180 26786 24163 11420 27279 34185 53572 39748 22845 19051 9208 8280 35247 38696
46430 37303 32963 6048 36952 53569 44891 17332 27590 52438 29269 24387 43654 32341 37522 31275 56184 27552 50419 28752 47486 42646 10838 59790 43896 52502 20381 22985 17476 35075 11686 32991 17090 36921 43347 27310 37332 42138 37762 28442 51289 37895 43285 12800 43313 14431 37610 9025 9021 63362 26083 32445 20827 17232 41694 19540 31339 6569 14013 24550 37199 33900 31326 55636 46311 6522 12963 9341 45073 31412 36971 31039 31149 54777 45205 23422 46237 25897 7171 39703 12224 28196 18322 21483 26102 17097 37927 28123
32287 16634 52892 40132 19227 21142 45015 24714 19402 28028 23730 34058 11020 37775 26130 41509 16321 53931 51412 39867 36041 50354 28122 8620 16644 36741 43522 45017 46930 25859 48686 36384 30355 33548 55100 53347 45478 13184 36366 22144 18286 19519 26499 19544 49864 44840 54394 43467 55956 18972 12757 45753 29108 38653 18546 30467 38664 39847 52531 21126 34158 27133 57590 27942 41926 40926 4253 47808 34034 26409 21766 31541 26578 30144 37650 14949 46916 36226 39842 20528 35368 31822 43924 57463 41824 39942 27594 56088 29131
53897 28962 31733 36937 4534 15485 19180 50619 55151 47804 39902 34047 11667 50365 3755 27893 10754 40802 36659 18559 28315 31625 54614 36477 10561 30228 25844 25037 37840 38881 36334 37199 29738 21970 27682 38885 39985 37061 26481 40046 27073 38300 13244 29130 18108 40245 20704 38617 43267 19570 35521 13947 37493 46129 31037 10128 37106 20820 32819 27896 48730 36025 20356 13715 49293 15170 25360 23617 18794 7629 33463 26594 38610 57659 49753 35670 29350 40557 33238 9596 45765 55873 27918 49462 47375 34201 31714 38244 29540 32083
29233 34020 56227 35408 24537 7830 30638 24945 41150 40284 22884 9108 56508 26646 40612 56731 34743 37282 29009 34916 24973 55520 34631 35025 30236 10418 8808 44992 40264 38903 37013 47635 64238 27023 43949 53416 32495 35931 55696 34913 58667 39737 35870 57884 13698 56585 16695 19131 50132 17581 33466 39708 12290 28933 26248 38945 26091 44271 36482 29353 40301 28491 43143 18323 23148 23291 28279 40897 27845 16094 42546 28688 28761 38356 8599 39269 19721 34493 16008 26778 46770 25721 26340 5781 44344 11752 37002 18480 31864 36330 48477
36432 48211 56159 64313 26066 20649 39207 25600 47000 26970 30242 7571 22656 33351 52528 55761 35180 25422 42289 22170 63290 41041 45316 24014 47820 39214 20364 50509 55553 31174 35750 28406 17080 14841 7218 18602 54483 7591 25618 19531 22576 13489 29222 32693 33201 56052 33100 29899 29236 14420 30820 51564 46747 49326 27216 42871 18372 13283 5616 50382 35472 40403 26146 25424 53216 54878 29126 53468 54418 33125 31678 59220 49544 36550 29417 3223 43936 47715 29223 45700 5051 35866 16473 22269 59066 55244 53341 33761 32123 48473 16659 20240
40160 43169 56669 23145 62919 20868 39963 54223 42258 15330 8235 29982 45983 14236 14445 33848 38480 24720 24515 54015 44547 40607 48396 48975 51098 42410 9000 13066 39923 30094 37111 9233 20464 55855 12633 37955 29807 27499 23342 37248 34386 36129 4438 46504 28279 28466 33457 9883 33216 36222 35359 38456 33035 45029 44672 16992 39225 27207 41652 29940 25387 40068 50586 33747 25535 29308 8724 53469 35799 58384 61186 18930 47185 13599 36674 26865 12814 62855 4532 46012 44527 33068 45370 48178 52434 32746 21684 41010 39833 58789 36608 35231 37666
29243 7934 44629 38991 12682 28560 53302 31742 31606 38805 15651 31505 29660 55789 52987 15974 35485 9593 27550 23263 31641 38167 34028 53594 52912 28583 39109 36537 22466 43019 12552 60378 14000 23843 25494 44447 55129 55757 21072 34023 29083 38121 43797 36497 35162 12633 10181 21375 28275 32252 36416 18574 15559 30130 12389 52899 23607 48987 27670 12952 32928 44503 43826 11603 43494 16390 25496 25518 41958 8392 38699 26254 34433 42749 21447 45776 46487 21893 13134 45398 24840 56128 23457 46846 33973 37646 65183 33962 26748 33743 23080 51000 8255 57442
47132 38794 35804 34730 28251 31359 22324 33924 24260 24822 31271 36304 30520 10193 47253 34416 45465 38894 41567 32068 5059 26159 37730 11562 12185 13170 45954 32002 41722 3225 30364 32686 38853 27266 40081 29710 17372 45582 45377 17664 26910 46110 35980 35172 21866 44432 53843 33820 25250 51014 29300 9223 30373 38430 10449 33797 33618 39673 32072 60151 34443 49848 50106 19387 35375 26169 39943 50481 42014 51806 29199 41531 30263 8197 32178 22969 44637 33808 49872 36489 34412 32605 37194 36747 17478 34510 34046 22433 47565 31553 34253 36266 17629 10648 51096
33926 53080 19121 19004 47893 20255 33646 22941 23607 50705 25773 3481 48844 16910 27472 18959 26036 23798 32821 16096 32719 15529 30782 59372 26621 37638 37961 3347 42270 40430 33079 49717 27154 10050 22505 59186 38328 34017 7485 42986 13042 6315 49685 31806 30880 20608 41807 10253 51616 9791 35276 47925 13522 40906 43629 37274 29976 20224 9744 54040 29010 20928 35223 29587 15454 53741 19936 45801 5404 34147 22477 7416 26222 11780 30780 35236 18227 39345 27663 7370 31307 8777 23588 50763 61079 11692 23901 49671 48885 44474 28824 38878 45637 8275 33463 39856
15209 36694 27800 27998 31041 4260 29469 30919 46763 17950 50981 30153 60039 23971 34191 26696 14263 4371 14141 8225 27930 42574 53516 47413 34192 28467 46049 7013 43001 51620 44182 31374 42805 40832 29713 22164 33316 26278 44844 31572 25510 41209 28364 32943 8859 56405 45006 51845 16867 12956 23316 34998 28766 18863 17788 14115 35052 21357 12264 40362 37485 36278 50998 53293 16320 17002 42056 11914 61384 18281 19453 25762 11618 32402 44852 27221 12142 21958 43727 33667 55502 50919 34732 16397 14434 22481 31405 31696 35080 39527 42160 24240 12704 44168 37527 23690 50444
14355 15680 46399 33324 29418 35212 29871 54238 7916 18524 29370 20738 35320 46734 21313 48250 36336 32004 34338 34085 37043 45212 51007 50659 33824 21047 40566 50581 58905 20150 24488 30489 16509 32503 10933 31055 10540 42972 27517 38681 49669 31299 23008 18263 47339 37646 31166 11495 18362 31515 39672 38569 46164 42828 22892 32639 53403 30847 7419 36424 31339 15254 6534 38372 39846 43375 52970 38195 43565 26348 35083 46869 42975 34027 24519 21098 41628 32846 14077 27154 13380 49651 48782 44269 33463 40636 29274 30171 16340 22407 39489 19388 10620 39221 51747 24944 35216 31911
25056 38358 46575 34491 36184 29648 36985 10323 50284 45630 34574 48717 19195 13310 37773 37258 45283 34800 48088 22251 53768 26870 37326 12110 22086 48624 45902 42901 45441 39356 51771 47262 41879 47930 35953 18251 14438 36172 48082 42106 18386 42705 9791 36109 30136 19113 42391 10722 12793 26549 40890 36827 47221 39123 34440 49110 37132 9443 55265 42677 36766 32455 40356 7510 54284 50527 28082 26779 18997 50057 59884 47459 10743 61477 16433 44173 30518 28181 10849 19195 33231 35896 28252 35210 26019 50542 24065 18719 2707 49303 55090 22164 42108 53395 17358 27343 45890 29762 6580
43690 33474 22148 23239 42762 10973 20025 38115 23756 36723 24129 25066 46290 24676 13692 26557 33786 39313 11978 55355 35622 33496 53515 28996 30516 45083 53022 31928 57606 33080 34790 53367 52603 41488 34368 52832 44402 2691 33036 25684 24013 32369 56108 35893 10090 36283 9088 19423 48939 37950 38118 13621 50670 47582 38462 26134 18581 29304 14954 34913 49150 32237 16458 20984 4362 26653 4796 33978 35994 35048 18592 28294 28556 33839 42200 26942 58050 18896 38467 23233 31514 38317 47041 46318 47477 28580 53299 30119 2740 43926 21111 9931 51125 26979 23917 56890 46426 38123 48119 48595
33921 26126 25845 62329 21004 24748 31557 47368 9945 54438 19911 54370 30666 24026 55133 5993 42429 25641 16102 24569 32148 7028 22338 38900 47149 33688 40785 46395 31338 59513 16883 47533 54569 25077 38408 13098 50508 21483 7792 15250 46001 28220 2571 30917 62778 44232 46009 40098 19141 22383 8794 58634 57651 33297 35022 39902 20837 3214 50676 5885 41017 41670 25774 47175 16017 15514 39900 28060 35147 40425 52828 12507 51528 54929 35598 34790 45929 17014 36052 33948 26764 35188 47758 50396 30099 40815 42778 29321 21340 50245 37208 17279 59081 33748 25642 31136 32952 46592 13935 25293 56843
32422 19207 22757 42912 52647 37075 49608 29273 57059 41649 36694 16148 14906 18305 16239 31411 45964 29221 23538 32276 27322 16765 31424 36377 52131 32871 48570 23457 36389 42435 21183 33675 13860 54387 29615 36537 37757 23382 26218 29192 49681 13644 31951 36445 10689 35125 5312 45202 32362 43505 6172 37261 49136 38496 31938 54824 14896 31074 50325 36680 34059 43479 32113 47562 33889 43679 16696 48784 26642 43674 46539 29304 44031 33960 36105 5732 38918 16297 34002 22322 16393 36476 26374 19908 33766 20484 35205 32505 36734 36638 20014 56240 23217 33450 41698 16587 10591 36234 387 30504 35689 16030
28653 13225 23724 53444 32771 38700 50444 43740 53156 11923 47206 57288 34991 29372 30363 44648 24838 51336 2955 33178 39560 32984 20246 61502 33556 22666 58653 48438 29836 30848 48510 22369 54479 30104 37915 55711 38332 53427 28882 35537 13621 30386 42884 56789 15641 49267 55313 29067 17224 62168 61017 37077 27041 16063 8764 45715 24071 16650 30618 31139 55894 33431 15956 46309 9328 30792 37448 57147 36407 33531 23383 40836 30087 28562 19810 51360 17474 30443 26694 22895 61513 48616 30695 31953 31611 21863 37923 35238 29624 47690 41177 33486 29408 21871 19946 38697 40659 31672 38710 41367 10608 28163 17565
43256 20632 22833 27135 24620 56876 22051 26428 9746 43019 27063 26676 34188 4117 33999 25800 46458 33834 33865 41175 39098 32297 45318 11327 48684 33780 49127 25316 24754 10090 20938 27810 26412 34410 29585 15709 25720 51927 40474 38131 6006 43661 13895 32578 27400 59246 36086 54318 30221 20315 24329 46996 31589 48179 21854 6485 59889 37846 34007 46417 23695 51236 28242 37736 39455 55037 32433 1914 38275 51776 36562 45416 28059 47054 25495 32017 27973 49544 44511 41555 35681 38221 2697 42258 27345 27901 33399 21803 23156 36472 35462 52863 21802 52125 33691 30959 33235 33358 14992 34904 45903 40042 26699 31902
26750 36816 45478 41374 19520 56931 10118 36665 46453 38399 50888 10575 42749 20614 30798 40896 20408 13273 37110 28269 35462 29143 20898 23860 56903 51296 59184 32759 32218 33108 27266 46740 51234 29331 57463 44268 18428 32252 47598 23263 46152 37232 21449 33869 28648 42705 30438 47383 35260 17403 22567 21786 48290 31441 39018 32826 28538 59698 50321 44628 46374 14589 21882 40777 19590 8212 45062 24313 8312 57430 42262 17732 51164 51106 29064 30219 1428 12250 15934 24876 51327 32477 8214 17033 43901 42634 38897 41472 30063 42179 37552 54130 39219 33639 26929 63167 46505 55382 24662 30663 38323 17775 43261 3690 45105
30869 57352 16008 10241 11172 36437 22530 19459 42110 43206 63158 38681 46341 36921 33413 45090 47893 37264 44880 27134 8336 26025 31988 17293 23383 12646 46933 26543 27977 34213 30289 11588 25670 24392 40391 5932 23086 10029 56728 54343 29921 12854 12708 49013 58942 16705 25035 57238 27686 33071 33261 26506 53370 35553 29162 46640 26905 25397 23970 54890 38883 64269 15606 32536 51896 12103 21445 37656 64375 18628 12781 41290 45058 31845 13138 25744 31288 60168 32720 17354 63480 8591 35659 53718 21285 39128 38305 19860 16795 46533 10928 41446 34108 18740 41564 26027 27625 36871 8322 56259 20353 45852 38147 62223 38372 18261
15295 18029 45298 19856 40086 40125 40587 45743 35688 26849 26766 20368 10262 51641 9436 59669 24191 35363 30038 45085 26241 41215 34779 49543 17408 45359 5707 42549 18137 35218 26246 54020 35565 42248 19051 43225 30749 43633 40924 29838 49734 27821 53432 28425 26956 27292 53982 48420 47372 20254 10289 28612 51559 28947 24205 33734 32317 21339 36820 25100 1902 9430 25063 24436 24795 49252 34469 48352 21090 44261 15342 42798 28645 7480 52130 14144 39234 28736 35745 61941 31322 45274 56778 51244 35597 38374 45054 38599 36667 33350 31775 42660 38597 34010 18441 11429 32136 55424 42399 51624 27496 25624 12992 35471 21570 14980 39243
26680 30711 6820 36642 18308 25191 28502 54820 31060 27506 20346 15408 47750 46841 32242 39720 13308 13530 59805 22763 31380 8439 11611 26456 36655 33582 36877 17489 24238 44896 33937 31157 49647 50541 43463 40292 32212 12597 51857 20797 49979 10904 24015 17187 12038 13686 34399 44274 51731 8624 37665 54412 35140 35620 32503 3027 52599 22963 28864 12451 25486 49470 15196 11486 33895 49570 23979 30309 21732 42691 33421 36631 26083 34943 32994 34004 46150 19125 23434 29052 43243 40262 49509 31471 6324 31762 36179 21260 50303 44793 17972 47028 22829 18907 40680 29384 28575 11416 63054 23079 36019 33552 55112 20401 41291 17700 30902 49478
35397 46771 48502 43205 36994 26523 46184 35856 26851 46016 39022 64774 13382 17150 53352 39302 32653 35129 28468 35699 17302 17999 46002 34985 25923 34334 35012 21258 13682 8330 34121 47223 28933 47472 27681 37583 16602 16561 44077 51186 14803 29229 24651 51648 56526 54724 20315 38425 38573 16214 27711 14044 49230 52932 54743 49642 40595 61421 55041 55588 25179 23215 26269 10857 43141 37614 42893 28569 31219 26759 26800 28308 52098 30555 42214 31033 32279 10059 33551 28010 24204 44084 22027 46342 42439 34298 40122 50668 30882 32890 33276 41471 59394 13205 23729 22299 28868 33579 12217 32546 31690 40732 43508 49141 56818 841 42562 19315 22558
30608 11139 24444 38700 4051 27798 50672 13310 11248 18526 21679 45939 30664 18872 28056 34410 27451 42884 32396 35269 18985 50340 33133 34402 9331 45048 64535 45347 22006 9310 32877 10982 34454 34998 44110 32909 10800 28642 10649 43766 32933 39106 44592 36610 38357 28212 31730 32146 49568 34584 24766 13188 42983 42576 13942 22970 14472 15035 25337 34066 44901 24377 55334 13933 37980 55979 37855 23212 15182 40943 8195 51885 17435 52709 37490 19282 39587 12143 36107 36217 30406 15213 48561 44548 23652 38077 24128 46545 39774 35391 13466 6594 53138 38613 37537 15029 24801 24926 22065 25996 33580 48314 26924 21285 46672 42953 16755 10338 17969 19819
57573 30241 19117 33920 54626 47428 42915 20456 47306 23209 36084 56963 12541 44850 30336 35633 28634 30653 44071 56530 45890 24875 49609 1606 17686 33885 5958 26220 31541 26161 22654 34854 46975 30601 32082 41556 26580 38211 18849 38868 34323 34880 52553 30598 38942 34145 25646 31820 45012 44420 46636 3334 27412 36235 14119 15506 29633 40532 9981 18896 32695 50369 37260 40866 20696 20912 52920 21735 46341 33283 33374 44159 34333 32408 40031 38219 10752 23633 55451 43561 37518 39948 16114 12793 15783 10923 9028 8093 46378 24844 9586 37365 36600 33809 45403 54239 27890 50329 32477 23611 31991 16259 37340 19947 63719 32177 47669 30670 9890 29696 37833
21700 22535 33621 34425 35757 27384 30858 17954 28521 18772 35973 21160 32472 26874 25632 30696 58586 52173 36928 19907 30799 32681 36290 14361 48151 40560 50568 59082 57106 19971 35952 21943 48160 49217 9052 19646 23073 13066 14122 24513 27636 28734 24764 28318 20604 19901 42225 9526 37526 11622 29864 31593 26914 32026 11459 13591 14082 46779 5664 25121 35606 24613 26017 24164 8252 35643 48164 20932 23892 54748 42635 12318 21824 27111 7604 47443 18144 32062 34432 31043 40210 20928 45520 51150 28342 13644 56450 51413 32430 33220 44920 27702 15321 40199 16272 28115 49431 30964 36267 54666 21833 37741 34474 30524 60237 30289 33643 29385 8707 14208 18640 13329
50253 30937 34743 29428 51467 26687 23810 45906 21275 49038 20879 17676 12637 50344 23104 17408 57011 18799 22515 38927 33276 43967 38794 29978 28184 21882 20963 56062 41447 48257 44000 38303 51273 25267 46687 15579 14366 54768 28226 46225 29766 45080 48231 44194 43937 38667 30128 41198 14607 48296 23291 22869 41840 24272 39209 27063 40356 18276 51483 45556 34442 52291 28591 24044 26884 20301 32199 25984 31730 48738 20545 35983 41522 37729 12286 25335 60068 21548 53727 17564 36906 37538 54978 22874 31140 60578 52105 38165 47600 35855 10514 47019 36846 42693 21567 19706 26240 32422 40430 44262 21637 24979 17153 31564 40157 10603 27734 43021 44649 48142 11983 28425 41991
35676 35658 22560 50327 5429 28329 14130 33531 58232 45514 44064 32275 35846 39311 41673 32957 45248 22231 54027 33241 32645 34433 49354 9289 45621 12655 48099 14060 36528 52350 24631 13474 26325 47251 38311 17483 39046 17032 36880 14535 36258 41795 20310 4342 15368 32670 40790 30648 9627 59518 38897 50157 55351 56000 7431 63605 60862 16198 24184 50224 3089 60142 22565 33278 25871 40602 53740 47295 46744 34600 24495 39762 19084 15738 24908 34970 30411 18031 33444 35700 40244 37606 15255 23232 43944 32705 20485 55648 39945 21982 53199 38452 29747 51743 38610 19482 50697 32098 19698 25074 12138 31881 26124 27294 23093 16498 41473 9470 31820 44542 36017 31728 22414 38414
32252 34388 47578 13696 39363 34572 32018 13622 53220 27895 34581 43534 23617 21237 18882 5353 50872 32743 17147 25256 58154 26283 31903 60457 20855 9761 35982 30286 32127 35115 38055 12789 7970 34473 17101 48128 47680 49529 20700 40269 40634 2171 33974 51902 26734 54929 45117 42289 32573 21146 12621 31112 38664 20342 29128 32929 44972 52229 26511 24414 38157 29479 38017 42653 24329 39868 34430 21312 29055 51364 22374 52773 31824 10431 11545 27694 31580 38637 47478 28217 46723 39438 14942 33063 16805 25858 31154 48601 64674 22184 19793 43309 37722 31202 38683 13317 32174 34192 17648 47935 32637 23696 53423 34748 43173 36290 49210 52829 54538 54280 9584 45056 44168 5698 40496
47495 41731 26446 21597 25552 63577 34316 32211 37821 14440 23902 23668 39468 15124 33827 15905 46079 9274 48443 31929 35348 25531 63367 32284 12621 46455 52709 46122 43656 41294 34613 7363 58023 31520 5721 16838 45704 25294 39473 47380 24333 50231 23963 9358 6421 22329 22391 12819 32127 40888 43687 7043 38189 60817 42506 42686 21756 23717 50304 9635 40401 21717 44265 30228 48262 35326 45605 33264 27137 31748 21268 16150 51996 30404 47766 44905 28860 37407 49035 57541 22462 45557 25811 27916 26884 34342 55630 31263 31084 35475 63452 14813 18904 34586 51037 59942 34598 36765 31408 21722 19000 33786 28856 53209 38893 36882 13394 48386 24868 43973 31838 35382 33471 6899 43966 45399
50588 60797 20818 47169 24221 32576 43000 45271 28320 30752 5776 47352 33415 52218 12284 31363 37680 15023 13084 11098 34172 20511 35534 36188 10828 25642 19954 61032 48766 39601 16234 43104 27380 25490 52757 41251 50316 31407 38099 51856 19495 26598 23173 8841 28326 32536 37385 13037 34023 24613 55871 37276 21452 30445 65033 24693 35891 31568 29767 19803 19198 28974 24535 37418 39179 43112 36761 29892 27452 15580 32367 18187 41583 38507 21304 26331 35718 59638 24788 48662 24415 13402 42531 49821 49884 50299 19973 30287 18139 45367 12122 26380 26686 24173 19714 44724 36835 31742 21981 29479 37548 34250 42187 26180 45431 50097 49324 17900 6437 51603 23648 23552 25239 30544 22214 32351 4779
30920 15040 36585 6723 50652 16174 31614 22077 41579 18158 15869 36730 7763 24800 23624 31451 38264 51174 26686 14654 44982 25312 32702 22405 24817 17580 19627 52878 26887 11306 34017 33595 54230 33852 27202 50794 31042 25537 19119 54525 32040 36249 32775 22482 20329 28837 28714 25547 11237 42947 36088 31174 39548 31187 21585 1701 61198 55735 53268 25414 18812 58959 38434 21643 38309 27257 18524 35667 35687 23829 38049 42109 44710 57605 46289 43243 20287 17704 28364 3450 35091 1118 38001 13071 50179 17799 33698 26244 46060 56195 42558 57535 55474 17714 29220 50842 32306 11636 26935 10490 15437 27433 39251 33980 30435 33073 40026 17090 24020 40556 38957 14314 27905 40378 16043 42262 27720 34299
52660 14116 28555 35342 36648 34550 22184 35030 55527 6507 52608 3376 36048 24418 19443 52732 39108 13757 38369 11804 30373 25946 47915 15472 44111 8987 38830 13270 19365 36830 21326 31534 29318 14469 25064 42330 19153 5614 33629 61754 35432 36090 17293 18860 29482 28298 31320 50576 54006 30588 52127 42952 33710 20658 42816 24371 27441 36618 51485 34481 31582 45925 47380 25891 12823 43684 51974 28007 39227 19877 7891 48733 50858 24906 41051 41703 23619 38513 34686 37349 34793 35324 22556 11829 33656 17609 25110 50871 38098 15290 16714 22093 36313 53165 23961 33750 19561 52612 27364 41522 14948 28189 59656 45121 19883 54874 41961 22755 34845 38681 45925 29432 30618 44348 31579 33120 13826 33185 11180
45819 26933 26922 49208 25257 49938 9397 32991 38730 33146 24867 33153 33726 28238 14165 8702 34532 24429 11305 36406 11166 46775 45185 48650 43212 25100 8507 30041 24908 23371 18232 50177 25598 43094 55129 34278 27588 23308 62076 25316 24446 37196 42371 20191 21002 29945 26956 35253 33352 48111 8889 40772 23322 10256 41640 59248 29535 34621 42491 34326 36343 45909 21904 27415 39363 37432 17993 21075 45473 38342 30980 17322 40049 15327 55971 37628 19733 36450 17412 24618 57965 41776 31241 38675 10071 39978 44433 61333 37555 42799 64379 28052 51043 32287 27817 24813 5190 59098 30200 25985 29756 45887 30797 25393 36389 49456 49282 36314 13537 31372 34685 58720 26448 21810 29208 46496 20562 54021 37176 38523
18119 33249 25018 27601 52623 31656 52352 25986 37770 26171 9832 32623 29592 29561 12372 33142 62617 24898 5922 32633 18796 31094 29620 55638 53492 37365 19177 15086 38414 35998 36256 39969 53146 22354 39099 16591 24698 27635 46360 14553 22414 20573 38809 24604 28596 38515 24860 56956 4044 56340 40579 42966 19128 51999 51372 31755 24408 6518 17528 26363 14474 35064 58056 16518 27950 26500 24698 11405 16422 36604 26224 39662 41041 25919 35208 51083 10383 23596 51875 47682 40897 29093 38562 18164 30917 44937 18019 36225 53883 43960 40648 31177 30661 34833 53423 50092 24451 29303 30970 28426 44179 9414 41095 19396 44501 25824 48184 30136 56875 33959 44267 21703 58484 25079 16258 7378 37776 26290 44251 52662 27231
35001 39384 13143 5057 18923 38743 26003 26262 47144 41530 51273 58814 27984 41823 35674 49177 36675 28584 10918 53383 20448 18419 28173 40424 27912 55585 26991 56092 12444 48147 31916 26370 28795 30119 21412 19580 36485 30399 26168 17002 30874 39993 30791 43946 43161 44790 39343 38684 9316 25559 42580 16290 32218 23482 17938 35868 21210 9089 27853 3944 19783 13322 23139 34918 41725 29239 39602 25080 38366 44774 34206 45821 29643 42745 16132 15957 38563 33614 14021 29409 58438 22727 10433 27519 20116 10306 40152 28431 21357 24225 26346 28787 31920 21698 42712 36491 24638 20359 18561 37941 8184 32719 33731 30801 59837 33401 23682 56769 30573 24679 41627 37732 36584 36470 29167 37914 33293 60811 45663 34499 44734 19072
38856 15935 32474 56891 41486 47470 26688 52630 40206 41776 27859 43382 41129 53861 6767 61112 37055 18925 35574 34366 7472 47272 25673 50406 16861 31094 22599 27538 50852 37687 9424 42784 16231 14538 37828 36978 35844 18706 31491 11367 55388 52972 15468 27614 40015 33080 17888 43961 39869 49880 37185 13526 26247 41644 9323 48151 22666 23442 37185 25178 6570 54378 30114 46209 7620 40982 31597 43882 42169 32118 22660 11254 47721 22376 52934 34566 46772 17612 11282 31096 48507 34948 51786 11310 16028 37231 36685 13318 30201 31341 27898 4577 27504 35423 24883 12960 62178 46115 30167 28449 44079 38553 16582 35910 33591 31907 25567 47853 12250 23841 36101 38904 46584 23281 62996 44101 25970 50419 25838 27830 23078 38409 43893
47657 31733 29970 42885 24960 32448 46318 49920 39833 25188 21629 29639 36182 29381 32415 48057 51093 18369 35380 10422 18232 17719 31260 21662 29981 39688 32055 25937 42534 50452 28261 36014 39729 35643 21638 34966 33055 33117 25210 41706 28881 34650 30496 45449 61221 18706 40282 38483 27901 48742 35848 16168 18231 43829 42504 42471 18100 40797 31290 20594 8277 30402 50048 53416 29944 55616 26810 50280 20863 15035 31942 21909 11976 23313 16004 47627 61877 17952 39126 45996 27428 54220 41627 36953 55287 10226 40627 10737 24844 12915 31743 26196 39749 44847 21853 46946 34688 42502 29101 39675 37535 27352 50129 39678 38272 40326 27305 52556 21765 43503 12563 54214 33293 51185 36335 23627 14711 31600 42015 8379 33829 37961 49794 26358
22260 11869 25592 32987 37577 12685 44897 19532 33918 20918 30621 45864 25849 36540 15244 11086 22804 13436 42510 13985 29108 23255 36355 25341 43958 58797 30283 19012 28668 34014 36294 37463 4964 13387 12116 27925 54992 15314 25045 39006 26398 44885 22568 56850 23856 28338 28976 37905 48613 9674 47050 7226 31260 19581 25302 25710 28343 42667 21814 26255 25748 17461 40394 10361 37013 33016 30576 48143 37784 34008 18696 16176 31359 50098 42356 56251 15912 32103 19348 18322 50036 48599 42566 50324 56132 23778 19562 41120 49782 32361 32994 46488 8684 4682 12941 26971 36484 21607 31819 44488 35103 19614 42237 32961 32414 52944 40833 60453 18399 31453 35511 34260 43460 48293 12673 28589 21803 52232 35519 22419 26358 44262 14671 30562 26627
12064 35857 38140 52532 28308 32231 33347 30567 21283 46512 7443 13182 37038 1612 20302 14935 42770 28315 36565 45268 25139 6525 56711 42963 23023 24018 18756 39990 29221 48762 60396 30427 55990 59989 27487 36004 36738 48195 31100 7791 22633 15140 21540 55581 18763 39384 50488 54671 49672 14142 41623 39075 28288 40504 20001 37691 18068 34214 13750 41525 36387 53350 21301 3698 21771 36184 44160 36051 30512 30558 21366 15926 40046 30040 26102 12157 14505 6692 3555 22918 35775 42146 33049 41267 8590 32692 33146 22370 20986 49721 23783 14581 49376 12049 27967 28362 24097 13597 39010 36291 26013 28475 20528 38590 24372 42059 37513 30365 40646 50991 26956 34366 17460 30407 27226 35459 47965 32241 14228 46155 48159 21389 32473 8309 19038 6781
31241 55267 46583 8608 28420 20338 39627 25558 12201 26631 57531 34815 6618 28284 48036 24827 38774 7095 11114 28074 40540 38034 31722 22764 45167 27122 17669 31137 23435 39092 27291 53929 47506 35258 40076 37604 28773 37346 22201 38194 45539 29198 57600 24691 48108 22300 20291 42886 22624 23022 33120 51534 23839 32611 41784 53416 11272 47194 44203 29812 45820 25013 24985 38804 27613 17490 53731 51432 56455 5395 55654 17230 38621 29910 40966 28070 47294 28797 39328 23250 60425 32998 34325 18866 26272 35570 61765 42276 27234 24450 45840 1032 50478 47988 28503 10560 20710 51114 38392 33707 29545 39170 25301 11817 40598 45149 24012 28571 53327 31388 23230 47839 37491 20637 31115 11989 31458 30530 42515 38495 11131 40809 38966 26717 21025 58868 21460
18349 43184 21441 10446 33583 29962 56754 13058 38341 35089 25765 55889 42574 49825 46460 21148 1962 2972 35093 39872 47289 23011 33874 33185 25691 44885 47121 39965 24944 39378 41268 20243 13016 45882 10393 19044 34675 41325 41762 35312 47649 38474 20909 21911 53698 20402 24859 16697 33078 6022 59981 11446 42844 17317 61985 17390 53014 46575 27001 32450 12100 56388 11571 8465 43716 45187 34352 15033 20598 47246 43345 10142 23356 34372 14196 36764 45558 14212 48507 26263 26498 30257 13380 27757 15040 30759 32945 44284 38546 32584 29600 32808 37335 22901 18931 35278 28527 24717 44168 47567 40507 31344 45121 19467 47385 6398 54780 18530 34537 14871 35483 33460 31373 26522 9980 39650 13029 14184 28673 31947 31439 52066 38537 24653 51499 20839 46963 18764
16603 33623 56225 34725 45246 42770 30704 14137 37812 3703 27973 49129 37021 38760 34938 54674 31321 11204 33397 30744 53192 49514 32784 29528 15306 55869 4656 24371 38207 33817 46514 40841 24327 22752 54136 25658 18434 32371 16480 43303 43792 42673 15692 46638 36625 3962 30490 40753 42724 33454 34476 17422 53612 22061 28897 20646 39302 27606 42648 48345 46610 12682 33971 19591 35314 41259 54288 36753 41990 16533 18833 25044 48940 41387 34324 27444 49732 25164 5755 8078 49200 44119 62372 48835 63440 46510 33392 21683 21506 49200 37824 14654 27558 6588 25714 36933 33182 39988 7528 18854 33993 11639 54144 41283 36871 16228 34715 7930 27193 20445 42650 38572 1597 26817 35163 43065 33523 40944 29888 49025 43837 38729 6567 37988 30203 31919 38130 43714 34315
35326 28543 21116 43597 34072 40496 10096 56739 16351 33251 4479 18156 38959 26490 50314 47368 30698 34771 49262 45783 21745 34768 20751 24377 45347 30799 36427 38158 6752 54834 23553 22326 10888 35415 59922 21649 34683 27040 13406 26623 25368 46315 33477 39008 31552 39193 26919 39060 39380 44811 51044 18298 38067 31647 51548 45044 19901 28599 26352 2274 45778 26673 25599 46370 15825 44526 20583 50068 29852 30159 34828 28442 26898 57522 45770 7828 14610 31609 50309 25824 36479 16130 32027 32990 40757 36911 26730 56688 44310 16350 24150 37237 34307 35569 33468 24525 33755 39494 50557 14169 35966 33471 25209 45815 37324 50490 57744 39303 37285 52889 5794 24043 38376 30650 41360 7939 13430 34175 28217 42925 36656 43207 46203 28361 21493 32369 30778 38713 15525 3935
35155 28636 36640 20590 33703 29586 7493 41603 20247 51515 50422 21112 40832 17335 28690 39219 29894 57830 5240 39822 39622 52904 46091 27246 10593 24797 23719 33456 33911 39781 43054 52534 56296 11552 48257 40670 43925 28910 19327 14474 15196 28079 37640 50968 40735 22082 56572 25450 46780 35210 32571 37471 11796 4708 23460 17622 32007 42928 24600 55217 59253 11344 34425 37838 32063 44836 21667 11791 39490 27402 23673 51026 58978 50914 48090 27769 54652 21902 7333 38498 42865 21998 13500 43502 26657 13024 50686 30718 28524 33604 40522 15728 24883 35324 38786 41766 11604 46567 38789 48638 36785 41445 4146 36569 36904 38103 32619 33432 33434 33179 28431 61977 34535 34577 29950 41534 35055 28699 45847 17381 16530 13209 22333 62448 12720 29801 39756 47933 44074 33131 50470
36526 19422 21889 42669 20257 30893 6026 40381 51576 26232 39526 37944 46737 38172 56565 32767 15182 53373 35351 25329 26765 45177 30892 19182 47920 6383 43924 20950 39957 14784 20911 40329 24606 3788 17885 24550 18473 57331 36606 22222 33047 16661 57330 52258 41929 4626 38808 38337 13597 32458 49362 38283 9717 65310 37504 47456 54063 55021 28544 31519 34220 38421 26290 24746 29261 39034 13048 31712 14832 34296 47922 27296 26999 21107 37438 22221 31168 15817 30460 63043 20397 21464 54350 35556 15388 27780 49427 25233 31727 11178 32811 22313 14340 33067 32887 52876 34109 10471 56533 47770 25720 43710 23589 39219 49815 23184 29001 29750 30840 55358 15137 57732 19197 36775 33931 33534 27397 47273 17511 34435 30063 22312 40343 9715 29469 47873 24314 42798 22764 32789 33648 23571
34753 36421 12761 41604 19574 39278 15637 25696 24561 41332 41988 38790 26380 29236 37254 48601 29356 9103 23675 25909 32686 39269 34755 10108 30452 33686 49726 10895 11612 56835 26316 41037 25544 28810 31821 50838 18198 53005 13728 26442 28712 55658 29096 22601 25565 48002 47938 31602 37652 27957 51534 16038 23215 12899 32430 39879 33676 39661 27202 39089 49805 33456 18152 18247 14480 37264 31616 50536 29303 47978 39660 15603 26912 49183 25612 25546 33132 43919 49598 31692 35900 54682 19170 53976 50798 57889 49754 49872 22756 16642 5893 45459 22652 44575 25539 37120 50711 12630 28533 24313 36502 7816 44281 42333 35543 38293 47919 31244 32700 33373 25849 32485 7715 7360 41271 25035 33518 26782 37575 56474 46843 46552 34953 46388 44844 41036 32095 15739 19551 36827 38952 54091 23414
47206 43972 24710 38223 39370 14099 23309 7884 32747 58613 17599 35019 33447 3146 43900 20526 34269 45042 10532 24019 47470 32461 25495 34460 39226 21435 36020 35687 27937 46492 25180 39189 51459 55120 44656 18567 36032 38838 18127 7835 25656 33200 3417 35891 18252 52254 28654 28205 63963 23006 26733 3434 35779 14800 31928 7883 55528 42710 48814 49966 35110 34768 19502 34677 36961 28572 53019 58494 11895 40218 32081 16171 28486 31532 39090 59482 10930 41137 28447 7405 33944 20617 23159 34242 27865 31125 16538 14267 40789 46771 37736 46006 41964 52931 20673 26261 52862 13479 33412 43318 16108 34623 16018 16507 24853 37225 42700 23875 27863 18949 26897 40045 58902 21493 16193 34523 40111 32280 61244 37226 44163 17230 19169 40191 32115 51831 45074 30324 50012 58995 34990 22191 32290 5666
51860 25226 31138 1124 30631 43754 19901 34841 7619 11436 24147 42017 22218 53426 56132 34652 18589 27610 16497 36010 42267 16134 54712 47851 43556 30484 44795 50430 41368 44262 11288 35270 57687 25947 30960 37920 52032 37202 36195 39660 19764 3501 44369 33036 24853 41802 26779 21856 36031 34571 6942 21190 25109 22990 27838 24606 32502 43125 20824 36938 36161 27614 35021 41514 17112 35050 40701 32924 24986 20602 27592 17024 46950 32620 37647 43704 40478 16034 33968 43043 31649 41722 31885 21921 49614 11605 33412 31251 28295 19092 27254 34903 35755 21397 21571 40781 44826 36154 43979 35287 31411 43105 43246 16085 7257 16876 53132 24869 19944 25273 61318 16295 21826 32682 42170 21821 33865 31133 22281 18630 47321 7540 47700 27938 56532 41997 20088 49457 26139 45642 24409 28627 22157 22793 34005
53224 48138 5420 41675 25680 45170 53137 26908 23531 55717 23834 21416 37273 27010 32421 43599 35898 7658 24851 33009 32430 16574 40261 14190 18388 42973 47129 31142 29326 13607 41585 49018 46524 54908 14635 19657 29756 34235 17704 12657 48366 51398 31561 18774 51892 12668 31852 15444 33902 23996 54643 32335 31994 30569 32572 20261 29496 46175 24233 47796 21002 22144 17560 39136 45135 11181 28139 36230 20711 36293 33664 2183 41651 25256 39481 17859 49297 39990 45812 19738 29025 47183 47763 29292 10245 16594 35316 21914 33629 52128 26105 25219 20039 31386 32641 20741 32675 31647 29547 9476 14931 34959 19097 11869 52534 26442 31208 35057 45868 27055 25149 7329 37653 28064 20594 40266 49105 23804 32109 35536 47168 44450 3592 45328 42818 57717 37672 42987 25527 34385 35242 54081 28799 13848 55920 25330
31866 38571 55896 21215 25224 23017 19012 27366 43401 15794 22290 16105 33884 35814 6564 11974 53732 39525 5849 26206 40190 19214 49040 23953 40074 35778 61611 22591 13162 22115 29448 58953 28798 45261 31625 25484 36516 44259 11020 63468 29884 26756 36467 38726 13736 3471 40604 33147 36936 53734 49256 49771 28538 30568 50360 45558 27166 19444 26730 29693 49942 43372 54368 30814 26945 62895 40312 31483 30591 41628 17555 33714 46257 11797 13970 26212 5045 41465 52307 49905 45931 37928 51896 34105 24245 42625 25247 25884 35955 34535 12522 59002 24451 28470 48759 22836 9925 42320 32808 55592 23835 31511 22235 52791 10596 52839 36722 60482 24192 35106 25291 13094 31567 41257 30152 28359 43697 39003 22855 46851 17286 31896 35370 28601 18606 59328 29007 18634 26889 32691 25496 15894 32631 30288 41443 38781 37592
35192 22801 26847 22028 33548 8707 37404 42994 14571 33175 48916 37740 36085 26799 26536 53082 60682 46121 20407 48794 54025 11494 34591 28684 50388 34759 59844 7826 21578 26026 40834 45324 40778 21361 7229 47704 20407 18938 8147 31062 39789 11815 46626 55528 50254 20694 46862 28653 38971 28393 50804 33093 28947 45374 21557 31697 46262 44215 39985 31343 21764 25138 9800 17407 53213 48785 18010 19299 44832 39602 7240 44923 34990 15223 37873 15141 32360 20927 58675 25921 15917 31337 37874 20657 33245 15959 28683 52308 36696 37478 38239 21258 47229 22395 27599 35763 56110 23152 42808 18735 24906 21547 18302 35422 16560 27014 6270 31264 31555 11110 45593 28501 40671 38568 30767 27869 17766 5166 39584 41368 38073 30934 38221 26726 48823 34178 45076 51239 33088 26384 32471 29626 9780 13922 24948 51714 33651 30807
33740 21980 31452 40398 23999 20008 31312 33705 13101 38344 31665 29382 37879 48028 34011 40967 23546 31362 10161 11338 45850 14682 33298 9329 36148 2822 15837 33114 10793 11878 37108 10214 38361 36440 15670 26870 43044 49596 36994 33128 34027 35700 25786 39454 39948 23135 40893 18422 43369 18781 45930 35793 46304 40783 40355 21136 37458 20243 59463 29969 57759 30601 10550 14390 36519 25491 33359 52445 20810 35345 41333 53224 44392 3553 49284 51765 29410 48611 42334 12454 15766 38137 8677 25625 30053 14850 5109 45424 20016 32734 25968 20873 51156 25965 35895 26950 44597 38287 35369 35205 39217 26404 27942 44840 27815 23820 20238 49933 22648 42535 21953 39446 22660 40277 45854 29985 13483 18806 42246 33039 32973 56682 30042 22209 40138 14352 31225 31509 46210 25674 38083 24301 16342 39160 13208 24359 33445 47352 53335
50340 36045 21290 28898 50245 14898 8816 42776 32488 45744 36266 37080 33135 27179 42934 55301 50360 8321 44916 12923 44453 24976 36806 25116 36116 34108 24459 46281 40935 12130 24995 33889 36604 20451 34031 46788 28469 41631 25677 48594 49520 44918 18077 38763 29327 51784 40641 52590 56176 37622 35737 62908 16629 30047 22531 45622 21501 10593 31455 45243 45415 13024 38671 11051 25109 25017 31602 59238 23268 20941 41704 14155 31929 27389 46161 30908 37998 57638 33421 5528 56041 46124 35964 33726 29956 45036 31998 17681 29604 60487 43763 26477 54182 19741 39227 33972 32236 33358 30390 17095 18260 34747 7748 21381 61632 42306 38597 29902 42766 28357 37656 61570 33568 50210 29216 40065 35285 20794 16058 23210 44044 36333 44998 39134 18087 48667 43046 53503 8836 29093 14010 35049 29829 33896 38496 21119 23944 40520 11768 19360
27247 13090 36964 40491 37912 33495 31876 32770 16228 6471 23862 13060 48436 52818 18778 34064 51814 17881 33746 20488 36828 28602 31613 31179 8820 34775 52027 29752 33551 38414 47597 48433 40590 28224 14961 24213 52687 45133 60327 28228 21940 18453 6257 36381 59163 28024 14255 27651 7910 42070 27711 16850 34291 15504 34049 21868 4388 20996 31959 30899 41303 52371 31392 35203 33646 24606 53564 29118 28743 3202 32651 42821 36036 40355 45165 11255 27075 11103 47810 36276 33830 39317 41322 26204 17611 6182 37701 23503 32916 41714 27443 8172 30815 33241 45076 28820 22797 18619 38088 6056 47999 22392 30766 27399 42131 23024 25896 52369 34091 51204 4758 43558 47653 26003 58198 32165 35938 49787 26184 52464 45251 15008 54862 43494 51238 30174 39496 45670 24429 26649 50452 36947 28534 20783 38290 31113 23843 48382 30372 12266 31058
33642 32553 33111 32997 18512 29185 51119 7354 31633 48653 26834 25011 55565 32299 54944 53422 26788 31035 3833 54925 32310 8735 7100 19502 14756 38839 37578 30323 34509 42209 38404 34363 40335 16509 54089 39013 33230 36205 33913 46547 33639 23184 28532 54114 15931 41670 26137 53751 39467 36079 17994 32364 51988 27627 31206 37287 53466 48794 30412 45186 63322 45020 16095 27618 22133 5777 57339 49316 53771 30105 29698 38826 6652 31700 41173 50642 43561 33826 38995 3070 51824 5475 6236 38668 36531 25206 27344 32734 22224 19006 25999 52051 52904 22424 27256 59978 60955 16740 26476 47525 30985 27268 54861 33346 32595 25048 48375 30979 23766 25150 44365 48838 47478 21142 17710 24685 35088 50626 44665 22230 35717 31394 40720 34530 52405 23572 55506 16754 42112 33016 10654 50020 14023 11312 27478 46490 29544 52379 33753 44274 38469 32025
25862 43597 42812 33931 36031 39564 31278 21967 34019 22157 12027 36805 25426 41778 45443 32079 51691 45401 47526 5453 59025 40420 52036 31389 29472 29105 46654 31775 46458 41378 38514 38069 32641 36501 21441 27454 44817 34156 41484 21146 44556 16133 33072 18857 29267 24642 48401 31563 32197 31233 28045 48736 24130 35108 30339 38344 11690 30345 34772 45155 37341 5906 40288 59665 48314 43933 32519 18098 27682 24843 49321 31782 59894 20541 16934 26700 35861 32273 44894 38406 13407 23401 32818 15412 53428 17699 30849 48564 23283 33824 10281 43366 22782 19777 27406 47660 56500 49508 26892 22246 33780 28011 38407 37490 30881 51764 45533 43952 28823 15521 18540 36226 11704 5520 45464 52935 32229 37347 37182 12895 15101 23160 22335 42795 51936 33841 16251 18441 8046 36844 20946 56281 46727 27275 25124 21885 39434 27884 36946 21461 24536 23537 18491
41407 43474 26745 16829 46619 9687 44899 32956 46027 36295 14737 21781 59822 42882 31712 55977 21156 17639 22325 31065 38285 50136 39018 25858 34121 36404 30821 40328 8376 39386 39936 28360 37562 26797 37920 28835 45615 34953 23970 34553 33271 37712 24936 25002 12530 12003 29776 31895 6656 36129 22332 40862 17409 60394 14090 24225 25044 38174 44188 39294 53852 24221 15569 31766 41078 43590 22664 32329 33538 26106 23715 25591 23778 35739 37376 48385 48374 41221 44417 25924 24092 47131 20484 33956 42804 28348 34411 36606 43808 28359 51604 17459 43200 28190 32352 45091 35570 44704 30128 10926 26774 32300 27746 22453 33934 46756 35672 42774 52665 48615 26480 54451 24311 34260 33163 26730 32553 35917 50826 46620 8493 56113 36683 23977 25571 34912 8368 19185 4653 13753 43927 46548 41707 37151 19682 41522 14587 54382 36207 24556 41789 17800 25120 35552
23699 46671 11219 35567 35804 33951 14186 37882 33784 39514 15811 9694 17351 28001 25536 35967 63017 32659 14911 24507 29182 24272 48674 33649 47654 42232 22599 42882 32129 30699 23952 18382 38639 35208 36571 44085 3408 38832 39177 26775 37764 60484 5371 23764 34922 23843 34703 13516 30436 52269 24999 26720 38354 10050 32801 15215 51218 26689 43998 15831 40068 38156 39359 19324 19978 49026 60066 35898 17284 34178 43881 29685 36816 37103 21746 49803 29134 38821 19487 33754 54368 56198 25038 36806 20069 10867 53985 35372 41661 24139 51254 25325 49225 23790 54959 21993 49639 38972 32554 27392 28279 36373 11913 30226 47323 51288 15786 38656 16371 23782 61807 14761 52893 60832 31415 38379 23481 43109 30305 44970 35369 18197 27983 22211 10444 36752 21598 42775 12930 21429 3187 34951 20011 29030 25192 44784 20135 21122 36643 6710 45782 27880 14206 5686 42392
17019 27742 15057 32205 24855 43680 27623 48725 25246 23334 22872 38416 60657 53966 32517 57310 45551 53882 42188 41631 61304 34568 24207 37170 28524 2394 35884 35450 34731 24143 22916 39252 6676 30406 48759 29856 38024 44961 32485 32576 28905 53694 43695 51220 13587 37375 40370 2554 29417 37186 32722 11218 18506 23657 50412 49278 57109 60498 11489 34526 27948 42462 17297 27088 46190 23022 24796 32820 33466 50528 10403 36076 12786 37142 35524 32471 42997 53742 49953 28885 54946 35017 22936 43463 15323 8840 41482 40075 24959 30729 15447 26625 23918 52782 37983 22283 20871 21973 25090 57481 27565 44000 10528 42841 26044 55597 47514 31323 34198 21150 44878 21617 7453 30993 29213 23674 35373 39272 46568 58710 13992 27777 31372 60901 39023 38718 35821 41223 12641 10877 33257 21916 36702 8992 49247 36484 52294 27141 63280 64159 36345 54286 41532 29901 34390 41497
35171 33774 29502 33031 49285 56034 40594 35257 10114 22664 56881 49421 27194 34754 37883 38885 32910 40816 44496 60191 44637 33392 42383 33692 33669 49058 33050 38461 23530 37352 53840 50144 57192 24610 46864 39271 33251 15662 22845 36784 33593 26604 28339 35741 28488 19262 47444 56844 7668 32259 1793 17375 45850 17179 45465 26100 40603 35175 7932 55597 40023 60357 49418 40552 46126 45333 38307 41607 47616 52281 9894 15976 19886 23569 35316 14061 23319 11131 24942 48373 39449 12631 56051 27999 36504 36999 12387 20749 34929 38890 10142 23772 9093 16992 37507 29105 18357 14025 52980 23654 43230 51205 18128 54753 18148 29940 61430 33532 28068 26742 52297 29852 46335 31083 27045 10142 32981 10931 25068 34020 33030 11054 23295 24908 45427 21948 34493 32184 23034 45373 41734 34566 36477 28816 31162 38424 44762 29336 57529 45005 26354 49714 47586 17668 44709 5694 29462
12959 18899 20894 34359 49532 51293 33586 31009 42621 34336 26072 23991 33408 43776 24688 53720 57959 10970 34268 32611 48912 17807 5372 7226 32092 34559 30894 27196 28204 50954 18386 14152 52830 10641 50506 23872 18132 7794 24565 49667 27756 24975 45747 22384 16391 31430 33893 39785 44678 48632 51177 38861 37063 51973 39967 25212 11180 36301 19433 40277 45075 48688 52775 30267 15070 24590 17847 9994 21739 49992 33145 30116 29468 33724 31823 46059 30287 35147 23832 49083 43878 34774 30388 33526 19263 32570 51203 62333 31420 47963 31717 37679 51899 21527 26938 28652 14366 44365 37602 41876 43971 30430 42941 21511 31372 44202 33451 13092 25943 38545 43660 32460 39173 18547 21056 32992 44663 41520 55462 36671 10891 53160 51360 35785 32291 18620 22798 58462 34333 20811 27854 37597 35674 31027 4800 7464 17083 7256 34246 38174 52510 25238 44224 39070 14181 16337 39564 20875
64110 29671 36362 30145 31515 35510 29212 50978 35402 56354 56737 5007 25821 35848 4985 46311 13234 35401 33413 37130 2987 37573 17827 6616 28070 44380 41907 52529 18053 44526 36759 46324 28454 13404 43055 26370 44139 11397 47193 34108 12083 20039 46837 48513 37981 40326 18149 51633 25803 27167 14088 28588 38234 20467 33342 33105 34543 46819 20327 23682 34404 53964 29027 27422 19615 41874 59154 41732 32378 29970 56148 34327 44250 24365 42249 41523 21660 50627 50961 37178 24226 22708 28748 30989 8138 37857 31642 35723 55542 16168 28635 34452 46852 28267 32750 46088 21206 33160 35510 59847 45387 42080 39696 35248 17218 20179 26588 33188 58781 50369 54268 19333 24890 38411 28240 27951 27387 40590 29110 30853 41918 34350 50446 35686 39013 49352 31546 20401 49614 36413 54042 31560 34010 31341 14220 53258 45674 23864 49008 7126 34652 23167 44456 14478 44178 25120 28947 35857 46826
45053 42129 34878 10053 19444 3843 10999 27268 35302 9031 32283 22917 35251 32829 6026 14634 46907 28871 39203 47697 19038 27589 45257 31196 50940 5141 39000 32937 31990 14487 38322 50074 34858 54317 31417 41869 20601 36278 42313 28004 35268 47122 32580 23037 13288 21025 32395 36410 6857 34499 9469 39673 22085 11480 32890 32028 51771 18240 43746 40321 9868 34011 18965 53514 26392 16521 36850 55445 21439 33066 47706 24835 32865 31134 37678 33589 19678 35012 28749 17417 25878 47486 13207 37985 16618 49836 19180 20763 42041 34604 45099 49944 40673 5598 59702 40761 3270 10660 34796 34396 5572 10590 43564 34147 11711 10218 31193 38188 38037 25640 11471 6809 54820 18682 34032 26248 51792 27967 20509 13787 38134 37847 59445 12656 42487 11171 45848 60969 14643 20353 41638 27876 22154 18001 46271 39555 53724 33525 29506 20452 51978 42061 29712 53737 44531 30007 55562 20849 45685 27795
20495 27483 23668 11587 37631 43145 31693 34342 26554 32216 11361 29212 40991 19501 22033 38917 39440 24674 44218 19137 16236 29533 45120 35120 34322 10744 11392 32306 28645 38168 47451 32935 35521 12698 47793 37743 28808 26720 57442 25962 18203 36424 9807 53624 16473 25652 54358 56953 39458 38658 32345 16204 40534 16276 33846 53972 41685 58057 4558 41966 35198 29056 7937 27002 16434 18587 28591 1626 16595 45304 37817 35182 37181 24441 59132 44436 50003 29948 4444 22956 29940 32355 1718 41112 20479 29836 34539 16696 35414 48216 40411 42602 26072 42664 41830 26382 12388 28762 47981 50694 17372 49744 54734 12849 34335 45416 44651 50799 26892 48771 19746 18849 27269 22146 34260 11941 37993 21059 30817 37979 31896 30376 37033 50597 17649 62607 34444 47459 39767 59610 24042 37491 47526 23655 26276 40885 58816 17432 48280 23563 29063 32971 18343 28244 15063 24418 48050 10608 11154 39099 39062
35903 47513 20920 43575 16801 59083 39735 34931 8310 16648 29210 38697 43934 25136 16191 34362 37369 61475 55176 20870 44647 40128 31699 16621 34760 9704 22785 26703 20732 21884 34803 42892 26850 33115 36231 43652 55900 35685 55967 26904 23626 24954 19481 42791 20874 32121 10966 29839 51452 25924 43959 11572 32130 43706 28570 30962 22012 27578 33633 19373 25928 53799 24554 58691 27206 37853 59927 20882 20440 29374 29382 59518 44253 15531 14041 19940 50229 52099 24366 29093 33985 34086 32935 36769 35167 23412 39970 44984 6383 52301 7809 9674 42579 57744 24738 37304 53355 12574 42855 24417 25109 23768 9135 50851 53809 37533 29273 19298 17313 35917 7239 15739 34116 36808 38486 47311 37370 28397 16747 42303 37027 34718 27232 13992 21535 50106 18971 60654 23374 6432 34166 37870 20752 35251 44374 50057 35909 41807 48792 57247 36813 32726 41502 38928 35464 50473 44230 26813 55126 42279 8050 6532
32023 23984 42752 15943 44714 47268 56402 14052 19186 35811 50247 44860 23756 14668 20414 40751 6936 11968 23449 51869 26808 26145 12470 49511 54412 25931 33783 24426 39282 48673 30266 19594 40522 36482 37985 31908 30198 32845 22346 12185 57174 18788 41942 29001 17736 43942 19174 39316 48812 29938 35160 52315 36452 32554 34830 31100 9039 12333 23526 56537 6221 31194 34241 32336 46143 23059 29312 45506 59907 23223 31489 38671 22649 37286 25638 6679 19075 41151 57037 29370 14081 13797 34776 42200 49361 35572 26661 32850 14035 58830 29846 41222 37865 38997 36361 28373 32498 32869 33120 40352 19150 34784 34681 44356 30301 9383 17718 27045 44159 22681 52085 27297 50196 45462 38680 37911 16380 51582 37117 38376 20247 50737 36358 60404 19525 22926 53009 24091 48742 16758 33023 32829 22618 18378 48305 45626 30976 17001 34565 40946 43834 4915 20701 49478 42472 43016 30487 23061 19432 31431 17044 31293 44058
37202 26677 32162 33120 32136 35032 35872 45722 23880 45407 6555 21158 55925 23208 26097 41060 43755 27029 32000 34486 37004 12036 46764 7291 22841 26583 46802 9363 57041 15596 27987 36319 34612 17189 38415 29501 50242 31584 14566 39821 37851 53887 10680 31153 32734 41312 34918 44169 40492 44261 49359 32499 37030 42477 35537 59343 34091 43351 27216 35327 13723 49157 44841 46178 26582 24276 30013 25048 28091 26281 9325 47425 9516 42078 28822 3453 30728 53465 22940 23916 23598 37108 43868 21486 21377 62868 32183 51171 27613 31638 13453 48171 16164 35804 32702 24486 29495 31556 23339 36148 47605 35504 36530 19381 20798 26366 44597 19976 33522 10512 6546 29456 9457 21957 64682 17834 39194 24060 20317 31926 52558 40599 21899 31510 15215 24692 7957 53162 26969 22645 2008 46416 26863 42872 47032 37608 22544 55903 8850 31572 24731 27144 34887 44404 47218 15188 29879 37926 8564 40740 49090 17994 27008 53846
36169 34498 27256 32204 19754 17517 35387 46692 15175 6699 15016 31999 57214 20189 31137 15998 36272 21857 20741 21439 26045 52375 22196 33188 54149 32609 11405 30987 36584 25759 32883 22230 7110 7983 35906 9187 18944 32241 38364 21780 46452 31687 61219 52039 17923 16272 30195 54110 12174 39980 5166 42551 29170 36987 16309 59572 22803 18269 31335 43955 31951 38834 53796 27670 49413 1114 24780 37563 21910 48181 52287 29828 46690 39459 18012 21071 11081 42244 36100 22781 51243 36792 27160 8559 27880 14622 13175 45187 50528 44056 19201 30491 51572 40838 40598 21013 15619 30278 43029 35410 45035 48952 28000 21683 32272 46398 32854 53782 20302 48952 32470 36701 38793 28676 37571 34150 5791 34434 29177 39187 22638 28052 24154 39746 46298 48153 42439 18645 53184 46321 8735 19114 39169 18173 14658 46499 19581 36123 23824 35486 29204 52779 35689 13949 23974 32015 20012 37406 44820 47271 47930 25187 21053 52177 29812
