122
51145
47755 52237
47048 16663 53772
4438 42785 43252 25748
33247 46000 28609 25987 44038
24279 8669 17465 31278 26101 26534
27671 45747 49770 34176 50298 30713 43413
56265 45254 51293 36056 59104 36952 32319 39313
16166 48784 20481 14626 39163 37585 20482 37098 50368
24696 27810 584 44755 30438 28737 43678 24469 8571 33087
58187 31590 10135 8699 16814 49831 52379 45271 38696 37302 20453
59442 28954 57588 27861 24172 39138 17602 56014 34276 37859 60798 52524
44285 41849 42890 62290 32275 50438 23365 63648 32649 12779 36110 33908 37822
24454 23878 14895 30994 32569 34893 14641 51684 32354 26244 40155 31895 34403 60489
31883 58247 31899 43517 27553 44311 33386 52224 31104 25510 29999 6835 45444 28052 28236
31349 39696 36160 49951 27556 14724 57612 34058 35492 35902 25431 33132 4051 36511 27265 49573
20368 47111 10474 35604 47676 31703 11506 24347 56375 18797 24824 31512 24034 35881 2910 22636 33691
43885 52867 44152 11715 35480 10439 26778 55482 35082 29834 47669 7393 33316 26668 35493 44695 52548 38412
32588 56890 48587 27788 31115 38958 41753 13835 38592 25808 18574 6377 12365 26754 30091 38790 23441 25506 28013
36930 27115 45713 28567 48508 26813 52656 14184 13718 8550 18781 31808 60143 39237 22010 29056 44007 37308 16357 50822
41694 34857 28543 9907 22068 13806 26920 47463 43080 36970 52545 41474 55164 18685 22569 32740 32304 52486 25150 28269 37569
17895 24548 34045 26515 39166 57721 22260 11010 26540 4956 29618 26481 36691 15854 26264 33598 10574 17807 46852 16588 2819 43680
59478 15991 17869 35199 31217 30371 42766 39565 26418 49068 14375 12842 42874 19445 15990 16567 44585 43484 47965 53907 27295 50116 27707
36892 51261 24585 51824 48566 44640 41231 35675 15295 32876 34099 41054 34454 40382 26325 46807 46748 57782 31831 14376 32817 41911 22552 18864
46006 14110 26744 19662 15753 27468 30679 57060 9739 35745 44181 22865 37276 24445 35089 20852 16541 43585 27565 39086 36716 43851 36552 15456 30314
40443 35010 34280 35320 14772 52218 31401 31348 45522 9939 23551 37952 13752 17321 42828 16315 28870 10463 38385 33092 35418 47316 40268 31036 9685 12776
61119 58371 25239 11898 30632 6650 56321 42221 24937 36735 43377 26525 37217 21747 24135 9453 43248 38582 35302 26428 34165 40233 14250 38122 16466 19627 28406
28758 44773 9626 45866 38882 58000 50266 33700 34285 10418 24905 56261 37079 35499 53446 45805 27392 52698 33586 31869 41672 29601 34029 10195 8846 14686 32344 41039
45236 39026 46033 19795 28569 50750 34233 37438 23965 46112 28784 52848 54560 36731 3159 56650 35970 49579 36301 5674 38434 28690 17712 52337 24674 31761 7908 20351 13729
33542 41798 27316 48191 24147 30392 25969 63132 41815 55704 33555 17176 41841 10311 33533 23570 27651 23334 8334 22508 50796 34451 37670 43269 47115 56048 36390 40381 33346 42139
49388 24692 41583 19445 22233 30602 20980 21854 30541 17758 34352 24887 50600 34898 28803 11231 24906 23238 32332 36276 26003 45847 22765 31514 59875 25513 58820 33903 33178 39640 50738
22034 48152 58119 22425 47204 42174 41620 45908 36805 17130 39906 11977 23702 6652 27981 23379 15157 43351 37177 34388 25603 27736 56834 47405 11104 23136 34315 47420 33197 59087 6066 34787
29513 33029 32090 57985 43154 37987 32095 49782 26092 34886 47653 56609 35765 16402 45577 41956 38476 39716 16235 17437 7698 29916 6317 10030 22375 9373 53294 29302 37548 32196 54350 34644 48191
53170 28525 33578 23681 26055 51179 48983 38866 34659 24615 20794 11923 30695 38531 35380 32034 63153 42334 30630 31712 16161 41752 25326 48942 34970 33296 53615 30570 34424 37033 33925 28918 59422 31039
31122 37937 22764 16949 27127 25978 32832 19946 19218 34098 33147 23230 20037 44985 31741 33552 24814 15728 35623 15683 44143 41653 18007 23475 38439 28649 49389 36035 49014 20844 35404 56018 34235 36767 44496
44096 33368 36577 13020 50028 2731 53136 40144 48824 12310 60944 27402 6275 49144 8895 39147 42797 17329 16892 40403 40214 32928 48168 27939 34974 30759 7587 30265 21540 26532 36558 42101 50698 51320 21511 24377
32943 20484 19887 2532 33395 28582 30758 33750 42422 21697 27597 43120 41176 26801 23811 53008 1592 20696 39974 19223 50232 28311 5530 60389 42295 24396 20924 31962 20373 31833 29934 17751 50610 56093 16270 35001 26094
52471 36349 34403 27304 24393 22684 31156 27202 56178 46025 6668 55067 18129 53222 39628 32659 58056 31057 43858 3594 44213 6251 30463 35040 24058 12692 42291 53876 27638 25901 55630 43304 34825 28565 12976 42844 40850 10538
19641 17261 23539 34384 16073 20415 41610 38757 40000 31406 38072 35016 29822 20125 36831 41690 21220 12778 11610 18939 16080 26360 49807 32396 48034 3107 24793 56555 18621 7119 21914 40313 24958 60504 43571 5270 32070 45089 41986
45731 36725 30088 17513 33791 34667 42736 18631 12552 20617 35509 43644 32290 21036 17211 7911 19371 28600 20191 38762 38402 34954 34817 49507 30088 30722 42243 34356 40605 38275 47172 35644 24994 13418 45092 45530 43765 42008 22275 38768
33527 12269 21313 38237 36360 40777 42813 16640 35977 13709 45401 60346 23256 45591 44020 41708 29014 53319 44398 45044 25700 18304 43046 6197 58464 19230 27263 40203 48556 35460 7893 48088 22695 12562 19339 44541 47536 26150 54016 26840 33064
19745 29588 7627 27503 34147 51110 14900 20710 43597 50585 59253 42475 21309 49097 35565 31455 5011 25753 50684 31778 64178 48744 30209 29205 37878 45974 46174 16663 59074 1666 54897 27014 30326 21902 28060 34758 17008 39705 51006 21557 50705 44419
27831 41778 30905 16172 41830 58654 19913 24180 27821 42585 46239 62906 34282 36676 39067 19296 26750 25661 24863 33221 51658 34213 29066 5961 39724 28636 10556 26188 35335 15171 25494 42286 32695 39993 30710 26190 41374 25372 14781 38926 20765 64592 30795
33997 43922 28722 32512 53995 35423 25380 38205 33992 33507 38276 32351 30916 26237 58291 31177 26942 17039 17938 49882 27800 24696 20735 37106 30001 50583 46300 38770 53609 45902 48647 34232 43936 42747 21729 34597 35382 55808 32202 49945 20362 16828 22819 56564
47614 36751 41803 29718 25586 45272 46240 41951 50115 20217 33158 33711 43989 20304 39515 42726 19076 21310 43902 40164 10803 47141 32080 28938 45376 38752 29745 43702 41486 50773 36994 19784 6905 22111 28321 22563 38501 5344 18159 50852 27310 35641 28108 36908 18999
32456 21401 10267 17246 28911 1205 32209 49286 7949 43390 31919 34827 33410 34392 35858 15441 20653 31649 36702 23477 31472 34232 26096 49303 44713 15614 27432 41305 21818 21971 30313 4186 37890 41112 23312 31738 19552 35243 26750 44697 39862 39277 27155 52887 23395 29758
42799 24147 8390 23167 25395 48175 15680 10382 56701 41610 48690 22220 53613 42948 60666 31130 30310 15932 20219 16726 32708 13397 42385 31330 7402 46187 28190 36125 31032 17633 57859 32230 48140 51222 30366 27934 35015 31850 23889 38693 32457 31804 33658 54364 47475 48623 37499
6433 53283 37855 28595 30165 54841 11375 48258 38616 23320 37374 22087 50315 27164 43756 22116 25421 35496 14744 37431 29564 16412 23652 39714 37244 35286 36271 48772 30123 25399 9177 34237 62568 50079 53570 46636 32276 7791 42058 20787 40719 25349 1872 5168 32698 31937 16566 30852
25715 21253 62171 13200 44443 51504 7199 14002 22418 16034 38626 44877 31417 36540 39300 34493 52079 37084 46692 25188 39442 39011 23524 41891 54022 29873 54371 59352 32424 28966 17985 34917 49498 54563 46046 39593 23418 58373 31642 28675 43369 23855 55252 38357 9096 31744 24302 21886 24117
30680 33607 13405 35282 33816 37695 29652 29373 20510 14646 37185 33111 34635 31628 17926 14848 53503 15520 1922 15641 20634 47828 34581 18177 42364 37000 12830 45078 27397 13337 12799 27836 47253 30699 27670 3409 41356 35418 33220 48692 46410 62921 53355 51142 32560 41110 29030 36455 34460 19748
47643 37496 20206 6607 15333 28759 22409 33019 17446 24677 39882 22788 23615 14082 37650 54349 51598 58511 12481 33076 36213 30059 58423 51740 25939 4596 39125 30049 19080 32398 46584 9575 29299 39831 40708 55435 20086 25966 45910 59693 35823 29812 52814 36271 37952 32009 18255 22640 3272 53134 29110
14288 55014 55393 40164 30255 36860 40931 37945 47597 37225 51828 40725 34153 28812 39029 32985 46853 32454 26180 30947 35104 18808 44098 17043 37402 39424 32464 38220 17490 30145 36428 42090 28203 40471 42776 40784 14849 36964 45459 12638 44599 34313 12828 33266 11564 29796 51476 13421 30016 36055 45787 26671
41170 15552 18386 14489 9797 44417 31831 48393 22517 50297 24779 2271 25669 41736 41358 43902 21908 42637 34561 45122 37442 26730 30083 40590 56494 48637 28018 31170 54074 47272 35634 16700 28741 42442 34593 28765 35375 36547 46494 32389 21336 14578 34570 57109 55840 42425 34757 33131 35046 37494 24624 53479 42508
30858 54441 13547 21489 3414 50577 37078 37109 16952 12104 17416 14200 17555 10799 43490 32218 32195 27301 39362 30330 37674 49416 59145 36794 26153 6588 57623 37881 37918 32030 21324 10647 30315 36752 34057 21236 41583 4464 47531 28272 59785 24351 12437 13930 55579 28926 42278 16708 47748 56171 20158 33117 37667 52936
24766 17685 9306 38771 35460 46796 27527 7629 30577 23778 8716 26166 20197 39350 48456 4367 46144 43946 28315 55991 50914 44318 41828 39820 41515 5231 34053 51186 56699 46081 30940 28743 3122 14896 41034 16618 48560 45407 22705 33340 32086 32748 47980 6301 21122 59450 40417 33902 49300 34981 37227 25101 50927 23441 25452
27099 24816 14170 7493 28728 34296 20067 33876 25989 43367 12042 39419 54817 47773 50098 39833 27242 9467 53943 33422 26308 20446 32381 33849 43917 40618 50529 4604 13604 28860 33219 22837 39914 41332 27141 17222 37951 34869 36998 30094 28292 30812 25510 53612 38679 49482 11717 62530 38489 44639 38211 46959 37034 34555 7295 45138
18027 36479 41435 45132 37882 33865 24502 50366 29112 41913 27760 46854 29702 42034 47720 35975 19266 47376 38913 34461 17358 37302 44951 41642 17929 22916 34701 39439 54866 47064 33346 25130 38154 53267 24086 11357 16017 16789 46440 58886 43848 42943 32411 14471 20365 39407 35851 35135 15297 43909 3099 31118 7236 27620 2346 59091 47479
26216 59800 27248 30649 41588 28612 22979 22376 41832 47632 17966 29928 26786 49883 32016 2199 28035 24709 34761 26324 43371 17774 43960 32768 4027 32758 27199 24699 36817 31356 32956 45222 5389 31586 26768 46303 34513 42247 22300 19847 51324 30155 48574 30462 47470 18446 18905 18853 46344 21040 58569 31195 37544 9872 46064 22526 42415 13200
39087 20594 48509 50063 45156 27540 42354 31981 54385 52678 9455 25098 39477 46950 32593 20806 54031 34005 29691 34048 35937 11892 48716 37786 36746 51361 38308 61299 25065 33726 44388 26347 50400 44073 13546 42082 46541 43587 22423 44600 28178 33388 15563 26316 25358 21765 34790 3200 17953 24173 22600 47540 33962 30466 18769 58565 51211 37672 29281
24599 30114 49981 26328 23046 44752 45984 13846 56565 53495 11442 60284 53058 30066 37587 36456 29520 29095 26212 41530 26491 22257 17347 9813 42535 29362 58193 38422 34224 52811 39278 26846 14457 12058 22139 37389 19680 38529 42711 33027 11592 16863 13024 41249 8205 43668 48890 55748 51091 34303 43907 36432 8759 17794 29914 40482 35417 5755 13152 25754
13915 25164 7029 47387 14492 20052 32122 28418 32636 48114 17869 21936 21851 51336 31951 47237 24729 52597 50912 24289 9109 24600 25697 35877 31921 53714 45488 32687 42572 45060 42798 62687 14022 17420 22844 41752 41086 37709 30776 48566 45527 24355 20612 29724 38189 9456 19071 29098 53475 40469 27272 23998 51032 49136 53504 23481 46828 15331 14919 2811 47614
32588 32446 34533 50929 13197 37571 26325 12321 15877 34487 15915 9201 49172 1786 40010 44224 38681 23533 35982 45294 23670 27119 38490 62170 25993 12638 15630 4326 50100 52894 32776 34161 17494 31245 23209 42715 28879 34826 17489 42884 36478 26870 45153 38348 40645 10545 36407 23570 57090 28956 51507 49336 18582 34069 18615 26141 37090 17789 61474 51873 10564 11956
40660 18596 16159 55579 12334 38534 15311 30993 31630 50854 17590 24308 54357 18278 15157 30504 35299 25381 48298 18954 26520 49219 8823 31740 46293 24864 33275 19804 46327 42012 11413 39563 10081 50070 12199 23530 18290 22000 54416 42455 19594 19849 41135 10420 27146 30913 54630 45279 20304 33272 28691 42681 42941 28558 43544 36514 39601 41954 30932 35067 19340 23894 36263
21027 55726 13898 22000 49784 24695 42267 31505 52830 30535 31789 25192 34355 45438 27100 44374 38486 40572 30859 47421 50984 18850 36504 8056 32009 47694 61030 13677 14426 29664 46673 3191 38265 30139 57533 29176 52423 47932 50182 28497 45732 48068 37519 51680 46961 27315 23222 33543 59277 46953 34526 22565 27478 36167 23907 49818 34608 54186 32937 30661 39801 28150 28429 26888
42128 48008 33519 17345 15062 38848 29361 29010 37547 55809 53426 38682 31856 54696 35666 5752 58499 23062 27889 36046 21317 12971 7151 21371 27926 42695 39595 32734 29271 31179 18311 25432 48998 27413 23778 35658 52388 13829 28956 16658 44658 4606 30356 35347 38190 12892 48045 10153 52538 18050 27331 38710 48885 31184 35385 37403 28350 29604 31854 36278 31990 22367 32706 15209 9725
17505 11924 34962 49716 22027 32583 7827 17913 9147 17463 25291 16813 16593 11207 30362 25008 48304 49238 46943 28259 8884 26692 15996 19493 64064 26096 57679 31572 50868 22460 45370 6228 34670 47111 31644 56195 47055 23857 51669 39232 20279 31130 24900 49644 16647 39842 17227 57831 31901 44456 11592 41362 27993 30222 39068 17739 31389 5939 47784 44403 34760 3959 33994 22122 29754 14650
42085 22673 39764 51932 33493 26695 21620 22204 50556 54762 29435 19260 52667 36318 50761 29371 14576 39040 39358 29593 24701 6706 13499 53302 22977 21330 55965 26354 30235 41025 19143 29228 49901 31072 16536 34886 35222 29453 29552 39839 53109 15786 38576 31383 21996 42389 22966 53134 39513 37679 26595 41188 54814 35544 59543 20728 32410 44273 32562 40492 50477 46553 19220 41696 38710 32238 26525
21873 7703 63892 27693 34883 16174 14633 27684 27058 39900 26892 63202 33825 37251 53662 38856 48622 14718 22335 54836 22908 26931 31312 46470 29991 12797 22319 13601 35667 24894 42557 20578 29276 32855 48090 32426 23717 54438 34919 13145 22668 57229 6211 56783 20596 56939 37836 26989 35513 19104 48998 15760 43455 22923 31599 15772 44003 31886 17478 51438 27525 24839 45644 47846 7943 61528 31201 27367
22728 20448 27494 44110 34600 57598 29497 20092 29831 16660 39355 7377 51013 51585 33612 24237 33217 36772 28749 22385 33373 25822 15644 50811 33656 54928 25114 59179 7026 11800 29608 28900 15530 28889 41508 38658 13699 24623 14832 35048 45145 31100 9067 29174 45967 30241 25332 31114 41348 52092 39148 49925 14488 43759 33203 28103 37674 33240 30122 38193 42909 31129 59695 20641 18509 30609 27811 45943 9117
40224 11366 52502 17388 18341 28889 10458 36762 36994 40539 20006 18694 19733 13642 49242 36498 36544 53770 32468 23197 41698 44281 34037 33671 37595 39542 18973 15280 41994 35554 16813 37240 22481 35485 23299 61246 27534 49672 383 39780 22690 30081 7299 47177 21614 34153 36718 17485 20560 28192 47520 39376 31147 18439 30330 28466 47579 18301 40282 54994 13890 48352 33185 16146 20545 38036 29359 29265 42294 22262
48100 38639 36483 43112 42145 44876 41351 18760 28739 39368 44961 38391 24109 37058 17971 34518 43454 43676 11932 45123 35414 55733 60987 49824 45910 27757 50802 35403 54300 36132 46239 28581 38921 49722 29220 30478 42621 28174 29792 49383 41688 52994 27827 35215 44154 32630 18556 43364 57027 30151 45341 38090 20755 33881 35828 56351 38602 22920 31330 43970 16200 32695 55753 19476 21998 23876 50052 41333 57882 13458 36089
44102 26412 41981 51075 35045 25735 42473 49284 28595 54664 37042 33117 13584 45456 38587 53100 51549 27647 18018 11283 14585 29749 35338 21681 11330 13715 43023 49830 26524 38774 17109 11089 19301 32066 22713 32788 54268 50772 17435 28237 39362 52748 15197 24414 20759 27597 53470 30886 19036 29428 29438 39812 29167 45794 27677 58714 20529 30455 58011 44935 35202 34451 55511 3946 56899 42263 11571 22116 43730 37345 39438 37334
26512 34897 46536 35614 43230 49098 29376 51103 40730 27560 40793 34997 38566 15182 58863 19394 30689 23068 19685 51751 18218 28528 46746 31042 9442 40619 24942 35445 19817 34605 26560 27422 6432 17495 49139 17567 31845 28039 15459 31831 34713 38429 35699 13222 26396 52604 14210 18411 25423 40704 42736 21128 24721 37388 39964 10459 24384 10752 13672 56390 31680 26170 27955 47656 61039 49691 6621 19425 35756 46339 28102 22224 50136
45651 30542 23639 9043 43369 41172 39380 21118 34213 12474 34984 38327 11881 18783 24116 52575 34580 59683 35798 30166 28422 60006 48881 42877 16800 33672 57569 5811 54848 18152 38664 37846 32839 41704 49863 35658 36629 25063 33148 34156 52746 43589 44169 42654 33927 32354 22861 12094 30185 48286 22823 31661 57747 8024 47481 33868 33508 15602 50082 56697 37180 34763 32001 14230 49148 52803 42744 24321 48770 47802 16101 48155 14383 21392
32298 21316 54371 31524 23078 17629 13950 28632 33849 52549 32224 19468 27074 17626 50665 34333 13347 40960 9721 28783 51386 28437 45424 47454 51432 24184 30638 60237 37391 46730 33812 27802 15754 23467 24064 32680 41151 20028 35026 49875 52489 43675 33773 45183 36810 43305 51886 40712 29283 40518 21622 16593 47666 31315 38053 42040 26777 18863 31387 13216 47863 46264 29113 46437 43692 32722 24924 52203 27927 35675 11496 30095 29594 21426 13242
36017 27539 28984 53554 18355 15972 38989 23731 47348 37228 6482 43418 20180 17930 24741 34632 54195 31136 30375 49437 60913 34189 32696 40569 8173 32560 15417 25277 51209 47082 2184 52551 41124 15644 23814 6519 16414 22564 19988 32432 6358 36453 35856 12366 31023 41275 25436 23988 35717 36360 15447 12866 54843 36397 39776 21846 48048 38664 41176 27217 31300 23035 35103 37011 44118 17508 44182 58237 18505 32677 32667 31341 41081 28957 4751 26819
25417 14892 37330 15842 39704 14385 50629 34086 44614 1166 37575 17906 57138 29857 31030 33702 52286 39372 38262 48544 28617 49518 40933 28481 41011 29927 27874 4073 36828 31126 27854 37625 19748 20701 11273 59343 49770 47130 21236 31179 46608 10414 42477 45135 51829 55290 34133 28346 32249 46940 28044 37996 11004 29751 30451 31942 34782 30695 21993 32550 9982 26574 56012 28397 30398 9549 29184 39803 16765 52674 9186 53296 44443 14991 38100 21613 15736
33043 34100 27535 20340 29357 20835 54521 40430 7359 29122 19466 48968 18600 31407 34850 42465 31687 40076 48290 8217 30590 41911 39144 22608 47403 30865 18517 21734 31280 40826 29257 30778 12268 14547 47652 32942 35775 33019 16198 34978 31496 20560 40207 34419 42793 39734 27359 52357 30080 29195 15382 35124 34670 33070 8212 18147 14933 37120 41530 27632 42896 34273 18918 47806 42117 57394 39544 20905 49807 48209 37715 43797 53008 21151 45012 40286 21353 30588
59228 23271 38136 6985 11595 61966 38175 51813 28929 52534 37181 44334 40415 45755 33458 34824 39746 17665 40669 47953 19598 33381 22304 17256 37152 17735 55513 47278 17496 17417 36202 20355 48537 37130 39474 22600 53312 39594 24720 16219 19374 43849 32230 36125 31555 26951 52115 26094 9823 22275 24310 35375 36963 21215 35184 22078 30893 5946 55394 49788 39581 47732 38186 25418 44438 44780 17707 26886 25844 49925 43457 40978 28698 41243 49230 28877 31336 20369 16947
24470 43836 45254 42190 36046 42487 33562 39297 13525 35321 24812 3498 45068 29347 49311 43691 29393 30547 29839 21987 36229 43881 43807 12466 44168 40520 28334 39031 6203 23372 42396 9876 46333 59864 37448 45159 33580 52556 21268 18258 40748 34054 25183 47284 16731 35943 38537 3565 15896 23247 8690 35932 34244 25503 37626 13667 42175 38453 21504 18016 50026 24049 43878 47284 42531 41525 15243 49600 11595 50784 33487 21218 54594 43474 23442 39293 13929 10220 31796 32493
34079 6156 30484 10388 4546 52627 14996 30675 18614 38881 37139 35336 12888 16982 41201 47253 29450 37971 60558 39129 19242 53557 53834 31795 38681 47199 35972 28677 20280 34096 45470 48558 34789 28424 13303 27277 61826 43336 25071 47108 22637 25422 26086 9073 42247 51323 50748 26166 23472 32815 25936 30130 40137 44490 33156 33605 9393 28844 46392 31822 52166 25653 30409 35375 34412 8133 39067 37446 25857 14012 18698 13812 5092 14458 37497 21147 23414 45152 56134 33174 40983
42444 58836 38987 25128 7198 20607 43029 15879 37561 38315 32342 27669 34042 35764 42095 49330 59970 25853 24510 11327 46577 12260 45477 15131 22375 22220 22403 38308 47621 8209 51896 32830 17704 44567 49315 23367 23604 32571 43686 41758 24198 28125 46623 61476 42878 45151 19568 30393 36479 22816 4856 34622 26342 22144 27414 36369 32788 29407 29228 37779 42345 21661 33177 48164 7749 32281 44732 18469 11785 52661 19190 5108 37907 32208 58280 38898 35779 42186 49712 26752 19580 13570
27633 13820 2458 31963 41543 19656 29312 42673 25236 38211 12942 47335 26169 37836 61730 38364 41620 26820 20893 31728 18695 20619 29535 34178 18160 41858 29129 43253 17841 22023 25657 14501 10921 30843 24079 25333 38712 46910 28334 45636 26813 23217 41330 36082 47258 18227 32190 46430 56365 32034 34546 51690 58584 39138 48236 50421 40954 21201 39309 31967 38643 32590 38325 9224 36642 3770 42053 51408 35305 36213 46235 54678 50342 9184 12823 4284 47290 38489 1051 40097 7046 50497 36358
30629 56936 11512 12088 31784 44739 26079 49938 24714 30195 42069 8434 46890 55642 14520 39993 28266 47705 36716 33863 20649 46670 45262 42108 33863 42651 16704 50233 35748 41119 33056 42715 17696 30137 19663 35781 60186 45899 40110 44630 37876 8884 34075 17902 45581 51539 46712 34286 37829 26762 32035 40372 25468 32183 49533 47265 42898 16956 34790 32277 49766 43896 28863 37232 29274 27339 47207 37394 53710 28052 14140 39771 55071 56629 24994 17579 21681 40716 18423 41314 30944 54394 38554 16608
52751 23265 38380 44678 47772 19356 43597 29106 33002 31761 21534 36292 48981 32155 44989 33311 28737 40348 30091 18976 27146 58741 31208 23848 24339 39556 44341 44695 23994 15915 39889 44493 53346 36297 28186 17963 32103 33470 59508 24334 34605 21097 60221 23514 27665 28204 29396 39916 1651 33637 6042 31396 36021 31606 36335 20325 37174 31678 42548 28044 33366 58780 19655 42106 10869 22130 35337 49039 45043 42911 33370 34347 38191 28290 63003 15279 14475 31868 49578 40825 21606 24302 23912 27881 32544
24374 56758 23394 43800 33463 29426 40512 42673 35533 27006 58598 40007 29914 10681 55988 37437 31295 47106 42760 27378 36954 46266 60739 25798 26765 56385 19653 6680 28726 34552 24815 33099 53431 43325 16671 27835 28527 21361 32949 35531 28094 12788 12052 26074 43267 36135 22424 25672 47776 18793 33188 51316 30707 26392 45208 45248 62046 33432 58322 6027 30528 54343 5811 54069 36857 45188 16539 38430 33256 34736 21739 28326 20079 58923 49921 18220 45804 29782 30269 26130 43200 30351 22017 28087 25932 52535
50604 23675 55790 29870 9374 36030 13321 34133 20024 13536 23801 45963 39384 26432 31264 20398 23263 37440 27871 17954 57517 32831 21140 8004 30370 22429 33953 32630 58399 39610 39013 42774 27777 10230 24383 29317 20267 47536 26257 23076 51068 26186 30650 29265 3284 40995 38937 27502 21140 13723 35088 37337 51226 53522 18429 19955 6343 30952 36418 42012 27643 36732 20798 46261 25878 54064 16977 48157 41848 56932 20186 37554 49793 10101 41019 11480 22929 32967 39890 39661 31752 39094 58112 35152 14662 31141 54055
49250 40108 35314 34210 42115 44440 35840 20439 46612 28522 40491 17185 4467 24965 47831 11490 61185 32582 14432 38523 41758 49166 51497 50506 7723 5949 31632 47793 27783 29747 47608 46095 46736 49745 51901 43716 49322 26868 20547 21551 27443 52096 18663 41394 45706 18770 36617 16555 44816 15818 55563 39548 38181 32843 47436 21636 46378 58418 7724 20514 31613 47328 21003 10936 28799 18869 31561 15781 47248 24081 40005 40520 37905 47445 4961 40450 24416 6879 39676 51764 4830 15887 51574 27708 49900 23112 37166 35197
40936 41702 16519 58195 30260 51020 33245 63264 11823 29402 23443 32325 52280 19694 45064 28192 28848 30953 48540 30739 22519 38443 40622 35196 23150 49173 18849 19389 27763 36357 37073 42037 40551 37723 8865 46148 40106 24442 35184 55625 44957 32190 43934 44198 48031 30090 52106 33721 16654 19006 34710 28644 23630 31544 23073 48774 50621 985 39307 30975 53690 23425 30772 58542 28838 30097 33916 33525 44769 16743 10434 37170 13516 10851 43880 35014 18117 38887 44749 40722 50477 27986 45393 50548 44132 35332 3412 43343 5323
18782 31030 46079 12993 33470 34646 35558 54948 35205 42518 3941 60632 11539 40917 24282 32186 14536 39667 21159 44460 29701 39376 32811 48396 41511 64204 14533 34875 33425 30790 2519 34714 53410 43168 48320 53127 17338 32313 22239 36964 36666 51057 39318 5775 25216 44712 33347 51817 26861 47678 19016 12370 51681 19602 26372 26795 10428 41990 35287 45011 42206 23290 40992 24104 22951 26571 21313 59406 56951 40157 34968 24035 18094 43148 24966 27654 41388 38203 15213 56024 31442 18760 44968 36537 22910 1814 5021 34826 49424 27905
30887 25385 45291 30061 44072 22647 42092 30390 46977 48212 4852 41791 57360 32545 28643 35174 42807 44349 43673 37774 19029 28422 11895 34835 49866 35040 58074 35161 17909 23337 11046 38333 17720 25152 26296 34719 28145 46726 28912 38241 10626 35931 41265 53602 7498 46112 19160 43522 10920 39475 48454 27041 61182 18165 17371 13983 17323 24262 42487 37723 15886 41479 42747 56887 44936 27926 34373 20882 42362 14420 32565 33740 26946 38946 18734 26436 32835 48350 38796 19037 43993 29418 39346 22387 26982 41637 31488 38121 29259 20590 58068
58654 48102 7334 29839 34418 63385 17325 20369 37700 37570 40420 36667 33271 46787 40873 19179 42215 18683 22877 38401 43639 27338 30560 32736 7430 31119 49683 37860 25332 36524 40405 55664 48800 32639 35588 21476 20076 56682 42500 33438 36023 30156 42803 24831 20449 20997 58096 26215 51786 14196 51612 34359 35410 10107 59287 12237 64088 24440 25922 52873 24766 55500 34555 18893 24547 18648 44323 34040 30247 8442 21530 24426 32234 36501 37953 46212 44428 31493 41463 23460 38764 35756 19866 43051 43500 8683 33678 27001 44907 23328 19504 27374
52809 4269 19426 29675 2278 55281 49922 18381 48546 33355 3569 42487 42716 7453 42256 18888 23286 29126 7357 27296 52303 34213 42330 15328 18759 39452 35653 60646 31806 44169 14047 10515 27540 30286 11400 38855 31144 27850 36001 23650 25820 49501 37769 38468 18320 24934 39326 24781 38945 63047 37700 54109 10483 25950 37081 33108 10338 53260 48828 31250 8401 5043 25934 18680 63646 18862 26863 30052 29228 18275 18944 33462 11223 40493 9439 61521 40963 7022 45549 47506 42252 51335 17802 21978 27989 27350 53271 47241 34620 33725 24051 20735 23844
20635 38780 35485 13673 19152 16662 52416 12911 42939 15135 31436 53907 55486 33270 29726 28725 35639 11772 37910 49591 43144 29585 12823 55672 54800 41750 41342 9688 29998 43241 12716 28983 41796 36203 44545 25077 47537 29948 24029 31345 19924 40957 33953 39181 45326 27340 57771 30760 28864 19914 12379 44578 54856 56664 10260 11610 26377 18900 31794 17459 25695 24480 56344 40201 19372 34587 29478 15935 22097 17572 26810 35380 31148 14492 24629 16200 26399 40803 30967 30682 3080 53594 52833 10829 37321 49887 30673 10493 24001 33875 34983 41549 37200 49686
36934 41116 35285 50313 39434 35402 57522 28683 44374 8630 27461 17658 52618 34114 47856 57274 31236 12109 40210 30889 44581 30263 39691 25638 24909 35936 31290 37522 34525 32808 48129 36941 36403 48110 7614 34232 25263 34324 39122 46897 60339 33017 25246 34073 35998 43773 27776 60368 42192 24192 25563 33719 36778 20962 45579 33069 42122 38786 31858 46224 46801 40386 42097 35396 5599 44801 18278 35494 36116 29087 16051 55832 25553 26620 8119 14584 56691 28792 48081 33703 47453 17778 41059 12934 13038 32076 5836 55795 33158 35429 42091 43600 22662 47901 35490
61435 59212 47572 50895 37717 22841 36074 4692 6334 21933 38590 25232 41111 32776 38322 59619 26431 30634 42022 37548 17684 22515 14455 35149 11898 14403 42249 45604 46031 11258 38968 44690 33138 49784 40039 23545 24516 34590 38900 21428 45861 33098 19778 27433 31734 46172 55981 46003 54933 40887 47769 31412 31587 48824 50018 18829 16064 35008 42859 26012 37133 28975 29970 53315 32425 26469 38586 18145 12274 54979 21183 49878 26956 42662 19333 31105 35605 14962 32617 23620 37292 29060 18635 39037 38258 10044 24077 6030 19143 45821 53646 32470 33292 26660 37294 44980
42911 38418 26829 18314 50145 34855 32075 40887 31538 34243 53639 52634 36339 21063 50147 41620 55426 44305 36542 11270 54080 20865 51320 45902 37518 30458 58224 15823 18122 20696 44553 36069 48214 36478 21151 40434 56209 56140 22421 10839 43226 24224 40778 42866 17554 48091 26654 18085 27417 37469 52336 30030 29904 32135 49827 56527 54805 38071 40211 25223 40777 27469 2595 42966 31948 37036 37938 35355 14079 36912 41376 41656 45633 28988 29900 18187 61168 46896 44056 34934 2416 24938 49635 13400 47647 27467 35981 21521 54620 19507 48758 44288 52104 30595 26110 49287 43267
23705 28036 19460 38446 26325 39786 18648 22375 32153 37391 27748 19727 33860 20435 43014 29574 23094 12054 43297 58157 23248 58936 22801 20579 23920 34712 23864 2950 13687 33176 38647 33018 45637 7831 41900 14620 7994 34037 23737 55374 50103 46866 22397 40686 58137 37710 25943 59741 48323 21512 5033 12284 35860 36770 11218 34601 34924 47227 45873 8006 25900 40179 27432 17585 20914 59242 20757 24523 31071 40512 7770 29940 33683 41940 18518 42125 37806 13960 32873 43765 18704 28860 46066 24714 48921 51405 35923 47536 36137 37151 28394 50885 50848 30734 32024 46120 64222 34813
37951 19002 13636 42826 19898 27995 32048 39000 32495 40428 22018 31107 47417 30795 16157 17711 18938 46297 13278 53688 47763 10230 43942 20865 20578 16899 39381 21224 36041 36703 28107 49232 44327 47208 37609 24597 10972 33154 28812 21659 47943 19211 27160 39999 53194 37218 57066 37217 38339 60648 43618 27235 63124 37373 41955 14756 38812 20738 40650 28036 23098 38485 60024 20579 23504 27223 21069 34977 30141 29032 40361 39069 15712 27625 36845 24249 33818 46648 26743 38228 55116 18614 25255 53966 32852 14276 46560 35206 33941 46016 38270 34783 42347 35084 45284 30773 24632 40967 13170
24811 28253 32016 50310 42080 17720 49288 1921 33012 38443 9935 39875 4358 20116 34886 40109 19193 38869 22859 8605 33065 22349 43583 48627 25081 44636 42882 33042 30664 31329 39285 30294 10486 21694 25719 42274 47074 4817 35046 37078 49902 17916 8998 47312 17529 15262 60309 39025 37603 64791 13970 10009 57484 53190 29822 55337 48084 46349 45497 39679 36634 27210 38564 23291 41152 26846 26525 32639 37669 26154 34053 27626 25769 21388 27452 32668 28588 24167 45731 38390 27278 28695 3993 34390 59310 44542 21116 9245 54638 63869 26544 16043 32301 28658 55186 41312 34891 27327 50820 37789
30248 32579 29924 22719 42532 32477 16147 12329 21150 63215 7538 21818 37368 45272 9311 32594 22161 45559 33852 57810 28361 15278 2407 44056 34048 52059 40001 35205 40854 39520 16682 41337 41194 40476 39043 38740 18270 34799 57003 35446 11602 17720 60416 38463 18723 32601 46310 21007 60725 39856 18875 20806 18404 15262 22238 41796 25491 15493 42160 21354 42656 47040 38801 26902 21358 33461 12258 26536 34905 44735 35329 52867 49093 35136 24143 39172 53262 39833 33068 16012 27543 43816 58105 12923 41150 14671 36885 25649 55782 33645 45278 48911 23915 33506 35256 10866 19889 27917 31489 35262 43285
13136 33048 15440 18935 33545 46174 40328 26297 17818 51507 33993 37306 41058 36856 17776 14682 29888 29963 11998 43001 24598 32973 35955 33783 48067 22430 42383 20403 40230 14815 15763 27023 21920 33774 37853 35818 29330 44588 25549 52516 48474 19706 25798 40860 47963 37046 51748 20917 11761 50626 49994 36299 37502 21629 31640 23105 41571 16710 39532 6518 21246 11390 49959 35274 21937 53893 38185 17820 38874 35772 43987 49999 17115 52353 40579 21823 15379 42293 32921 43471 9442 49720 24952 52062 23207 27627 19580 41036 30404 34477 51464 60152 20119 37596 23164 51652 29570 44252 32822 46863 45796 36107
46487 35129 5661 34760 29183 29346 25228 36212 43215 33194 39315 10863 18789 41136 30864 34586 48929 38422 30948 59347 29029 33851 20464 44283 50064 27007 28434 21234 38146 41026 33709 61977 49436 24292 30493 48847 7996 14276 28356 35186 33475 39236 19459 15974 15121 52675 44088 26120 37766 31649 26821 42170 54147 9534 38665 47834 15973 43258 34915 33993 37775 49460 18997 31464 36448 33870 9694 45461 58936 25767 41149 22834 52856 12447 31796 48669 30334 37526 46497 18615 35243 37100 34406 32096 44895 3584 25570 31865 35578 18484 32629 609 48092 23016 50814 26486 23909 14713 57951 40988 34549 47435 14454
48305 19436 34746 27172 27028 15274 12073 21707 28454 24976 5622 37318 45511 50428 32388 30331 45528 59726 34607 37957 2999 19945 43611 47238 30661 28202 15972 60575 19042 49522 30125 30190 29679 15137 24212 54741 32971 19095 58236 51635 39252 23349 51905 19176 33262 21592 46791 36563 39671 39268 42475 34518 24782 35254 29325 24655 27604 32942 54031 33952 61545 21935 22992 39208 48878 56342 30000 32582 50113 58180 28559 21596 34627 46745 28493 29129 44500 7541 30409 27884 30677 23353 25701 38694 16804 44867 29312 32216 33698 54515 46970 27232 53808 33708 42418 25121 56748 28362 35723 42615 29304 17840 37729 46276
30963 13246 50071 18025 30076 24658 32396 20676 34932 28365 33440 34103 28219 32399 59954 20768 32562 11001 43941 24033 12215 35689 39253 37081 36907 45887 24997 2920 19694 45534 36596 43757 44641 4770 34722 2250 39139 23790 36366 31325 36050 37922 16538 37128 42642 47004 39333 39466 40577 17085 28559 40739 18686 11493 29880 25938 38506 26997 14208 28185 37669 59339 41542 30422 26512 37703 31596 30954 55305 54091 58705 10678 17649 35638 24149 31384 43688 39528 49368 39155 8591 56386 49978 28195 24069 43042 30682 8074 45160 53609 52506 36489 34076 42871 36185 55422 25726 30124 24311 54987 29424 33641 17492 40655 28880
5131 39888 33257 47743 59125 40906 36219 18526 14214 26276 35556 44747 48414 25277 32643 7720 43806 25205 44218 25299 45284 36908 36839 58669 63953 29250 25196 43414 11589 27414 39336 20591 28320 47370 26363 38423 23874 30334 14276 53996 38027 39375 13669 31570 11227 30049 17724 8103 13970 46992 34986 27722 17424 60095 56593 43420 57270 30028 56268 15357 37090 39322 23105 41934 23284 30213 27083 32109 15695 34033 22476 33083 13136 40122 44453 33688 46168 28611 12468 29925 46023 35946 57947 24961 41213 23826 32761 29130 26459 43031 33518 27172 28222 36829 41113 43757 39178 37569 19036 45188 18204 35619 44437 37706 21460 44901
45990 34719 38549 4582 33262 56804 25276 8454 31180 33399 34730 42789 14498 32185 53439 19107 6095 29706 34139 36319 11442 42443 26847 53051 18604 28506 15017 51478 31006 51480 13849 37328 34662 18278 37522 39880 30951 39586 33648 13665 3837 3886 14358 35063 50954 36201 23524 40173 23151 39346 38456 21410 16010 21610 35443 27510 9405 31217 22517 32456 31334 25256 6687 33787 26855 33517 26703 52587 21919 27425 21989 35195 25070 18340 29252 49802 27443 24791 18632 24312 35536 39705 57556 41252 5667 30408 48584 10096 40590 36936 24322 27707 29040 40951 49123 50661 6185 31284 55243 26318 22552 3936 39451 23894 12959 60379 30257
37852 58652 14342 22381 53442 26864 47167 42289 13927 29564 19687 49884 49963 63006 29278 36814 53614 40505 16645 26472 38800 21801 27963 41224 42992 49232 51038 36879 28912 49423 48082 33757 15599 29892 21236 18386 12877 46289 45350 41807 21354 38549 5830 22961 32422 60271 24629 10843 28256 49345 34260 53420 14586 24554 39937 33796 53459 20041 21278 30660 33867 19776 30601 23370 32194 55853 29091 23031 17304 44658 50636 6955 47148 49006 37989 49734 39392 48769 39373 28328 33556 39178 44642 15281 27173 30827 50824 49345 41335 16898 29341 37176 55142 38704 24320 48246 38485 21847 21522 52700 50338 38354 46643 52424 42160 11783 34244 48282
21723 44881 57123 40117 20359 26386 31409 26742 27408 24235 44238 38718 23001 23418 26075 40045 10816 24289 45623 26467 18088 42559 14912 58241 30061 43764 16986 30756 55539 8799 10979 34992 28567 32226 28730 29826 5049 60123 43712 5882 31675 53932 36565 18299 14844 23220 27866 22882 15580 58450 45357 7184 52923 36072 25647 56037 38393 11733 10816 56641 38133 56440 50113 26245 10769 27186 36112 13839 4012 25700 32398 34623 23590 37996 44188 37240 33246 32685 18328 34838 20279 59267 39908 39548 28301 51536 37343 29706 26179 56949 11752 48158 39096 40016 36960 38425 50252 13379 30119 8539 33630 37804 46622 31045 52305 25581 17955 13621 29057
35429 13847 59531 41297 43124 12890 41642 26144 7033 33613 28398 9806 64726 36175 54458 42042 8681 20670 22382 32326 39956 27134 30312 11985 47286 4461 44297 35899 33071 39786 29361 18660 47838 30806 47809 29484 26405 46225 29847 30066 50018 30844 35731 38424 51446 34933 26391 30589 44354 50397 27266 6145 24996 43540 30004 53764 37759 20603 25230 23526 44079 60529 35310 18438 53526 20052 48821 33990 58261 25224 20547 56453 33034 45418 2552 30115 727 57180 13109 21120 32347 44220 36695 20860 17653 62955 56769 44278 58375 13130 22994 31568 9456 31031 47850 12009 36111 30740 13418 5665 24006 31807 30128 56152 38003 28185 43549 34030 27256 53762
30993 30018 21812 51291 34284 60086 34311 36227 28686 32682 27216 31192 53975 43643 43889 33214 17831 15757 11976 13715 56286 59196 38326 16822 42204 45547 48541 28296 44034 33784 16344 8297 30894 8134 29133 55226 36416 41905 25815 45273 27675 35357 26200 58407 3484 43366 32689 50692 27172 13295 30272 18129 29971 14358 52071 29421 40393 41022 48261 62134 20391 45763 17146 35472 29194 37385 37925 6873 26710 15469 8552 8176 37352 35919 6177 12854 18976 14353 25010 34315 26721 53778 41850 27600 16392 18610 16088 53219 41078 26193 53550 47781 21771 20815 46043 53366 42279 35851 31806 53687 21547 29927 31672 39622 41333 17986 49066 9220 51301 38524 37234
33234 32862 22516 30323 25742 31932 22797 12297 39066 60642 50211 48022 34389 31792 40857 21115 45598 20996 19918 27158 48214 37311 36130 46025 24925 23233 30708 40178 31124 51307 33959 20211 31065 29211 34199 44843 28941 27441 43303 57082 36112 17168 31158 15295 5571 34068 56740 57052 28549 47264 5968 40367 6836 57620 50460 35226 13236 32206 24935 28668 29411 35375 49809 23093 11424 32151 6906 36260 53580 19303 30978 35755 27975 25341 18184 4520 43250 44985 52078 39164 51371 39165 43155 22280 11475 33320 23767 15658 53706 51866 17050 63685 53233 19892 36924 29493 56231 25300 55324 20956 17738 23899 34972 30235 31038 36009 27675 32080 32736 15390 43257 49373
32146 13083 16790 54817 45746 13565 37970 36475 31649 33063 56204 30541 20672 21240 11686 55798 50797 57808 31999 48085 36106 24848 6135 24140 28917 32790 43246 16057 23183 59971 13892 38526 20024 50935 41560 56058 60497 47506 11148 48525 28985 24948 27712 11158 46414 55805 23249 52855 11508 14989 18851 35726 26761 38532 59154 33852 37996 32066 48513 38371 30974 31272 13134 23006 31391 38036 35548 42387 39344 20454 57991 35421 62095 43905 46259 21918 48541 41666 22460 4279 20282 11530 32261 33030 38855 48569 13804 42989 41891 17455 27092 17099 39724 43981 57369 51968 17094 23536 47903 30187 31439 47100 31043 13550 49062 40782 29925 46439 10668 27974 25703 24760 27969
31047 23080 56384 56006 38574 17544 2398 24217 38108 28135 34164 33051 16177 31909 10721 26284 23821 29473 35844 20397 12753 44989 32062 6268 31963 27864 35568 47482 31115 16594 32376 50952 24388 40458 56633 29060 24930 21219 26767 34128 44872 35257 40412 27339 29782 51439 46721 42580 22506 29412 42972 22604 32101 17912 9039 15635 33831 23690 5688 44298 34705 44285 43513 40079 40705 35245 50161 39939 24023 41213 34176 22470 21366 32076 52229 38969 35642 34042 12514 16827 35974 31334 35189 21674 55994 31730 26400 60778 30004 1021 5954 17497 22357 59623 9019 11734 30845 56592 20586 39490 52237 28376 41009 38397 49507 34974 20462 18792 17375 28868 22786 30945 47843 18857
28878 33993 35278 37293 34992 27008 4096 41776 52747 16231 43226 13458 10811 47837 43962 22578 49826 11328 60417 31858 30881 32756 47375 60337 27030 48726 24132 52303 28387 35784 41729 41132 40423 43176 19107 50984 51201 29015 38029 31266 31379 56886 48158 20476 32508 33699 30902 47893 55963 4608 32182 35277 20178 54699 64124 26244 55551 46853 39529 22426 12932 47726 34013 16238 20672 32839 56632 23650 25875 50415 17114 18646 56540 57540 20771 31527 24957 18474 8051 50617 22612 35711 49450 22248 25282 22306 17832 47383 24105 29556 14414 21156 25572 17621 41082 26098 18777 52134 33164 37213 8163 9285 23271 53065 13540 34579 42984 30226 37309 18544 24560 47131 31692 22717 30303
41922 29811 50265 55957 9066 47377 13218 30707 32111 49926 60156 46550 21557 51121 19141 30626 9753 47220 20316 40116 52603 49837 4386 32876 32957 20414 50295 31277 21054 34054 14780 23892 12382 17380 23887 31042 25981 10682 46993 39255 38907 36839 27874 34035 18999 35786 48547 32631 23187 28356 34354 18497 33646 17974 48880 39601 23336 23422 31806 44586 21536 13311 28282 13832 15545 37141 25094 57774 16207 28706 16193 23676 25157 35463 35466 19920 2042 54690 25666 55563 61134 33493 2249 40333 12576 32638 53376 46775 50515 29951 12229 15335 32195 51383 46841 16509 35027 39942 37500 21468 28898 19531 35503 33120 40016 29416 33777 20588 19836 25915 32416 17504 41672 46246 38688 23706
5779 11912 34255 38011 32573 23617 7948 25443 36646 33584 21304 48307 21678 42167 44723 36809 14900 32308 55774 51205 34330 35080 6423 52425 55999 31380 19647 33140 13955 17462 28982 50534 29638 37713 40669 29696 18664 20801 35347 25760 18504 41832 33590 60071 57416 27431 30378 54645 23367 17884 27852 28778 57253 36073 35326 33511 61378 21933 36510 20553 27134 29063 22285 38899 35000 28121 23468 38212 57938 37890 45273 32668 26923 26977 34550 35420 27555 12120 43617 25826 37914 25413 33659 47759 26864 48778 5796 45763 19588 46726 33853 28894 32056 31897 34981 37952 38252 32290 31802 14409 35709 25731 21344 29785 45519 38170 7797 56272 14014 45384 35288 32270 9389 38511 24042 26228 25082
24042 32523 40032 12552 23839 28060 41778 45107 42345 17915 31309 55775 33834 16521 40206 33896 707 45478 33494 25137 26258 35251 40709 33176 12537 21775 24827 19712 40791 15384 46105 35525 43788 33586 32700 56651 35191 35515 42824 17135 11258 20242 35354 38417 16371 26776 33682 36115 44740 35757 27411 47700 40396 34994 37882 35892 28266 19461 19880 19731 15872 24071 25469 41809 26093 25368 40153 37197 31632 7065 15645 30057 20554 58344 33703 35332 29052 46182 43991 25982 43140 41332 60688 31286 31429 23408 31406 38543 43419 11964 33812 25829 12904 33719 46242 60315 20109 24256 46006 36112 29544 57400 42161 34724 21083 17535 42739 30134 22724 25590 21981 52649 45061 13051 51405 25049 15741 16879
37667 57513 41612 15666 17474 54392 48273 27941 26502 41894 42222 13863 33874 37010 45313 39062 40454 14750 29228 12502 46080 6441 46542 14149 16801 1427 34119 32834 15945 45372 42486 31790 40281 43652 39229 14185 52783 23498 40058 23124 48171 35696 43278 43341 20143 23509 29786 33973 26906 52057 28604 26860 27340 46172 18583 28243 44838 19774 26695 51529 36230 43102 62510 18988 22861 13342 52653 56672 57819 15069 37410 35650 29328 25339 39663 30772 21197 11992 32115 25748 17903 31956 35597 44227 35673 34638 53535 18722 24170 25768 39176 19983 30338 34625 26663 60396 34562 48505 32734 28439 48968 45488 56715 49137 51893 27206 47760 25306 53417 18842 35916 30771 29828 36366 33823 15451 21926 20994 36712
34736 36719 35795 22409 52886 47423 36325 49632 41323 26230 34452 61390 44174 42612 32835 48821 47200 33946 24912 18416 10561 34886 27678 24805 32658 13528 16137 6895 22449 35251 54389 50032 27135 33332 33470 25545 35548 38332 31815 49496 43689 47019 53102 23935 21957 22369 59030 30109 46222 24639 34843 33554 35688 14754 22113 15165 15025 18158 20421 3968 16072 26496 20135 44345 12302 63160 35177 32202 49891 19449 37482 9874 18344 15008 55306 35056 10939 37390 42153 16966 29821 40355 7847 11251 18766 9407 51299 56150 27023 60099 32831 41424 45470 44813 32922 36034 39388 11517 57300 58762 46762 39926 36940 45451 14438 12116 57445 45601 27506 5754 31355 25774 14381 31944 25841 33427 41718 35228 33318 33070
52270 57431 36986 37345 28725 8281 43596 8714 26476 25859 50687 56075 42545 17843 13807 41539 48357 21961 10367 39186 22504 9384 10254 7383 49051 48556 39676 50932 22621 43064 17320 27847 41612 26540 49268 8114 14988 31590 35775 11540 55483 24263 31721 7757 53624 35119 50002 47292 38180 28159 61530 32195 12319 31893 60768 10944 19146 41041 32966 47380 43395 16533 52459 56864 44203 16576 20527 35650 20642 32818 25842 28125 44489 23116 16788 61261 30847 9836 30836 46324 33058 47091 30708 41011 46102 24129 35443 52840 6584 58550 22097 39157 22122 37555 24046 38201 43658 11157 32682 38035 29305 61119 30180 42085 42648 38800 22270 36366 23365 23912 5463 22253 16610 29608 32591 49252 41933 35246 16198 18385 27751
19163 23452 42646 7952 24207 46768 21010 23593 26666 36580 31653 57361 34572 32408 37038 33574 22165 31785 47759 14796 28197 23035 24230 37985 24860 50794 40532 48964 16090 19417 22267 33494 37568 20646 41462 17271 58412 38708 21675 33160 46718 48607 32885 55655 35097 16139 29366 33653 22362 28948 13519 54290 39074 34397 35870 48031 49233 36164 31237 50811 48583 28716 48099 40196 31845 30065 19224 33694 25480 16247 23811 23207 22164 52379 25350 7806 13542 30525 35455 26500 23006 30143 15568 27161 40159 23168 40792 30366 53574 37856 37750 31089 18036 27711 13964 31475 18377 35325 25081 8068 40101 28537 43804 10117 34921 31509 58198 28500 51827 26416 6152 28498 40483 18986 37520 15328 47836 38498 55377 34140 21498 39483
