153
57692
1541 33568
46544 45103 49460
48020 29596 11290 27188
59470 40935 41596 47459 33967
37137 40117 33568 2071 31098 24612
14284 58855 26498 28203 25543 36221 50568
33832 12146 27193 23022 39804 24363 25469 18195
27016 21331 23720 35671 24490 34890 46362 33050 11077
38513 51252 57020 46517 12839 27988 13980 42076 43978 63451
30492 22683 61374 14121 27291 28624 34400 30366 46969 50013 37906
32155 24598 59553 22834 36733 49874 12539 45601 27559 39436 10701 38720
19832 31782 40054 40173 27728 56191 36437 29578 31632 34423 49356 26485 43670
10094 45369 24847 42179 17604 39166 25784 37239 49368 28026 37585 37906 23052 24589
42937 19444 43712 24086 31694 21629 43345 4343 33652 17677 43043 24078 20233 45316 21906
26300 2796 42946 48129 34915 32638 46248 49614 23646 37151 24340 43356 47123 49200 43622 37127
44253 43279 38401 29491 34846 33821 40258 42556 54071 42426 14218 23685 54150 32327 22585 9324 35437
39459 61103 26708 46411 41388 26189 28313 19840 22854 9840 22943 34923 41295 37500 42947 22382 30246 35278
45925 59367 61484 26566 45799 41784 17345 33735 47272 44736 16710 12590 45832 27614 21785 48988 27751 30708 34715
31153 35621 11361 32044 42893 37281 40580 30253 35921 24125 8126 52988 59227 43864 48496 32762 29707 36690 49400 40328
59844 31882 44985 22532 31714 16739 51983 31696 22984 34873 36956 29003 44758 55151 14593 15572 41578 37220 14940 32460 22501
29816 17871 29587 28327 39690 18616 29578 33297 31613 27769 29455 43393 59437 38513 33411 30807 3965 59392 20038 32246 31692 48773
40633 50618 37754 13154 22587 55046 39142 7157 31530 46394 43634 35232 41962 24500 49789 51650 35545 20949 14183 58811 33878 33533 48016
41706 32962 59021 23896 33457 35965 27619 34590 49774 20456 32351 32580 56194 36705 34147 26665 33614 43849 25678 49197 43824 40960 31360 25008
32907 34279 41818 33554 27835 37213 13882 46770 38178 37568 34433 27378 56097 30324 58255 59953 56342 50390 39108 23247 29027 8776 60801 48940 45159
53032 9507 30120 27265 42967 32525 14498 44307 9398 46750 40572 16764 23075 33590 39317 44315 30848 38966 30797 12626 19499 42236 25860 19327 15749 21737
26138 46340 20718 20317 24046 58176 9927 47032 35554 34707 31599 44378 34646 3932 42820 52131 51623 41981 40618 43507 42041 43732 29183 23466 50536 50498 19874
28712 46999 20649 31220 29390 24868 26212 56149 60154 33906 23513 29222 23564 49117 49763 56005 17767 36297 26468 19859 41576 50322 54333 7920 27248 38555 20044 16189
37087 37442 55027 47833 34069 41450 11153 14882 12915 35823 17798 33148 32854 29365 23089 28997 53794 54425 23284 34268 34612 35835 29997 55202 31468 53053 37438 39671 33965
12478 22406 41020 30676 40670 42596 21455 41922 25597 39994 15889 21463 42619 37479 33634 20339 59575 40522 58403 23031 35091 37188 15538 45761 16878 30902 34160 38193 43432 40446
53950 47274 45728 34431 21754 20616 43833 29589 22662 35886 48591 25250 17857 5884 28869 36103 8458 38992 42618 26658 35522 45963 40270 42325 16201 34829 28576 12798 38656 12599 37843
46975 34373 50791 23619 39735 40313 56061 30547 32390 35068 32348 28514 16075 37167 15328 10960 30056 6769 39660 27644 30651 42272 40672 53576 22310 19872 18202 54547 24840 52303 36603 52669
40641 30092 28131 28070 54704 14776 22323 17198 34615 9523 14921 47284 28852 57438 33413 38042 35720 44951 38729 31039 36116 29503 23540 25859 59062 42934 45030 45638 50641 25949 28288 38760 37825
24723 28448 9928 30184 27062 34087 20168 19879 27946 32757 22983 47196 29516 43754 28197 36713 41086 52583 36418 26669 46366 43721 39038 37895 36237 33395 51000 8281 41516 36804 12498 22146 34649 2588
51115 15329 28022 42204 23075 37336 8417 36706 37530 54725 35323 29967 30576 16650 44324 32067 27396 18694 43709 19294 43960 40729 48933 32448 21484 12450 49850 45769 55805 42755 43488 32473 36943 59290 34037
30288 42302 37832 32856 43150 9005 35055 25706 41204 28794 24682 38283 26336 20360 28575 5148 32178 24243 18409 31867 58573 39007 46762 34569 38798 21224 50499 34854 36182 16561 47378 28723 47493 28696 37753 52111
35707 52096 37335 17048 28313 39237 11660 6578 51772 31691 7159 45371 33224 29039 20090 34194 29850 21649 29299 44824 32274 56211 28996 25133 30099 39124 28748 28466 11898 31412 53482 17029 30760 19347 45184 58503 40445
45521 26733 31128 26457 12237 36368 16921 38813 41961 29386 39528 28199 51332 9212 31462 42583 46078 27396 30708 30608 22710 52549 16880 38190 34063 35867 42300 44692 25445 42216 35383 28450 31259 53517 30016 32310 43920 34280
34488 32561 13860 29915 31487 4467 13366 35652 10870 20573 39977 29317 35195 21325 16473 36861 43119 44451 20265 34060 46002 28354 54008 44817 29605 41478 12838 42862 19623 52946 12050 17281 16150 30854 26654 38060 26454 40576 55209
26702 32197 15393 21523 18375 22210 18633 36796 30838 58030 47065 39172 31677 44521 30895 55882 36602 24788 30379 6640 43918 49101 39215 31317 34522 43829 50074 31193 37436 40812 54604 29404 31511 46291 10662 39870 43719 8137 38918 34526
18094 45228 29645 41630 45101 21472 35931 14685 33954 37314 44304 29051 7535 36532 40269 19800 36851 35604 41071 11092 11661 25411 30169 17870 33695 36770 22762 45864 23432 42127 33026 26049 15015 53868 41346 44025 25182 26007 27080 45104 20491
50801 34101 30918 15632 31066 39721 26650 7884 40627 52996 48270 42655 29403 49190 36994 49640 20016 35311 23123 39433 9494 17343 27749 37984 34795 33014 29972 21070 41742 53492 32451 45365 16096 48922 28624 19056 16321 21190 35486 29541 42514 36696
28041 48495 36401 29747 37621 30192 45183 31924 20798 9801 24924 41020 23239 37848 37161 21035 48622 16383 19525 33249 25878 26653 47886 6847 38555 34194 41448 33826 29921 19901 24881 41326 32325 12800 30024 53760 36135 24505 30350 28984 55273 49226 6499
54905 28906 30994 11816 21792 18058 27504 8507 15502 41769 13510 31485 22563 44327 11891 24526 28479 26339 28118 36879 17731 44735 17488 26654 39309 16154 48962 24668 10109 11860 43018 36138 42614 28364 33803 40678 18900 52965 38049 25074 49402 30971 55086 16045
46920 29553 34067 14710 54300 41126 37806 29358 15063 48890 46177 42677 35545 59596 21642 44524 24451 38015 7563 31921 20531 37999 62659 9061 28745 38655 31634 52840 20264 9870 36695 17947 30764 43388 51572 28381 29368 25128 32583 18700 16940 61172 16946 61708 26086
51775 57236 7995 22855 51817 57549 43000 37807 41426 35644 31652 34943 24282 24643 42655 42773 27616 40256 20810 23249 36678 15252 16387 35605 27499 28832 21291 39744 32431 44482 34594 27314 41842 8285 29769 21708 36884 12749 20223 45292 55028 34676 59298 53875 26228 33459
43670 35009 2291 49384 41016 7990 25809 39797 27882 56627 31854 42937 53514 34325 44586 14099 43257 22847 46180 22245 27928 37392 42366 20622 12741 26600 29655 10605 42850 36392 28111 41700 39501 46126 48582 47697 29415 34139 27164 10518 46480 43279 54576 25746 33449 49834 15716
40485 5777 61836 15640 49966 18854 20757 19113 32015 36940 30885 14459 45350 31457 31644 46314 32980 46532 26970 19033 18811 2390 19776 57126 42102 55799 11948 46516 26411 43016 37118 27743 8949 36839 29593 32139 9526 51701 20954 49044 63311 43666 41762 25821 56990 8735 56017 31684
23685 48379 26695 28332 11875 41860 14053 33777 19864 39454 44552 24055 28547 33063 45332 31515 34182 21758 40806 46525 48383 44548 21598 17471 32592 49305 10079 14592 29144 23838 27590 33376 30198 28657 28916 27327 43276 33139 33353 39037 25721 13828 26405 3577 48540 19973 25321 10645 34262
42452 46323 42416 51848 46546 39075 39082 21776 4704 50524 29922 43729 27612 28282 35003 36135 36520 50016 32401 31092 58147 28526 23751 10521 28076 6658 34236 37236 20132 26237 14288 25575 49771 29759 36194 3536 41314 24233 31957 47249 24551 48409 55429 51593 36443 41711 20181 57880 55582 8078
27172 24477 34961 15954 37074 23418 33043 34462 34110 43789 49922 31698 26058 24504 27330 40268 11477 50906 45233 26221 45247 27091 26926 20117 41960 36354 33946 18725 38064 46281 36693 50555 28022 7046 45504 44791 29852 15258 45113 27899 19585 51814 27425 25318 29573 14664 57048 28696 50184 13731 9151
28658 29802 43219 28213 47570 38666 47162 36504 41241 39498 17721 29004 29991 51337 27950 40622 33116 51239 35195 47904 36121 39812 12159 34560 23483 41216 12441 24239 11429 37626 39467 47758 47926 2004 13716 44795 48846 29165 34867 27736 27342 40869 54122 48899 28308 15196 38039 36701 30081 52082 34076 25030
42741 12870 39512 54943 42576 44602 34219 43591 37618 22958 46196 46364 34875 43775 53269 60290 40331 29841 48620 24023 26178 58560 40794 47226 29120 34287 20929 17356 19302 15996 28284 25645 31378 53450 19185 39422 33444 56117 30843 33181 58111 22561 17532 54123 38656 40426 14421 25544 38408 24307 39268 41749 54135
43418 26891 40369 48813 26690 25769 31738 17163 24903 34206 33364 18414 14093 33097 37149 12474 26609 51468 42164 56524 20051 35397 21882 10116 41109 44630 22479 26693 28950 23198 31764 29292 11830 28796 11943 38234 41557 36178 30697 7279 29651 35455 31802 20235 42255 32098 31739 28815 37995 46940 21386 49241 31814 17870
31560 31177 29440 29206 34710 54338 27384 49559 43218 33568 45713 30125 43870 13766 29735 35770 30617 38804 46621 48415 37346 53224 23250 32570 39578 33315 8358 33645 20001 19877 41464 14102 34008 19919 54571 50071 13085 39423 35995 36431 26961 50581 30379 47262 21460 24564 40378 40931 15111 29816 59432 23936 33609 35460 6228
18131 11512 9592 19616 27966 21624 17586 32619 7712 45607 58259 34581 58073 39524 31099 38398 32968 32144 31179 47750 31055 26635 21473 24332 35276 33334 29469 18930 11168 36975 48865 40343 37932 29463 39564 22619 13518 42638 25982 21662 47849 49973 31512 18624 36825 32107 12984 18208 22784 42382 57279 48672 30655 43010 20877 30751
35188 36132 54146 7037 26497 31062 44287 43674 42821 11510 8545 33750 39455 33893 61451 24976 52593 30724 54364 55850 35482 39985 34228 57347 22265 41294 14196 49531 29680 54201 39162 10482 57053 7123 54695 40136 20770 32252 38107 32604 16414 39573 31222 36624 23857 44541 9304 26180 5562 37010 44897 31573 37659 46776 12913 8359 15026
45261 16616 33942 44512 43824 27174 12677 18951 28226 47500 36306 43138 24163 46712 56288 40631 31732 25674 47627 48641 25427 49765 41655 54210 19681 19494 27712 26971 36094 30958 18697 17450 37899 15389 18288 26001 28263 34067 20952 35567 50288 48945 44701 11684 23178 20948 32803 33551 37139 8288 50375 31890 25706 35378 22249 18315 27888 27306
27883 19804 24325 39211 6444 45924 35594 26898 51724 23298 23901 43456 18923 24984 24159 42645 16169 41093 12912 9969 11301 11560 39409 28213 28481 22754 28992 15295 17116 45332 45246 19183 15702 32540 60620 21288 20750 18525 21960 34758 19559 52787 14356 38956 22973 36352 31759 12218 32627 16677 42520 30158 40936 56576 54928 36297 31100 37619 18903
38667 42638 53340 55374 11509 40321 48797 30291 26341 45233 17173 46151 22587 3713 32548 48778 4186 16720 20521 23933 6814 12158 20358 30079 32362 7018 53913 34542 48926 41846 27332 44590 23576 49665 25958 41885 53433 19819 19423 15258 5217 30740 25486 26246 39537 20572 11733 45249 21063 16546 26642 17068 42819 36680 35750 24741 32967 24237 19954 27405
16946 11569 8276 24132 19172 21812 12335 21163 30270 36118 26335 31905 7070 26422 27078 44164 36453 20982 39493 20152 40435 38837 38330 27546 5544 24275 46471 10124 48357 10672 36619 17132 22279 54956 29605 39451 9073 8230 28855 42362 56706 40064 53152 31079 48282 48665 38335 17988 29722 21329 33910 22639 45920 34440 39203 38985 42445 24094 36136 35378 29377
48242 21988 52875 15772 24550 42167 41395 9662 25306 59136 56328 18055 48043 17953 29166 46935 48317 42872 29635 35726 37996 44134 36326 21132 52507 45645 35000 38834 52520 53896 18585 25182 55030 25213 19946 46576 35041 29575 13577 37323 23885 54024 46679 29004 43670 35425 42548 52180 41759 24304 29953 38083 21830 21015 12061 47993 11118 41269 64742 43863 27635 50602
41664 52154 47417 29909 33033 32774 37277 8216 37920 42904 53119 29905 29798 7632 43329 23650 22075 47633 12610 31786 35328 20408 21986 13704 31763 44582 24961 42462 13525 41147 31359 42635 22694 28375 41787 52462 42983 56283 14871 27240 32502 42789 31090 35930 54836 35861 30636 31778 49666 16910 10020 48931 29374 31852 54845 38585 13514 60050 12115 32838 28805 14304 47305
46379 10830 35764 54526 10950 33414 35183 49746 4729 46477 20593 6948 55714 39876 31771 21975 43427 10633 41931 17607 59355 28477 56033 38487 13738 6464 45248 54502 28783 28659 45252 26324 45452 55221 25168 36480 52831 20708 18628 27212 55370 30692 25470 29847 40108 34067 44511 33729 42213 19664 40775 18986 46676 16252 11031 54834 21083 26999 16557 37432 13912 29474 19305 50334
23468 8411 45741 36803 30648 21251 55768 29191 31706 34298 41034 50634 5493 21025 24932 16748 44517 27607 29828 30540 27276 9082 44299 54732 44235 25966 23129 42827 37376 14864 51150 37417 62349 50626 15563 39110 59089 51426 31917 39298 48427 8145 50903 20156 33789 49904 22184 20182 33958 50845 25472 35887 50309 23354 8384 21799 34044 19749 48582 54302 17257 33983 26099 36724 47406
34408 16551 27016 56234 29313 28994 41148 23613 34153 38692 20336 43078 38782 52653 27649 26919 40228 44093 18643 33854 42681 17972 37954 39660 24732 43762 22705 35475 37678 26072 31870 27790 41679 32324 16908 38467 36832 30614 18359 6413 30399 53553 34787 49742 36813 34418 55532 7015 12138 36538 60725 27062 50679 23913 21276 44701 24531 25055 29956 42875 9564 34685 39241 52656 56054 46496
25167 22171 24831 53164 20083 45982 46038 46334 14357 37399 27612 16630 21911 56168 15729 19191 14680 13552 30966 42590 53688 32782 35529 8844 26903 23076 31563 35553 42453 40081 28380 9917 35409 56500 42461 14721 29933 27630 31916 33419 40968 22432 27562 48443 41474 26920 34616 41204 27962 9705 32692 24850 20499 20287 8576 11512 29929 25228 21755 45062 25119 6449 40580 37274 31252 26764 7804
62741 31528 33279 37187 31191 32698 21224 53050 47937 32301 33961 19647 20657 51421 31905 39475 52615 36397 23600 25590 16678 22652 32949 29289 14058 36394 33682 43499 13878 29078 47653 35546 17002 41250 46544 45466 23268 38701 50162 22153 31493 43543 28139 52742 39469 35904 31002 34930 43965 19464 26337 37421 40723 54222 29854 37784 24463 27124 39858 53521 21651 45273 37246 43769 57726 42717 18272 40368
26032 42592 27323 16791 15498 26050 25835 51981 48490 30562 23378 35440 48049 51618 44881 60452 34495 42721 32326 30854 27124 13695 41363 21496 11441 30684 44695 16088 37459 19544 30385 38279 23101 27986 34627 20582 16334 28972 10668 33747 31334 19013 25419 57392 15718 50941 30082 45531 47148 37300 23983 24885 38425 12490 21812 29342 32397 34462 20848 34423 38120 53650 33731 22815 30858 44038 22924 17140 50387
35927 31789 14426 37155 50409 53508 51631 28890 1048 31090 41810 29528 54343 53977 36260 41982 39892 30356 27909 35370 40226 14857 49622 43324 30349 11923 10357 32919 41593 8596 55619 35736 30530 40045 10400 49568 42827 25724 34541 38415 49394 31523 32905 63557 44698 40385 15826 21411 13983 50614 33580 36742 31589 43105 12533 36690 31561 14116 17292 12900 4267 40797 21330 21532 29165 19054 5287 19421 12654 23990
55276 27908 15758 47764 35199 34546 24749 32362 12737 25863 16683 33431 62738 52899 24935 23674 37843 34599 8131 23924 27234 19953 13982 4838 28960 56929 48216 17966 15470 28634 41808 31919 31914 13752 14825 30661 32310 57182 43647 46290 10609 38956 31605 27959 33466 34688 36650 38482 43634 20667 41982 24965 56569 37693 21584 48174 29360 27239 38531 20399 24565 28055 15603 33127 46377 45101 30211 29366 40620 49548 52242
33019 25823 44304 42368 50584 60449 31260 50348 5611 13520 11280 18424 33622 56144 16970 10691 23352 38911 14379 49261 42737 16188 34067 48726 11232 16744 40035 12766 60263 10979 28025 34148 41700 9230 25525 32586 52152 28999 26233 16879 39748 29423 22820 52147 33510 9574 39702 30454 12289 41229 34736 31256 3057 39491 30288 26488 48152 57702 14935 11640 41431 25306 8997 38519 23180 42748 31770 51413 49049 21038 35991 18162
26205 42190 38905 28462 8247 31549 23971 31720 31369 19932 6388 33666 16050 12553 33100 30811 29201 54566 18956 43219 54792 34449 41618 16202 26613 44459 46655 16928 24890 20180 44147 37812 46902 35437 43150 29288 6985 40149 18928 30876 31442 56938 44025 40109 32563 17296 26121 12543 36298 23717 35712 25582 18424 22024 43966 49117 35615 30746 21028 11050 28826 42811 34320 26680 52687 58316 19170 38243 46105 51755 40957 11535 61658
37561 32958 34200 3443 4566 58502 53601 20290 47075 16053 40648 47017 37183 32427 22576 33799 50760 36809 17397 44476 7010 22892 33915 59943 28907 48888 38943 43690 49986 40906 55617 40099 43720 55106 32323 43380 23517 48323 39300 30332 42722 41898 6500 25882 30773 56152 51267 37552 22583 44845 52353 22685 27464 26249 43133 52288 29129 17613 47769 16122 51224 35159 15668 48684 59030 28551 50862 37684 24996 44736 51558 17269 59808 31326
37823 36939 19180 33220 20501 30488 28135 28754 33995 45373 22256 60774 37952 46104 42600 40033 15572 12555 39087 40099 39142 38260 34342 2445 7897 35509 58155 31357 41225 30253 16415 33491 19929 31036 51554 45554 44968 28993 18261 37686 44246 63390 40535 11778 1986 57777 20166 34230 24270 49372 29958 6576 44121 25214 51573 25937 50883 53239 41074 24569 24684 20134 27230 32009 34740 24557 45977 43999 42746 16682 42116 55259 33952 27582 33149
26719 49925 38154 43749 16586 57481 44652 7452 16508 46988 58695 28803 17110 32366 8951 55673 40758 51086 36062 43100 10493 33102 33885 51600 44939 30221 42706 17778 32320 19499 52639 16484 56445 34312 36387 31428 36255 33284 14781 20723 53513 31358 24015 15186 25114 34264 17336 52799 30770 5745 28887 47644 50866 31401 42638 19271 31992 56544 25147 27169 18021 17270 23872 39690 19033 37066 36092 32355 44084 33598 8911 20619 35670 13618 3096 27104
33567 40195 29241 16070 10991 3349 47760 24475 5670 46020 34430 30910 21540 39795 13157 21136 28746 43648 23200 53617 61942 41806 53653 30146 56456 9273 10655 23521 44899 42917 45088 15407 26084 33774 61049 27404 30572 27511 43528 22745 22363 27806 58415 37365 29969 29126 23117 16062 48111 16715 34242 41880 37714 32145 39917 41185 24222 42229 36400 45816 32048 37335 35305 29246 51816 31385 30842 37651 40361 29082 32578 58840 19024 58682 32672 22251 40894
8153 38646 28333 26963 18391 40611 53630 28271 24467 44038 16319 29299 17775 36992 38350 13501 46026 22898 19468 28845 16644 20538 30426 23974 57212 31291 18070 12036 23957 39121 34722 5162 58795 10590 41565 47224 32289 25923 39718 17228 35158 16862 4702 22535 17834 28817 17509 38409 19836 24250 35228 39091 38703 46523 22113 63331 29983 23283 15125 17785 38319 28610 25624 37464 33598 20871 39371 26972 42028 39332 16525 20968 15064 40311 55484 53084 26020 28258
32444 57622 40687 22980 27371 33399 48409 26877 61864 43743 29314 24940 33620 19887 52618 17523 44111 55877 47248 20336 38138 15361 31222 31684 33203 23109 46107 32464 53979 39024 58719 18930 34002 54754 59426 35469 45049 28156 29380 43517 34991 47132 6052 52644 24402 34723 50468 22243 41030 44017 17827 58136 21480 28774 49025 19365 40602 40035 46366 9705 49338 62277 34010 49987 5801 46191 26900 45333 6344 39744 30766 14526 23413 24344 9351 24477 36626 45912 48255
26388 32765 18270 27254 19585 38551 50827 46284 51526 22336 22591 32224 21186 57945 8154 33812 39509 29761 15548 25032 36190 25942 19013 36185 54591 43516 24533 55595 22358 53905 37068 29594 46340 35700 27786 26377 19371 40198 32368 39382 46246 27559 19932 20068 50523 30648 56878 8975 36645 23959 11977 37435 24422 54693 15114 29252 16255 13378 31314 30093 29902 27087 24577 10868 32949 33451 23415 31580 41107 42804 22549 44705 19912 39886 15672 26279 15795 16599 28228 41419
25014 37550 19094 47725 59183 10676 11662 26351 14208 14921 28303 14768 30728 5326 24822 41232 35366 42401 54308 26479 35644 29987 37753 13101 54441 10164 26197 34473 31692 32181 36889 16453 20998 54148 53283 39520 25784 41346 25043 11098 32064 31760 31884 58770 8449 37772 21418 38763 37207 13400 38544 27457 19364 50899 28830 26487 2377 20316 35122 28268 49060 28244 33709 16000 40983 57371 32623 29202 6144 32018 38873 32645 53441 47511 25673 47413 12217 9739 30751 19845 22088
28366 25278 18132 41421 23617 44930 35714 43946 21187 26062 56814 18749 53938 35074 23674 35816 30834 6268 33157 16650 31841 36765 9071 29187 45790 26053 29848 58418 35914 36437 33632 39161 38149 30891 47654 19894 30064 36903 24396 31690 29161 15403 38193 55446 27345 24598 55861 21880 23688 56136 35000 40915 24431 35106 55066 8451 42981 16642 22458 32362 34376 54857 30970 6505 26364 6231 34105 36702 53854 21132 41687 47531 27856 52297 54324 44463 30384 18667 30640 15561 52319 34773
18346 29787 26174 17510 55940 7620 22699 46590 8861 15971 54280 36862 28245 38810 42163 33220 59404 42695 45837 46769 38434 42316 33654 54821 23286 34952 46671 33664 29930 33243 34807 24098 32350 32420 20684 33131 28079 10309 34098 33979 38209 25628 13703 31602 9072 21386 36394 29936 41631 21489 22396 31894 31020 32428 30173 39362 59770 43297 27054 20436 37349 25771 20301 40495 27857 32428 24347 32816 20634 32901 28024 27960 28579 12180 27333 55463 22602 36155 58209 12765 29938 55001 32682
25659 35831 34254 33796 22302 16317 20345 53453 28138 36513 42300 57956 34812 21251 46197 53546 32948 17221 59014 20863 44917 29126 57550 13252 26524 52454 33964 25687 63626 40709 61314 27545 11679 36483 31407 28138 52795 40383 15250 43947 40383 11035 33676 33082 23433 28918 24574 26360 49913 34224 6726 28998 35698 56232 14279 20610 26704 16705 31197 20750 35062 24791 24042 56137 39108 49357 7503 29586 16152 17282 44394 14922 40787 42838 16285 27601 22741 34472 49478 24712 34559 22491 23495 36045
49455 27979 62591 33025 39621 30043 44238 27012 8996 31338 25107 36535 26024 58072 11696 54521 27060 28932 25859 48296 45736 50000 6510 25128 49122 54299 38992 32215 36035 31173 60169 25620 37035 59054 55032 34112 16123 43318 23935 28091 34577 11196 15356 50662 54349 13474 27600 53791 36369 26183 8796 29383 38844 16139 20734 9278 20654 39246 42265 32485 37960 43888 34825 14107 14824 34768 40752 40254 38127 40144 19439 40370 29885 13519 43940 49364 9394 30253 38833 43782 27695 58186 42357 40102 36497
55942 42575 29205 52027 38464 10145 41908 23948 11482 29386 17889 31972 37043 36137 35070 23716 36907 47136 14697 11306 21922 28941 49027 38615 26488 61778 40876 50187 43020 44622 31301 55078 21952 22881 35757 28552 35572 57322 44098 10385 48645 27467 53352 39329 49495 24802 34941 22040 17222 25104 32992 27990 52789 19511 33266 60092 51330 47282 28691 54696 29840 31975 19364 12666 28859 10801 12547 32149 46951 36338 22673 13654 40688 45451 38574 53278 22969 23130 23483 49485 30240 35265 46103 30787 56968 32031
18464 24673 55629 44500 23610 24836 35027 20799 53443 23952 27511 22722 41498 13666 23449 29115 26784 17370 3995 34188 55477 24667 39388 47508 49850 56898 26812 61234 37645 36080 18075 50120 53775 14277 23001 37045 42016 9761 42197 27480 51617 39781 34289 9490 7920 22255 14220 19268 40046 37919 53254 42828 22140 35416 16830 48781 32120 27894 23319 53859 56772 27484 50797 57392 24511 45290 35363 41301 34760 58622 34968 35632 30272 43769 32812 20259 26503 41531 35646 55948 13310 26149 41009 54989 53251 36373 37217
43333 19447 44395 36145 29524 21562 21386 7680 37465 45357 35790 43566 40886 50991 23962 62490 28873 38558 52302 6694 38644 48094 22344 38577 24470 61261 31209 49179 54287 34122 11153 51396 14782 28214 24481 48908 37381 13937 34167 36178 6722 34396 34931 31224 19414 41557 20471 42845 23586 60093 16226 37857 48260 23540 13844 39396 39519 3675 36718 28614 24335 46673 41678 10214 45046 42036 50069 45222 28277 17512 49443 21605 47082 40778 59096 14723 58807 22844 31765 25184 36155 45724 17463 11612 32725 34763 32417 21718
19175 20778 26290 28464 14288 8983 46026 28361 52207 11764 39242 41473 51366 48671 18064 13112 43859 48121 26365 43214 44376 11234 41457 25890 17428 11835 39628 42646 41191 32611 61678 34698 12592 30648 49079 32347 40529 2974 40583 23917 19880 19315 41150 21276 24726 25494 21948 27083 13437 40040 18658 34776 25272 23113 33166 61350 16557 40346 33568 49041 24503 33465 52475 29181 36152 16903 23164 56646 53905 45028 41732 46031 29984 15537 39411 33782 30279 29901 44713 14366 37733 32918 19591 38563 50650 9328 23274 49641 49925
49337 48438 14413 31816 20944 53960 54319 40705 28694 30464 52209 38034 20459 33089 12786 33370 49584 50408 29842 18872 45507 37206 24113 34830 43141 45547 38191 38587 19030 28167 39915 35614 22423 35083 53447 46744 44198 49749 28194 42634 49636 21829 35420 9298 11186 31038 38868 13651 39534 57756 25837 6889 23162 15810 39939 53878 21557 47376 50041 5467 35838 31460 48558 22774 41526 42655 18690 52905 21309 23457 32724 25554 30580 13643 55431 16851 33593 19195 42359 19979 34541 45073 38151 10714 12016 29680 12694 12959 17315 8692
24964 33212 43365 16768 26416 60559 24724 22004 24828 33914 34196 24238 18759 38620 20675 22287 30321 11541 38528 13943 39642 35972 18220 28743 50402 46731 28455 29661 24296 26760 14034 44185 12110 39900 57995 33245 55411 34280 21171 55048 55479 38922 33706 35706 2682 32677 36305 31380 42012 9749 42375 31668 47100 12476 6954 57915 46204 33019 23326 32137 25595 46128 28096 39166 60633 41917 30578 31739 20854 25857 14482 27101 28722 18779 36225 41479 33644 56877 28320 24536 41350 60630 28749 23216 48351 31413 17130 17904 41943 51500 45781
20726 32974 21913 43119 42787 55844 22878 43032 28631 37432 18906 21041 52850 59244 22637 25369 57940 62496 29302 45870 50909 44721 49495 14036 37741 27011 43630 32361 23396 21234 20252 46668 44578 30049 36035 42718 38664 46894 31934 46207 7540 23228 29811 24464 17606 32359 34109 17519 35937 40083 31870 39805 28578 35740 25495 47386 26090 32229 32742 36263 25241 33228 21197 9603 21775 33204 6571 43276 43181 50169 19936 56486 17616 27391 42187 41135 36060 29987 36814 29062 24622 48325 48199 26508 39462 30791 37784 46881 37415 47624 15136 12454
39822 28776 37950 16505 34236 26055 15444 61179 39953 16517 36033 57484 9709 33537 39652 21901 26289 35741 47134 43612 40379 38072 29136 22362 34411 46258 37208 28904 55332 24042 39961 42852 17986 24259 21359 50992 32808 24985 46268 14507 45366 60623 31073 32820 32970 58052 5820 15916 37445 33240 15919 12019 1287 25706 23832 10986 29809 32989 40153 9839 30689 43405 25297 12771 8887 36061 20576 31142 33878 13612 49893 17945 10266 35034 54210 31643 38246 19014 22613 39562 20378 38866 25088 48970 22036 27613 15906 41529 9269 40135 63003 38838 45405
23792 20298 36898 28909 47800 51985 38877 21059 41086 42702 22344 49343 21668 23522 4801 9155 31113 40878 43689 24238 36237 58256 39776 20704 27408 21739 32071 21946 18546 23835 33981 50330 14354 41346 33312 28897 43090 33665 25044 43503 25489 41078 44086 15140 36911 20931 34216 27617 12428 11463 11912 32643 41736 33505 33591 46445 41474 24947 31766 18686 17372 37340 11651 61846 31477 39291 51168 25238 38317 47538 38795 52060 48740 28639 34021 22345 31610 30052 5198 11709 44878 16288 26151 29208 38978 32755 46799 17338 20662 41916 24228 15875 52999 21597
21002 63571 26009 30516 41311 34314 17096 44450 30978 63112 61687 21769 8532 21806 22148 34500 32437 43354 13778 38969 37254 30316 44349 39619 30245 48071 46889 56260 25843 29896 43506 25757 12880 39120 14331 31404 20125 39743 28578 40787 17977 27509 47946 36849 16770 29907 24911 50662 34012 40630 33813 30353 28837 19586 41465 37716 33084 23956 5467 51597 20226 44364 38045 33438 36439 37645 45598 25574 36764 25140 56382 52932 16175 59938 56669 57498 42353 30263 23515 29383 26306 19923 23063 39594 50051 46167 46707 43428 6162 26913 43854 11542 23760 42897 53000
28254 9758 42762 5120 29407 42074 39656 51353 31733 9190 12942 5935 34562 36129 39260 34341 19815 25706 30384 30682 17538 51746 28139 43694 7605 31401 40557 47360 18014 52832 9111 39219 26591 47525 38087 40355 26519 19673 34141 29875 59110 13404 33980 10434 49963 47247 40512 41008 38344 48593 22860 40284 13339 50304 47424 16040 44934 26880 48506 32371 21864 25519 24923 13085 44833 35052 40003 3846 33296 18712 24979 41102 53143 12435 8361 21012 54548 26558 17637 59898 3048 13047 46505 35487 43380 29343 22100 45667 40726 41750 34374 48038 6705 23741 41184 23752
33825 54259 32128 10280 33352 22806 28551 3112 30215 55434 18005 21287 31932 55980 19786 41861 28617 33758 52167 32674 25741 38014 34089 17886 44135 26861 14547 45208 54457 31116 8740 54834 42722 23225 30844 43275 43073 48342 28476 30595 39480 27713 46530 60410 31269 20827 30575 36048 33130 28804 23459 48228 42342 59933 34238 47384 38777 31365 38176 40268 50434 31258 9513 24413 22371 23872 19769 53679 46074 13397 8368 41630 31784 43960 44782 23693 36175 35786 33620 26074 32970 47339 42304 33000 44031 45948 38930 52243 41033 38875 56109 49599 43786 40553 59886 14408 21923
39814 48054 25105 58738 32659 50149 19832 56281 22255 29147 25824 30263 18936 12537 28325 44524 40210 26780 36139 47191 45211 31784 16079 34522 33010 51962 24049 50899 9848 45170 41203 57764 54669 33779 6708 31916 24210 39130 14356 31050 11749 48776 17651 62688 19431 16477 26417 51405 23800 26041 41261 35440 41337 29181 20809 35626 30152 42119 45540 22620 21062 47287 22878 15204 52052 26096 47638 14757 37200 57230 41583 38011 28828 21748 15557 18760 20887 29058 36731 37229 47264 23702 31984 25160 50712 14737 17284 27963 46687 10195 32150 40868 25046 49853 41353 8933 48347 41389
33209 23645 55247 55299 52361 28012 24338 29986 35928 45937 39685 33894 42886 18382 28679 36146 57458 32737 24182 37606 21886 60684 33462 38112 33033 23726 5413 36481 47475 22567 27170 30505 12572 42198 29198 16953 30308 50205 14665 24335 29610 29530 59444 14603 28496 11246 17197 14223 35765 41786 43669 48634 18233 19100 39628 11180 31804 20343 44083 23558 24862 39719 37673 42598 34878 54030 8204 24109 24574 22669 16192 21179 12989 51458 31010 20336 42715 32207 29204 39853 48824 35923 27252 31439 55476 17901 48803 11321 12078 14335 26370 27466 22664 44008 30703 28514 50977 9991 41420
27618 18777 27326 45303 36904 35216 29803 36305 34709 36390 32112 15546 31113 47482 31532 24083 35172 18926 40703 44603 22150 23010 22088 34192 31823 57267 19049 22646 37407 11717 57536 14155 43862 29300 47790 20078 55124 14371 46485 26176 41338 25904 27344 25377 37158 48126 44997 17778 10680 23273 38351 10641 27283 48213 27216 51167 20244 46750 46761 29884 20124 31783 49208 41097 23691 39758 34911 55205 26689 32374 19581 17006 23839 27643 34290 9544 8834 34369 27165 57489 39886 52133 60000 28840 43104 38535 46105 28142 9112 40265 45226 36035 25817 29258 34162 40328 49024 33770 37840 35995
33518 7305 31014 57949 31363 25223 36563 17198 28063 55363 27190 28527 40867 23583 56496 17278 53229 43130 29602 14268 47581 21428 30826 24714 38102 53292 28779 28230 37940 27717 40193 11602 26458 21083 31630 34317 14760 35025 50547 31958 12924 29190 61454 45582 30007 52314 44225 25109 41273 45612 26858 25932 20963 39391 19947 45073 40595 54735 16675 21189 6825 5215 58354 31176 21896 24558 37815 28027 23180 40668 27092 4669 12568 37768 15271 26732 23692 23636 39570 3180 23622 29599 21492 46747 43943 12233 28973 15192 16911 17202 14236 35588 37599 15418 43171 45567 36213 34112 33184 22698 40241
25766 48116 50019 43381 31947 36096 21131 5536 52239 26146 33410 49426 11474 29885 27561 34604 21876 41517 16991 48972 22612 37844 22274 48339 41940 43795 38390 20257 33363 34120 34712 49558 6705 31701 20554 23443 28110 9241 12394 24693 23434 20339 33881 36767 40388 35653 17528 9328 51934 41198 34085 54856 21815 38349 63170 22664 35631 11076 58797 55950 38694 57009 47687 34747 32636 26998 30960 34671 42640 49394 49673 32010 51908 5765 20977 34796 34424 22414 33030 50037 53257 44399 17324 18181 31195 32134 10817 42492 12874 59700 24868 28602 33721 19931 12470 44960 54406 50390 32087 27916 59156 41867
18280 43870 22975 31573 11079 27129 42731 39318 57685 42042 42228 34735 48626 20866 34365 2814 45439 58673 22820 42213 18523 20135 34828 37571 10980 31045 55633 52728 40318 19560 28503 35811 32903 43892 18555 15846 20574 30150 16157 37215 9572 34494 2463 28592 46073 46527 47712 32312 19582 22054 49088 40534 56145 46932 58399 60780 26835 42153 52701 17625 39268 25989 32601 47612 44389 15689 22261 40502 33076 60243 36624 32488 3378 43779 48650 42352 26048 46012 22082 38705 15164 47322 42523 38279 55816 27072 22513 40404 43651 29134 29223 27001 45324 30818 22300 28116 36356 8413 50480 56391 32203 35487 22210
8752 22722 20745 33333 59633 37703 35705 39397 38377 48571 52559 19509 19064 1150 42478 41860 58365 12273 41138 34354 31706 42099 17662 46750 59245 57954 38450 54058 47128 34338 37804 54837 15162 51217 14541 38431 31283 31886 31989 17736 47714 37882 21381 29200 32041 39605 43995 34518 32742 47392 29015 51708 48122 13209 35675 24033 26310 27265 23878 16613 29096 23096 18040 52584 35331 39711 41554 47562 6451 24981 51250 39018 17562 32248 35705 55210 28057 23724 48007 49641 45454 34318 41916 32135 27099 40576 35705 36068 43999 26208 46619 52832 18681 47631 25349 31834 20107 37358 52630 44340 34292 33371 11566 21325
29843 48056 13614 15621 23498 2659 38132 38076 47351 54973 30689 24786 17788 9510 34133 33702 30392 38399 57520 15258 32267 26023 43346 8974 18644 60540 31387 12383 32885 40674 27627 46577 35404 36151 4258 25120 34746 25562 30752 48975 54817 27436 44486 46044 36572 34701 14578 33322 34641 14686 40196 51349 20699 40189 22879 33153 47324 27339 26976 33610 18613 30504 50280 32851 17860 12917 56791 34554 12651 43281 9485 33186 18697 33626 34155 46759 34302 34228 26190 18541 40361 36989 43802 13649 33132 40980 45868 22451 24229 19674 55780 26101 40630 52015 30373 29302 26366 27508 23756 27542 39132 6663 56250 39861 53682
24393 16079 43315 27359 24474 19819 38511 31170 23387 19183 49611 20412 12010 30393 26022 31278 21160 35881 39008 17014 23286 49826 19544 11767 30770 52608 53233 32269 30398 56358 19847 12314 16121 6644 52093 32127 54594 11848 44082 56218 23034 48259 11782 31693 35201 25605 27480 19318 15416 49199 23179 62455 26237 26719 52731 55983 6321 28661 29707 8446 32564 26196 22298 42051 57959 22232 23944 32224 42665 18660 51636 33587 19544 16344 47616 50590 28632 47890 10443 37504 18823 46579 27765 29497 44484 42971 14174 44328 36080 33835 38886 16815 29547 14913 30828 28204 35222 46461 40786 44032 37839 23873 44791 45196 29303 38124
42427 27950 41454 15326 24062 36681 47765 44408 36384 32825 28875 16664 18560 25952 38126 51743 31616 40991 4962 38893 29055 19924 29828 30178 20701 18401 23734 43871 39930 9125 35926 31681 45366 45695 24517 42603 19184 33233 20324 26300 32650 23290 28561 29716 49507 17241 28846 33236 24283 31824 40729 48986 33362 33597 25395 22535 12840 37250 49500 29499 20668 40062 55797 13398 7280 21905 26973 47800 12196 43546 18418 41409 32949 50043 27160 32977 25095 34578 57389 27464 33270 38464 54928 28806 27365 20071 38306 39916 33586 51426 33219 62680 36160 23319 6996 32426 42859 38497 32435 47301 19479 18466 25665 40582 53664 31163 8286
42830 27241 28810 41835 18045 42192 11761 31175 60275 27448 28495 19408 33169 33789 11780 56810 28724 37251 8047 36979 39616 37415 46322 24522 24722 24649 7147 25680 40202 45643 48572 21093 42891 39564 49092 31338 21362 34668 33634 18621 28704 49995 9720 50623 51445 29833 32997 38352 42321 40325 43400 31057 51349 40097 28994 19616 29215 44092 58740 34846 23887 25270 20348 16428 16776 45678 46269 42280 21030 27079 54931 33652 48780 45853 45664 50031 45594 38099 33157 27000 21550 29000 47456 38384 18473 34524 35667 34103 44395 28654 58556 36782 40789 41697 28413 43443 13637 29201 36725 25511 33435 35809 26500 27114 38586 31408 21641 34013
31998 42206 61414 6367 48330 52426 36601 42574 55678 37078 17188 51598 21112 27489 22982 15101 41753 13003 23615 52986 17089 39284 36846 30182 9425 44476 30261 48161 47271 23042 19570 51724 27043 25768 3078 25605 40743 28685 27218 60013 48274 31377 22708 22948 41284 56980 33935 18955 43166 21110 22335 28673 43518 26774 63014 39908 30917 36694 17061 47640 25683 37141 23066 54010 47112 37939 38375 2796 47941 39696 35691 41548 45415 33804 35845 30075 22993 35206 42263 31962 28642 16864 8192 19655 43770 40825 33311 38308 15994 28849 36054 41935 22976 24552 15747 24489 43053 29566 52616 52626 20769 36306 45636 36331 30716 27974 7447 23827 48158
11322 31584 37736 47335 49419 30337 9550 34231 32285 29656 8995 46574 37324 38086 47430 55532 34427 46765 45080 31250 49800 29416 27641 8382 34902 40669 27978 20560 30273 52199 53353 34859 34477 51048 52663 17324 36854 39617 47508 31284 50303 35664 33889 40739 45734 6775 47741 8665 17614 34197 33862 28087 16723 50698 42528 27162 51865 37173 32873 31334 24317 55416 36736 32248 55519 51505 60358 53296 61089 19650 18843 18545 45730 34954 31072 47640 37698 24040 26483 29830 23265 59966 39989 49947 45023 34539 48134 27959 38043 18766 34631 46651 26487 712 55894 23941 25298 49338 44436 40565 7436 19586 38242 12398 34948 11139 49694 18124 29597 40729
32810 37106 34995 42150 47077 47680 52777 30091 28078 27156 9822 34598 49638 50127 53170 35545 28909 26321 25732 60930 21284 28283 56119 23043 56553 29227 34343 13371 7837 34113 37815 40458 17568 14112 36422 29903 38739 37668 56372 20972 31509 41136 49120 35519 28740 25380 22444 45226 37700 55774 40439 37132 40051 32831 26913 13637 57392 52647 27530 25268 20188 46455 13202 39611 62679 42765 43928 39608 31362 36297 39422 56332 42043 20749 8483 37912 53859 21560 16231 46138 33114 30378 20266 27093 18817 37828 34508 40517 24375 33508 30892 30444 37594 38763 37676 21803 20686 8377 41131 22112 8560 27182 18313 54253 43298 47915 35366 25393 10306 22285 18146
54667 31537 32055 47132 14429 39504 26888 29750 21766 39421 53728 28047 45285 43674 27424 29319 36188 39045 25638 44414 26569 52255 26707 9428 31118 51656 40711 15080 14346 12769 11170 44572 54429 49353 11652 39120 15526 20190 16397 29025 39303 53380 31389 35379 20638 22041 28820 4514 33612 35836 45394 37393 36595 47758 18488 61918 36078 50735 15524 29548 21155 12096 37366 46359 29037 37407 51089 12611 46766 42797 22738 48716 43975 49866 15642 36501 38422 21847 26569 12412 30461 27443 51263 36452 35803 44220 18909 28329 19984 56918 54272 62383 29435 24671 51724 39891 27646 44854 35678 16757 26231 25404 29526 39671 52168 12497 55639 15032 16720 26710 37054 36632
43118 30249 26860 25207 40580 25259 11585 56117 31985 53820 9501 31665 22804 34109 37857 8781 33870 22540 47339 35176 35840 49930 53147 18274 14728 23192 36692 20122 37449 20244 43890 28019 22431 27872 54104 52809 34540 40027 45670 30591 22929 57828 28666 52084 17644 24028 44917 34952 31327 19619 36919 51482 26440 34458 44449 33677 46345 32799 7953 35389 18689 51603 30695 35725 50320 36694 18310 37340 1301 39369 39242 33674 9202 52555 29846 8950 30341 43578 23754 36482 36400 52474 53572 16525 47186 28137 52581 36727 32331 24934 51341 11680 9594 38866 46621 43368 12097 7565 34163 27950 22782 6904 8687 16212 39954 21617 62195 16953 44510 43609 23518 29757 32704
39184 48144 12224 48923 14583 28394 11042 54603 48749 19402 30914 59314 31184 42513 34562 22449 22404 19743 41025 17062 57318 35924 27359 33267 46936 43793 26940 43767 40504 27827 31160 36625 61671 37021 54962 48035 42950 21038 5772 31244 22323 26822 11173 20395 12176 34758 25693 32226 32059 56972 60180 33295 43157 39033 17962 38292 46590 23789 22526 44496 50647 53064 24306 31779 38015 36586 30054 28140 31316 14131 37303 44173 27578 24451 34377 40292 30991 39738 33144 25042 52914 31160 36263 22329 13572 34398 37172 38644 36965 18570 20098 30313 24886 17308 58349 34547 50133 30455 52185 38388 61603 24056 23714 44237 15360 28672 18603 37084 5709 41071 40530 17283 3049 24229
51194 33313 50482 38403 35839 50710 34444 44518 36037 17601 12373 35250 18601 28548 48876 35012 39435 29629 51890 34428 46925 47822 34823 55869 45774 27158 51020 22372 31470 58100 29919 19794 55821 49866 39201 34663 30347 25335 22642 19715 21191 22746 29491 24967 19747 62932 50626 33873 40958 18246 51328 28865 25016 5774 36814 56890 33968 26895 19466 32792 22345 32805 18838 34238 33759 22834 28881 39564 37077 44439 17946 58848 24714 29362 27090 35611 45406 55781 39001 43421 40368 20622 43536 23751 39907 32783 37717 48119 32339 19911 25737 23181 29539 23318 18956 18412 34162 34139 3135 36720 39648 26104 36737 47228 30220 21067 21552 18032 46424 56246 30384 14506 54051 20376 12127
35467 9677 46929 53916 13171 24502 22592 20680 42691 36670 46023 13891 21465 40644 34628 43886 42517 21674 19480 29863 34009 21327 47012 62031 21380 39187 47942 41158 29046 32854 33889 6253 14864 49016 31825 36259 33968 26840 18552 20678 9399 27352 18999 20026 27013 36823 40684 36444 40570 32309 40953 13710 35575 14418 25277 33838 29273 7310 14487 22173 37891 58696 12009 9532 11092 10466 36626 33897 28588 55739 24177 9350 37996 17971 24168 53745 18674 39082 35925 62731 14495 22400 41370 37428 35539 25876 37782 51661 25326 32712 37801 22581 57424 49660 36658 38346 40537 8717 12179 30448 46185 29279 55850 35845 13792 24910 45144 33128 45598 31037 3967 40826 13444 41098 37114 51867
17520 39320 35375 33580 25922 33475 35961 25995 38493 22127 25914 43545 21278 27384 40403 42294 37606 29377 31650 51011 18709 31784 32777 40095 25867 29072 59495 52648 21033 6485 11804 40642 30668 38363 34439 28747 47448 25983 25354 16034 30250 25249 28931 8744 35234 17315 39380 20285 19235 39652 33500 38466 36362 22212 36218 25493 8632 16803 22288 49047 53645 33249 47357 52904 25833 6621 51360 20777 7981 26617 55130 41848 49079 42644 29324 15862 33255 27662 25492 46340 40224 10950 45013 47360 50366 45343 39083 5708 43044 43381 7032 46407 29362 39467 61853 39504 19398 26016 36984 26056 54977 18996 43371 21519 45827 25158 43476 48518 31725 42041 15125 38539 18653 25193 17037 28543 11571
52025 57756 29890 47186 26888 62881 28341 30102 8758 38910 16823 27746 47394 40465 28198 40982 52270 39228 36966 36880 21945 22238 24789 47025 11299 24663 13266 36441 33228 31494 31166 1897 25876 10317 48889 37439 16474 9610 44004 39483 23040 27678 34013 34495 21605 45418 10821 47914 11753 59084 39036 38620 49388 14759 26595 30006 17358 37719 52441 11670 51438 6462 38844 4957 48814 11453 13552 30187 61293 27442 11474 8352 33163 44543 9156 56029 30568 35459 23076 26623 12132 21021 44115 34665 58334 37423 4786 29818 11064 37912 41375 26258 30673 56631 35196 37138 38921 44782 38567 41816 46656 34459 45441 51397 22742 40352 24170 10425 25130 26972 48579 26260 37022 39727 35819 8630 32402 41080
41280 30079 41571 41625 29222 31055 20085 34544 36603 16518 12580 28382 42014 23172 21715 47045 31216 21162 40928 31488 29905 45142 21678 36341 38178 30440 37273 33279 30529 42435 53509 9344 21391 14404 26958 32473 32364 42444 36055 54888 26681 25019 18942 44175 40277 56177 35622 48813 17950 32335 38571 1570 42744 12722 3825 47181 8257 22782 29269 50832 44632 54160 39735 24137 27038 31944 49145 26842 34419 44041 62202 2978 54584 46256 41626 43008 49739 26142 39225 23382 22029 35763 32055 32515 13534 27855 20723 43110 40735 19667 29391 10464 28974 27421 40234 36306 41836 33549 26212 41114 51770 52230 16604 59035 38390 31076 31477 8497 21250 47754 16139 52670 59837 47832 37761 42403 24198 41388 23222
40510 20926 37479 21258 26865 32709 44137 38620 29466 16636 35603 40079 26139 35265 50627 13951 10067 27253 61401 37647 22562 36728 6328 48286 54759 16683 19388 39308 14852 58349 36936 60472 22999 30748 59836 54020 18114 39452 22390 51279 20004 33355 21719 41593 31069 34056 55615 37858 36300 37556 22543 10986 36051 47023 49317 20976 13264 40026 32353 20310 31780 34067 30885 17787 6960 21051 37584 12991 33362 32818 11330 29058 24301 10073 8284 47140 6749 31759 18044 39172 23044 20146 29187 33412 32579 2982 29265 16131 42872 47944 37574 29921 11269 33274 39619 42622 41545 40986 19877 12858 23459 29193 27343 21108 25973 28712 11680 40334 35102 44757 19832 34279 19453 24178 32184 23007 61300 19293 28094 17366
28897 24055 51435 18988 35238 39584 13983 20288 44834 41401 23098 37236 37557 12193 54044 43816 41406 40118 48293 37561 34207 23900 44597 39563 41910 33265 47916 28922 40292 46804 62186 8297 53259 50278 24784 36662 21766 3847 3132 32708 33211 5912 30862 36975 26501 30967 9513 15259 21446 60677 36202 55204 53215 18338 43186 38637 41262 31023 27233 2004 18709 36363 49623 38076 34035 44692 39541 33793 20008 7982 23448 30727 23059 49207 59556 28459 39446 36366 41206 50125 48015 41236 57326 44111 10208 44457 31983 15120 33896 33838 52054 56944 12934 37121 6788 24783 20380 23683 13785 26765 13577 35604 58549 63497 30764 23829 27257 28069 27238 44772 1667 33728 39192 30946 29747 20666 19872 20336 27372 18162 36193
58092 40458 46283 39351 32696 15600 50337 28676 36403 29438 31959 18857 4796 26514 49100 39940 44468 48653 52192 39031 39803 38351 15218 11360 46194 35385 34021 33057 27895 45737 31381 31769 21867 8831 19173 48808 39470 26910 32820 9773 33697 4578 32994 19466 30243 42030 36686 34205 29202 41826 51674 25672 37842 36572 43749 46442 37825 57853 35023 33379 17982 5157 38392 37010 7082 39093 57536 24921 41061 24331 21382 45590 31952 21127 46252 31786 30025 55947 42641 29942 27185 23158 42901 36312 22504 12712 37400 29747 22223 48002 40058 37219 6981 20322 22810 35530 30120 49321 13914 49609 21084 24247 32409 54206 47550 29932 22583 39435 20528 51881 50580 43535 22032 41803 9488 21801 10175 15925 12554 10427 15774 22214
32740 28196 11275 9310 33789 10947 9064 23134 35765 40954 28691 43044 49516 52007 31341 14609 43906 26028 50902 46213 11350 25832 30127 48608 33354 31291 50007 29826 18366 37636 34860 29643 62223 22693 47250 21275 54945 12412 25831 42450 41168 15338 47498 31568 56319 22609 32476 57078 61068 7948 39229 55330 39642 25985 35086 59956 32581 48395 27309 5263 38449 29452 30331 53904 13818 37093 32984 39832 37123 23540 31269 25351 46506 21915 28353 38973 36434 15161 34570 42651 24919 34350 34660 30078 20765 27609 53293 26698 23553 56732 24004 24156 56419 35029 18570 13076 34981 55014 50399 15829 29478 27950 8996 53756 35398 11532 53175 16106 39013 46050 54009 20479 50147 56079 20810 52379 36639 47090 35595 30751 22651 39916 56474
37353 23126 37982 48728 21849 43792 27302 50342 31186 15624 42023 40930 45744 24225 33341 40046 12118 14903 33354 41641 39716 22061 23983 46834 40312 38114 35274 31146 22963 46262 47101 42801 28469 20488 54694 6120 31071 23867 35879 49197 36751 44715 16607 12385 17701 29371 38190 38116 43396 46026 26227 13847 18440 22584 52752 30809 10260 41572 8547 56328 52488 12464 29134 32136 13890 32123 36016 38199 57123 57125 31593 30580 48907 34830 33624 38048 18779 34454 42463 31003 28017 50460 8284 19782 38573 35330 27696 21887 44145 30631 16060 29223 4636 35947 35166 40862 42766 41646 31097 30277 18088 28880 30825 43643 18504 35120 11152 35998 32591 23088 29775 35090 15133 44591 28676 43060 50962 43917 30737 36454 27279 54442 8661 31750
26865 34790 16047 52597 33179 32672 23553 31508 28652 53818 49962 39233 27460 29203 31113 22622 42756 44427 16512 33993 21130 44802 38253 34531 39223 31960 45490 58124 41579 31084 35502 47525 37254 58144 20929 50957 34280 21588 29770 25506 39665 50021 39851 968 59393 33463 44354 14301 32888 49318 19056 11328 29622 34709 20631 43346 52508 48610 22802 37747 37896 42480 14663 60164 52186 24091 33425 52323 29685 57543 33362 28657 34742 33872 16875 43534 32382 31513 34490 60187 19373 54144 21025 49015 24227 30696 24959 53120 41665 44717 44596 57242 32612 39475 60831 20515 22512 47319 37154 40314 35778 58617 17947 57344 30266 21755 30188 19477 28347 6972 50676 12826 18594 42524 6034 32365 21328 16379 34856 14703 23077 36665 61717 34688 42113
5685 26552 43265 30149 45905 48498 31312 36175 41196 32676 29646 9855 30054 30636 10716 30904 41758 10989 19672 46934 30839 56003 43300 37308 8141 33936 42783 45898 40835 25013 19240 17246 23032 26512 46496 58713 3468 18307 41703 14491 21662 61164 27486 55429 9617 34605 33635 23669 53953 62885 31575 22475 35473 23476 32666 23018 22368 38585 22669 28206 8078 16406 27279 7162 42362 11561 46590 59054 34694 28500 55102 19880 16401 54262 34477 19529 9595 58479 39082 23025 27172 26142 32150 59905 40044 55909 16849 27607 42674 32418 36284 19155 20312 52278 42421 28247 14525 30850 27165 14786 57665 29924 22356 35956 41796 28351 34235 49614 46374 20335 43441 45358 10566 15446 37780 44533 28166 38613 12232 34691 19909 31818 34474 35128 28387 50711
15516 31349 54208 2459 37372 40599 55996 38965 25387 46337 48694 32583 43146 30994 5264 34864 30327 8746 20521 47183 32084 25514 16225 20742 35199 27888 35992 20403 33625 59741 15918 60856 28482 32849 46722 41076 28059 21804 13302 39239 15043 34638 20714 50576 44824 45591 33723 20145 16126 60647 40653 6664 31443 19230 53372 18678 36598 23580 41771 14557 50120 43842 32056 33560 32169 49134 8454 32013 15610 40320 44273 14359 40473 50011 39773 33176 22887 44252 49830 25329 49988 20836 54575 41344 52241 42067 57686 48807 32813 38153 20862 30661 34806 36583 27651 17978 42960 31050 21321 24421 16409 14230 1453 46248 52528 43304 56719 29537 26486 43360 37201 34034 49995 36769 45906 36538 45328 12104 45554 29208 40227 55222 55185 52334 36837 54347 19087
30491 44470 27751 36171 34686 46839 25451 32295 20216 34822 30901 55170 56042 6468 26533 12220 62642 32530 26526 31028 41395 27086 44028 33357 41801 9690 58402 30051 30422 7061 15216 55513 21947 20318 22852 36622 46422 24982 57599 22114 50953 36509 29185 51508 30770 11988 42923 56807 29235 13977 39259 59095 6763 13901 23153 37479 37434 23120 64080 27382 46847 27395 33876 55012 8732 19653 32736 6288 43247 32756 28756 52828 23770 41204 21774 29351 35644 26659 43375 23505 15733 43488 25815 15418 47332 22156 31399 41538 32491 31367 23101 30792 19688 48690 28409 33966 39996 26091 41021 27091 41544 21011 20840 9751 20586 32522 25050 37850 21509 34097 44276 59772 38517 39143 2580 47452 15644 35466 52379 29148 43355 50814 17385 56667 30864 21792 47966 41529
33821 23250 31323 49878 24929 38898 17469 7570 25019 26849 22631 27852 37517 50688 29240 18150 15670 17325 18704 40511 59157 37450 36944 16695 20876 32309 30550 23086 31225 28623 10627 28548 39358 27512 20023 25496 42554 37265 35026 29900 53453 40569 30900 48512 34518 27278 47421 46097 29111 27188 25037 43747 30414 44489 34244 20562 14204 25004 46210 44737 37155 20030 31080 44174 40222 22495 23508 35868 45267 32496 57126 60359 23965 24527 33473 50675 61662 45789 49666 28924 29687 19578 37962 40773 44102 40199 60665 24364 39725 45283 47983 39700 32267 45164 27405 39257 52800 24582 25392 31839 16683 40975 1852 17027 51246 27878 13966 17957 37031 24300 52358 48551 33784 43649 8327 15208 18304 8198 34286 44488 15518 11225 52252 24359 32948 22107 48753 30181 60705
17388 42061 29793 5956 13549 16657 14589 20606 34236 21531 32280 42544 44730 39115 23058 57784 17480 50820 16202 34937 30404 37026 31779 23503 37520 42632 47865 22812 32779 13206 33327 14785 17300 24362 13348 29468 32140 19621 36664 13967 27219 7015 44490 29048 57930 26321 34365 52537 55759 50753 60141 44849 24899 52503 35389 47296 42246 35510 28300 18245 28025 35450 32314 29730 40699 54214 31654 38069 47594 27130 34098 14944 55978 52340 38205 45698 47513 30357 33319 34427 11030 24509 32336 31658 40834 31565 6168 37745 41789 14499 14814 35630 57000 33567 43524 23618 38433 49699 35561 48142 43529 22798 23277 39920 38592 42816 62576 10571 29863 34842 36306 52603 30749 54010 14706 11746 29056 23361 26034 11233 52532 28751 23793 25814 37782 23940 17807 12835 59656 27201
8684 10535 36328 23011 20584 39745 24215 27597 35682 38355 54134 23390 59708 25148 32995 24566 56405 34267 5952 11510 45837 49682 25323 29116 38852 37951 19525 55721 37082 46532 55214 3101 32942 39936 9607 44152 42402 30803 29231 23066 39446 14364 38404 12387 21607 33981 34154 18099 42745 17300 20671 45162 16424 38402 42082 31976 43607 22889 18612 14222 19428 42788 8725 59322 26418 21657 45286 37068 39581 29475 37253 45607 24713 53284 31827 18216 36690 29949 17840 18224 22875 42764 56829 42399 19714 26547 53657 20949 54442 29777 51426 14131 13999 50758 34876 15638 38261 37617 28677 18146 28505 19380 31900 13300 40635 40429 18018 24492 55805 29438 33207 41325 45950 61510 32508 19604 39326 30500 43663 12418 22205 42234 36049 39063 37179 54055 51746 52275 19319 38666 41699
36535 25555 16900 29554 40833 38062 24950 46128 14833 29800 16062 31102 38250 30048 24383 29626 25928 26105 33877 28486 55534 28815 43874 21633 39868 39813 36295 10186 54544 18746 8418 35202 43083 14350 38421 13833 46285 33376 23230 34240 38391 40595 38975 27909 25383 24323 46071 31801 44989 29203 20294 24508 35612 25122 51083 24559 32928 38288 13864 24881 38828 20156 28795 25568 54176 44040 34790 33888 46042 42963 51656 31503 13243 39037 49025 7244 51875 45158 44656 22648 27635 32238 6135 15347 1801 27508 47476 28446 34629 16218 35912 46679 21513 39935 50644 29183 53428 32707 55158 7798 23718 17670 28305 54301 54080 41512 62593 51027 35808 43400 36520 18550 55783 18824 40551 17386 36021 19591 49436 49676 28586 22757 20521 26430 18983 28930 57581 29662 24457 29502 50375 17485
28467 39416 35097 20716 13444 31634 63298 44569 26332 35435 38049 35894 47516 38115 41624 14241 23586 50522 40581 39099 31183 41520 16842 46052 14851 36292 454 43389 16414 18040 36825 46565 11136 26284 22882 45434 38793 25789 34755 37024 7065 37647 32858 58293 19216 40958 25736 22296 46414 5613 37295 13098 26036 23354 41258 56395 25504 12872 26719 21212 45682 47475 63657 13115 20877 27423 8042 46537 15438 7592 26115 44774 27158 33649 37330 3827 52805 43736 42041 25167 55355 32320 23191 20824 29529 50181 44620 41074 34556 40587 21687 45051 63112 35887 48954 31826 41306 26449 39731 40408 25298 26195 53764 18669 37459 39828 2316 19954 33594 30068 41386 39237 34024 48723 14656 45895 25277 40081 10541 49240 25625 37517 34512 32985 19549 32425 41866 20776 56039 39748 36028 43430 19223
32446 3012 40628 21584 39798 42501 24752 10734 49103 7387 48124 31572 38437 60840 39159 29666 9435 53709 31744 15094 20048 48808 34168 29681 20708 26011 29119 15923 18166 46084 39222 46365 42729 21317 28731 61453 17177 43197 34607 33379 51689 21964 35442 31618 50616 14289 49765 26310 40166 59438 37735 52114 37330 15425 32214 44358 49886 50540 40470 35648 10857 20750 44165 24801 40659 26759 64898 9609 53884 20790 33134 52377 21444 35965 17577 17775 36106 55226 28564 31595 50352 44110 18061 21999 7445 49050 10741 14426 38041 33532 38444 33292 34204 41943 41875 36454 42622 35719 34441 46278 35230 24430 36716 18573 40286 33005 43680 6427 44061 36194 24706 61904 23611 56879 54644 6669 45080 34995 18900 21807 34324 24141 6659 25241 39054 27743 48738 32170 32232 31816 52047 24002 43137 37735
28972 46658 26297 29470 31831 46728 25328 39115 21809 35317 41862 15824 32794 22505 35546 55180 40307 50116 55118 5983 27035 60646 9026 27304 15600 28335 25875 31433 35798 24703 28453 44320 26283 54710 28628 41742 31182 23988 29059 14837 36256 33754 23184 35632 34433 20358 27998 27685 25810 50200 18505 28207 50417 57587 58805 24240 57151 41332 39934 18185 34844 31996 40327 27800 12265 26347 30894 20671 25349 52897 38870 45277 18894 8063 16731 34386 10408 16610 6049 34429 24561 38446 39173 41664 27656 32448 40935 34937 25934 22008 58025 41226 32803 29497 29610 37330 36072 10720 16714 15408 30715 18766 38377 15750 18877 40163 38887 28467 42638 60415 18851 26262 52943 31235 35199 29968 7902 34381 37338 43010 36636 52285 30996 18634 13290 33590 12684 56523 15782 24212 35237 42337 30898 3514 43963
40942 19821 15368 40497 34259 16438 37084 17254 52334 29038 44951 22970 9505 40309 47001 31628 32074 7340 17475 7999 32331 25457 60659 38703 36227 33317 50441 37311 19538 42280 56296 6478 38935 38107 48364 37948 35380 46493 28536 17640 30727 34764 30444 18868 29426 10188 53926 7423 18516 19963 32263 38185 33165 20152 28783 25746 25596 39524 40255 39322 28931 15711 29653 40608 26112 57354 24465 47622 48212 50883 18389 36395 43360 53739 36864 6511 40578 32226 38770 46642 51485 25353 47500 39636 37517 46527 19884 22964 41012 50786 42803 24884 54131 33110 38273 31667 51624 28408 25590 53137 23605 13226 23027 24366 41081 36810 15061 35050 26579 24505 17919 34596 16293 7128 14032 28734 61774 55429 17576 13975 33325 17954 8936 43151 45988 12557 33006 28806 33553 33191 35355 38108 10710 48208 26063 30704
40274 33129 46954 22564 36581 3409 40524 20440 27630 47206 13781 21865 24015 30476 38245 15163 18918 22945 53340 44970 53652 35972 30234 48409 53819 22550 37376 18918 25910 8375 11116 39028 24555 59080 17854 50975 21429 50855 57433 20555 36342 30901 63130 35412 38927 53586 32738 42909 14174 16607 28561 46724 27973 54203 46343 41324 30499 12868 15269 44721 20056 8414 27336 32951 43075 32743 9684 38363 30278 19390 19494 18557 26047 40132 47390 20223 24592 10073 17439 48064 35480 15326 49286 32032 50870 50865 32180 23935 12748 20531 50953 33597 42297 31940 58341 28857 13916 36037 6057 33877 46742 23700 8627 30832 45896 25746 48483 58218 30160 47392 41500 47010 913 35484 33594 50043 40423 42344 36896 45393 16948 29155 29742 34695 10713 29804 54978 43132 18996 19812 23357 53904 54439 47403 41215 40994 13968
36898 17257 34709 39249 18087 23001 56133 25161 27931 30639 51605 45784 12254 44110 23780 26717 55121 33554 31634 39994 51155 33630 26622 41933 33218 45202 16522 36984 8578 35340 32661 12186 24433 35629 31615 35475 4078 11093 26280 26306 41818 24037 20336 50569 42517 37435 41014 58438 16512 13239 8028 48218 46841 43451 28481 33574 27105 55206 36421 10760 21912 40152 22216 24163 37503 21682 32554 35219 21749 22162 6602 53498 27992 30169 38154 38393 51212 33255 15177 30190 28014 17948 45799 51771 33248 2521 32324 43071 50624 36987 31680 24921 38255 39269 26042 33515 26958 57334 21140 22100 21947 39822 46253 24819 35608 32654 55909 25642 21955 47956 28188 56663 40477 31297 30258 34268 26758 25525 21766 21272 54623 39696 18682 30315 41223 16306 27758 23860 9180 60667 46527 45269 21058 14923 30545 22188 48279 15106
24448 28698 36666 32384 30895 55937 37516 36902 43324 44860 43757 30546 45962 17329 55486 14180 46581 43323 14429 20415 10977 44348 33323 48064 26794 55573 35464 29384 41395 29220 49621 26679 25690 63947 13425 35693 39682 44393 35514 18379 35847 34398 2324 33966 22989 47625 4061 42362 689 47564 7028 35212 57619 13061 50234 35908 11093 3862 16015 34053 29654 29534 56020 18220 10486 16700 34151 8730 5397 5650 50857 24879 56979 19263 49914 19403 34767 30242 47803 9551 61227 59420 35402 44313 20230 44686 43528 7817 48576 4822 44630 45314 44472 39511 18322 38880 27985 34413 16926 33414 42727 21626 34393 40020 24797 48607 39074 36008 32146 47098 39258 30435 15206 29741 17633 31333 46264 24534 29592 45711 24555 9303 6621 46783 36699 9999 18449 39509 29035 35166 43668 27828 36986 10403 35271 47416 21224 40512 18953
34628 31508 16275 27576 23096 42848 40446 35640 45426 21035 34528 24807 34899 53717 33689 16676 22075 55486 22920 40016 36491 30022 35343 32459 8353 37324 21132 37110 30685 62642 44128 38703 31649 16471 52460 29143 36684 29467 42382 40270 37438 59230 58281 45557 57304 21376 28825 25643 20344 51680 29120 33870 46207 47328 18559 32450 24141 27359 37428 23524 6210 34365 10305 16406 43455 36186 40965 60342 54817 24214 51935 47909 56523 46160 46641 9924 31004 9450 11098 49905 25204 41667 44985 49166 52276 31803 33968 27257 58810 56242 10141 10899 23143 18312 20962 33980 20891 41500 30942 39253 28342 43472 19953 42173 20760 30980 15994 32594 37921 34325 29659 40312 20273 9063 21362 36749 38312 32598 32416 33264 30438 42053 53959 48386 32332 30866 26946 42275 45880 48800 38775 47796 39178 38091 28353 39443 44837 30071 15490 31649
28902 46848 35355 13246 21934 35785 40170 13003 53469 33328 30289 34087 20947 33944 21423 21296 50161 22877 44644 24906 36500 41699 48079 36819 38176 24455 27986 23338 14066 27049 28747 56240 20330 30635 44572 50629 13803 39916 19492 27082 15826 50380 43970 13341 46720 48299 27224 44319 27477 10729 24901 31024 41905 36581 42472 22705 41717 51713 35234 43008 43135 5532 39380 24446 28591 34838 40924 37772 45032 37838 41245 29832 40070 34599 24307 20180 25836 35965 22208 35535 46202 43571 16869 44248 45710 17064 38336 54608 33417 5180 33715 16535 50123 47438 63772 50958 37301 43073 40797 23827 33701 45937 23509 37639 44283 35137 53220 38218 40218 13328 22761 11325 57182 39486 36934 48191 31530 32298 52057 50606 62430 32310 39812 58606 51416 38081 52774 53853 30073 38955 27807 25178 28961 15060 15438 34118 44849 35612 16021 18305 40711
29538 45266 20844 11267 47624 35942 59237 15751 33133 34482 27085 14066 18417 37140 21764 30628 26612 22767 16747 56062 38870 51103 25441 47198 59894 33414 35652 25381 19638 60165 9592 43699 35445 7802 47706 23144 18835 30279 61004 14757 35952 34763 33196 3015 12652 42085 53467 36913 29414 22903 54330 33346 59200 28768 8231 39258 32985 28287 25860 35034 36369 38198 28463 32800 14664 25059 42761 10893 35038 36328 37106 12161 24370 36516 52555 12892 31398 38263 39027 21118 30106 36800 19144 11079 18027 42721 22702 21527 49021 49208 21123 57422 36652 32038 25766 57164 49115 15117 55160 23666 14312 4936 36697 24350 14774 23357 36010 60080 58273 42055 27593 32395 45069 48072 25879 38412 30038 43809 52468 43156 58847 47024 37825 43395 36870 58071 17885 34873 24110 27125 35750 45079 38579 18026 10624 34938 23545 44437 32713 29894 44125 37080
35552 54360 25151 40337 25382 33424 46081 48418 48379 22225 46082 38122 26816 42104 20642 34376 21203 47846 54337 44702 33685 58747 25919 26443 8038 27543 34299 17838 26279 37019 38103 39720 46518 37861 19506 29978 34036 12501 17004 40162 26818 40654 59876 38883 37246 37164 4349 10105 19338 14162 25107 51462 32581 48288 58249 46571 12558 51316 30654 58246 33094 32303 56594 33593 44109 32049 11748 33378 35460 24795 24727 2659 36937 16523 18311 32923 19965 12193 4375 34410 28672 48512 51110 31023 48819 30084 20884 29260 7797 24336 28992 50975 36772 32132 17676 35082 44708 20542 18263 34156 46035 21151 52865 17829 29584 31751 36074 36628 24124 49111 37106 25371 32823 36205 17656 32536 33250 20521 28510 23660 42907 28525 45699 12408 20931 20120 36039 27802 31930 19722 22666 48693 16609 17956 19500 3749 21143 37188 31244 33612 33338 33227 53388
32139 48174 26393 39435 39616 2256 35982 31977 46157 35970 47499 31622 24465 34722 45421 29762 60907 22161 13207 41340 27837 29104 31592 39318 42342 27997 16448 20207 40261 63994 46464 36839 38332 25573 35462 34526 35881 37759 27315 47668 47598 36136 32103 3144 37994 28993 26114 15228 52477 31785 50148 25136 53510 34366 45677 30401 51687 33764 51453 19347 40190 34169 6900 36610 27564 46940 14258 19313 37715 25070 43672 26430 44366 27023 31492 9420 3843 52896 44118 41591 51661 44415 15857 23203 11022 48781 11058 41900 48167 54826 60282 12277 17014 25783 29225 36316 16221 30355 11935 10180 28731 46108 35901 17417 20080 25014 62048 34063 36699 24511 17516 26931 42078 43670 25022 51925 47831 23196 42422 24663 48168 42033 26551 48152 19888 22454 31518 52344 53454 24969 12108 23511 58084 51723 20385 4245 23889 13724 41853 60689 21876 25757 28225 20397
40110 45932 28491 62152 16480 6762 25083 27842 35304 44536 32180 45050 32425 7796 30162 35539 24575 14400 31160 42921 43852 25531 13510 36063 6641 42308 20058 7380 41292 7484 59861 38376 29375 34819 42647 37498 31656 15866 40961 35053 58729 45951 28017 52125 38241 30963 8775 35053 11504 47798 52710 19260 35189 49449 31658 30954 50258 28843 13046 21590 45797 51610 30506 31714 26256 26714 18340 27117 11442 34121 40901 29911 36523 62662 30445 52992 53722 42802 16509 34504 30625 10477 27603 34446 15710 41560 25679 38068 7282 22481 37203 54169 51774 10681 22078 49565 47136 38000 37488 47392 37755 45143 41290 28802 17835 45517 23082 64034 29714 26928 36977 50274 32785 49892 37759 39329 34566 51014 44724 8255 25171 39608 43377 23196 42839 32152 18195 42776 42865 19527 18173 49170 28675 32550 58510 48108 19052 10899 22310 36101 48139 32496 21030 33213 34370
51355 34028 50292 42607 28661 39641 23434 22004 31070 47949 43358 35376 34103 35240 27730 29827 20447 42314 48838 33356 12724 43411 38679 23789 40730 11747 51113 59844 43119 50586 32472 18994 31250 32792 50951 23449 23652 26814 34452 46932 46021 34538 32738 13001 32918 56828 53581 24403 24373 27991 30009 35412 34819 45144 49666 15661 20320 40544 27147 48444 42413 43727 31666 35811 38729 50437 57690 59009 52370 22627 24927 18038 35308 19526 7717 24865 44981 33810 38409 10212 47692 24356 41835 18461 16914 47324 31917 43822 31591 26781 46126 30326 46764 49604 47182 35668 57407 5042 21357 1834 32897 43463 44011 17239 48082 19299 50215 21818 21139 15335 31363 36404 41250 15025 35166 31654 40928 33569 34584 26350 58158 52378 26128 54639 39786 19064 29865 34949 38134 11294 56639 32146 14385 40172 42549 28151 35194 17472 45546 20242 43314 50555 48830 53829 54201 49149
26384 25838 24944 20263 8515 12399 50869 35415 16307 39463 37865 34029 28867 17270 30060 20044 48850 35259 45983 29136 36928 34392 13025 30428 42860 3755 29584 24784 8888 46102 37392 44810 31875 50168 18111 23787 35629 51121 26108 25043 33046 33952 24616 12579 60574 31783 49571 47673 14372 27556 45774 26741 43530 19576 30727 41785 58543 21508 29103 52708 26227 62374 39974 18390 35254 22721 36813 27760 1240 27825 259 4880 27192 54488 49190 36631 10296 29335 14746 12261 35127 25420 30140 16602 45973 32857 39150 35159 43442 57117 25486 19641 51694 20727 45565 19043 52904 25417 31900 15796 52802 24434 55241 24076 47899 19153 29670 24268 25491 26312 40273 28498 29194 45237 48235 15103 27872 25082 21908 26931 13940 28662 35117 40270 36136 35849 37781 30384 35676 41874 52522 4281 42861 24563 10832 33481 13247 42634 15205 24640 24238 39096 44232 14462 45725 37855 50906
38628 38378 45402 28155 33488 51960 50831 8844 32674 28707 25817 33003 36029 32719 22938 49529 42366 20568 44595 47254 16710 5153 43010 22179 21365 22920 51305 43007 52075 35568 19655 21768 38025 28341 44668 41506 38444 10043 8935 28587 13240 13023 39786 14850 19594 27649 50531 39304 48130 35075 35380 49821 22915 40004 3900 34210 63594 37924 13786 20213 26648 15107 39792 9975 29677 14145 39261 12808 25417 35645 17664 12425 63885 5465 28602 32472 30231 36852 42732 38230 37959 37230 46068 34916 35712 35878 7221 34912 3870 20095 8459 25004 20100 33493 49112 31911 29970 44939 45565 23984 43558 14080 27864 42280 37153 55188 41419 36719 18787 43942 15924 29926 28237 43417 27509 18923 38717 41929 36589 40671 55187 18585 18940 8226 16050 41576 31233 38421 55286 38806 14430 25879 10946 27266 55921 36230 47734 14734 29084 43974 34416 32537 52030 30773 35345 37251 28855 50994
15545 41772 10086 35102 37321 49780 28845 51801 30879 22970 35306 45892 56475 44896 27774 34877 42271 58821 52682 10661 46474 31561 40748 37852 27964 19020 36359 57155 42902 35118 33719 49209 15350 19022 42398 34588 32189 31758 54557 41040 48203 26829 44946 37938 49920 14059 36447 34596 22845 26824 34531 47492 49759 23748 27261 34739 48585 52542 18063 27154 34522 53400 58488 29951 54514 55601 51607 22748 23410 13673 14158 57863 51640 36768 43771 30945 19237 28214 24064 41418 34585 45962 17852 32035 41204 7678 37775 51019 47126 18418 46296 55456 26591 42947 54009 9606 51119 4053 21328 15963 27366 11908 55102 53118 57572 36403 48165 8528 13578 38208 39776 38961 61110 34318 51797 13442 4424 32505 55903 37537 39971 31333 39136 27375 35492 52910 36665 37324 54316 44599 33480 30617 60443 10078 29935 43189 16849 42118 8973 19838 49327 27659 34434 43608 20498 8273 21677 40865 21342
16309 32496 43448 43504 9367 12969 24830 44840 34137 22842 31187 14953 29786 38914 50328 40720 57338 20576 44459 44158 37529 40886 15725 11795 45719 24419 38974 27439 16979 9414 32383 10035 8239 49472 19598 8573 34442 49714 31436 38253 35780 28922 40346 47718 41532 21243 25942 17348 38997 10641 7778 24810 39019 29214 45341 15672 43233 26115 41446 32780 44054 31390 4382 19655 24682 24913 15141 49865 24636 34682 30812 32115 8687 38523 15649 37923 30687 29619 39381 39481 36975 16514 47832 40728 30206 23111 26763 44572 36588 55908 34637 20136 40344 38455 6012 33820 16484 40738 46460 19926 29103 49796 39339 42807 34777 35261 39016 34719 46402 47660 8724 57967 34890 54579 17167 42757 27472 6192 41914 49345 42166 31876 34931 38661 22235 14224 20891 36144 32799 47794 31634 33442 31458 45901 40633 21180 32132 35517 28527 21724 39524 26212 48658 23651 49124 10147 30470 47281 47203 60376
41640 46374 43585 35941 25946 6435 38878 40617 32634 43013 24474 29699 52585 41263 48084 39381 51080 16384 49902 22910 33333 48088 59207 14429 44498 51224 30527 30676 38589 37918 7478 38209 9559 19275 57228 51718 24064 38143 41120 35714 57625 38042 40660 35605 60161 27004 29832 13854 21526 44805 38937 46591 4284 31893 56299 28694 45393 25996 28250 34244 25140 31050 22985 54379 27590 17200 33942 30054 12903 19100 45348 48667 46712 4846 32207 49125 37975 39817 25851 18470 33893 24522 48388 24639 23298 22290 14413 52622 34959 29889 58676 37237 39275 10295 44572 26963 46580 23765 22881 52872 8846 31224 35175 30323 49047 25348 15499 21110 35182 30550 19757 36847 39028 37454 29103 38976 41225 35663 48240 4296 29582 13750 39888 23270 31841 24804 55855 37884 50147 22585 40429 38249 61044 25365 26985 29836 15477 17625 39685 33478 35396 15587 27936 19832 20546 34451 30234 40448 41680 22860 43090
31169 45644 26730 53803 8727 19224 58192 7681 37988 21907 30046 4663 2569 22044 17906 37164 30820 27924 30829 55616 4311 55003 44079 34002 16576 27602 31897 35397 45441 41047 33033 48117 51321 33995 52447 51269 9992 50574 61310 14740 43661 43777 29762 30274 60522 39299 25230 49326 16893 37234 48578 14138 15528 12082 34108 21573 43466 43809 46173 60975 4803 55710 17029 46936 15602 43786 41749 15904 43449 43973 17771 27878 38518 33840 38119 35340 31882 30889 30955 14321 4438 27025 21718 29941 50744 21320 34824 39800 18579 20015 28130 57818 33219 36517 24002 55930 38698 25864 43785 29626 27177 15804 9495 30713 38942 41246 38732 36247 31339 13200 18697 46836 9839 46448 32171 53872 28041 33567 29845 6762 23835 5374 26918 9540 48772 32619 37566 58717 38691 29384 42174 10517 43098 15219 20100 39628 28551 49613 47985 16610 42508 35382 37605 64950 16712 46351 30784 36778 29339 32439 35554 4382
42852 49036 26155 30831 35077 27634 41339 38913 31964 37959 53298 40496 42058 25834 33200 38239 23729 42556 49494 25580 16236 48285 38530 52282 41441 10350 33940 60581 5483 34317 35567 16273 26476 36315 42224 39770 41285 37944 18936 45667 34900 35205 28007 37642 40443 31265 32413 42930 40857 36458 26875 46775 34446 35524 37854 25213 34873 20365 25258 43361 38396 22820 46268 26051 23861 16362 25972 19973 18246 14399 52277 29830 31118 37508 15452 51110 21868 47895 34122 37317 30786 14937 29279 63811 15215 46250 19195 32895 46162 27243 21119 34267 13388 47098 18505 17334 51390 38328 26553 53360 15110 6150 59442 40552 36999 28482 32016 31745 35485 26574 54710 37783 42666 59913 7556 27533 7695 31314 31704 26178 26154 14602 37907 16918 45149 25233 34197 6504 59910 53064 27583 25243 48263 29581 24047 28683 36159 24513 28549 28699 32142 16452 45028 27946 60115 56695 43624 19864 28272 7097 26228 21444 24003
