127
15543
15864 35443
34168 30929 10407
34397 31346 32099 30598
40942 53836 37836 16115 36486
32613 16747 44880 34182 53277 18338
38139 13388 28372 9167 55381 17977 25066
3924 32190 25261 35774 32656 42391 44296 43698
42467 35903 17578 55590 28588 35348 50419 36215 34381
37754 50499 39433 20260 14543 22778 44344 60306 9842 36728
20839 47353 42180 29726 27892 20660 38949 36426 49730 34857 33014
24924 28589 28851 31637 27831 28569 22452 16483 11192 39010 50829 41920
38336 40043 33436 5645 40495 35346 36163 41897 13413 52154 41953 29938 50115
10175 49110 20044 13222 49285 38529 36885 59250 37993 39236 13996 48772 32203 62845
23154 37948 13069 38030 12231 16381 50830 7126 34572 38180 42670 27828 52383 25362 7629
42122 35041 29991 21067 40119 57394 37571 18055 27290 37619 32583 22755 24468 32130 31249 17342
35078 38976 48769 40312 12366 30606 33786 55408 23247 52170 32216 49929 18917 57686 23422 34719 31474
8337 51276 44181 10071 3546 27552 37962 17522 18834 26843 32030 33701 36889 24413 33136 21070 47568 60039
38819 22991 47893 41399 37395 32647 42057 38989 40739 25814 41420 56748 18738 26395 31743 32048 30368 40888 38721
32316 27084 58379 29680 25648 16664 50550 44656 11882 30435 37208 32543 22603 24973 53521 14940 22835 45942 18944 20616
42115 31486 32135 52739 10649 41604 10500 23342 21461 28778 17880 15463 35481 34575 35172 21007 12612 58579 25862 39046 42806
25622 34337 43053 18384 15160 54801 13667 27248 31896 31288 36998 25207 5784 21495 42490 32581 54167 32940 32284 35898 23029 22969
48462 53431 11282 29821 41966 36889 10318 41559 36445 35267 35080 28841 29948 30996 58530 43218 27689 38252 44411 20529 42054 37420 45555
43048 59825 40626 40042 44565 9419 26207 29504 7002 23028 37011 39124 58710 43405 16558 52104 15721 20469 38416 9660 37106 42378 11289 7629
35155 40624 39465 34335 35818 19397 29600 36110 14872 22824 18398 15613 28991 36666 8772 31818 19130 53851 35376 36184 7151 41708 33538 36483 30265
40267 35869 31279 42746 31193 41182 42680 14227 36086 47270 18049 60770 50947 18133 26600 18889 13407 47819 30032 35367 32104 32745 13589 10204 26242 32140
51611 55367 20491 38680 45375 36042 13922 44010 50785 29379 45544 38754 48995 29588 30461 45283 11940 46236 54786 52170 33412 38714 15189 14200 34147 14544 44887
48973 23969 29373 22120 43689 36253 23136 28905 48365 29625 16666 56120 13687 19028 13388 36278 20391 42958 32084 40132 17120 32390 41365 14528 17022 40159 25195 44556
32228 11573 48440 25863 41074 46571 27485 25104 53638 39264 25144 50568 46209 38388 54059 52175 26819 17926 43924 52550 35245 40953 38101 48715 44701 30249 29773 12095 27379
30457 27484 19586 52754 44232 22369 24181 25430 32246 20926 18807 12834 11490 45009 36326 15830 22510 33532 18470 34256 31097 39070 45205 34161 26595 31255 39826 46105 21900 27846
31102 1321 20692 29197 22201 59391 17434 51018 23460 51195 30144 26078 19613 35967 2085 33578 35333 39146 63913 37004 36924 19612 42156 47975 30627 33526 49038 27927 29849 37718 23726
51966 22396 20765 60014 13949 36016 35755 13101 19698 7314 36448 56651 26559 43908 41117 60200 40003 31204 34239 15140 15325 25619 32041 34718 21487 57970 49722 59128 44504 35167 35922 52113
20215 35132 36562 33737 30894 44647 31000 14848 43099 57665 30341 29846 38752 9770 44665 38378 15132 40323 17492 56414 17647 33707 55158 25170 41528 45312 33599 40483 31833 39398 24335 25141 47280
52923 32326 23780 30878 31710 61508 6291 6533 27056 49258 31648 46272 31889 30230 18542 40885 13538 38056 40281 27583 12033 39811 29893 26176 41807 34308 9486 39065 58924 52108 24727 18472 26617 24443
13758 30287 13589 45361 36582 24685 30174 44047 12907 32738 61112 14194 49841 35341 32769 14014 48661 61520 42520 35152 32503 57353 31070 35464 15289 49818 11827 4553 34490 48482 38136 29296 20058 12736 39435
31710 23801 48406 17869 31091 55543 47299 48286 45711 17587 47654 16095 27283 32399 37536 43246 24797 49386 20370 29484 20685 41508 14938 12794 29126 38044 55387 38326 30500 26293 27377 27330 36938 49867 61310 39293
26776 12097 40803 9798 42860 36470 28670 12670 28711 40650 37553 30597 25129 31388 29914 20668 39123 38991 49115 12673 11139 19007 22803 43573 44441 16079 25058 59192 44664 32862 14247 45291 47484 30028 62404 27565 22024
24568 27543 38876 34684 24260 45186 20956 19766 27663 36836 53771 8855 24121 37661 27848 32511 26530 32652 37492 21967 38570 22163 20335 38501 21936 21904 19482 44065 27414 30180 52435 32357 31035 27888 45563 28816 32383 44050
30706 25090 21826 57517 46873 11804 13284 29725 9167 44092 11460 35780 36466 44995 44612 35075 25446 34833 33475 2360 43784 32902 20641 26053 35258 24707 39486 46089 49114 27493 15866 50531 43465 57487 63028 42805 49128 31584 22862
41694 38549 29496 22951 15805 24114 31608 17823 14644 25373 17278 51094 37537 36279 30379 26092 33638 25184 48223 33536 32994 33145 47098 56628 15477 42849 35036 36584 41854 44150 51813 36473 24415 34076 37877 44619 54646 16817 30956 40122
42788 36500 34986 58409 12747 13350 20112 27382 36550 5831 53756 62340 4987 14040 38478 39983 20805 45239 6889 57179 38278 15557 23338 37732 27039 44898 20082 27309 37614 30959 26657 29588 4821 42443 38807 39036 9907 24148 51253 40897 18408
26350 24920 11207 11219 40951 18020 15083 50134 34254 22198 42893 15695 45268 28078 10255 33184 21865 25263 52944 46632 17390 2326 35376 15430 26817 12356 42127 12636 19523 41881 17485 28361 4820 10869 27593 35308 31957 34873 31077 54310 59044 31811
42880 23256 51362 16883 35962 59232 14128 37036 39602 32545 25260 7114 8331 25463 38776 37552 18529 4548 15859 41150 39063 17257 55932 27986 29580 28100 36212 39885 38816 16951 37691 19343 7986 11808 50226 38905 32933 23265 38071 6249 36437 44505 38187
57407 30373 18536 29166 32478 17396 34797 29537 32674 23714 34250 32227 27118 33550 38749 37330 16674 21914 19976 52114 33948 52901 30506 25473 44989 50319 39971 44542 47589 27064 33362 7018 38517 19584 11033 47141 13515 22342 54230 44176 32839 20588 30186 48393
57419 23121 18102 18929 47158 29525 14232 20392 26472 30168 30195 26255 18754 38970 27427 49925 13602 27866 15498 13672 32361 25114 19337 43548 29815 49753 13694 43390 25260 13303 54219 55280 36969 47444 15311 30160 49419 12496 48873 24447 46069 21706 60027 36190 42118
15268 34788 37835 18974 55229 7299 41768 55326 30581 27066 34771 32228 17708 27879 10797 26321 51010 24428 36502 14917 24598 46760 21871 39840 52746 41979 15127 10818 11134 38084 38892 33163 61135 45669 24658 47323 27233 25148 42151 25490 52368 50602 4426 37136 40895 47633
28316 52406 19020 55500 41213 40418 36506 30529 43214 34804 35589 42699 41581 2639 47601 13516 50747 41040 29114 10917 26776 16728 25795 52660 31205 24775 8554 8027 34433 28157 37394 23801 46794 21595 32023 32750 53028 31550 34013 15769 12269 17930 10177 34652 54660 37916 16419
35477 22602 49364 33893 12454 27807 41877 1766 40686 25316 36796 13830 14028 42871 21674 23589 38306 49849 48575 8099 5327 22794 4699 735 18866 43723 38367 25659 34220 5210 34729 32278 22046 36376 41753 26320 1126 44134 40850 4296 38375 40866 45168 19041 19453 46126 34070 48631
41994 53865 51428 29165 22383 32434 41784 51362 56202 22890 46963 32886 25021 7921 9461 46024 55142 10152 34591 22779 26087 26605 30031 49771 29343 28705 33509 40571 40686 27812 16196 30602 51251 42455 46536 46072 34768 32793 60884 38436 45859 31688 27336 48240 23438 13640 11266 41275 52848
25847 44259 6885 38185 24372 25803 56270 29976 37984 18203 29270 28575 37083 17201 51420 16924 32006 50285 42434 26096 40255 45617 43879 36988 20967 28636 22571 45854 38750 56526 34414 31545 34309 21608 27792 53801 53819 11784 7408 23888 19550 48399 34288 32271 57554 20701 29167 53700 38900 46290
34637 45521 38438 45135 51306 45973 7110 1713 37798 43119 34101 30555 41824 40385 51924 15788 36346 56554 33025 37124 50643 27465 55326 9412 6475 35392 40073 43082 12994 46893 46755 18167 6296 43890 43724 10283 11564 56430 39269 28486 12000 31617 16077 48040 47124 30218 29538 10417 48933 30059 43912
19905 38519 24322 63389 15928 27750 21552 33792 35190 19285 12887 39186 47836 39330 37586 39731 22984 39344 19207 35524 27034 27099 27729 33827 27061 33927 17426 49073 21878 49168 56235 37326 42046 20185 30842 60123 18797 48960 39905 55095 13411 64424 33599 32576 20609 51821 42996 10074 34084 19955 16223 12259
46512 33943 15074 38202 16770 18617 51163 28608 33786 20667 20396 29653 21627 44796 30644 29146 34402 53724 8530 22061 26896 33723 27112 10543 51173 60153 10965 36672 27201 2549 31096 51393 37765 48913 10034 12816 33551 17580 16740 17294 29759 45350 37228 37276 40568 30430 7341 19608 46358 58423 9347 49380 59260
41869 42576 22239 24842 47939 56181 37608 51486 36280 14672 38240 17177 22860 61763 39591 61019 14430 61612 31518 26181 8529 57581 43811 49717 26241 10085 47895 5515 13905 25972 22362 28586 39712 30841 51277 23534 31566 63958 29263 57786 6458 16105 21950 33902 37702 22804 36606 50024 25553 38326 54893 6665 24891 32303
32874 32689 15844 22494 32086 59329 2092 42021 55697 16791 43634 41058 15740 30867 60184 50678 28021 29719 60541 19010 51677 6018 44289 7844 20244 49716 34564 28799 38267 53134 45286 10543 20849 38638 15622 28182 54100 27573 39366 8341 1928 40259 37253 56842 30314 30456 51875 32727 50268 16437 51072 39771 45500 48215 26236
33269 39659 43713 57846 16647 30794 50898 53328 41456 24119 51178 9193 43535 32020 24938 11041 39622 8511 49840 36952 29043 45849 38685 23022 26488 46850 34321 59970 29236 52571 45804 32694 49927 45699 15630 13482 51024 16088 16343 32635 10353 26302 53927 45709 19400 47763 35038 31804 53942 59062 29148 26347 6813 13192 39170 22776
15576 34153 34222 38086 36557 56506 47936 14513 8663 54745 47387 16157 50008 43303 31388 32358 31921 43780 30500 10479 37696 52177 41491 19734 34919 38893 27337 21822 39301 14262 48295 34755 16378 28560 32522 34569 45349 8153 5462 53613 56936 50416 24296 49487 29985 30518 46880 36113 24242 27403 62817 50962 16506 61648 27912 23986 31704
62691 28022 6993 44590 32677 16907 42575 45275 46454 45607 33035 39230 54967 33067 35303 47288 49094 28277 31554 40106 26884 46437 60284 36466 26322 36190 19700 37747 27022 43452 28173 27913 15770 14818 31011 39062 19285 59696 29849 20347 5918 24324 49870 34582 16726 16063 41506 28873 34397 10177 44276 31218 16020 46443 55719 52211 24153 32539
31383 19499 62989 6193 15911 7162 45584 36880 11958 39103 23235 29204 45732 56284 21637 17824 35920 47791 8116 36372 23068 18074 22708 19150 38503 19708 14307 30511 38801 22325 37280 35479 36858 10916 22092 30823 3586 18603 37447 45053 31752 28328 28146 40121 41070 38396 44459 42493 40339 62472 12755 44840 61911 31274 30410 38810 30618 21957 38129
47796 25916 28725 16551 28628 52508 28380 51786 35419 40348 45851 40510 55721 8475 23120 50400 43294 32249 48605 25234 16411 13974 29473 47026 25085 43346 52091 41121 52775 37004 21581 38336 49144 33446 22262 11117 28368 29183 22741 37386 3600 11511 39756 5621 52502 24046 39865 40847 55107 35652 37758 13112 54263 38744 30714 61777 26258 49292 31373 38457
44660 41280 34966 31310 18173 45009 19319 37364 18317 48803 43150 28041 50052 31762 49468 14700 19010 29313 29411 15870 26408 2126 22238 24479 41364 32732 49811 40624 31974 30599 18269 38799 30849 27059 12958 33437 36802 44220 36279 46138 47626 29445 40454 40135 60089 19180 25837 18595 37167 40660 40907 57388 39117 46361 51200 10182 26864 12319 37611 32719 25852
3651 29166 25766 27726 43493 37479 61100 55878 14695 23992 53825 34375 20264 31040 24518 17326 22920 18014 33689 25052 41703 57972 17947 44081 20901 9953 52140 27149 26657 43268 21677 24273 17597 14910 48508 18907 8664 26608 32378 26251 38354 31608 11272 27716 37642 31289 30340 36450 26595 42383 43600 31816 16057 64220 45003 57686 40431 45953 35668 58602 26596 50396
23884 43621 56056 57423 57875 53543 37258 29496 29194 29841 33277 9977 33167 44033 32429 57585 8451 35543 13821 17024 31942 41078 12876 10501 23865 30778 23034 11746 9915 39302 28518 9845 22954 34746 37106 42016 37482 49716 14589 29762 35161 50261 15847 41019 37590 34173 21008 28010 40770 30989 33752 23857 15101 3683 15774 11502 36456 45279 50628 22018 24033 51171 48809
3534 35273 14030 9901 17840 36480 56576 22576 43787 33895 38362 35218 42811 40925 14522 19762 24482 45376 39169 37234 46497 42228 34319 41137 50838 33622 19268 41295 27619 28872 45057 38316 47847 44456 30627 23592 34049 38487 24973 44834 22419 41782 43294 42236 31740 26787 34230 45077 30619 38656 43702 7885 35794 31403 18300 39812 13823 31749 34665 11418 12164 40814 37341 46190
28096 34119 35384 29026 8723 27119 36826 32214 14812 42436 48675 20519 56957 44330 44147 47801 30036 36991 28202 60392 40898 31778 37544 28183 15145 47220 42318 42916 24804 10709 44410 56050 26201 53414 44684 42589 56547 51525 42983 33865 37348 52243 38120 51986 36541 11632 27888 44315 6348 56765 41823 14530 45427 26969 10133 55402 38417 30882 25843 21103 16390 53244 17110 51509 25777
20421 42146 47897 30068 29788 27060 33403 40877 54818 28012 21949 19646 10615 34605 18238 41478 48828 35412 17758 32996 33359 17986 39549 34490 31889 34391 27899 36071 20962 37363 48951 43210 49827 44151 28563 43972 11058 38209 47214 41782 33776 34737 45096 22654 57662 15146 18720 20735 29562 25352 20921 19989 34566 11950 29775 52514 33857 18812 14149 34695 28554 23248 31994 29346 59714 34315
33742 49109 44489 27277 26144 23678 38272 41911 39507 61951 38085 51431 62147 26039 15353 28029 40403 55558 46972 41180 42466 10571 53167 28256 29008 28648 26865 23916 17020 33339 33696 29024 47048 29094 15392 43418 19347 35720 19151 33147 21565 22849 33804 28771 33830 41008 22584 27059 27054 57783 54195 23753 28468 56116 7902 13573 23322 34312 32279 22985 20415 38804 20927 11892 52099 33078 38454
37478 43206 61521 25565 24832 40424 52801 28435 29088 15688 49256 34870 38823 30024 43047 39850 8821 36935 41692 45516 23914 46245 35305 28414 36839 25794 29357 37790 32073 32510 44679 31757 25843 15800 19161 41132 33348 14162 37122 38361 35996 24107 34401 35830 14172 32931 27736 20321 12770 18714 16453 51323 10127 48624 48010 31652 49091 49540 54150 35133 40414 37432 14745 11685 24896 19052 23330 49466
42313 24701 24963 14432 33113 42703 12826 41845 2256 19390 28232 44760 19214 55725 29551 41706 21364 46842 23274 25611 10592 42504 31263 29340 20530 17715 25193 27387 51021 3807 24874 34185 35342 22888 32707 38566 36822 22321 33682 3763 52229 38552 28153 31247 44539 33280 31831 33048 41241 24517 43020 26674 36028 21067 42615 4027 21576 55279 59642 29714 55066 19217 7411 44440 28818 25107 43972 28845 30739
44884 47820 36274 16634 41268 43882 28933 39592 33299 39680 41735 20605 30801 25325 18456 43481 34381 39056 8345 59933 2665 36170 35048 20647 16132 52860 31078 39127 14974 42372 34420 31248 28470 38853 57456 42926 43919 26267 21436 53524 39397 36712 51383 41378 49307 19341 50112 49334 33296 36968 58680 20913 40100 3931 59775 29683 10934 46532 10486 17117 41641 44293 38907 21965 22233 55933 50927 16419 30121 57228
25138 37186 35192 39313 45605 21638 30886 41454 39719 37202 34194 19969 40342 19206 20126 44844 21974 33024 20009 37582 31813 44705 23187 33351 25922 52041 42556 17142 33070 51801 49028 22077 23657 39727 37066 31098 40788 10539 57456 42510 36429 23471 53461 37210 35253 38426 24665 44220 36332 47052 26972 42391 45907 39974 41534 25927 44617 39558 40286 37166 53036 34381 18718 2733 33376 11995 28637 28450 20546 24464 47099
38895 23860 24525 41944 39539 27028 29423 37332 18445 20931 22617 48206 11807 36386 19306 47528 5640 45839 33666 31809 34087 28908 13314 53881 15582 5143 35912 26288 47755 34033 47029 16198 46992 51162 23977 48794 43340 32051 8580 8974 16671 57691 41638 34562 27752 19632 31855 24787 54409 45974 17983 741 24288 42603 37750 39828 11470 20878 29556 13635 39861 32096 29082 13904 17648 36417 38214 24862 32229 33938 25048 54281
55279 31921 54963 35189 41072 44799 28468 55230 57545 61404 8892 28999 24152 12201 25771 25710 39551 31429 42081 39830 53917 31118 19775 23835 32786 28776 18082 52065 22589 16305 62446 25797 52352 25544 13440 33703 35385 29966 25528 24169 31434 42979 55545 34666 17298 52392 26528 27914 17904 20411 24334 22953 8006 14717 35491 29607 10483 11854 12735 15715 30806 28303 38851 38207 24272 22174 31757 46490 27074 24284 39421 13524 25226
39850 10486 1356 20107 48486 23636 30053 61217 4210 25466 44923 16814 32045 27080 14833 32659 34806 5788 30502 40494 53550 36183 42362 20193 5429 27993 24396 32522 44140 20995 6911 22539 35633 53939 43759 16195 16869 33481 15743 22034 64744 29096 56590 31191 33947 43692 28668 50164 48477 13624 47272 35271 42892 38060 54644 56498 57228 51302 49343 35348 40379 19399 53481 39757 46712 38447 47186 21948 39460 39679 34138 47811 21791 51605
41568 34752 36810 36177 21958 46612 36483 19861 16875 31520 45483 60864 25903 51266 62882 52530 39410 19165 29385 51020 38548 27725 23935 45932 28020 20980 34338 58611 36084 56627 55574 43841 49011 11112 24248 20918 43857 38389 47978 40883 21230 45625 44938 55445 38058 20883 38777 48063 43748 33125 27544 33936 11262 35598 16453 27240 2647 29677 50658 41128 37967 32100 18637 54958 29766 9425 45415 14299 45212 41878 33808 27535 11184 61202 24873
5418 41956 14501 34065 21516 13208 28078 18470 50069 20777 14223 40652 31525 20219 31654 39265 36380 56170 23380 58436 35802 32985 46075 51158 32704 9638 40694 10359 28972 35892 29099 34440 25470 21215 15733 32359 54809 29707 53174 18549 50266 50708 45519 47378 42402 31581 43294 16543 27985 8772 14085 27515 35527 42284 39139 25092 26981 51825 18456 26782 28808 46199 31235 24487 33684 24987 8198 17278 33254 11325 26495 44164 50910 19135 47568 20249
43487 20352 48216 31646 32326 10464 20598 40561 37748 41279 37772 16371 13513 57085 57081 33924 10661 25721 51228 11397 13673 36885 41046 37972 38771 39984 29960 13394 35619 40746 36752 8416 18396 35682 30033 35420 33018 12091 26535 48424 26080 13585 58356 8611 41454 41799 41881 48172 23682 56380 7156 44324 14589 40528 32359 12523 54975 33762 14416 40930 20777 33621 29457 28263 49049 28421 5129 44251 13679 30037 48280 34718 49678 8356 18973 18193 61650
55122 22010 53139 51486 56254 46477 41346 20050 52298 31288 55618 32716 41813 29018 44849 22765 46911 42067 30638 20757 47720 55426 41754 56229 15152 36681 15829 26619 41974 34310 28736 24951 15132 46618 32441 44923 8961 21734 18849 46438 23045 21448 19800 21144 14984 24611 8767 25202 31466 25427 31925 48210 44426 33466 11544 45977 49354 40889 40908 38823 32521 22446 23854 13276 36519 33787 35232 20377 29188 14847 25984 11835 34688 51993 19759 36645 35194 50347
14606 11702 3668 28692 15739 16718 34925 21171 35544 32078 17957 44522 28035 37140 29148 32535 19933 43009 37362 32668 45126 59765 35014 42200 46367 30928 38074 8235 39111 30066 20526 24308 45980 31419 45439 2709 31234 40971 35601 34924 31831 63682 35648 31194 59130 37952 48239 48193 33356 32230 34044 26876 45741 48402 42826 21873 30846 21796 49589 37627 28701 17791 20129 61180 20971 35200 42090 29397 29256 39048 30067 25572 49557 26103 20506 50059 52273 24877 40642
20265 14970 30091 42951 32798 20692 35438 36237 35785 28573 33594 52849 25484 4916 48972 17619 46277 21498 39428 42773 26838 58959 27333 34710 42270 39572 34028 21686 19196 23847 14298 22741 30674 13929 52975 14931 34047 19130 37259 31631 34786 55931 49935 31467 20956 49674 41689 29382 28750 31176 27721 31104 44182 38422 22210 33144 35863 51026 38304 22801 53293 23006 22598 10919 30266 46617 18964 31901 14239 24674 4712 12626 35258 31002 54435 34598 40429 48289 12325 39032
24982 33624 16463 23467 32279 16797 40063 8987 22735 34769 22549 40235 37662 33364 33396 21562 35427 31111 42744 11944 22528 20937 52484 28372 53587 35704 63480 13088 34750 49912 42802 62955 51360 12455 22035 36245 40281 43236 31739 11390 19272 39952 35915 24838 21455 38539 30305 38284 29772 49334 42397 36978 42528 24303 33121 62487 7852 53655 60684 16091 53070 5390 18430 19230 25961 49589 60824 53056 19033 35819 13624 23968 41856 17422 29247 25760 21055 54914 29709 44703 29684
19364 34306 25085 25089 51158 28543 33050 45509 35702 29665 27222 13471 29413 21131 55312 30705 30340 18140 57514 17690 43697 34868 30339 41337 16334 18932 59387 20080 33337 15226 24434 18781 23123 34855 25416 52130 52348 22363 21980 19102 30997 52342 62864 30641 7293 34520 23748 16442 36626 41441 33237 19867 50488 13553 14119 34098 20301 21352 43798 34912 22960 36006 26629 13447 11458 27660 54354 41730 44259 30968 45664 43319 23156 14026 41099 22657 20947 42213 39223 32322 52065 48806
29376 9179 39806 31598 57225 36522 12939 52893 60912 49169 40167 42899 34904 30063 33520 29105 29981 43044 10506 37972 22179 36239 28563 29408 43847 38674 21226 27826 19817 29195 27504 23850 29547 34780 28037 39851 12204 32228 10634 31634 28812 46466 35805 19520 32875 52248 40159 22805 34217 39685 33008 59761 33445 14248 30833 16565 21953 29538 24512 40511 14684 23444 12094 48495 17366 14748 31564 54696 59278 37597 29768 6726 29415 10419 26260 47788 36925 30848 47759 25146 17907 48037 29848
14414 30312 26496 46352 24649 24572 11635 47191 31115 7438 64220 54990 8053 41985 31005 34003 26981 18225 36245 21191 27323 13569 22948 27914 45786 30672 47785 39933 52510 30206 18950 50175 16618 29162 23833 25966 37278 2550 34116 40110 48792 14465 36838 8733 49977 21483 34399 18970 38625 36500 44558 34054 44273 30428 34901 24385 29895 30498 53906 33068 22979 21960 34342 12069 17223 46381 22642 51597 38066 37809 47828 52420 44388 19380 23215 53547 59582 37782 41311 35617 7710 32182 46150 19204
41189 30838 62661 32056 16499 20021 32826 43546 51240 42323 45063 30220 32613 32816 6539 8556 43399 48428 36389 34971 34289 38566 39735 41978 20482 41728 35360 34791 16154 54425 24639 25796 34458 31185 24310 34543 54752 48392 33699 54985 22605 9374 34728 22706 46401 37618 24676 11531 36892 50790 16183 4147 34878 22874 37248 55944 47367 16939 32929 32878 47575 21309 61944 37443 40462 15084 34534 48230 29964 33691 40141 18232 18994 5032 52488 38681 42206 44406 27901 11370 34928 28513 36359 9097 29771
21453 32136 13527 25548 45334 50401 46260 20052 14751 10608 37761 42819 31686 44183 56733 24057 25070 35765 15206 24023 12915 16426 28992 36410 36793 32597 24457 53894 30749 47768 33440 2584 50687 8017 29414 36944 44993 38626 25787 48273 18370 50858 43136 25144 31842 36872 43667 20646 38913 36958 62293 21307 49407 41227 42790 45399 31163 55150 34407 44635 41111 34024 28022 35237 61426 46810 21684 32405 32300 46754 53378 50318 48548 35235 37182 36588 31933 28985 25418 36114 26067 60102 44805 27232 32585 12203
30926 20020 43902 46406 57606 23535 10450 44281 41997 13041 4516 33826 39492 28315 23639 25635 47113 42571 23367 12891 3517 60769 48343 36906 18368 21312 35686 23279 44659 58180 44372 44044 9781 9424 58624 55519 44900 39748 53452 29386 26212 17918 27415 18220 33683 8287 35393 57189 23376 8647 24746 32980 24060 48535 31922 44251 38903 25389 18616 41176 45474 32233 35614 54828 28507 29997 26179 33336 45443 11352 22663 38490 29818 33482 48202 16373 20641 21476 51180 26725 31319 30468 36300 46348 49658 49035 31820
34635 37870 31961 24011 31872 30864 31310 55465 60941 5186 32587 28486 61777 42850 53037 32770 22443 36433 43351 50492 44669 16752 51496 21846 16166 54557 58880 41647 36613 31162 45888 31655 24444 31653 24646 35486 11753 17215 39027 22004 45998 21736 33575 16392 26154 53505 50114 34620 30397 29673 31140 17904 53958 38398 49197 29313 9127 11172 44733 24403 52926 17721 55476 47810 62828 36636 19826 3889 29971 20910 6232 17150 26382 29007 49348 39052 41155 28256 18966 11831 45965 25919 13233 32355 27854 36429 30962 57196
54759 15850 37178 33717 46134 25719 28649 31132 2333 36435 33887 11140 4603 25564 47613 57289 18480 43382 30752 47311 24859 49023 8748 13555 19998 41558 38782 11925 15511 27228 45942 56343 5608 19441 19831 20440 32624 38774 14558 30776 55950 14665 50444 40855 17572 14795 48481 27733 38673 48476 26941 24785 59188 33885 35841 23405 34414 60204 25867 38536 33312 27178 44987 43138 9128 38328 41844 33722 61545 40500 29586 30355 43455 53248 20344 43881 52492 37755 25222 10399 37809 27908 54298 20628 29452 31996 18325 25000 40063
32707 23639 30266 32104 52666 11713 33965 16169 56127 21297 24413 18209 47283 57351 46253 46768 4726 25510 3836 27445 12521 26986 21674 32274 30827 30902 18454 50341 26970 38122 34722 20560 40986 15716 36269 28274 21769 28037 45207 10347 23686 7341 41664 17306 42738 15933 29320 16737 49325 49555 35406 24350 53784 37391 45172 38450 40849 38675 34649 7166 35193 46078 36189 57824 3120 18480 40160 38203 16407 44810 27714 40811 22925 49130 36322 42450 43248 52785 61474 35281 39588 10559 23905 26822 46854 7284 31743 39955 41592 61233
20060 14615 40280 25811 45784 37169 33799 48317 25554 12739 52966 45646 30636 58412 37459 31974 24773 11723 32432 53222 28029 20482 57435 23212 18484 18479 40885 18585 30538 20404 16670 16653 56606 23536 25847 26472 47122 40515 18335 56074 41606 33804 16756 46931 37591 13997 50906 37795 23401 7044 26671 33626 43672 54258 53714 38360 35527 48473 52260 22142 57940 28948 48005 19626 62370 17545 41046 31676 23821 18707 38645 25367 6393 52244 22467 32280 32194 22253 14112 17440 48587 12028 42349 43151 26482 54691 12041 39621 58650 34881 31826
34339 32031 16438 20908 20998 53733 45793 36725 25042 57801 20900 45580 38116 34603 51677 20946 18076 30829 34030 41767 20061 18414 10294 30316 65412 58382 38164 47103 43378 38701 26858 28737 6023 34731 32023 17298 37155 47079 26362 29267 22951 34371 30708 55522 45169 44318 48486 28576 20705 49880 32942 19182 29274 14800 50991 39722 51256 57449 53829 44214 33246 24831 8018 26609 19116 16885 26551 20794 51712 58794 8402 35058 41787 35454 31749 19321 30141 19152 26286 28976 56551 7427 35375 28277 28695 21363 52199 21417 17069 7299 52534 52524
25612 33426 27515 9055 24464 27648 49176 15009 15516 39724 41067 37712 32400 44664 40406 18896 42186 41027 1464 38527 43691 50925 24945 52668 34707 21718 30304 24552 12003 22622 50663 55651 4089 15332 36196 25230 38453 17866 17976 16327 43257 39023 42436 53615 43940 45619 40294 37862 32150 28022 23169 40845 31280 32920 18033 43203 30928 32248 34456 32742 19671 21496 31831 4442 17829 52471 50444 25980 44698 36693 47641 41134 20247 40306 28893 33614 27257 21934 15031 27069 49187 29288 42249 52316 35700 35330 31026 49033 33740 36571 15505 29606 56460
20307 45192 13585 50450 30154 53877 27691 59583 34976 23482 7508 28403 27188 16822 26861 31502 22760 46537 2901 44144 61212 9554 56554 40569 41773 47539 53776 26761 18303 22602 31525 7680 2670 8824 33928 20030 30301 30111 13978 33956 29098 27418 30139 18576 16056 22607 16972 7522 31715 52889 47275 33405 41871 39770 37177 29502 35864 51187 8278 26374 26593 39362 22115 20789 17736 37417 49087 41259 36528 28295 33992 49737 35445 43068 59874 39916 56059 29863 53099 4472 32415 17706 12738 33354 53185 18211 43336 51650 33987 25588 27229 48963 45060 49404
50530 13866 49124 16282 42677 32216 32451 32048 38583 25005 37633 21277 47560 43273 32509 54976 20553 38733 8473 22906 46744 27607 46004 26796 25878 25095 52526 19892 28708 12608 24550 36341 34848 36062 47679 27339 31084 42052 34453 24984 44135 41682 19275 43965 9584 12262 27328 16024 34024 61153 41812 19339 34607 32547 36710 16372 33958 31757 42329 17717 29099 31997 46985 16557 24223 38227 62553 21436 30690 21618 26152 23489 34261 50614 29526 61982 27863 28802 24130 60465 44358 22582 50510 56156 25478 31792 8921 36094 18421 22481 52547 35447 44786 25209 30444
39206 35038 36745 44596 14957 25113 52831 23930 43946 25348 35419 19232 26174 53245 43743 39301 8074 35173 37706 18185 18668 35740 41724 11788 36807 28419 13654 34030 23927 26617 41398 56846 22366 18140 15229 42958 57053 30736 21003 44173 37202 33778 12480 37547 51231 36580 40701 23688 39075 22852 24607 26756 21565 49011 13193 28926 34895 47570 54426 35928 32312 23743 31410 44273 47959 22684 22834 41257 33038 31175 40824 4960 19643 43169 30949 35318 55232 27018 36057 59210 38780 23779 32436 27070 48463 16139 28118 11186 13976 26720 30111 41859 11449 19782 11631 9109
34064 32283 10406 55876 24830 10046 30372 20979 40421 37136 41674 61696 54560 40945 46198 31182 56341 54338 44808 35513 17439 51809 37347 40485 23200 47791 22628 35438 43257 31116 31212 33271 29832 30553 59867 37662 16047 49269 38801 43078 50381 32062 28271 34763 32834 29208 21970 21521 42605 32609 45342 35701 43184 41336 24496 34903 46185 28862 48360 33049 45818 41363 41001 34842 18882 33880 23760 35770 23072 34155 49726 54873 33142 44333 39891 36439 39203 40958 45295 13843 46726 7743 17651 11247 43776 33870 38717 43594 33778 51852 25389 18308 35514 34138 24614 30204 17595
25878 49540 33813 29521 13858 46762 7211 37854 24797 60152 17569 57283 27046 34252 57302 52318 28894 43655 44074 35601 45797 30857 17404 35130 34844 2867 7599 61499 58593 63971 35743 42355 22933 22521 48175 51778 4760 13528 14782 15367 22603 39900 27308 37924 36621 5224 4440 42999 46908 41436 52260 35042 27964 17302 38255 33860 26987 29943 50073 41853 32808 11615 35074 44012 8660 57391 29706 40691 23247 31941 28432 47600 21370 28289 49270 63044 53299 40133 35483 35152 12635 27376 19423 58482 29522 47202 56994 13581 44665 24700 31044 25725 5935 47772 11812 6180 64978 39459
27556 12643 52934 20081 31779 19864 37480 41702 34305 17957 27930 24291 35742 12393 7994 50629 27482 56771 34089 38639 57236 23445 38728 36288 32430 29502 27125 24984 47879 10781 11666 17880 58111 49556 44669 27102 41206 46849 21783 30987 31564 17350 42432 39615 21600 23874 16601 29274 27284 13525 25281 40764 55368 14302 25558 15557 37849 36799 14460 25173 28587 41430 28945 41804 39450 36740 14836 36618 40329 46635 23430 12528 24662 44838 14887 36956 9444 20443 22072 45230 35215 43429 19479 37193 35003 35302 21541 44426 30916 31231 17090 31954 35853 16206 34895 29313 20724 23349 45355
32247 45532 35603 26036 35477 29985 51272 27214 32696 15655 51251 40791 16580 2123 31798 33070 11542 45293 37295 10292 40974 28015 29184 51401 28943 53296 49800 45902 29558 18320 25766 54305 30372 7663 30140 45987 50681 31149 53033 30260 43221 23849 1612 23605 58009 9925 27782 49668 45731 37088 36664 40962 21587 12762 47040 35472 32524 31762 27521 12812 26154 15851 27607 25304 47376 41409 46628 34131 41758 44535 33737 40412 19378 50412 18980 52436 54829 9472 47767 20123 25071 26770 17024 31634 35417 34309 2881 18455 59081 20405 31289 50315 35487 29701 45256 40270 34110 64852 35917 39617
25090 20994 42538 8515 43086 46190 21437 12594 23426 49914 42600 59122 31484 30725 27530 31457 33309 10735 44163 16734 26693 35608 44722 43722 41173 43488 29561 17285 39723 28838 47158 13296 49831 42444 30282 49257 32427 27569 25366 18769 12950 49333 28664 51976 48584 32568 51795 24047 31650 23962 23427 46693 17282 28218 18666 42184 59593 8058 29673 5500 47831 48057 31198 37086 34060 26967 46123 47952 36553 43700 47151 54576 39787 56880 22345 47839 27221 15914 40667 25790 46822 57604 55364 26411 14462 47389 35043 29320 41598 38101 29210 21299 42052 40588 37191 29069 26929 23714 8140 20982 39077
12662 37640 5327 22016 23402 40027 30327 49314 29918 43300 20300 29675 29743 25285 37810 34619 43969 44700 21511 36338 18928 44554 48298 38768 22815 15985 38396 44822 16300 63788 17501 23618 16378 45985 18478 41556 30821 32555 15821 32943 25425 43308 23963 29360 22298 15109 31736 28600 34339 31252 35141 27431 32458 26555 37345 21597 43890 16729 15914 5819 21111 32846 53892 39326 38461 23033 12109 16490 29985 49084 20708 60028 51587 24309 53162 29492 51653 8454 24575 45557 34886 11086 21060 31260 29542 24364 37591 39690 21893 23042 10777 24607 21763 29999 48234 37051 29759 50706 35371 28735 37275 40460
61370 48649 26486 35454 58744 13689 35888 54470 32710 36338 29224 33351 28418 31440 26561 21597 32654 43894 38743 18538 6601 52036 34637 38863 49682 33176 39426 47082 39114 29139 36310 23069 23121 15189 32040 60358 24328 31103 24155 38471 39757 50095 33739 16127 40833 44357 39899 1870 38916 17828 45290 19603 19767 38952 10584 43056 9081 44084 18308 61315 39720 34088 43472 13294 20648 41570 19099 17104 31831 32579 32837 42377 29332 37675 32046 41336 41920 53627 20406 47103 39995 43409 25148 42620 33894 34509 31522 58960 41119 20625 15559 44252 20807 59964 42379 27518 37566 13102 36814 20377 32101 34504 12784
17033 50587 15464 40528 27056 15294 42863 17232 42607 19506 5949 60239 38436 32596 22322 48301 37425 31110 44719 47562 45045 31526 24849 49414 49359 24725 11707 36032 53793 41524 53260 13146 11594 21601 32612 42803 22441 10110 61220 46763 37536 59369 20138 35874 23437 32259 51543 44536 27602 28204 34443 32396 14542 22725 43430 48192 29665 31277 21000 33140 35434 43714 39697 17541 9675 24296 39969 22487 43874 42749 26776 27078 15504 44896 36822 33973 46775 49266 40252 3842 45874 48787 38952 19216 34663 43556 1018 22331 17585 40835 24597 44519 47218 55057 42966 42352 27659 42286 21150 28729 42202 31291 21453 40096
58433 25239 39619 5384 59295 34464 4833 40909 10324 43706 41860 24403 56255 44867 45072 20983 29506 4250 6114 53785 39995 26400 13914 38427 16396 26421 25307 45148 33812 24890 28866 3900 18866 16781 44912 32027 44616 37007 59973 41049 35637 29344 59553 31573 30168 43041 28133 27761 49042 36208 47471 44556 30148 39662 34463 54918 25036 25852 36056 22590 35085 39928 32630 33175 44259 35908 36316 31981 19120 40511 25450 53411 39893 54856 10110 24344 38320 54464 32121 26284 27043 22023 33979 33214 34060 12926 22693 42673 37197 24195 37013 10209 29637 60023 49131 46001 52692 33466 30218 54400 31961 28589 48718 61614 39478
38319 40986 19098 31561 29982 40654 32934 12660 43614 47560 3377 35350 28109 60521 50843 36495 37834 44561 24388 33854 36022 29217 25996 60549 25841 10231 17362 33986 17628 47859 16504 50774 28885 37495 32221 26274 51517 37346 31329 22276 51828 39060 36964 50399 3291 33262 63046 39311 17617 42318 15974 31350 17076 54805 22310 51445 29416 25507 35557 41578 24010 39256 32771 57399 42940 48789 47328 38843 37148 5815 37852 6741 30283 24865 52054 30055 53162 22834 30128 29264 12695 13898 34121 38511 19572 43978 51329 41766 27807 59664 27064 38355 31353 39293 28494 42968 31330 25713 48034 52884 36027 27980 3350 47975 28131 21358
32266 23472 30264 45623 34011 55505 39454 41223 29677 38952 27123 13118 31132 47894 37398 30780 41035 7933 23272 31586 52824 23864 10441 17422 50726 19245 31770 21920 42513 31287 28985 44923 26749 47032 49287 19708 58310 36113 48740 42372 19023 16288 23345 44147 43638 20679 41805 20777 28318 32229 16150 32519 23843 16474 62192 40298 6249 19845 40761 36790 40653 38600 49232 46408 51887 51585 28310 27008 21105 53010 24171 33729 18546 19674 24624 55144 6930 42040 57411 13270 38065 29326 26373 25707 56239 37179 39126 12423 29291 38302 46615 56203 46919 20760 39718 42197 25762 20746 16484 18373 4316 57042 14898 31678 44628 32723 14574
29724 35693 30057 2298 24642 53891 15606 37557 27536 35321 36827 23166 15716 5166 25462 32950 31007 44930 26921 49597 15905 30292 36434 30196 10187 24327 31827 37305 19835 15351 39051 9581 49809 48007 33882 23920 5744 26646 7455 33315 54388 43012 31804 30693 33792 15792 30479 16148 43124 18300 7930 29716 49454 49095 16732 53059 18831 31985 59285 42240 47351 45402 22276 26028 33479 27490 37131 40359 38493 38248 21256 30034 24345 30158 5724 45323 17501 12019 4200 45363 10632 16183 45706 61994 28154 33018 10789 35921 60692 43676 24725 13319 32308 52860 31548 14762 29883 23292 23419 35230 40969 39547 40624 44096 19326 13145 40509 17906
48763 42998 28545 5906 15453 22194 25563 64513 33927 31212 34989 27936 21080 43014 42838 32461 23856 21343 50485 24938 55408 51799 9132 24917 29558 14158 49177 26351 22947 41124 54238 30360 45655 26808 21594 45233 41202 19948 62189 53657 17620 60064 40182 45486 47453 13617 31703 50516 38381 32771 29934 40169 28132 31090 43420 58572 53410 44001 30531 25950 18824 32174 30526 33535 57332 12604 32499 48656 38726 25831 40893 45807 28385 37651 42750 39421 57890 37404 40471 51098 26730 37989 19046 44071 29977 43084 11597 54275 30607 47156 33835 26508 23341 35449 18528 43814 34640 16767 44875 32559 24412 23459 43598 24582 17070 45893 26311 26124 36006
32455 19992 17825 38055 53384 34208 20262 44558 5864 28350 28409 10300 40007 42708 44411 20113 34565 34625 12044 59501 22913 9572 13325 47409 29213 53918 39132 32827 35640 40016 54746 30955 47922 52184 32616 23204 29802 26265 50660 22722 34115 44527 30128 41640 38937 40764 30507 25526 45903 29665 20148 17226 14660 41276 7340 25797 26712 22703 40307 26503 23274 34712 10602 59121 34653 22361 46319 31329 16397 44369 20579 13623 45917 43744 43046 42710 60332 44389 33945 55962 53082 52802 51739 22502 41158 25301 30986 41498 32338 31872 44490 14484 57949 26786 41145 38581 41799 45211 42550 13277 29552 6602 11938 877 24888 42385 18013 29891 22270 4430
38344 29503 6948 22114 24897 26179 20489 10798 35113 45358 29709 32272 35296 13152 24976 32619 31687 18490 52978 38811 37693 18202 20114 27650 41120 33633 20178 24065 36948 52335 39441 35574 27318 28068 22191 19523 21544 11873 1804 14151 36104 20995 35208 40289 29111 38893 39042 35827 31382 47998 19036 52316 15363 29718 37237 58363 26208 29974 48173 37938 17931 28124 29924 23135 50021 35273 49658 28644 25294 28733 34254 51744 50343 17560 32450 39539 9551 42554 50998 20028 23844 12419 21895 36573 57482 31443 31769 49588 16351 39050 26952 34850 42882 39176 42871 49033 57300 34734 40196 33092 19765 27610 3154 41657 28678 51436 37821 13635 25765 40519 11689
34372 58227 26440 45170 40733 16592 39760 52859 17708 27933 44479 5666 31187 29881 36341 29130 64113 32770 42835 42959 16486 21340 24886 55957 33041 53029 40706 34937 11732 28604 16404 35803 29709 19842 40908 39709 48414 40151 38285 18590 44646 44572 29876 33470 43332 28079 36002 37853 51994 25585 10423 41563 27975 46402 36947 45207 42282 41475 34519 40179 50212 34450 19361 41422 55190 56144 6673 54664 43230 13470 43402 43648 48479 49882 11624 28441 22133 53862 21774 19887 29058 52129 52188 19621 51175 13034 47408 20058 20226 43170 49259 37166 47157 59689 33005 44928 28894 52448 38423 8115 8799 18469 38727 46115 45591 27481 38877 39731 16742 25308 42812 57154
44459 30479 20672 26288 36936 35921 39884 29660 16027 41728 35776 9512 18950 22400 40954 29939 32744 25135 54235 47517 27041 38764 7875 42374 19600 26520 29715 50958 43543 24339 49961 34964 49044 42558 30565 45178 34408 33143 30761 57631 46068 20767 43220 6371 14742 37270 59590 45606 17585 23357 37728 25416 48801 25203 32768 48808 52424 63382 33287 12968 20615 34570 26837 35239 26428 39212 32714 27141 27209 21086 36423 22050 28429 29438 55209 44126 50919 55149 39763 42776 32569 30732 38052 56498 24930 26937 31484 49035 29377 23382 33212 7683 29880 39617 22594 8826 25765 36827 43503 21328 31722 16132 40483 37604 12262 18589 22590 40856 45561 59653 30624 37836 28546
30874 6057 26077 37347 27584 20409 26671 32378 21205 13104 51486 22184 23096 20846 37645 30671 51786 46548 44122 31562 34667 26560 55144 46719 37372 60050 12947 47817 34395 15789 14399 21898 40169 23662 16072 36899 43526 15926 30865 45042 40467 22117 29688 13913 34159 37979 39776 57527 34936 25465 46373 10348 60306 11036 25515 17111 36635 20136 42319 41306 28530 44410 21617 29011 9464 41714 10099 7204 25613 34419 12468 18220 32018 43866 24212 54218 23653 57608 31603 24416 35431 29405 44465 49997 43896 10297 30637 38128 32761 50301 14281 42410 25672 34567 43108 33500 20678 11063 24542 30180 55764 26736 53398 33829 45008 29198 51439 28411 40732 30580 29509 46024 36887 41986
54779 35821 34592 40726 21360 27848 42136 35857 10756 34747 9439 35411 29718 18980 24662 13629 10249 23909 19291 42029 38969 42717 30287 60035 29449 18412 36242 38818 17112 40433 55685 46822 28166 16974 16007 20402 46834 35425 48374 25958 48126 34700 28982 30560 63369 34606 37797 33025 49139 37543 30882 31145 18332 28502 37006 21689 40164 40605 59337 33167 43562 24026 9908 27531 13776 42606 37293 31247 25141 11706 2325 4218 44473 58652 35148 36396 29372 31223 43699 20102 59294 21927 41385 43238 40638 7566 16012 28845 34430 45837 28096 62779 26941 13186 47010 33264 27995 30799 16532 24109 38200 38611 51444 52559 48948 24685 44323 36537 42414 57983 25986 24010 24328 26216 34415
29154 23969 29063 49228 32354 28633 50494 24439 45736 16400 24299 52305 47637 21670 30704 35642 48137 36858 34220 15507 23524 45166 14719 40123 14598 20578 32968 33808 28367 26163 34025 26358 38047 17477 11072 21963 48598 39156 5422 31982 31188 28323 8213 42176 21498 43952 25936 45473 21414 37502 47685 9202 31800 49513 12367 6161 52499 13013 5328 18015 49556 48414 28969 33596 20764 37543 35512 48905 61195 49614 58079 34341 35521 46326 14077 33006 36767 12923 32882 29640 25858 23745 29853 48913 28238 45605 34016 57128 35552 36103 24217 27758 5656 41929 27434 39747 26457 35018 53234 48136 53760 43626 28240 15131 42350 54025 25510 41181 44291 43271 35155 37294 45087 44739 29878 19951
29219 49823 30512 12798 12909 7930 40482 46652 44125 23092 13034 28426 38742 26284 15083 36038 42676 37573 30593 23506 35290 35035 58894 50317 27688 20305 16371 19286 29948 18566 31374 37006 51127 45786 51009 20629 33721 43180 4970 25548 17507 41055 34923 16017 41235 60495 35747 28997 11561 15071 15986 10312 30728 38510 32311 44027 3340 58716 25684 24765 29592 27144 17959 18156 12044 17108 46354 31468 16070 27167 32372 13595 7719 13897 43949 18904 50319 22962 33308 10628 9567 25274 33571 24703 45045 15296 27680 38698 20401 43814 13940 37347 27637 21323 38784 45323 26656 12943 32930 28930 9106 9042 40765 27177 31148 56308 56493 20703 49612 28372 56916 30082 53075 51796 34195 17526 29089
47315 28616 17944 29718 24753 30293 40650 40467 17486 11929 36586 13045 16906 27123 29401 29215 37956 46533 49912 38640 53598 23406 37797 22728 60343 24653 38210 27400 45487 34244 37933 32014 19878 18737 63687 14907 50684 25590 18288 51695 32016 19314 41097 20362 12612 45317 16497 27244 31992 33294 32646 46581 22153 26607 53804 18821 36955 51206 51393 47228 22730 17332 36772 37434 14905 47195 61238 25120 6918 48982 19415 44940 48532 44555 42472 32222 16447 38357 39367 52345 40299 50198 24533 5818 43892 16943 52338 21506 40125 54654 20479 30641 32676 32613 30427 28967 16012 32067 26980 43973 40913 18552 27646 36584 50647 38499 24327 32244 12027 22630 48862 22598 13725 15327 9188 31038 36895 43568
17017 47167 20704 51384 27390 26790 26176 30934 35281 55764 39583 55276 42835 22313 37981 16217 26596 43013 54745 17532 3045 36809 15733 14518 28596 19923 34192 43368 35762 40323 50314 24560 29760 13884 60610 25009 55740 19290 19611 28679 34952 35904 36465 34900 26883 42062 47271 25593 32652 47842 44444 30804 27780 29533 11184 30407 27723 60703 19778 19632 22338 17289 34997 9073 8647 36345 12389 24681 23611 57295 29365 42232 13054 51310 55812 52861 28273 21298 19634 63066 29427 34686 36126 61933 16610 26802 47530 21144 62626 30252 19637 58810 18065 43853 40095 13491 35598 32629 23496 34018 45690 26117 39056 55209 51509 52827 48470 27238 63392 9175 36988 46714 33305 19931 46177 28998 18689 44998 42853
35880 51384 43256 50152 13443 39327 38098 16458 21427 28693 51890 12010 36634 40056 40441 32298 51225 35628 24071 30825 39950 50318 54844 17415 25691 60672 19961 25444 13919 50400 34971 13536 25465 43151 17797 62170 30987 36974 16406 46004 49268 37083 44974 27085 48915 55864 51118 25477 13898 47331 46964 19260 9079 5437 10849 42834 16380 62374 51157 23078 33080 29823 13104 41498 39051 54311 35794 6542 29524 60156 27931 46815 47861 44386 28267 52337 54476 43959 8994 34976 25146 37466 6816 30159 49313 43436 24646 31324 35164 22029 64370 22698 37329 38878 28548 44821 27483 35709 15327 30721 25436 26955 56288 35274 33589 34216 18152 38611 36932 20725 28759 44410 35819 22417 51085 14370 45961 16858 47083 32039
32894 21556 43214 40685 43049 28413 32154 39889 39916 36500 38316 52787 35109 19290 52324 27765 22838 22959 31013 35062 45438 2548 61260 37398 29532 18567 32314 21045 48178 40393 29007 28595 25951 44570 4075 27887 33858 47579 40303 43083 27196 40298 22841 23590 42158 20776 32425 40672 31990 26998 17698 25304 30839 38578 24576 30321 22669 42302 32422 33799 39578 32121 19572 37373 30719 41922 28872 33458 26138 47226 36611 38022 38477 30721 18053 25048 30198 15032 45743 24843 11895 29949 27359 25723 42287 46897 33397 6795 31614 44468 35028 36250 36547 41191 35160 41992 30816 29993 35684 41012 3507 43736 4696 41088 24606 56920 7570 40779 15616 51207 43123 29429 44473 48196 43611 52702 30632 43888 38571 15974 39983
41451 56513 44780 22700 18454 59389 26066 9856 25167 40897 34167 15116 20727 26476 35899 34734 36974 40542 21630 47561 47381 40952 38048 47801 32587 17304 24320 45024 45934 23711 41472 64159 16866 14957 10239 47188 45828 43106 38749 16993 43830 28127 62074 11813 27350 20033 38838 19711 20037 2283 49520 11345 52708 55612 34314 38266 32273 30356 22499 36313 36654 37972 34139 22224 19865 25050 14546 28093 41395 35463 30888 35842 36828 13755 42812 42750 47221 34518 33520 28689 55261 40248 9764 21658 18034 37953 34613 32251 30872 33617 30855 20882 32429 32200 43126 28864 34064 4870 8549 47335 21538 20076 18866 50018 53315 46936 25536 26007 31188 53546 36331 45281 27955 39749 49815 29346 25281 37126 55328 46139 44766 10702
33001 15114 49643 55549 52048 34929 43079 36339 41400 22991 35408 13329 19069 43140 44138 45748 26627 43503 28403 27968 30887 20338 52810 49938 22217 18027 25296 36746 14539 30780 57573 43531 12556 2628 39146 58866 11756 24034 30525 37536 31179 36984 33855 31605 15113 31589 25680 26577 29701 46088 22481 39701 33569 35778 15136 54431 41660 36852 34462 20431 26934 35324 20140 50184 18670 32573 50088 25766 36935 45331 12788 24844 27037 40160 33263 58522 23379 31749 47096 38574 51144 17376 29808 39593 27996 9683 29623 36843 26222 36668 36398 37333 43361 43389 14387 14277 2193 55797 33319 5403 45665 49668 6250 47418 45360 16137 17245 12158 27486 60006 26463 32586 41802 39289 33998 44030 30550 23972 47118 46328 57825 33862 47485
38297 14667 5823 23930 50497 45044 23150 37990 46929 21564 20661 27297 23335 36994 46834 2188 7203 11048 34438 45701 24999 18061 29906 18669 36626 24849 29492 51236 33732 54548 44815 18571 39710 22774 37311 32385 44158 32534 16550 47716 35653 13782 40229 59544 34515 18325 17562 37242 27272 23219 36967 22892 32197 29072 38379 32972 33767 27276 9861 25595 15441 32774 53143 31578 25186 18528 55936 23367 44410 46585 19615 13348 53498 38705 59222 21071 31808 38504 43011 40489 55981 47614 18440 39954 37793 58450 15556 27755 51836 21446 46999 19347 40606 41658 42464 37352 43879 18315 12545 46030 34871 38045 48728 49571 51310 47180 28486 26566 31596 48379 41261 28312 11410 35080 28008 47737 58174 24278 43357 52170 41680 23745 58983 48873
60075 32045 29160 19511 46636 38518 21825 51220 31924 23295 21968 41697 12707 22822 29943 26877 50265 31566 28693 17094 8247 2003 16522 29856 11418 8473 39861 24297 52454 17789 29432 32256 57464 53087 29617 59974 49840 29985 34626 55323 19185 18722 54026 38880 19608 47554 47208 38387 38662 37217 21694 23221 30107 30303 33131 35462 44983 27419 21454 26055 35003 19959 40264 51414 16389 22866 27450 44052 37109 9100 34562 9186 45806 40708 62979 24734 22860 39453 31129 44714 45938 48947 36646 30309 27840 38057 28683 15406 44180 31966 37286 41062 5711 13874 9561 24429 18769 23300 39042 20900 24827 25015 38019 27497 29867 40103 32443 15645 38849 14903 30858 29472 55712 17606 57167 21971 17828 41652 19564 51605 25392 38496 38207 52932 13732
15916 19242 33220 15454 38007 48012 39667 29375 28577 61381 61104 20519 33290 44340 27996 18423 23058 30011 41815 18829 25112 34104 47362 49225 57470 22156 29371 37773 30627 40600 12515 9912 9703 52922 28634 22826 17834 37973 18433 34372 3404 22725 28087 34148 3884 16748 12634 43499 47532 44971 32590 49977 22315 49376 57328 40110 36361 52845 63394 32171 24742 28081 34498 10637 44386 28683 27057 24503 44700 58077 6352 23432 31414 36742 43133 21600 33807 31589 51482 32160 39175 26588 50949 34470 58366 21065 35487 39635 27476 29710 38984 24967 37224 49802 36961 32290 38044 28445 44873 36868 36688 26406 19806 12941 30689 21511 24324 32029 8371 39710 29849 33556 47138 56780 14972 54226 18577 31091 30990 31416 14430 34670 38063 32548 51692 23843
36288 25718 7063 35821 32927 10769 42947 24878 42413 19282 50380 26183 20810 49050 42261 24726 29655 31305 55036 53629 6579 27327 17636 30299 27452 31837 46377 51344 44246 5760 18991 32123 48863 40076 33363 34430 40374 28126 47093 4343 25020 26070 41335 34376 48977 56279 20792 35792 34518 41790 13720 33518 9385 35692 39159 35076 41259 24513 8629 30577 8380 26525 21041 25492 25533 58977 35021 40654 50828 39787 32744 46720 16778 16923 19938 29704 26904 37332 58650 23753 28052 15858 37875 45599 39776 30168 33993 29036 23259 25830 15871 21521 45156 12922 41460 20332 15452 33269 28424 5343 47907 29367 49050 4552 34074 40993 35341 28553 36511 8593 8381 37761 26643 35431 45581 7952 15830 59910 51292 28565 55369 52170 18954 7794 7115 14102 31094
