32
53420
44415 53592
30696 22127 18450
23884 26170 53260 27994
33163 42799 59748 43060 40948
43942 39511 12160 9832 53377 42693
26144 36553 24222 40591 23284 24307 35551
23954 18650 43209 30242 35762 5810 35370 44361
40140 22366 44277 43314 20673 18878 18188 52926 45937
55472 39502 28366 40124 39700 29850 17984 45187 54220 12242
32246 24228 29111 45525 10958 25345 36789 27778 19881 17784 29863
23995 21352 23018 37739 36703 38121 49207 35553 5966 22286 58431 42475
38759 19125 32226 23401 15757 36032 37120 20025 17308 42509 28026 19771 28534
35710 44846 21329 37629 7665 15869 34650 35853 43592 52680 15414 50312 26977 24172
28869 12879 32798 15309 53223 22337 32605 32201 45180 49470 25600 34879 5476 35366 38629
35600 44415 22489 27886 33308 21421 23606 9977 46403 36558 21790 29159 14437 37314 35954 26265
27490 15208 22545 35309 31258 38562 39387 19653 23662 23120 16304 35839 22077 26960 50031 36988 63333
21122 11002 36637 39882 53448 34864 43200 27464 19202 30960 27207 55747 54286 10013 52368 42777 43724 18579
13437 24360 14878 40756 62188 22996 39139 30945 17599 47866 35323 12153 21204 29307 64583 10460 45581 15415 2725
22250 25416 40974 31733 14211 54119 29152 49945 21638 23368 20878 32497 50132 49101 43767 31323 42830 45525 46585 11319
11475 20031 30328 46951 36419 40429 48209 27338 4478 38332 9061 16704 34915 38545 37781 25001 20692 27974 16574 40677 21680
21185 10948 30676 35286 27612 40324 38742 29225 18812 45279 21579 39813 26750 18613 12691 40908 45508 5350 24078 42207 31276 4435
46236 56477 33432 34266 48157 34022 30694 34397 10096 26522 29432 29370 21880 23193 63661 30418 20754 49090 31204 35461 53534 34038 21375
29107 14462 42007 20060 15421 38418 8961 40797 50688 42168 37783 26464 46816 19280 37816 13127 698 40124 52547 31728 26991 22492 63002 42556
30431 59278 20508 33548 33514 25266 43304 20286 45425 3114 56096 46004 29266 53973 19427 17740 33135 20883 27984 34023 26278 20293 15689 24422 30168
48841 17837 44455 20197 48895 7260 46220 23981 39625 25397 42227 23056 51463 51227 39870 51182 27799 1258 41419 30504 54361 57220 44028 33692 31535 43467
39727 21803 34808 16795 48198 40886 19860 37078 18463 58138 51939 36189 25500 27451 10949 47375 40859 53239 17434 41420 30974 62765 39362 24948 22691 2750 55965
7655 37740 35978 24971 2308 27191 49777 46444 24748 35301 49235 35104 28352 35671 58896 48006 2335 29547 24456 22400 37289 13059 9372 37870 63038 9981 31019 54190
45245 38970 27923 9632 50952 15259 23608 50342 51966 45566 28278 6048 55934 34885 38833 45420 40811 46926 38855 20714 20385 41979 31382 24828 11522 7978 38914 30849 34159
26045 37864 23129 12999 41106 24105 30053 39658 58507 45733 25731 12216 12934 39228 28307 28433 30565 26062 34423 25300 35846 47164 51983 41186 46411 31845 34617 51996 42003 27175
45525 36705 30013 34150 28101 10129 45483 7679 35304 55692 52794 20435 33054 63281 43983 33475 31303 56930 38724 27308 51267 30974 51583 34674 27122 15588 26458 9458 35380 44023 33210
23309 32745 54291 38268 3491 19953 20250 35714 27796 9004 17133 14506 29633 23162 24939 24022 27400 31419 26740 42980 26187 14030 41448 44982 50536 28054 25511 31275 46144 43504 36752 30754
