136
26285
41299 49111
22179 18814 42607
55187 58374 47039 10867
15727 51328 36302 60605 43978
37234 50188 43181 14596 34874 28378
38310 55164 45627 48790 26372 21909 20689
32674 52266 56747 24926 6749 28792 30241 40259
37670 31564 33110 31198 35422 36871 15786 43153 48229
19977 17788 38586 33180 53427 36655 60859 52833 44899 27935
37619 45845 32121 36271 42946 23576 19032 31550 35207 37323 41308
39980 53668 47245 35304 45784 54647 20668 34652 23972 42594 63164 39190
38639 37316 25323 14967 13593 41213 27048 25311 27266 6508 31572 34223 50570
31859 42063 37445 45200 34672 36090 29697 61942 46020 31155 37445 44059 14032 19163
53360 56671 33266 31954 36322 57378 17037 43001 42492 27332 25085 32943 28700 36772 34212
22354 49059 48420 36579 38982 25585 15779 39704 19432 43110 46977 33701 38554 21603 44318 24041
14522 43845 31962 31555 36521 27759 24852 59669 37064 54080 28718 28862 21365 5912 7303 38813 34578
27480 46207 40724 30717 32606 25206 33921 36503 32395 44236 33094 20288 4159 30176 35522 23129 55258 31764
21077 27713 29884 55752 17758 23894 33349 34137 36159 41468 6101 53547 36694 19089 18636 27546 27908 33652 42122
24329 33707 5382 13936 37334 27814 25511 34268 18020 32091 61368 38446 6927 18213 21911 26313 35387 38758 19877 29450
27204 30591 44098 12882 28045 44238 57807 6145 8820 47285 31403 37751 29532 22675 7988 36885 42657 34248 37838 30008 24231
30131 47319 42564 39371 39350 35502 33430 45677 7983 41396 25998 24303 28544 45641 9871 12720 45064 36046 39158 39184 16934 7585
35876 24431 49980 27939 52089 11053 36009 40884 40533 32425 13260 30133 18457 14405 35334 19332 34851 37472 40120 39298 39379 41818 13632
29712 46220 56722 22785 35724 35754 36715 51543 44120 20112 25409 33700 16083 10398 24439 16713 18268 49458 26220 30628 26196 48045 46720 55319
22555 46959 27154 20480 29970 20441 30597 35009 12695 40009 45365 26553 40459 45087 17797 36424 26318 39614 16084 55757 21569 26498 33666 58282 19139
40398 54766 33085 19122 16642 54394 50152 28786 53372 31109 30986 29793 51101 7023 43523 10974 40389 27800 39986 33866 50773 31584 20729 36101 12459 45606
34230 28016 18471 22348 13258 27113 62507 36145 4246 25297 38934 21045 36216 21640 37704 32952 55251 22383 16674 53018 22787 40933 30978 20410 13930 32328 36425
28922 20841 24316 53335 32057 18270 19038 35468 39639 61867 58576 33865 52276 26031 28336 33003 28592 29897 17503 16341 49066 44123 24126 31846 53892 21956 53419 28158
6813 30307 19464 18430 58965 20378 40115 14788 24588 57031 43789 28337 36386 56652 31606 36389 21238 49288 44623 48000 27882 47579 32759 38434 30302 13988 51404 14699 26031
24645 32050 48315 36161 39964 44423 13170 39792 35722 34346 44272 39583 35825 53116 46230 28972 13996 28125 20930 57722 24865 25006 2004 35301 40107 51021 22063 25809 13996 22299
14384 18586 47237 25976 9528 26531 26516 58053 37031 20554 50491 23393 59869 27890 3801 30634 39995 33783 15822 31748 3870 14269 34681 18637 42474 34465 56636 23140 49148 51971 27765
18730 14516 15173 7814 18815 26485 27078 6350 43972 8092 50406 48300 23639 45194 38661 10114 58265 26015 34435 45743 26090 34363 38335 29586 9131 21951 41755 15244 31034 37769 59638 38910
57080 31481 32176 21062 26950 17266 21416 28615 51330 41040 14657 12765 18702 16630 22743 5610 21321 20676 47309 21839 27538 30488 15234 25962 45642 22355 40790 30621 25553 4309 32424 31046 22664
16127 20443 37831 33997 31023 25931 11391 30977 21189 27995 25806 57732 56100 29290 39443 34487 40360 56024 26032 19705 41396 26884 40195 13480 27304 47952 20846 55848 30690 52251 20560 30167 50371 29125
8969 56340 51371 57006 36600 32064 30459 41270 38271 26043 48913 9148 29692 15846 35917 44194 41936 18975 50705 24135 23132 27335 20412 14091 35070 39998 34990 37198 56601 30437 19528 41840 16393 44827 29160
32720 55088 5438 19695 38096 33775 38322 11453 11471 58276 14548 23730 28205 53169 41734 42031 56138 23925 38054 18065 53894 24143 59925 33595 36416 24481 39860 38284 9434 43722 48609 46308 34995 50473 33022 38052
34859 28704 45417 58410 52642 43277 14211 20183 24440 10578 38828 31755 40972 26190 29253 36646 19904 37217 33709 10120 33524 6122 42050 24721 13829 41803 18536 20897 47447 39138 32893 36376 15174 39440 30944 42326 50741
33847 31218 41660 49282 28850 26643 36264 27792 13543 50084 27002 26811 25137 43267 46485 44903 17906 53393 27990 38640 27019 36526 34846 20921 37466 54203 31053 28192 49601 11287 12355 54920 46367 16416 39009 20813 26068 21562
39172 32979 35135 18627 38288 58231 37058 6682 28002 54169 43451 24736 31706 34715 15756 20661 6235 37340 29076 15034 38466 24764 10034 35597 50416 16027 31688 18959 61381 53721 51381 39968 24097 40149 41816 16801 21349 32241 23826
38640 36591 12172 33604 37998 19487 51206 24396 20092 49752 14782 30349 30072 9462 21271 2659 21956 41820 48749 38960 55231 26858 33315 22869 32712 40190 32920 17200 28224 25337 30764 34595 57223 55867 33598 4748 44030 40485 38961 36557
18435 17941 35169 57669 50167 25963 34097 11092 52282 35722 5632 19033 43309 50126 41518 55222 16175 38298 60442 43209 36510 33870 4646 52980 13278 36680 36529 38806 26445 12777 47131 3087 32074 58257 49348 29118 26166 6049 46860 51717 44657
48503 34130 21058 32348 16499 29176 33750 39509 34807 40797 37922 25277 30562 35809 62596 54260 28180 37348 53855 34395 51054 26566 38671 44625 23246 40934 59382 39988 31637 43174 42613 48232 31011 52325 61418 38730 40664 12675 7607 20796 46101 23136
17723 10908 31799 9564 47061 32715 13985 19670 33511 51498 40626 26416 28624 39703 27594 26313 33775 42484 20810 39425 32934 46623 32400 43832 25427 13305 40701 41166 25944 41954 23025 56610 31764 42555 53964 40598 55527 30563 43246 32650 26928 61368 30647
30299 54865 33694 22151 21869 34216 50035 22718 19228 39062 23446 36284 57803 27773 5224 32994 32728 39608 21065 47502 26534 30893 38298 47904 46993 6071 31417 34043 27133 17720 47623 37500 54598 35473 10212 56068 43983 44320 46257 20979 31734 44615 27853 26281
12318 52069 30870 33927 36515 32218 40048 37610 47593 31493 14521 30006 12365 13384 51664 35528 52271 22273 59414 12032 50161 52370 51179 14657 10738 47706 14768 31976 27794 33208 10691 18774 22065 49166 41093 27115 36143 20155 49750 9735 37867 49950 53143 49419 51399
61080 42150 31317 26146 56970 14820 36165 33372 23634 41906 45374 36820 27987 37486 39324 23789 21225 53882 30146 37891 35446 19509 28944 47993 19803 33790 45796 46510 37110 39478 24223 16642 34473 52029 37793 30676 39890 28532 60747 53383 31187 31545 33531 40311 34315 32493
26641 36103 25050 42736 11248 10646 27295 48035 55796 22916 47548 8549 63872 24368 9359 22676 36340 22780 15482 32148 38574 16711 52956 51395 36623 28273 25877 36480 61047 37594 17540 48940 43079 48354 28299 26407 11229 22248 41096 44754 25753 10062 54236 23179 47581 53363 48616
51891 36616 53431 53258 31658 50042 33402 47013 34257 45716 39964 24085 40327 46004 45052 26812 37674 39483 44156 47355 54046 46473 23547 27696 26048 53502 25817 23485 28530 46075 18806 40193 45202 41437 26674 33115 34177 23047 31596 5677 26272 38872 39302 9430 26701 37552 46303 45749
47850 32240 39895 33068 10965 35062 30926 36249 41071 24355 53796 37214 8216 10199 35384 33242 51761 34418 57196 36973 56089 39508 60448 43638 11054 32477 42673 31063 44756 52077 24963 57966 30313 37732 19186 34588 11852 26146 28001 50371 40670 20232 44846 46270 11391 54644 53948 44147 55184
31942 30311 15677 48239 17505 38035 13438 37757 10146 33692 39831 45338 40426 30181 14310 34215 39577 31180 35533 40323 3343 31156 20907 41228 24749 48121 34272 21670 31952 25343 23755 6319 17628 27939 18382 27014 6190 46277 29767 24460 21030 28743 19352 12065 18983 45576 29472 43174 21390 26728
19518 47225 15804 24007 29780 26363 21521 47237 50369 22668 56813 31489 21220 52621 7857 33693 28702 8796 54715 36024 43472 53082 15979 44210 18776 26856 36900 54762 21529 8036 32322 22211 35695 16176 47144 22937 27836 45227 26934 58575 12641 30772 47306 56004 20156 46636 19013 31192 30255 42739 48391
23658 38168 41706 44145 30941 21721 40559 45025 41357 39633 43491 23223 34013 34912 29094 15446 11564 31461 48665 57370 32986 3010 29595 19814 16966 36949 37514 34714 36818 39424 14154 36372 25565 30242 39481 56373 38087 11803 4022 26973 21744 34634 34850 43245 45752 33553 4061 35395 39038 57038 53064 30911
19620 37858 35521 56259 29065 22446 41641 38574 34189 7056 4960 35040 25360 36075 30023 36282 16498 38171 31933 31898 45074 55682 31264 43233 41042 48001 22996 25071 23441 55414 42038 29476 34863 35267 32168 41953 43148 25799 42632 14211 39688 47841 31543 28013 39426 39283 29718 33022 15324 18908 42371 43414 29429
20859 16352 6806 3501 29106 36747 33628 46692 42975 31973 36681 29562 44388 35918 58813 42830 30624 24103 43544 36930 14323 11983 31674 51382 56252 22180 30211 50951 35933 51722 45139 56729 44852 6495 15882 15048 58786 28930 44680 59639 36105 39252 36142 20100 16068 30389 57690 44498 20537 35206 44652 42301 53955 28197
29639 44841 37828 56563 44232 41458 40093 43600 53456 45051 45740 50845 21311 26530 22355 48697 41845 45898 51185 14722 44243 22863 32230 31964 22198 31765 11921 26789 33922 39417 19284 31036 5524 36187 33165 50946 25932 35997 47774 34391 51981 43550 39910 34716 39476 54334 1732 46895 41506 54621 6298 7537 11831 21467 43719
24258 34259 21015 53930 15235 27735 44659 57764 36882 41249 41806 25878 54480 24465 18184 42590 40478 24330 35840 43743 40026 21224 49305 46069 39910 27278 36655 16130 34081 20828 32293 34151 23658 44720 61402 31874 16930 42475 41646 21941 29353 22125 45312 32350 18016 56215 37171 8159 45477 19655 38307 40855 17625 15709 27827 7910
44124 15548 8386 31531 12431 22080 38960 19912 13777 37196 5468 27675 15488 28992 13992 26502 24832 30074 30323 36200 23471 6491 11037 26401 33004 21571 34566 47632 49432 39315 39054 34711 43155 55465 18964 36116 24510 31973 57850 17384 43767 28073 33439 24948 27295 36436 43619 22294 39702 48710 45990 21041 54461 22752 21704 48161 19443
46464 8232 47688 20758 42887 33832 44551 20618 65109 19239 46268 21164 34122 39813 42953 31710 33735 30626 40077 35966 48425 15838 25703 24813 28883 43160 3257 29068 55844 52786 57058 21177 12412 41227 24641 46294 42812 28547 53816 25665 28098 58362 12837 51547 12143 34000 14698 26756 37795 46180 56678 25117 48574 45336 20345 29317 19744 38220
32002 29210 56617 55133 36707 21824 34105 51631 27642 44117 55472 39582 46120 41912 26350 21645 17743 33738 15188 24026 47306 12523 23872 30952 25599 11132 20498 50195 55369 36827 37677 47551 25354 38505 41454 12360 36259 37766 29622 23057 7538 30611 31717 17784 5081 20207 43483 23776 44599 49656 26873 26277 58860 38162 41116 34091 61527 10395 46120
14031 16090 63730 33530 22001 32467 40568 26738 39155 6564 19853 48115 37428 13484 54930 20698 12308 12618 42469 30344 15603 11488 50151 30813 24369 32973 21752 7609 39213 17008 39289 43517 18761 17194 28104 23687 10724 36956 51782 28855 20830 29540 17236 40432 45590 29093 35152 38798 39535 19579 26780 36084 13509 33096 51607 10626 1915 18797 12448 38038
62704 6728 15896 61841 15236 42299 44639 24531 30102 22436 22998 31421 39305 23269 13531 55725 31161 37981 20431 36867 50313 42348 22290 44322 33880 60273 37637 15462 40838 32718 26631 17714 55410 47073 54902 19174 52606 9484 31414 19680 30985 38062 36133 50817 45427 36903 57890 44841 10524 23766 27150 31289 28260 31773 45385 5903 27562 43866 24628 61707 26448
25582 15149 28559 33717 56122 41621 30202 16185 33436 37580 58284 29756 34679 9267 5126 22814 21287 35625 24166 32830 35598 38924 38445 22526 37005 46912 35515 10941 33026 28962 34672 7899 13775 27156 21421 46776 50259 25204 45775 53428 32237 13987 58425 10030 28671 24322 41802 20616 25576 28655 10082 16161 24327 39372 41954 16729 41662 10487 18472 33168 44139 34257
16277 34342 46448 46266 12681 45434 45868 54803 16740 16878 22271 42555 3718 20962 36424 32144 46159 55219 33385 20598 18975 9669 39104 44875 25430 60020 29358 18030 36692 12323 28053 24128 22906 23856 41680 56097 18726 13310 59333 48498 57784 21225 19919 41361 41619 46165 41552 16351 34580 44702 28329 27836 34460 29735 63544 6281 38027 37710 49247 20389 41025 30326 33917
47726 38175 25595 15858 40264 23170 32321 41501 22673 21454 50085 8800 59560 24672 36487 27673 26094 56216 38217 26794 33987 40153 59978 48498 38280 30592 31722 52176 33947 15086 38025 45350 23133 45699 23175 50899 47918 42399 53315 41526 26479 22435 21535 5296 47998 34797 41082 43938 44988 29149 19380 45162 22666 19670 18476 43115 58950 19508 25669 54529 42322 8026 19035 45966
32269 61864 32977 32115 29910 27260 27142 10254 10766 11575 50266 25793 23061 22841 43564 41194 23884 35299 37343 34283 10257 54931 19919 31011 51909 53929 3167 7154 29128 36232 22510 19383 25979 4748 38620 41428 35389 59672 35720 29607 57452 38028 21588 21138 33900 37958 27551 35828 44699 25511 10185 43309 45912 31247 15154 28572 33540 51935 46138 24739 43519 50549 32064 14752 53418
21809 23718 29684 15203 24949 29899 50432 19083 52640 50191 40482 31362 30994 9426 44221 58281 16172 19828 55853 47711 30540 20564 19412 52994 29907 39892 25363 36342 34593 31315 15688 32664 31126 37425 46037 51274 37779 26062 23577 43114 39029 21386 34675 31833 18335 38340 17221 48248 56432 49886 55534 32037 36424 19767 19917 28354 4232 33583 25412 23981 37518 36646 5809 12871 49083 63356
41334 28912 16239 40592 30962 14857 13578 49860 20101 18929 16364 32376 36750 30982 31605 51209 25967 15276 32517 29147 46470 41537 24060 10826 8500 55588 42938 31673 34267 43190 26528 52358 31958 30039 42252 57108 23435 49000 25438 20927 45909 41799 41465 40683 20886 22869 23610 40180 49071 13810 35202 32317 17150 10623 40241 20772 23781 49243 34471 32780 51907 41700 12613 53585 34296 38270 33896
26455 50147 30855 25460 16507 30182 51294 11718 14109 18783 40292 48830 33183 42928 44025 28095 45664 46648 50302 36390 47040 54870 21329 28500 56351 9580 24787 23721 50653 31961 37220 40325 30553 29180 42341 30025 20213 22070 31028 41811 34576 14056 34098 25347 46602 56688 24000 27580 20034 53041 45884 28890 40475 19847 21000 8640 20465 21972 41603 10702 27175 8569 43276 12386 20252 42452 34308 55517
48432 37959 30155 49823 20162 23088 53442 35081 31285 8433 35655 17273 37349 19945 13755 34127 17461 33400 31870 24046 39812 7165 42993 22706 32306 13274 40051 31998 44702 8045 23138 20018 52010 28696 32290 52140 52789 29498 16401 28877 36383 45619 62606 46325 15688 29282 3066 35717 59920 13609 37557 25563 32470 14310 12576 43351 49660 29690 43929 50011 54753 7878 57985 38214 14565 43432 53816 32376 50536
49667 37663 23122 45514 20787 55701 32818 36970 31898 62968 17273 20394 9625 54444 29575 47593 27022 32270 23484 30087 41435 38528 17273 34020 25567 56928 28187 18016 33017 45583 39685 29786 34443 35310 34198 42292 15860 31323 58670 19277 44179 13240 27950 13573 37834 33379 19700 36028 61687 20157 45025 22738 32124 40230 15701 31654 11960 36351 39088 45978 13835 56743 24914 6926 32980 25724 45723 10335 47221 38626
41963 44529 49740 34103 51362 23072 49082 23514 12320 46927 3617 58156 26054 11228 50908 32653 28914 31274 48977 45406 21764 49301 35035 38141 37215 31105 28892 25291 41312 31562 32949 28456 31848 30803 32196 43637 38359 32506 26987 8465 23821 31138 33033 31578 15723 44711 48638 32180 7758 16493 21929 34941 25370 11601 47468 38932 27436 53171 38565 50394 37348 24053 22198 17199 11941 27254 40702 25460 38092 25494 20700
37383 37818 37813 35250 22345 30415 41267 41695 55194 34155 36463 12738 21339 33519 47563 34748 42730 44729 23974 45614 51880 17449 36960 31350 54006 31394 17496 26103 61490 34176 51185 46605 28350 37926 17799 26650 46841 53748 17277 46463 19778 58952 42034 5018 20986 29827 9734 13261 33153 7173 25432 33654 46136 30767 21131 11255 24189 41055 50683 4783 37041 10229 27659 22782 30516 40532 20250 23619 23143 36568 21896 46560
7849 32996 49588 15155 50264 30680 45568 32158 26584 29458 8395 51840 49543 28147 25717 11065 9668 24539 12126 25896 34032 48171 36838 31151 27499 29249 28780 42540 33174 28029 38738 25600 35791 38209 42743 59532 27255 52460 40379 42286 39406 29662 22014 51017 12949 25976 34336 47161 26827 31000 16512 40288 36078 33311 29568 22559 35682 53229 27007 34260 27780 11746 51421 32737 54454 25439 37882 23461 33878 13249 43318 27263 22469
24171 17136 47569 51044 40636 30602 37626 26513 44052 47459 31577 26798 47572 22235 46160 38681 30554 31314 15165 56115 36871 43560 51586 47452 43835 18620 54398 20981 60502 5232 36241 24925 29368 10148 57882 49138 55745 30901 31611 25112 47313 23047 48914 22573 9032 31222 52800 20112 10374 25317 34407 36258 21484 31538 32994 31171 44248 34112 37655 37716 46762 40811 20065 30387 28869 17431 32802 23617 22150 18848 12731 39006 24398 25193
43146 7019 32381 7376 26097 29127 41843 25400 42831 50128 47505 31741 26116 21994 10292 35203 22383 34931 53952 35367 60658 55242 39058 22601 21483 23632 54538 43595 30140 19045 24459 37516 30660 29290 35698 32620 47970 49341 43040 47947 24056 15807 33013 27785 14565 3536 23889 38277 24968 29009 32917 38049 10562 50336 10783 42044 7540 32798 38223 23222 34684 47148 31112 43630 27837 7464 35366 25031 36499 31604 30348 43805 27232 47983 27162
36051 47493 24952 35886 26952 61792 36336 32809 65244 50003 32055 25963 26606 7356 34734 55125 39649 42749 8627 60741 27153 18293 23463 47771 33761 40836 25066 20154 29360 35977 31965 13566 40158 10214 37087 29898 50378 50937 7758 37246 35030 31524 16782 35448 25441 37318 45821 23321 43723 37951 18170 31425 37236 18414 60902 56529 42428 44597 13345 28839 20994 33906 16908 41379 23720 17414 56325 22311 26637 41554 25197 29842 29329 37044 53668 55620
54932 48271 49675 24734 19062 36671 26625 25086 24726 11814 37860 12485 34646 31397 12824 7251 35093 37402 19194 28680 35891 19943 33516 29509 37648 50027 39500 26983 31756 50181 28027 37329 33158 23831 29914 42978 14816 22528 50375 25338 38777 47647 36260 30330 26801 50390 7119 37312 22504 30083 22441 24621 27518 34184 17810 2337 34258 59972 34283 45052 58694 21783 21779 29726 9274 45920 35688 28903 47371 11905 40270 48567 30237 43992 39715 28142 35276
52422 45382 37100 32379 28333 10264 12818 47752 10984 25593 22718 32854 22237 25930 34896 28225 33767 18537 16427 32429 32616 17847 31660 34806 53953 12692 12852 48255 50000 31841 22307 43686 21111 12925 55769 15566 48533 31814 42423 14675 32266 40480 41498 17049 18741 30825 12902 22269 4216 1920 46584 53471 33073 25542 34864 59041 33986 49563 32881 43682 16522 29024 29208 35650 38376 57203 44166 53985 41534 5173 31515 42975 16107 13318 42295 3227 33102 32583
28219 24439 15048 21078 38277 56018 63674 42388 22133 38156 33922 36194 59502 32900 25475 14878 32460 60317 22297 30762 18674 32947 23718 45029 29248 50729 44427 26030 8724 7774 16166 14822 31695 51122 17113 26861 7889 23684 9730 52004 42619 54071 37379 21737 10795 32295 27707 38557 15681 35767 54794 48288 61216 34374 11471 36691 19236 54324 35308 62229 55472 47072 17087 26692 39716 20396 59562 35652 37342 38391 18700 38003 14399 24865 27973 22576 34215 25482 39604
50908 28023 11154 53947 27863 24333 41880 21176 62082 17865 37374 37900 39995 35085 39203 19480 19043 35896 46951 27706 31066 44714 18218 41429 49537 19396 32460 22085 55095 47844 28844 44780 35546 20331 35628 36139 51406 55481 39083 36448 39280 41518 16265 3053 41250 29483 33318 39729 41026 36621 16098 3467 29489 13623 45084 28765 4688 41224 27702 36102 37373 35296 25999 59621 8858 41760 27271 50524 36997 39974 42366 40905 17439 8275 7380 12686 16840 22279 13032 28682
43489 58274 42524 35997 47305 25988 37072 29862 18142 30733 26977 20871 18564 45725 33331 34974 52761 43156 35234 47948 33788 26962 35345 50931 45710 32824 27102 50414 15919 29860 27500 35491 42816 51702 11543 43373 35359 32657 10563 28334 40749 37074 46668 25543 15050 29978 34453 52758 52567 8137 10364 44797 58163 32831 34404 17371 42172 33245 26281 34320 22102 35840 60335 43771 22623 33292 37843 41982 10038 17246 47477 7799 56124 43862 37623 33736 43217 37207 45752 31056 24662
18622 34584 24686 28201 41196 55927 54916 23211 25921 54069 46321 19004 23837 29617 37140 32061 52193 39501 48206 20492 28907 33128 17408 15114 34715 16226 29064 53912 18260 18074 51785 50964 25458 25971 36767 25824 35672 17993 16108 37979 27238 28543 37265 23012 43002 50036 31980 21980 26485 32904 45663 50339 18487 49434 40776 32410 26017 31629 27913 30751 55057 33341 33025 16787 12263 33677 31888 34646 32646 35292 15637 37321 20810 31626 23538 17739 44182 6902 44677 41530 38090 34434
50736 17658 35140 14477 28754 58857 34149 34679 46667 55654 32909 9632 23930 36818 28189 41320 26433 38285 15731 25902 37118 37624 55791 14164 54290 52337 43763 14905 26078 41561 37854 27709 47040 37136 29712 10176 30491 45303 9962 8994 3403 13933 33738 28866 8114 29136 24081 32514 36785 53124 34079 38977 31398 22502 50260 25311 14835 12120 58129 24892 58103 38456 42163 29112 18193 26855 51357 52914 29603 40902 35374 3724 45580 53043 41158 9125 34731 42896 16326 23645 46562 62779 38540
58132 47631 41109 20601 15914 52628 11774 38125 20478 26064 15831 34632 22258 13347 35967 18154 28006 42476 29268 61235 35255 25741 58298 38787 32329 21860 28943 54074 31096 39378 18098 12728 34215 36665 44292 15966 35124 20212 34917 32906 18050 44649 55606 31644 56301 48883 15317 12023 50137 19956 26787 38392 54434 58573 46080 43008 16555 51420 36429 22639 38482 31619 33769 5797 49146 47649 15666 19971 33791 32278 32396 26086 33989 31937 43093 16818 16553 42884 46828 49348 37387 43965 17074 48764
44877 29390 32775 37437 43726 41494 16204 36708 29422 6900 27871 34130 53773 31434 37153 16231 28299 39671 53362 34051 19143 37082 27443 6535 17699 11732 15810 48209 38910 32582 16512 10433 22968 20110 1998 38458 31920 41231 50186 47128 20297 47141 49558 15806 31711 37170 26833 53900 35029 26007 48666 40416 22666 43698 57810 17179 43358 37349 36953 24989 5552 34958 8720 38087 37859 47119 35669 29687 30291 34247 23689 37517 27491 37654 49676 32748 32114 15707 33855 51056 37600 40440 34689 28796 28172
35403 19504 32368 44376 37814 28336 28842 52003 34712 42847 17035 7629 28497 19100 60275 22454 36928 51400 24259 34622 27591 44611 35801 38596 48964 41838 24085 19626 33816 27815 15577 19279 28580 27215 35716 37139 29510 6342 43382 30806 15457 36973 61968 46968 46161 34211 48304 24792 32888 51398 56503 58072 33335 50746 41349 34775 55020 34396 22138 30261 22521 44430 17143 12370 39613 31790 43609 5262 28823 52893 52227 56648 26345 40252 25428 8418 18194 31849 42924 53691 38513 40070 19564 15923 38504 18929
33010 37034 50261 27915 28831 20352 55706 35380 49875 23828 52118 16845 39662 30664 52137 20533 38992 47612 50994 36298 22105 6669 26515 28400 27753 27231 37418 33797 28128 22862 26712 31080 27166 28989 18303 38778 60548 39050 51450 17051 31856 37272 16943 31532 40258 31427 50297 23947 20061 20079 7482 8729 35614 25336 21971 40246 19174 60097 45986 16195 33045 29736 14345 38047 7435 27024 8295 17832 2601 37205 26140 38594 12236 36315 48775 26699 29016 23935 39690 46754 11818 23201 43267 39464 16802 15267 20948
51005 33571 37604 15068 36418 17930 20164 50554 56213 55736 14755 36624 14231 35213 63969 28925 18088 40169 37341 32928 51497 55085 24569 3930 7032 30647 40596 43660 46582 47591 25614 39828 11524 21792 8902 26581 12544 31934 43295 20651 36428 24612 41333 21368 44359 43698 37419 10653 37456 33734 23968 51320 24008 36545 49716 24939 52239 27395 23110 25044 46470 46061 39993 29461 3723 32989 23145 31373 59263 25907 49977 6556 27842 28754 24840 11681 26293 11670 39478 53246 47543 42082 45346 22033 26150 22550 50222 20796
34918 18448 19897 36574 22741 28593 9251 38999 43986 18009 31180 45830 29118 49001 23828 24653 14073 19007 47194 23946 9188 21051 20992 42014 31965 16063 19557 26986 41541 29482 9705 7884 36988 20188 47340 29095 24547 11574 15310 52055 17625 58774 49390 20798 36796 52061 46766 25789 44272 44523 59245 41778 42194 55456 31115 58879 39876 37597 61288 17027 53796 8191 10084 35357 42067 16233 56286 18991 35506 11386 9016 52248 39327 40594 61393 38199 33148 18706 36873 26350 3751 23384 44608 48795 10625 32965 20694 21920 22122
57529 55850 41308 13763 40596 34974 54063 33771 55734 30354 22648 39232 44415 39523 55961 27174 12623 18037 48880 34555 63622 10532 9950 39966 37508 19667 28613 29168 35498 38880 13056 27857 26710 19630 50677 36130 12008 35225 47615 28481 24003 51461 23680 52111 61508 57678 46809 30316 24012 34007 36456 57401 39355 16894 25743 38229 37745 33574 30381 48670 13903 36523 15906 7928 27058 34545 28749 38977 37118 27221 32400 9816 35728 37687 38473 24990 13512 47097 41178 32371 25609 27386 17314 19768 27824 39578 24576 14923 7710 37177
37718 52749 50099 30007 46851 44254 9423 18675 24678 38687 34003 27343 24800 26926 41757 38186 50642 39788 47885 24164 55450 16954 33798 14556 7835 36342 45412 29429 22833 51970 29322 14091 34238 25021 29400 35713 23971 54918 22956 21174 22078 51646 19047 19210 41201 30661 25705 36572 43802 47356 49939 38031 7707 33217 32195 11903 24403 25205 42969 35599 36898 34680 53432 46238 3559 47403 33724 37260 29188 23533 51272 58424 37335 28700 41404 51972 32450 4636 36726 49231 34340 31307 36055 39545 45405 32008 37183 35810 50636 35508 36879
8938 50387 44975 30885 18928 27600 5210 13921 18262 46116 32019 45221 15739 21296 51771 51920 43711 47698 30770 58434 27010 38637 40793 55388 45092 21085 62479 32380 37124 37380 50866 43523 31364 46915 33702 43601 14083 24440 45896 51910 27873 25605 31226 21187 40574 23113 38938 34213 10810 37795 59913 8911 19060 40309 26664 58784 38286 49438 42709 34168 32231 33789 54898 46520 20959 10100 50013 9662 15318 43233 54775 33003 16940 49574 4768 61087 18240 59170 6585 37434 35188 19125 42913 35612 41768 55742 5302 29861 35513 48543 21852 26165
37515 56246 31217 29484 26874 21860 11988 43754 6249 34827 15462 6352 34614 36102 34567 50236 30660 14779 36632 12430 34927 40837 28919 56617 45979 35782 25861 17770 53156 34783 49058 24754 36589 55598 28975 41569 32724 33045 34315 31191 36028 15603 9876 21109 31745 34344 38702 37784 28679 37395 47159 41124 26411 53782 34318 55542 48077 29583 39188 38894 42063 24544 9641 46319 13072 15464 31790 33622 54896 27270 35073 53892 22735 34716 54403 28121 24717 27913 33556 40117 28681 12332 54549 41593 26021 41574 9956 48771 64448 53528 28898 11315 18618
34208 51056 41708 16114 50529 23276 22026 44235 20919 30648 62704 48289 43012 34355 11006 29911 33193 35516 40850 47052 54276 9652 30221 50144 20599 37755 19919 13170 25696 11378 16953 31973 14625 58615 27305 29333 46105 52587 55935 49893 30376 4654 41246 30772 24109 31649 51682 30946 33802 28195 23598 34638 48541 27154 23394 16858 40008 35794 18140 41701 60778 35777 39421 32975 14947 48702 52261 36344 51346 37802 53429 22720 39257 39013 38667 19334 27158 29904 35463 44204 13354 27977 37515 40593 11510 57905 4726 40853 50648 53224 59816 35352 11315 52943
29570 38010 51555 37701 34658 20762 49866 28072 30889 11866 31177 51804 38583 30361 35774 12734 44268 20535 53771 51248 33449 48532 25103 19984 56139 40208 36137 40895 30261 43274 24763 46494 36550 30692 42532 41995 56414 31741 25283 39784 4702 33717 22522 26643 24612 47468 33575 29293 61713 41858 40364 16086 27781 9302 40168 28079 30176 31306 45627 15191 11394 16318 51972 32812 43979 60175 37029 45202 35611 52897 26748 23783 24018 39120 29674 45450 45904 54271 36945 30428 38646 59020 22284 37181 36898 37594 40321 33038 41524 30533 62731 25261 52367 36401 11020
28283 35472 11770 18661 63704 21400 35075 37876 29221 39687 44458 36251 26305 20541 34386 29497 32522 24219 22871 48686 32612 11646 18717 41945 18477 41034 21505 38300 21956 38492 54371 49365 49290 27412 32933 36582 15583 30165 27430 42286 39716 35324 33350 25868 18359 30442 36965 27618 19193 34815 48099 4879 51530 33947 34591 28658 33547 12319 20603 54252 21658 18921 21078 52318 13912 36185 41744 41638 15526 45522 13576 56359 38882 27312 22177 14909 5230 59222 45623 47690 39593 21284 20013 38319 12018 21880 36066 49610 29098 37299 44214 28669 7985 10037 51208 3494
36840 12639 21819 50215 14381 18319 42667 30943 43105 32037 27323 19758 36068 24964 43978 40563 44567 32776 20536 34320 61529 57364 39524 22883 21512 34056 10416 43470 30088 60994 30075 50352 36151 38691 55077 13161 28532 30475 32782 47960 3232 33115 32406 24031 28955 42353 48412 22620 17734 20141 33282 42032 19839 25713 28583 30396 27175 51740 33899 49502 38814 24334 39598 12665 28229 32424 26832 45161 41595 32840 33072 25488 33950 14159 21040 44111 33042 62237 42543 43012 8244 32530 41869 45073 34406 41615 52394 22997 29702 41201 32742 30383 17781 47515 30624 37889 29460
10220 51770 31530 37185 9028 27155 45449 53342 24324 42379 30848 31945 2698 42754 52589 32483 20791 29912 27058 23308 23147 29036 17070 12709 18822 56096 35265 16141 48616 52308 44106 56226 21233 47973 54187 31688 40961 31415 25922 45021 14456 47270 33392 42048 11190 32661 34967 41298 34076 46562 37138 35699 52232 40432 28999 25348 33754 22043 47761 17507 44021 55495 14930 26609 16310 31824 31211 8718 13950 29465 16058 25371 33709 52096 35361 14199 38563 28648 6527 18304 23233 42669 26164 22426 46948 37427 9631 18467 4080 45271 18722 38266 50114 56569 32283 22528 44602 19707
11756 50197 42683 4924 32244 43546 32930 40476 20370 30317 35664 14331 49192 45423 4645 34617 10517 32640 23681 3637 40888 8449 11717 43857 62834 29264 17743 39148 47012 60366 56959 60774 12204 41436 45240 39710 25325 50392 28502 28791 37571 41252 18876 6093 48272 7967 27466 38787 39349 17192 64350 20984 40848 11680 40281 34188 32643 39655 61595 19614 9964 25438 36997 7569 16173 31587 38005 51905 11685 29527 36811 33425 37812 30618 37354 20320 52921 53389 42542 6030 30742 57999 54266 40314 25897 11774 40622 32646 42836 20286 34216 14353 35830 32429 33865 7547 7279 4266 4593
25124 40478 30102 41473 37996 4709 47569 41943 40626 13986 34236 33491 18264 33846 7605 42583 12477 45186 25117 29122 55617 44260 53076 17524 39748 9919 32187 31182 44326 34671 41393 26926 8518 29782 35732 26101 26118 20181 42952 49027 17861 46154 32426 16696 26339 32279 46236 45685 52160 16795 35324 22167 53948 53301 23339 27905 46646 14151 41098 45330 3216 16432 28279 55850 18473 28751 30036 39850 46945 35078 33151 42224 33944 34739 31577 41309 13870 9656 26434 47185 44674 22644 26011 36140 11254 20807 45763 16206 18666 32144 10008 27159 31675 34481 46846 42215 38605 21000 29395 33566
51324 33014 34550 37916 39723 28893 15304 25410 30008 47896 30121 30702 6406 13581 46330 21888 42225 28695 38425 31579 37725 47512 20839 25820 47782 39665 15172 35172 52527 55680 17425 23635 55638 30375 30765 19721 18814 12229 32758 18151 25603 32314 8144 45386 19273 38757 47129 28566 32173 27816 17712 24872 54671 43873 24438 24928 35153 48370 15179 18337 43858 50874 10512 26440 43506 43544 38179 36790 53137 1134 34789 35915 49807 44827 42422 42087 34123 49022 44791 39787 30247 34552 32774 45237 53122 4842 37188 8101 10172 11442 30482 40862 28980 22963 25038 25596 31309 23369 40410 39970 60771
44758 37781 29552 53465 36283 51038 37188 34574 27990 55702 39167 20066 32521 34461 10753 49460 45106 42708 57259 21991 43571 44697 20827 57047 21099 44621 4721 35431 51770 53840 45648 25334 28415 25347 15444 52964 23068 50373 47072 37008 24815 30708 10324 50780 38106 39156 36110 27303 17212 24611 24943 21457 30069 41440 40151 13370 28900 52876 12967 6722 46827 29319 4669 28744 34024 13874 9977 31918 21564 24043 22589 25043 23112 18963 2408 7703 34922 30474 6618 35802 35845 32049 25844 57724 52853 37095 49684 45404 29980 33418 33947 27100 24923 15998 31721 54619 45200 19744 29534 39481 48157 21202
45659 47830 39265 36850 31805 5522 39355 57569 4199 25804 51853 15872 43576 16102 30006 48045 33040 38463 40725 35402 18512 47415 35212 30261 12118 21038 45561 59343 57731 26500 53694 25464 34359 23448 24122 35217 16594 27852 35021 38521 12468 46464 16086 25230 28989 44049 43447 57908 6605 41699 44750 42441 48580 18514 28540 55724 27778 42689 18723 50750 12648 42126 54558 20447 37844 33820 26835 30448 38694 58311 38301 22479 15041 48627 10462 10973 31234 26876 44023 50298 52298 38725 25670 38151 42233 22316 21293 10467 29551 37652 46603 43116 8973 37209 1600 22534 6960 29791 31019 38927 48956 14979 32814
25830 61070 15909 18599 55020 33926 46503 48120 41601 55431 13160 32640 38918 48622 42440 29854 41945 33820 22311 14516 52827 30321 28133 9505 48108 23629 27745 20292 44269 30993 12541 34942 32188 35867 30232 56880 42682 53451 53778 6584 48200 32388 14154 16505 28356 18594 29731 37839 35472 24200 45817 37148 30731 60310 31279 29121 48020 38698 11300 11036 30092 33957 34616 28303 57939 54119 42442 10616 23114 40657 32317 34105 20943 32321 58093 59185 55619 34071 33341 61632 40198 17078 26252 32581 25977 17018 30266 44066 38651 35782 29606 19637 45546 8698 32050 29280 21162 33908 36157 27266 12697 44693 31271 15995
41750 38845 30288 13226 38786 13133 36888 52081 39741 28835 45534 49966 22184 15135 41476 37954 36385 31267 745 29710 41481 37134 21229 21488 36544 24384 27760 24907 27815 16410 34258 34171 28701 35578 12658 26082 59776 37697 23986 25569 17716 43087 21745 40150 35734 38276 48527 27171 24840 8769 6636 24871 34280 37347 18536 21313 54935 41933 33634 52691 19318 37726 57660 39484 30947 6134 21589 15835 36672 25846 43789 31250 23275 43452 36804 19519 50245 37289 35034 28100 20398 50205 30894 54272 40327 25720 40354 45139 27183 37402 37398 28700 36356 26723 19559 15549 32106 32435 40697 31636 51391 26730 14376 52738 40034
46312 41559 37225 49332 28558 17380 24356 39445 40890 24370 35993 10470 18636 37533 11043 35205 27175 55433 2084 29779 32552 34642 44285 48560 32560 20827 57100 22013 23967 17666 8115 18841 35285 52394 11345 16610 28467 11951 32326 32828 29974 3445 51953 59397 32482 26457 33716 29852 60404 38587 21997 48738 38828 53757 43774 63927 22893 43902 10310 30460 33940 37278 12068 41615 26754 20157 23802 34001 20631 35131 35623 16930 33843 50039 20234 39651 50871 23507 31236 27506 22401 36014 39286 11312 29169 27752 30398 29054 19818 28000 38719 60346 40264 56825 15445 26438 37102 26767 25442 19585 21436 37765 17863 40906 36112 16698
22754 33154 24651 12302 19989 44553 27853 31328 37566 32192 52727 38547 20543 25861 39719 22275 27639 29753 26557 27155 34630 55228 17180 55842 32651 55279 47264 36240 28200 55601 20396 50876 43131 23520 35744 41992 49126 31840 27610 40915 33224 29455 27579 36989 63361 37964 33443 43110 26224 20600 41971 30190 20471 46067 48905 58228 29044 26398 16197 14170 17480 44631 35849 37887 32212 27135 34996 30659 36726 38518 5286 15622 42641 19485 35648 39464 11393 16211 50144 41352 18088 49270 37351 49544 22119 48106 50357 17543 31004 14860 42922 20709 34857 57150 33319 26882 6381 27614 38793 60222 31943 48205 42803 37368 49433 51436 27780
29586 12098 42521 40668 33387 52385 33846 29084 36067 23192 44961 37922 48474 22149 37051 12751 39472 31178 44004 29187 34244 14790 41341 30750 15992 51161 11749 25472 24236 37218 43386 20361 23741 16323 34976 54169 35599 14426 23477 33552 38910 40072 53016 27982 3565 18863 43818 40372 21306 55594 21579 39840 10824 41055 51932 27250 45427 12457 43835 35213 25375 22378 11721 29774 5544 40451 42726 8726 31601 18898 34547 34373 41688 56377 55887 36923 30272 37527 18776 11097 48133 26188 6258 48892 38539 36023 43003 44680 33839 30522 29778 22874 24401 54067 38360 39634 56915 35332 49389 19027 37780 16652 50674 47930 28020 22954 37189 15592
46675 28992 11079 39613 38033 24877 14424 39961 35469 16080 30937 33885 30377 56202 18728 37607 37700 17596 8614 33559 30398 17348 38580 35920 37750 56837 55472 25070 47055 21723 13308 45908 36389 9640 4343 44002 7387 35277 29696 29430 18000 30376 32120 11249 51428 40347 59839 30259 16118 27652 37174 27933 40681 35653 59451 43021 15129 57533 32559 14947 16873 36300 33394 45954 48568 28625 14949 40646 38118 8238 2919 33682 35282 29761 30166 25926 15070 32108 38422 17216 8809 35086 42117 39137 38611 41095 30082 23945 51836 35126 31086 33945 19396 50301 48297 32111 34058 36794 26516 45931 48304 25678 48781 36335 5397 30618 41461 61530 35993
47868 3628 14860 32156 56279 7059 18022 40574 50055 32393 27846 33182 38766 34668 32909 38238 14573 8864 53531 42013 17762 22658 43472 21563 38447 19828 53773 43032 16563 16852 36143 32276 38477 37379 39577 37006 42079 13922 46506 62952 46152 17231 38338 41089 19303 26924 28226 24249 11038 29783 28296 56048 53451 19761 49653 39814 30160 30746 36841 33498 36748 38259 31684 53070 20319 57755 42214 39746 41640 46320 42671 23827 45769 33750 39039 26405 25888 24235 36278 26580 23310 29134 38324 27011 29173 34208 15322 21136 49968 32385 34694 25950 42021 23762 31768 16457 9775 15601 39155 56757 38576 22335 22900 37886 32521 32796 46332 38279 9368 42985
40683 28846 35007 23301 34465 36822 26845 49614 55167 14683 15954 41128 30946 36769 15997 22513 20014 37125 23232 25608 46784 6119 16505 56654 36344 55977 55562 30755 11065 27562 51666 34024 57824 47434 29744 28667 33102 36329 30086 49597 21731 36839 10035 40590 41983 16803 40598 18127 45571 33151 44304 38622 15949 35290 24578 34588 33853 28948 32970 44010 15158 43404 38091 46502 38548 33189 56673 28850 50618 41915 22510 50541 29704 38449 15827 47158 18652 47974 33902 26990 26519 20922 23841 5493 28569 62348 13642 38060 31811 5951 46667 56177 42227 36655 17795 31269 32009 35263 33874 40232 37864 37198 53271 36059 29932 3132 16948 11677 42872 15592 45063
32716 12012 49588 10994 40908 35494 38143 32852 17915 13831 36137 47501 18104 10351 23698 39932 37476 21823 37274 43267 46431 43989 38560 40448 22538 6033 45574 29780 16067 32725 34347 57696 18923 18432 4463 54914 30178 20338 44594 33053 23305 29068 37588 19085 44479 34220 20916 55348 15970 24371 22836 35699 31062 19841 29619 33192 59128 39926 51089 37941 43946 4595 22318 55417 34762 29397 33002 40915 55225 32255 32548 30629 37848 61136 26686 10574 20613 64680 44695 47661 48674 23272 41103 27556 43277 47342 26758 15121 31143 16923 36060 25046 13392 40399 28656 21842 31081 28522 20516 50917 34129 22092 18392 41966 12390 60885 52585 38351 28428 52581 45883 33254
20897 34908 42922 2452 33924 44570 46361 35387 53270 18944 49638 40246 39095 58220 36980 38891 24264 64958 48927 35765 48807 39001 18507 50678 28853 44698 33364 20495 18770 14306 40861 28510 14559 42897 11908 42309 19387 27911 39276 12067 43588 29605 42673 34392 39134 41672 30903 24643 30695 56788 36315 11846 50110 33830 16509 7615 5316 28958 18175 38928 40793 31775 46016 17048 46046 30854 29984 32438 16049 13748 21887 27084 51251 32521 31549 56633 29892 39909 26809 28252 33989 53161 31829 28310 21652 55731 28784 27464 56466 30051 56170 44496 45344 23068 44962 15249 33436 15162 47995 21991 40296 51232 43345 31284 27107 44078 32647 25049 27756 36546 41084 33332 17764
4925 51856 3239 12587 55551 38946 28304 34850 31593 32661 20817 48807 37337 54085 6729 25883 12207 49557 27352 42974 25678 21732 41053 20305 47890 29586 54330 16339 47966 24574 23501 31170 26770 14474 51320 39298 16908 30613 26522 55153 17197 29567 49811 34798 58197 57000 40642 39770 38373 18288 32137 40469 19003 38966 7238 47232 27575 38748 29786 44793 25019 26433 15142 25057 36774 34373 25096 52632 21720 20168 38499 35455 36018 30506 49555 19701 36498 4554 35066 25944 11737 36106 52729 16396 14823 45897 44526 25966 32284 43751 33339 31200 49625 30276 57407 15808 51323 29632 39257 36207 20837 23994 15083 24910 38902 19092 36436 52667 21390 44205 39155 33560 14222 53861
39978 19907 29524 58908 5463 38429 12865 28210 48604 57478 39861 19718 35608 19807 21264 16634 44651 39175 30642 25710 38196 39900 42235 44479 26837 19010 29259 28497 36524 13463 62210 22400 43034 34618 13952 61615 37505 35468 18470 41276 59196 41709 12114 43914 31665 20670 28516 44533 24891 45149 34751 8929 58684 31275 29632 24746 4373 33416 43720 39347 43556 14805 41015 23642 12747 44145 17261 37634 25961 33466 32715 33799 48734 33044 15534 20941 29193 34781 23930 31409 29132 37748 16780 55571 27397 15418 17476 41813 18198 46735 48389 27606 43870 21204 32556 8438 31036 32103 55834 36117 19986 48809 6447 54931 33599 15098 33739 32719 44578 45755 56655 59179 8220 33354 25881
18182 59022 8712 22153 46528 19158 42582 26882 42424 53847 49042 53216 25937 15981 14878 14982 40679 35962 32345 21588 22749 30175 37026 17576 62866 28666 37210 12003 45926 11309 48353 12901 44216 38870 27544 27279 22507 23639 37341 28351 34651 24335 49169 21077 26987 49502 41620 42164 34938 24739 33223 28984 19176 22080 49673 48964 29460 30611 58296 37432 40800 54782 33592 26994 51755 48864 22759 49235 51669 48025 47396 36411 53438 37256 5200 18059 27974 49679 30411 22689 2508 35468 35062 45021 27826 25696 36655 45985 14423 34028 59863 18252 27419 23950 38222 51774 57182 7081 43509 38872 19328 10393 56363 34680 49632 43456 31822 27775 45280 32895 30402 38477 25311 51764 21476 53314
32317 24641 47126 25023 34138 22533 25526 36385 22166 33503 45861 38091 11344 28209 40644 12572 7402 25434 15089 39540 39619 26553 14350 33844 29755 48304 25209 40378 21426 24477 41619 37479 16264 35298 31932 35227 39452 12510 37205 42678 41424 34289 7357 35096 28932 30330 30546 19489 32277 43995 5496 34609 7015 35698 34701 19880 30550 46752 31216 12006 40005 35527 13570 13900 28818 41282 40227 27448 46752 53111 12980 20746 36043 42689 37395 26405 28023 29826 29601 43238 44800 16923 43966 36270 33737 54506 43723 35037 31280 44625 32039 2515 31896 35759 52016 31729 20829 58980 22858 18068 39651 29647 34771 19744 55175 42322 54058 28402 25001 43083 21424 34666 28587 58908 15813 28139 37868
33828 25034 30162 48332 58306 44061 28288 13483 41560 42271 41813 41449 39237 28976 23473 34533 56808 20657 23285 49665 49570 40960 24703 36252 20948 22398 10159 32790 22492 35724 26600 35790 22813 27784 21638 32551 38643 50900 40172 33917 36544 33487 27770 41523 31205 9432 27278 15016 52672 19792 14985 35900 48051 47255 31691 45390 12572 16142 18869 41025 22365 54547 48037 43889 37845 35591 25851 33089 34788 36170 21786 11280 37097 42045 38750 37438 51270 13375 13098 30250 857 15790 43998 30262 21380 23790 32984 36033 34342 19037 44409 36907 42143 55898 10529 13012 29774 32070 26417 33564 30357 49025 22279 27490 26834 18796 25603 45576 17510 24421 30087 31085 48818 25037 28402 16369 18708 19716
12196 24564 37103 47467 37630 36822 32671 23393 28766 57846 47750 33604 6949 17590 8965 40312 25267 33397 22138 12890 37480 16787 44615 26188 29093 33904 49099 31148 50119 10604 56421 18651 18481 60134 37239 19514 14914 57152 43104 38951 20826 30937 42623 56580 49370 34321 19766 26415 47136 12616 39395 7945 25229 32990 17896 35058 59265 22322 18084 17739 27228 29350 52599 4211 35454 28058 18368 49864 58183 15979 24289 53422 35863 46973 30776 19075 38990 34604 46374 23718 38732 47067 29453 20344 5234 45032 19272 34649 5918 12726 37693 33962 41648 56225 23623 58313 46731 43021 29640 23831 19980 27990 25377 17652 24724 56799 28592 35777 24963 34822 39639 48605 16441 22062 41461 33702 26647 36531 32362
41344 49274 21497 58773 30665 11462 42077 51416 33504 35928 23103 54673 56102 14992 44033 29986 13563 36561 44034 19690 24768 56440 18594 48712 51923 29414 19521 26270 31637 40315 23871 40779 38758 9111 32251 32174 56999 18587 36055 54056 11702 19429 17458 11546 31988 59605 14956 21730 24770 54990 57828 53219 35198 18732 2301 24441 50058 61266 23059 33030 30533 29856 56201 28139 43278 32884 28606 39814 31046 46639 54546 47929 42061 13617 9700 14946 33412 6363 22679 16995 34889 30859 16263 14491 50685 59297 35095 15978 59392 30080 49062 45359 46771 44420 18836 10828 38517 38672 26944 32543 34724 46468 15628 49418 42660 34878 16215 15724 43987 35487 50817 32165 27536 46087 34026 18196 22076 30679 35058 39707
30775 17773 48376 14104 31202 34857 26462 37996 8091 42861 43651 26744 51651 34456 33991 42138 29882 34058 20618 30261 47329 32292 17452 18085 19095 51524 61964 15180 31290 14795 18572 13707 13358 40729 37387 53952 32976 50318 29929 60493 33922 29067 29574 38801 65442 26989 60482 9707 20113 27543 39292 42173 27056 45928 37270 56678 25949 30784 18159 21829 29178 28032 34791 19900 56293 49798 32478 50217 35711 41651 45620 29166 34088 46439 33864 52330 26945 40450 45948 34045 62505 31716 23088 35078 32318 27245 28353 33255 31716 33021 17299 54526 32121 54004 34562 41900 12124 61362 17265 19283 23022 58008 57150 25934 24975 45828 40140 18179 18080 25686 39543 33229 42367 30193 21155 25358 13965 58162 39852 29735 20010
41850 10229 31350 23735 10793 1500 30557 28307 26271 8132 43067 11292 17469 15369 34416 55734 43616 32015 18267 55231 31852 24883 23646 8854 39358 49877 62167 21148 23990 22615 29736 7217 40887 46104 34224 20406 45854 50296 35022 22921 26444 21463 39652 16907 34721 2197 38225 44444 23421 58641 36212 56477 42561 18349 21678 11116 42827 60104 30816 37482 6651 25794 49640 42488 13748 43002 13993 38516 44498 33491 38911 45120 12728 40873 25420 56251 60614 34015 20977 40260 34394 5332 22860 38204 41429 36328 43711 32771 24215 35450 13224 46586 22529 33005 7529 11135 42353 50077 19809 28915 55879 33005 25840 45750 34278 17212 16757 14633 45994 28906 31826 26795 60150 52310 27365 16794 12074 29666 40592 24666 32676 57837
25778 32073 22469 27863 18091 27846 44781 50944 35290 7986 30845 32456 44961 41197 9171 32398 30046 39512 40015 36020 21618 53201 18771 52121 33342 41401 3646 47517 28704 35952 51824 45344 19323 43095 22858 26754 32171 10701 4650 29218 44050 24880 18545 48226 14353 15076 19327 37281 16134 16198 26292 38975 39507 37560 24945 21148 24407 30104 32531 40728 24433 50247 32509 47122 43011 30502 40078 46060 33388 41619 36646 34053 29707 30448 35366 63933 15938 16539 48364 48244 24175 59381 21209 54154 36340 29022 29517 41310 16944 32055 16808 25682 11395 18399 56650 46790 47692 43444 24979 36631 38125 5914 58851 49065 8644 41071 32154 30424 33330 29202 47128 48903 37785 54372 41150 32404 28500 11205 16106 30690 27337 30870 38396
51533 38739 22325 42327 27961 49748 32771 26712 47618 29997 18272 22112 25099 62780 40365 25295 29618 17379 36681 32005 55642 7809 17554 36963 22879 32374 33260 33862 5669 6433 10165 48146 36361 24548 12876 38692 39787 32797 47634 28892 29869 25390 29543 41117 44078 44662 44716 31172 45134 17236 22591 52146 19309 16170 30849 25031 41963 31575 13266 33635 48167 36154 51859 29671 29315 50740 39202 62129 33118 45990 38880 47905 32536 40686 23342 33946 24080 3439 37738 33400 27817 49285 36086 58398 54591 13714 45105 21740 40501 9719 33146 31808 43498 34578 41266 32123 46782 2629 19385 30717 24336 40174 55664 34599 6467 26735 16053 16983 14259 53799 35817 48365 26819 31606 28012 34380 14034 49595 11167 43472 2112 15960 43745 11996
40812 18091 27536 6352 6840 27670 35344 26378 29827 31736 48831 5355 33581 32689 56828 39379 30998 48288 22568 59683 58526 13351 14755 29241 12324 41892 10958 8309 41482 33912 28679 23353 56495 35844 27055 34276 56947 11174 37926 32726 33206 37057 34765 9328 31960 42161 30979 51984 25144 36056 14374 50967 41016 43671 45466 59365 33079 39756 28092 30938 43925 47193 37102 16727 41394 38685 56206 33977 49646 35063 43517 33379 50856 39753 29852 30132 50754 38770 20425 5644 45851 33489 27622 5836 23443 40648 38225 42834 27146 26805 46187 29439 25824 39418 52628 41267 11892 42998 33069 21838 34088 50185 2965 44720 33628 23442 17706 51385 40813 6131 41552 15049 43967 24202 45925 6208 22190 20664 9416 28798 43677 19423 16090 52964 36330
59738 26107 15056 49912 32399 39564 47010 26659 40153 30955 17597 30671 37274 14713 23934 51288 26163 12438 31046 3105 24578 52899 35701 20872 32873 8191 33643 33520 33991 52488 19593 26293 26236 6690 20012 7995 23271 59307 27576 10975 21354 45570 33930 25601 32099 4488 29698 33027 49716 15005 37251 5188 18236 64930 45162 35876 28122 50933 40984 13059 54128 40695 44013 12097 20829 43528 39753 33597 32000 43145 45453 36185 42938 63192 44567 2036 57068 36182 19527 35182 27636 32868 17280 33830 21557 32864 50974 18047 22795 22956 34436 31445 30680 29863 44306 42891 27133 54704 25126 12032 42200 40232 18721 53140 55755 34671 33123 41894 30260 27878 42573 41369 41845 49643 20285 7113 18157 38623 36755 16537 33276 38946 63154 39528 45569 36373
36854 36758 28766 23831 58050 25218 37489 34182 29302 12686 10652 41926 48752 30489 33598 28725 16913 35203 43191 16178 29881 39724 24422 33054 18889 47732 43181 16985 45215 20922 16874 43844 38043 42848 9342 32829 23839 56773 34250 41381 28042 29513 22316 35804 9532 16972 50695 22339 24470 33070 15287 14393 29686 16974 23966 32540 46525 29710 36125 38992 29771 24781 26514 35890 31488 12011 50783 32548 37181 24776 48867 12676 31327 54468 41597 32691 30153 50494 32399 25106 16090 51352 7288 27903 36082 53553 33175 20700 37746 44393 28494 23047 33208 34720 58107 28897 33573 58934 38400 6602 48921 43914 32188 29987 22772 38398 19343 16203 28694 16370 27864 20640 40927 40899 35577 40326 32687 34773 35664 13915 8934 9860 36670 18302 39140 34355 29733
39248 27914 36160 21344 36913 42678 32270 33365 44162 51528 30457 37471 35489 21539 62053 20704 58095 17060 50862 51001 35276 35884 42551 15048 28569 42011 8030 44271 41141 31185 40070 23309 17790 30895 25611 48770 41560 34834 38993 36013 38817 35678 14261 46832 8632 25072 7319 27305 22782 26408 32089 37178 29139 29289 27738 20482 15512 22288 55290 34912 9643 25726 35481 22454 13677 26131 43671 38755 36926 41775 14931 23750 30335 24371 38959 31040 50318 55677 32394 31282 29388 19821 33732 43258 38298 29286 39484 35579 56662 31684 36949 24977 38498 6378 36971 43550 43293 30008 41185 40451 39398 47116 42006 45726 35102 33991 55402 39249 45861 31433 22588 49018 28764 13683 6639 20091 46369 52259 28639 43955 37333 21049 34927 30850 13016 22296 28158 37447
24715 26140 34540 4708 32589 34472 38296 52791 36732 48156 14436 22306 11644 34262 27055 64132 37291 24375 32729 49597 36968 49055 11586 29228 39444 39535 32842 36147 47887 24325 25424 20528 39866 30913 40118 13444 32883 20229 20187 28560 51611 17712 30751 29362 29586 15010 29410 60237 38585 2748 30084 49853 26479 3292 37476 40548 13842 37987 47076 24483 28422 28849 45155 9176 39592 27942 41537 17509 23898 53539 36830 54953 30586 24581 55194 44035 17769 55599 46036 20949 49032 30720 47854 37246 31285 29656 57159 28765 9682 32792 28479 45012 3773 19486 38198 52545 40279 33611 55180 33286 22016 52479 39072 17282 22809 52378 38612 49941 25345 41340 27784 28190 19478 26373 4121 28159 35004 46229 54251 43030 43345 40332 58970 48580 23092 45386 20937 35947 25542
64304 64662 11622 43623 33436 43300 30235 11896 51950 30159 30693 35927 21385 23803 32806 31845 38858 46340 38975 21250 36626 12365 34190 32911 44225 56628 51573 37227 57399 42524 41299 44532 5333 20833 34440 39566 45560 33127 11891 14231 39684 13451 35446 33134 44886 17709 51183 36980 19022 27055 20544 39177 17231 46192 18632 27534 60854 37840 37606 29793 39140 53807 52220 15331 36921 38381 52585 26228 39701 24937 44172 46197 31961 37637 15046 33348 29923 25888 34168 18498 48787 28186 22016 6864 37196 41042 45505 10828 41066 51755 23063 49944 39760 38401 19556 19859 44382 2615 16905 19996 32242 35116 45156 25876 45165 53568 18647 20187 25647 31954 30912 25554 46233 33349 27009 38999 47369 46069 32889 31947 34015 49221 24328 15758 42878 12692 25229 8961 11330 28226
9322 37251 6798 47278 31229 35186 30146 12090 29864 42802 15676 19525 25034 8993 27741 58927 19139 20894 64133 44888 29938 41738 23317 13856 25017 9157 32107 25830 20086 31792 19687 33292 46218 28841 12523 12273 18774 24977 36054 60661 65080 19272 16392 37752 32915 50735 42466 55770 47555 34469 38338 53882 20266 56584 25353 27578 41513 46524 56599 28665 20510 6430 20300 34199 45675 43920 33033 44788 24175 44400 13739 51824 42377 31519 11413 37482 38171 36094 41254 7492 30340 30571 19134 56669 20259 27336 23742 8469 57434 45939 34436 37580 10119 14797 29553 14562 56844 33334 19173 30134 31048 44303 12352 34730 10907 30391 49890 35102 24420 14220 40491 28783 16645 25586 55675 36865 13532 35911 34866 38448 23626 56554 47536 36191 38065 40508 31062 23532 30572 13469 20098
50234 23009 41070 15508 58533 19819 32269 49903 14225 40812 34267 23792 4954 55621 35896 33272 43619 16468 33157 9575 35594 54779 29217 46749 8114 55193 34410 41211 44727 48782 33476 19422 23165 16441 51085 39594 41313 52732 53540 27836 24003 38197 47082 40308 17925 32582 45119 33845 60550 45454 35460 29788 49062 36204 13079 48458 35269 12354 45657 10847 28995 29551 11434 33531 30847 27730 57963 35455 32219 27724 12282 32841 48054 32958 36280 40889 51312 29446 36870 41010 38504 18567 59202 13584 29697 49821 24526 36278 35735 24234 25097 54660 25485 22031 29266 46040 24130 40490 45322 19475 14870 59485 23185 15765 4456 8710 18248 41919 23195 29831 60301 38383 26635 17727 55233 42885 26651 46478 14404 26596 25898 8915 21879 25192 50584 42608 37817 40564 19396 38339 29544 40808
38416 33326 4328 25762 40667 14608 42135 27011 15493 50121 33492 42347 8558 26552 39936 35771 23542 42559 31867 35793 22140 15548 52390 37133 22370 9360 53471 33489 33031 37660 27015 17532 20939 31166 4862 46446 41998 34265 58789 12552 44592 41161 38363 36520 33424 28656 29694 8623 36752 21679 27762 47485 40847 27748 1940 41330 22765 36977 27078 8431 48650 54837 21350 31569 11590 36623 41173 28667 24832 18529 51828 14924 28570 52106 25761 37284 19315 40425 40894 10596 17131 32992 18473 12522 32866 61901 17987 54167 35384 10770 40556 14539 49868 40718 28933 33766 26752 33313 31341 21576 38324 16554 4866 50513 16581 33803 44840 28257 48151 45474 24381 25304 46598 27344 20384 12822 47349 36087 51378 26492 43842 45426 44755 35432 20304 11687 33380 40506 17275 37617 24515 8789 33319
11954 32593 37398 25008 35403 13678 25822 38009 27418 29307 3597 43232 21121 49879 32003 35144 32223 20192 40225 31757 26260 23290 54724 41875 49663 51075 35408 32311 33154 37082 39458 26201 21115 20320 24730 4699 40524 14197 46363 38044 35412 39290 27394 23420 30706 57805 20912 45403 33928 6351 13445 48281 35189 25312 23265 32661 39960 32865 34853 55473 36306 19888 31663 33356 27652 17198 28895 4806 32780 30012 40728 31870 53069 37944 14774 36311 39715 27780 28700 28973 24816 26239 28074 44259 23061 34440 22974 41816 31728 27904 55225 37612 30691 54855 34555 38398 15180 39614 33509 41713 28557 44739 25301 35873 31237 41655 47659 32753 31764 41722 38986 35008 54041 30701 34958 36078 6262 34287 37466 20186 41353 19806 47374 27878 32692 27294 31752 24945 32854 38413 22185 33499 44239 41994
16465 33668 19070 34038 44129 29132 23237 17713 35383 47122 6914 36124 17715 40120 33942 41237 17591 49693 52450 57725 27682 42657 25924 19124 39636 42148 31519 29979 44078 29318 30671 5393 63374 41638 32950 31476 20565 41830 30517 37672 34275 16165 63658 58890 58264 7235 56951 38908 45269 48416 48635 59740 12535 32796 59541 46731 9057 40854 27559 30698 50034 45552 37008 49623 18570 10633 23727 17588 58890 21697 37222 19679 19280 24056 44051 17081 41917 52110 26136 43682 38577 32738 46292 42235 51084 47446 18855 28195 21934 37450 37360 24184 23671 33051 46865 27230 29511 22573 40552 41523 11646 50652 26966 45654 39548 54411 30013 25384 17826 27288 56184 39177 46670 19046 29037 21594 28640 37457 51319 12665 29115 48317 44536 26823 14140 40966 43857 20132 47044 28303 34272 21361 26291 46774 48903
33677 45929 25310 37925 34646 2375 14691 32410 9008 53162 23721 13253 46969 59894 19213 42248 16528 46984 24303 32705 22230 37824 52913 44370 44715 54785 44210 54042 6256 20904 26450 53880 32899 22038 18673 18638 28485 44715 30703 36731 35094 41671 30379 15326 36439 30155 41863 40792 23398 26389 14562 18250 26788 45573 19740 32018 19058 36350 21140 50707 12590 44636 38829 58281 26938 17026 18115 21302 23285 30160 58937 19995 35518 28580 55406 51638 39158 54111 23490 30569 49661 16481 35476 17554 24116 21003 23367 55955 25081 8123 41015 40651 56749 48337 34759 12954 32176 47280 7254 29535 35427 40628 17476 31356 26661 30272 49648 7503 38740 17076 13244 27962 13396 33646 37895 47004 30595 13263 47409 34261 46400 19255 54682 40260 24044 48391 30626 32587 32231 30877 35240 26952 15762 26969 53774 21660
