133
20794
14890 18497
37444 20755 53385
26462 44548 27787 30592
29641 47498 52738 11373 21987
24631 31704 43186 37388 18795 22636
57774 18597 39046 8736 35009 46605 27880
29524 35658 45730 25073 16997 4779 45768 36609
25015 33858 50909 34680 32678 33136 39744 55990 9877
26519 30802 5148 48354 20498 17011 47880 34032 36935 31236
21210 40219 47505 47971 56053 32711 39250 48881 20150 33616 47339
22798 42366 23065 23994 31259 21165 37504 35105 44663 17827 38632 30847
40576 59841 44461 9524 36506 42596 31027 50335 24355 57072 63447 18466 35962
29378 33785 23835 44800 15674 21499 27884 31509 38331 31292 7412 49434 20386 25884
52882 28013 47696 24315 40744 34927 41253 36409 26645 13952 19329 30005 48824 47105 31941
29265 62578 26960 29775 16364 38564 49870 28031 29798 28332 55516 40888 33310 33261 23512 48726
14199 37315 38948 30908 48845 39824 30239 31306 40579 22709 31272 27230 14584 16016 50336 27737 19596
32387 4583 8091 29598 34284 47710 40837 42129 32301 12899 33653 45505 19621 35415 24267 18833 37556 28314
49386 30304 11705 10125 13614 7822 14102 39311 17146 33914 33833 50430 28078 50822 42580 17982 46248 24337 60150
54701 4937 42107 23407 18346 33009 18724 48414 35990 61697 23404 37221 45265 21207 17842 38306 23740 37331 20056 49974
54453 38231 38845 53122 31005 49346 8257 44004 18004 29556 16964 34239 21691 35022 46118 18031 22705 22574 34886 37718 8852
46325 44294 52693 40648 28291 27845 4938 21930 53304 28131 48407 27548 41333 45760 24731 41212 42391 39356 53045 21035 7169 56630
38471 30602 16402 37776 32560 42359 18730 44841 36687 35924 27306 32353 34822 30847 21488 43928 26291 21081 12381 15662 58552 40514 10065
38274 30580 31899 56364 29430 20551 43459 28238 28650 56464 32280 30999 33467 50609 60926 37863 32205 28936 35283 21022 36732 32758 32246 49948
16939 53213 37576 29250 31800 31256 44201 26350 32774 21517 19450 9344 27633 28439 36121 43611 47709 39064 43111 29660 16806 23025 29252 30820 13359
30848 23313 43859 41046 30119 28461 31753 28798 36549 22262 21991 27395 15674 54992 41034 45641 46693 20249 48790 17581 27560 48176 36904 31887 2657 46710
28768 36945 31730 29259 46753 37458 26042 16400 13896 28914 10520 35875 16054 30353 25454 24293 39755 51599 28187 56502 37735 27723 24190 50679 27243 15655 34296
30470 24501 30338 29162 26692 44709 44732 27570 11794 36510 55348 30899 30926 13052 16717 23113 38106 19234 37987 36310 27285 33392 55257 52411 32350 32836 28174 35926
28822 26623 38242 32265 32157 22785 26676 36658 32212 28331 23783 26931 58777 49243 50647 29035 50509 24945 20839 18746 18768 24912 35318 19967 14851 52052 54756 6428 31685
42720 30608 32751 36596 30548 36188 37850 36852 48142 37287 41532 14115 28783 56017 46197 22752 35799 6970 36836 58764 33191 24898 13803 27015 49469 38728 58344 36146 46585 33710
37692 38123 18237 18643 31048 24851 55400 25879 34666 28170 18650 45786 27397 21553 29684 26748 36213 18407 45332 39004 37916 39306 21403 45276 24667 46462 43753 31835 36752 42016 33374
41273 31517 35282 41307 41430 14433 42738 52029 23698 39099 55265 16231 35788 10637 38144 14648 50662 46134 29357 28688 32063 15893 8522 38736 32823 34956 27957 24150 31022 37113 16079 28803
28292 37054 39544 30007 17048 32058 41105 36818 46028 34765 36217 24500 56448 40406 47502 32829 45841 26807 6452 35021 35299 52686 48329 36036 36690 28284 20652 39810 19905 10275 7486 49256 43918
37918 34527 33492 27420 34771 36336 26150 10951 38045 52943 27073 25843 34782 33245 35074 28668 27383 31610 47946 32325 33606 11271 29689 40492 21037 40931 8815 47636 38155 32620 45581 39001 50496 36614
35376 23391 38955 12047 36412 33155 32558 23526 40334 58661 42919 44524 37766 15527 31480 55681 51079 39528 40576 44806 36078 27848 29598 6873 13084 32295 6068 42331 1393 29925 58401 29420 19277 54113 28228
17389 51217 30717 34686 29884 15131 7448 48432 32186 24523 22802 22712 62280 60804 7754 24441 34244 38818 15139 37583 33168 36232 23033 28700 20235 31382 33071 45249 29332 34346 37668 51740 3212 54181 52792 28047
55635 33383 19658 34936 45386 44497 34109 17465 35023 27969 18925 34353 28739 54295 18749 28608 37894 61878 36236 56901 48249 53626 32058 27426 19963 31430 23206 60341 51434 28922 17458 29024 18858 13172 46141 18818 34969
48533 33063 32123 55830 34493 56656 21162 44674 33357 55064 19057 37437 40867 55518 41518 44456 18975 43268 21314 17697 26915 27113 37646 47369 24590 39405 21232 34240 36416 37744 49227 50087 20250 36050 17531 42781 31226 39026
34018 32896 25153 9394 58081 48180 22351 31729 31702 25238 42116 17551 10531 38920 37185 33004 32807 40168 24803 36712 21057 52631 21197 43618 44243 8822 41566 26684 55612 12259 34550 15189 23771 42560 13302 29197 30994 20971 22716
14020 11071 6981 8361 36826 44228 34478 45853 24494 29440 13447 13176 25762 44883 57647 16666 47382 20252 58628 30563 54119 31677 13418 28083 34297 39572 24511 14186 32552 19714 37730 25576 18775 28777 6068 32398 19172 40484 20757 36538
17970 43929 49126 6092 22941 10787 32901 39207 32649 26404 52051 36392 3666 60413 29872 28208 47195 32268 27901 44191 35842 40627 49305 14549 29610 35665 38882 32307 13743 15686 14140 25622 29813 27121 32517 52706 11865 33460 60316 39668 15803
46317 38242 42668 22781 59902 12471 18541 37502 18246 36348 21396 55454 44580 6543 38786 30141 48122 23505 24471 36923 51751 31010 29491 10871 60938 45539 38327 41683 30980 25202 34433 45998 30838 33584 33009 29544 46526 43134 48234 21600 46655 33466
27720 42233 47957 24134 16366 36751 49762 41857 58044 39557 33991 22218 31760 43066 30690 39042 12107 30478 19733 42249 39885 8544 29118 54464 23799 40339 36671 39941 35367 15875 35575 2873 46781 45331 34374 20156 61980 33058 56971 12015 18336 38032 44328
36913 16044 11708 51067 62176 23200 27400 48870 29536 6874 50899 24776 18959 31419 38781 13953 52044 29091 36710 34160 26488 29427 15598 52983 43763 28169 35444 20596 48670 52805 15962 33608 25943 31497 31487 7380 33023 22452 16067 36470 36214 17318 25606 34193
8989 39488 41256 27521 30291 13024 34952 26024 55158 57575 34952 21863 13034 29621 27527 55324 37132 13994 22501 18217 38462 28967 20482 47085 33502 59017 12862 31687 45901 54835 14584 8217 40940 31620 31378 28226 23833 3548 26987 60321 39734 49308 21475 22936 9889
49954 25690 13701 26555 16591 41264 14538 58084 24835 27844 22726 14461 50974 34168 50905 42213 37504 34220 28770 32890 24201 58301 32451 49056 17049 29199 22362 29365 21008 24318 7048 17944 40014 46317 43183 33322 44212 23098 38954 35659 35488 37192 16223 25052 14706 63603
12201 41531 47245 35359 13930 33993 33614 40104 23811 24038 37142 25201 26834 40435 54597 27096 23353 20815 48955 40256 61847 8280 47705 49925 42316 53106 44540 32139 11191 16123 32136 19247 30266 27474 34906 34385 45619 27864 43474 25939 18692 30701 14675 31380 24588 23794 35386
46196 22698 34885 27624 23891 53312 33351 43453 39825 8237 28504 35609 29069 24016 36825 21341 15785 55946 16424 49639 14916 9148 30886 37399 32190 33476 19892 31568 64118 32005 28592 12526 32463 54235 43772 25172 46373 33960 26615 47842 9179 51405 43776 57846 44368 38312 38008 31473
36836 40091 24767 42291 58870 51972 26678 31773 42473 51781 7995 38669 41497 32701 38447 35171 35049 36044 31090 25218 25784 52945 37221 11718 39910 57134 49767 29330 61650 4929 36054 13382 33246 31852 36118 29248 51561 26638 31621 42977 40403 24455 44162 52361 45436 43062 36974 54169 37572
17277 13225 44143 44042 28346 16020 49771 50096 41806 30093 31983 31765 38554 14581 48986 54169 47612 34092 26892 42140 15063 29331 21862 42366 33415 46473 23494 26782 46702 40556 20365 23646 47085 39328 32795 19229 42082 44930 14544 23355 21807 33908 49421 36632 24499 22740 56367 50452 38221 35075
51609 46990 33631 36194 50346 31976 29512 31311 1218 34689 27239 32812 48450 42425 43550 27479 40328 33264 12235 9265 20725 41606 13520 12058 32489 27098 44684 44147 19140 5710 20063 55451 21478 16962 33192 35824 46511 58387 29129 47830 34687 20005 33824 30123 23734 44756 23054 26830 50356 36995 20725
56480 51930 22928 33328 46465 30342 52318 49957 62418 19224 34633 9519 13297 18419 33973 30128 44607 26740 39678 48649 14108 9212 31879 50072 48873 28139 14254 1983 20997 46497 14038 18397 6350 26239 16475 32082 22440 26594 30369 23933 28401 40238 22533 55744 23304 58816 48871 40825 46158 40184 25001 6154
44835 39481 21162 59602 7144 12512 32842 29488 59131 45134 46313 21638 39101 25571 38631 26163 21902 37631 43171 48534 24015 33027 51327 44048 36318 27981 45274 48898 24092 37693 30740 16330 58090 43574 37004 13259 52390 58772 51365 23649 26546 29882 51899 14062 40045 33544 40241 31955 28470 47068 8806 41838 32878
46743 39098 23585 35957 7833 39564 37962 27564 35651 40511 30027 4721 37875 30255 25731 37157 52233 20671 33618 37928 17128 47182 12055 25563 33772 37692 33076 58525 38520 41960 20231 38604 32236 34996 10738 38604 47526 15359 24404 40187 17671 5161 30861 32184 38767 50066 47868 43364 42047 22682 43011 11359 23253 15776
64768 44810 42641 47366 45908 30147 61141 27947 32864 57579 38656 22639 54658 27874 32370 54578 57373 12809 32908 39380 35213 25791 29868 14516 30516 21858 44595 41012 35443 28758 31873 39603 24744 15864 43766 52881 21301 25258 33011 48686 30585 40650 16853 18410 40659 52921 11519 42532 22181 27352 32208 28478 26702 34693 27560
38295 55597 54562 10728 26511 27300 40973 26606 3974 39441 20647 53531 37852 8406 60240 36047 22256 62546 36969 15978 38692 50661 31825 34124 61144 33518 34662 31957 21609 21711 42508 15461 39483 41190 26785 22364 28330 34964 31620 23834 56345 26939 42774 22784 51430 56374 20407 53868 30580 14059 30152 52414 34335 35509 46503 18265
61259 42230 18357 48538 35156 36623 32850 42722 34461 36446 53215 30353 30084 9285 49851 7175 49260 36387 33092 33445 44465 17752 20446 37320 24503 32579 36583 44244 21723 11590 47806 45862 26493 31935 27588 32798 19967 22288 22105 27423 6848 24984 51934 51078 48160 32182 46513 58548 31871 51404 40755 36361 33341 39993 11204 35557 20409
36188 39877 40617 17237 28054 19348 34995 38768 51784 45970 33891 25194 27856 26656 51484 5794 23185 39324 35386 33403 54503 37992 30496 53329 55604 49379 47918 34439 41177 41836 32194 34684 8500 23652 25149 4496 2983 43051 2047 48930 19856 24354 35433 34453 36945 62887 32985 47685 47433 31771 32431 34965 27096 7902 37710 31716 32605 42577
18962 31378 37690 30419 43614 50942 31437 37058 14226 32650 51064 36994 28940 7829 18074 44657 21037 31359 33171 48878 21077 50600 15810 12890 25829 36464 31881 5397 31035 48950 31558 3968 31415 7772 45914 26105 20667 20033 23078 30945 24230 52549 24840 50328 33752 30152 30051 57727 39858 32298 32915 33781 32146 30922 10234 31832 31961 21514 19705
46860 26855 55881 36078 15470 36124 45543 49467 45280 45273 23876 32575 54464 38779 47808 39001 33903 32869 33978 39403 47182 42742 53652 52564 33979 49806 5037 14323 39448 34446 39269 6954 50371 8788 36124 29783 27933 49473 30002 31964 38790 35509 46086 43544 25695 41488 34810 44395 36871 9906 35694 62516 29404 46075 13503 42965 33090 24907 54865 44460
52119 16898 7808 10010 32314 25984 38831 29057 24972 55078 43068 42556 23021 7762 37514 39601 26558 48740 29941 24635 42845 46783 18913 50236 20779 33472 26538 20501 14728 39368 32947 18724 20693 28471 9050 45259 41841 29293 14850 50281 55738 36555 35591 32094 14356 43950 14541 37129 7901 11386 16817 28876 35444 28812 32787 18949 37690 21316 43605 34326 28047
44037 53974 51806 27092 20012 59382 30780 62567 35098 46101 44306 38313 43055 56723 49727 29178 29387 26319 19746 51643 44111 11819 40732 31050 5145 28166 17806 30984 58761 15552 35286 23894 55298 36024 29015 54930 7904 44113 48493 45342 27014 17895 27514 21849 25428 24541 46303 51106 45992 23698 36602 43098 32227 31334 11053 46049 24933 54200 30422 17048 31119 57067
39767 51421 56767 28251 32271 22289 41301 45163 16478 39316 21428 12154 16291 22727 32824 20968 38208 30985 44612 55828 38547 31416 24888 26208 54526 31288 39026 28971 40416 12263 20307 20693 31385 28708 32059 14270 45192 11088 38283 13382 16655 28107 34721 12492 59788 24566 16093 62386 41824 50735 41633 40791 41964 32983 38476 45595 23694 35918 31038 34398 31401 33013 42712
53888 26521 4907 30328 10464 18624 37710 15231 30688 32639 28098 50509 35295 43316 43748 24386 34109 40769 28438 20671 27738 30469 31414 23841 40342 33247 10789 17355 54096 52529 30148 16412 41962 41562 29169 35188 33219 34489 53006 54068 47931 15280 55673 19642 31410 48797 31123 41319 18056 18658 13244 30875 33052 20446 10325 30134 26832 34033 37821 47128 38916 21882 52818 56097
34069 60123 19576 30257 33383 43634 40589 40104 48726 13728 28912 24038 49989 27079 35842 17740 30610 24642 21539 55864 40352 28279 51636 40970 21451 42433 35091 38437 38007 21378 51873 47078 13824 33051 58046 31918 60105 29674 49611 22493 49456 44369 62503 47315 41880 27311 8752 35569 22621 42340 36938 13716 33251 37583 40659 7200 40583 42066 51754 40434 34985 1867 10928 38506 30379
9500 29893 23787 31468 8996 30922 17618 33740 25282 8989 7552 23467 33112 31775 12885 10473 22597 10288 19121 28133 31976 26545 43509 35073 49314 38656 36735 13468 45268 44670 13999 34582 38620 49804 22248 29390 63517 33672 41862 17959 38387 15828 19436 11133 28096 22991 31610 43315 14565 23512 55694 41384 27840 25680 35209 21308 47795 12183 43723 55374 36892 5646 22709 10049 38493 3091
43685 37489 13013 8711 46075 18497 34532 33866 33818 54032 28649 31549 9822 39230 34630 60223 8746 56618 41561 54446 31454 48438 21124 21486 45016 46017 25894 8541 48249 38699 25503 37210 38945 39380 37710 37958 46641 51740 30101 13953 34311 4706 18386 8300 29443 47368 33638 38501 25735 24685 56754 30925 48626 34545 18452 17412 24228 34548 61423 36971 41470 38614 16031 37473 57182 18678 55686
39492 27173 35766 41477 5240 37299 43381 46458 35162 41320 18579 27975 7500 24741 27504 24267 4268 37575 28780 56165 16347 30513 37350 28791 41786 51522 26176 26464 53031 49242 24537 17791 29700 36826 19729 52278 24111 26400 22600 30947 30217 29069 34782 34024 16370 54913 15922 26020 56395 47452 47526 52343 34675 47486 5274 9920 6600 29255 50539 40417 34734 31511 40573 38712 24963 59214 20012 13350
21414 50764 24283 21005 42616 41842 14056 35400 15961 34334 39094 12861 39850 29104 8865 23367 56009 25995 53005 21192 13335 23820 29782 41505 31732 20372 17631 36528 8897 45187 20230 39383 46301 28473 32046 33013 23206 63255 38323 15722 22656 44922 47865 33941 36553 31686 27485 51160 31200 47960 33087 46225 45606 51600 13057 13346 27643 32209 37634 27626 30656 43896 36770 15688 16851 8678 29505 50590 21141
11387 25663 24139 20070 37527 58619 40110 30119 38811 54231 53800 42166 31461 60210 35866 54260 30677 49516 37858 38850 17870 18660 28387 8318 38956 53245 56953 14986 40530 33043 57350 20037 33696 57993 44267 24590 28532 22206 47750 36934 34095 7186 47673 39757 25649 52452 6498 22916 10203 24471 33123 16201 26507 9863 55195 23805 13985 53271 48490 24320 42112 26278 4143 36275 48260 20628 59724 19829 34320 20544
40479 40612 33924 33804 49162 40356 14142 26199 7276 33491 6559 19841 48293 41616 8967 27626 58900 60732 50903 20466 39451 28471 29805 58360 38424 53474 38697 28254 54124 54939 38509 37251 1912 24771 54680 19399 41882 27578 46090 30602 54581 36833 36132 19244 34213 33175 47172 22796 23116 4410 35019 36748 46219 43822 52761 47371 45504 55248 21390 31721 43853 48002 24715 55942 13969 38562 14445 13122 9451 50577 6807
49276 33725 49328 17000 39062 7270 40029 26432 11759 29765 35066 48256 20199 52412 21221 29062 42462 9001 25215 12723 47412 45294 48168 42087 27464 27498 32833 27906 31356 33789 27433 10980 33072 26630 54590 31085 30145 16615 45796 61437 10899 29694 38009 8692 52738 41644 42588 40626 27249 10835 45294 29080 26174 42062 6287 41476 33740 26115 23968 13142 24951 32973 40063 42225 31139 16910 36237 29234 8876 13095 34090 37498
36597 39286 29623 31017 52444 30301 26003 38303 18116 34619 33564 21309 17161 17776 37046 39264 25615 26203 28351 52076 43059 23390 6550 51390 27093 20951 43420 27830 57175 13096 21297 36535 39704 42160 59062 33310 35704 34766 20617 38476 31447 31204 39179 38561 3989 21585 25756 19069 19473 11380 29597 30017 36525 21422 8812 22091 37320 22368 26986 10491 27586 33000 23800 42164 36602 21929 44404 31954 18899 38655 10048 57528 50857
49740 45755 31686 35807 37105 54340 30042 31700 30796 11324 28885 21736 43455 30467 36247 12666 37544 36090 26369 2029 23657 25215 38001 43677 27745 34803 10567 18413 25584 43446 13542 27196 8309 36905 17066 30698 47954 40875 55798 13142 35301 55450 32298 47842 40336 22362 11940 35053 17330 21577 26309 29655 34219 41926 7661 44544 43226 46642 18301 17864 44705 38893 53971 42382 54366 29016 43855 37812 37746 34513 14419 45721 41278 14521
56638 32925 28448 33648 31088 55328 10875 32599 26698 28546 48299 24781 33066 22818 51986 30768 38769 33634 46865 45540 31359 47265 40454 38470 30132 7999 55635 51640 20593 47516 32343 35992 52755 58904 24177 47943 44541 24338 34563 20006 43918 15084 49516 22931 32294 27653 4875 36336 22822 49341 48450 47003 27628 25460 15727 16117 25049 23178 19700 43102 57933 34910 24880 37943 37032 43858 11139 16095 3146 24006 39244 32948 28819 38423 21485
19994 21731 42665 16580 14191 52378 15832 33074 26898 26392 26119 29337 11108 44990 34196 44628 25285 11754 24290 35273 36758 25852 36941 38483 20021 21591 37945 41300 22275 30552 16642 46125 32352 17760 51467 37948 13485 45519 15026 17123 34377 11269 32858 32129 39826 40803 24671 15734 47340 29510 32037 14369 48821 35602 21769 24292 43340 17956 17003 24349 37138 32732 31661 41518 43623 36765 37678 52598 50604 51396 30542 49748 53055 31410 29293 40490
53121 28871 43755 14935 60114 29283 41767 44090 24979 49895 14723 50484 4130 41393 43102 4774 28384 51745 34328 24046 37422 29594 50448 44143 43626 20856 13225 16261 33782 37662 31807 38034 34609 25580 42293 25847 14458 27456 37098 9746 14386 19579 32190 2373 17081 42749 34320 31726 45168 5671 41027 42863 30133 45399 40627 28967 8937 35821 12227 31350 25708 46412 24018 41147 33439 14544 36672 32088 25057 7644 34412 26027 33424 59344 25016 27414 33040
38410 7043 23288 38335 9195 2605 16049 38140 35027 24598 23456 28456 14371 43934 45863 45219 8505 22308 33444 33230 44917 43274 17272 9991 51769 17327 43780 32943 21732 42355 10918 35622 44758 43190 28609 24269 45936 33752 25521 45059 14864 18744 11224 20262 38423 26424 43415 43162 38629 43063 31308 50364 34778 45717 30553 18414 12375 34994 46621 29326 21433 35054 34807 41213 45411 28072 31305 19356 33972 19778 54898 34505 34060 39451 41425 33510 26060 41619
7624 35921 22098 37130 51125 35691 33279 27616 22778 33940 36915 38260 18166 6189 9294 19496 49929 33429 23984 43612 14994 7210 55225 9837 22259 22864 43465 37567 32138 51813 26432 40366 20408 39880 40830 53661 43743 38362 24036 38122 43098 7419 10704 43512 40335 12684 34466 44835 39897 28651 29629 7887 28826 36985 27774 20312 42291 26518 26694 29473 32514 58787 23157 6280 32617 38655 12907 10736 25543 41992 23433 28085 42364 53538 48428 34363 31207 32427 47800
29151 21098 43266 13194 35585 23651 26760 33538 34819 33076 29085 32899 31556 26172 38050 32618 54052 27866 15861 20248 23043 12912 62967 15085 13889 36957 24840 35401 27197 7168 16265 32909 21593 42682 60888 23831 44788 48620 58454 23367 36974 10996 46948 45696 27430 29493 38752 38430 36223 55307 20652 13700 41429 22232 19367 15378 44683 43261 36016 20774 38400 17368 46120 38945 38548 55499 32367 12387 51878 54580 50150 13645 10393 57973 30955 48701 33481 58861 44511 56979
34713 33020 36642 42418 16744 4353 25877 40694 38550 12126 5143 53698 51586 45425 40070 16758 30862 10396 6854 28016 40473 57918 18229 20753 4227 59319 30258 25529 33324 32358 38942 39113 33140 42925 47449 57247 30906 41194 33348 9115 44640 58238 46909 52255 50373 42186 14501 15498 47689 22060 33500 21564 26956 42247 11843 28310 34862 31415 28473 25334 43342 31902 38428 33981 47886 35869 36688 9035 1997 50834 25394 35328 13803 34143 46628 32829 18376 24035 51332 18783 39876
41341 30387 42185 27710 23951 14610 19930 20376 23416 41983 31730 47153 41111 26588 25202 29801 61006 20743 12472 11936 16891 18401 37413 27958 21760 53450 44569 37514 40124 35875 10228 23806 19087 13899 40726 26354 19416 42912 44767 42691 18937 54406 28335 28373 43600 52571 29158 28036 36414 48766 18404 44339 21285 61520 31754 37952 37472 18225 38326 25870 41301 17282 38984 48633 37215 33185 33571 39269 45024 47599 20900 19886 34361 16588 31532 36151 55752 34457 29467 58974 44015 38837
43217 17286 47629 7294 34735 27403 32130 22872 30482 32593 43949 44705 23134 32437 46576 6328 37104 50071 18857 12286 30248 33881 20538 43219 24937 21338 28418 54168 42512 40698 34656 40107 37758 45465 14006 35949 29971 45463 54883 51006 37423 41299 31686 3455 44595 24367 30784 15246 34941 42378 22834 18892 23661 35524 59386 19610 24934 33084 10747 29782 19140 22357 24721 36194 51178 14187 35102 32797 33848 42977 23811 20710 42764 35606 53662 8222 54215 8042 38993 43557 10697 32572 40570
51036 17523 41199 36219 27681 15139 55007 51891 43221 41273 53103 30594 43480 34328 38142 61767 14219 29980 36332 53604 46669 30120 31896 27959 9852 35612 32612 22050 42108 46294 37039 22916 26795 28215 34521 32957 18280 11935 5186 4396 45332 59759 18250 35891 12815 3589 35408 44848 29370 34753 41910 62340 46963 15877 46555 36496 24731 37936 16159 29106 27282 27042 6626 51789 28089 39356 31876 33213 7791 31708 31076 48484 19730 25443 32484 24227 26118 8113 22371 33496 29096 31782 43329 33637
37978 16419 30430 30121 36474 12037 40602 43779 15465 2095 56020 45269 38536 1792 16878 53374 12597 25304 50759 36701 15570 53016 46655 44756 34237 64286 48182 44097 29783 37451 56972 49414 36096 48127 32672 25218 61465 39834 24020 49685 23041 53372 37768 19742 41750 30213 38681 11519 49084 41877 47851 50966 16465 27788 44378 48324 20788 57418 30921 27499 47814 35376 33686 27750 24935 61852 4132 38171 50552 39406 15567 30437 33623 33417 33787 57126 21349 42698 15364 22335 35330 32274 5965 42126 38799
31681 42036 18549 34923 36663 19740 32851 34036 41941 22625 50568 20878 41208 26727 19827 52887 27140 31627 35190 30830 56918 60461 42735 59252 22862 28847 36672 53257 12879 39792 26568 33422 15542 23248 37350 27489 18404 31023 11004 37603 40761 40173 35945 40308 35349 51305 19340 19317 19417 23045 14790 31044 9187 35872 25720 40770 52627 62746 38144 20944 32844 34642 53441 16716 28522 37163 55575 14872 19024 48385 43876 42131 48222 4407 33033 34076 27890 28716 20324 31764 32621 6208 18391 17883 37679 41938
22464 15058 50073 35141 43137 53079 10249 39669 8057 37835 54239 34629 56840 46222 22142 22676 16781 31233 47938 30018 58218 18563 2446 40878 6397 41074 17602 30266 29608 40498 27708 29509 49354 31265 31581 27951 35267 34974 27013 38488 37874 47626 43541 32032 24761 39621 44139 35814 11638 54064 56295 35084 29578 42921 40939 38641 26710 30865 23510 13301 32056 16968 28424 14968 24467 40239 13538 24794 30915 48549 33986 14714 28202 29704 45577 45754 41257 44220 35863 38649 12062 28702 24140 35991 29035 25232 28681
5620 32111 50288 33963 4464 42121 29215 23445 14698 29723 25598 12326 42052 46468 11883 47550 17501 28195 33224 11198 59413 24410 10867 13700 14796 34439 37069 33393 16354 40204 14646 14821 23734 6216 50191 32576 52906 10651 28087 61922 45086 15972 36492 44331 30575 32773 39666 18555 30465 21468 41799 55090 23856 23370 21482 26800 13407 29617 30012 34902 25324 13932 27549 48514 43834 30945 14190 2964 11173 19563 29965 61935 24209 32364 23771 27632 39514 6213 17208 28920 37219 24404 6277 29799 21002 21755 26913 26013
18098 46745 23914 45051 46519 32142 14788 15070 16765 24377 24205 27050 26721 52476 18468 39868 33987 29749 36586 11380 52485 15942 26431 29493 21382 20622 41348 17244 34470 35948 43543 27722 45253 36674 35161 47455 63555 12911 58282 29179 57215 35666 31083 55679 50395 27468 9978 44873 25270 24510 25784 44729 20336 45574 50950 36658 32104 59271 32322 33808 15105 16797 22222 15542 12951 15786 47369 25732 27277 38159 43346 41688 50498 48426 18442 6931 33046 59229 20881 27797 47208 33030 40520 45759 24987 13191 8845 34031 20235
25663 28353 30341 44827 13454 44868 38628 35882 33235 44151 61800 19608 25968 19129 36212 12996 46275 35432 28264 56592 33070 34792 37794 50651 38928 31639 30851 50053 33481 14804 37995 34926 1720 13056 55995 8950 9535 29563 15057 32124 39868 41894 8205 24162 58256 34783 61905 26631 12828 32903 37756 39115 30910 35326 25710 19214 25817 48293 16392 13616 57289 19675 32168 27024 3824 35582 28847 22160 21423 25458 26749 18063 52068 24212 45170 24557 20337 41158 4079 9482 30005 27238 51793 29766 36367 38869 40699 34816 10081 41332
18764 30362 35466 39841 32932 12915 48361 14014 30820 35307 32736 16169 57322 42850 20685 40259 25239 37176 59666 21868 42955 43468 15886 34821 21222 44928 33057 61805 33608 15540 8106 27138 21585 51141 49931 58920 23905 41751 20642 30269 12760 32006 27088 50848 24854 24565 27639 40882 30332 45634 28786 26067 31080 13904 19623 39268 27962 35451 37361 22211 20821 43303 36274 54865 41238 26800 51531 27758 21470 31609 35354 35195 23821 28640 53633 14807 44035 45128 23775 42464 44065 33549 9620 37370 50372 35475 24831 24195 22864 50487 32898
34778 51490 36185 45435 9824 61338 39259 23884 28277 9243 31644 10580 45178 47618 41596 63218 22733 32944 22619 25480 28623 50053 50073 18549 39392 51681 59029 47896 38753 55077 40881 36050 17584 43695 43340 19204 39470 32735 39366 16140 11324 36376 25470 28237 43832 34998 21719 39459 58244 40732 38957 49136 48511 31914 46051 39189 15752 18622 35416 6896 33792 42681 23020 30435 19783 13819 48382 39500 29118 37349 43505 11917 26051 53717 29473 39173 47543 35115 18161 31508 39418 18250 44992 45593 52973 38798 37870 55158 15599 33114 46554 49289
58462 34830 46054 32436 24990 43784 34929 24406 27917 26025 35291 27599 23306 44881 27268 27006 39926 31585 14540 22981 48177 14647 57106 31234 25628 54323 41912 50070 22549 13239 43293 27618 30845 15138 28065 25668 16820 18900 19364 23071 52251 47918 31110 14031 19473 26254 35238 8118 37364 40789 27238 30261 35368 46307 26149 22442 15626 29336 9027 40311 52988 40917 9248 56571 32860 32759 18204 59285 44427 21089 50838 19111 20202 21106 14576 53136 30935 46986 37001 31663 23476 13578 39873 4198 50143 31312 34040 35603 6585 45757 53902 42264 24994
34225 26338 54228 15355 38540 32854 18599 25891 33966 14666 28912 46456 60279 34843 30225 41310 25159 48941 15720 47411 31870 36060 59478 43350 18812 31627 21565 47656 21666 29080 39544 20489 42318 45414 36973 60250 48864 22865 51063 10361 41147 58301 36088 49095 17980 9990 27217 34212 42692 21903 42208 60017 46515 32182 15879 31373 25193 35294 29477 24150 38983 16483 15770 23088 48810 50089 21189 20089 47350 37389 41992 14224 59016 1519 57025 11734 8896 21937 27730 26027 17665 37810 29210 44912 41128 44626 20856 30595 34070 28657 42958 50757 15787 32495
20091 16406 37319 23979 56030 42327 17611 27271 40536 53862 5653 24546 42570 49060 49413 54300 15378 33138 31998 14740 58643 18478 32092 24237 25257 24634 29058 28099 12854 12789 34000 60729 3355 16830 56996 16238 26806 12278 41567 41666 30313 47357 28513 12692 41874 46388 24843 25159 6547 39161 36539 34615 48587 29869 35793 20167 45466 29872 26544 17238 53855 57699 11700 19268 47484 7973 25920 10480 48207 44628 37300 31420 27706 11092 45678 47879 5788 52867 17103 16433 50389 27712 47671 48282 15428 29932 3079 16034 32331 29927 42909 12456 51272 38034 30809
55566 5020 38987 58781 55859 38312 24691 53960 45687 49098 26986 40762 15418 16229 19345 42580 44508 32213 15175 49012 39356 41084 35050 15867 28220 35003 41182 29001 30139 54256 35712 42174 22169 23421 27954 40891 37686 13505 34386 9629 35314 45339 13121 30151 29996 56813 27744 19352 27462 33942 50701 24176 24223 43637 28842 25008 40343 37100 47253 33974 21134 46425 34351 29411 33764 20766 56792 21399 5112 22938 24561 18994 16684 32813 51417 30228 42464 45622 28910 62109 47217 39191 19604 22317 52035 39470 27689 14116 36018 55004 31756 41442 34593 44163 17566 41672
8430 46206 10815 49460 40060 50227 44368 32902 38951 60669 27183 24609 36435 31806 39229 56162 21852 31575 3802 27050 40869 12198 47975 32345 31628 6797 43843 35023 21364 31083 34508 29805 28089 17824 37478 43152 27839 13451 11887 34972 20195 46990 55110 29678 28293 31751 42316 17894 33287 60248 19681 21991 39880 43744 40550 30542 43560 39934 1593 31100 30599 23572 36027 10193 43589 17537 54860 18861 17601 27300 9037 41585 42333 40926 20508 29051 34424 29072 21786 29227 32370 10520 18088 56292 32682 52185 54564 57858 22659 39727 19696 46056 45913 38012 38507 31990 38543
61729 46580 25738 25732 42620 19436 36357 23448 26095 38067 39111 38442 40152 26794 8241 35485 29849 15407 48033 35661 21137 40867 32375 50845 55328 16230 30742 18156 25253 25561 13274 29338 2946 29019 14630 35846 43029 59466 35674 45458 51648 25866 10708 23965 48610 40953 36853 26247 36315 28022 13597 32432 32522 48610 36013 13432 37585 40349 34307 29246 34446 13576 35967 32356 21410 51329 34691 31561 44910 14441 23150 26445 35664 33056 58528 40144 38059 47879 33146 53810 46299 6781 34906 39378 37186 28640 52385 25106 35649 10132 40367 30033 16438 18934 18148 31215 35203 31592
36769 29260 31879 31816 47939 15560 27297 10487 35117 37826 24883 31190 13502 36252 43420 835 62806 40117 18747 62880 32342 3949 33138 40267 32540 36900 20383 25253 41737 42298 27940 18958 37245 12558 53088 29671 28120 29186 42931 40079 55162 33398 58236 40036 27075 22727 44061 26570 15379 51033 26356 36639 25034 31880 13666 16066 59976 33463 29897 16148 24814 16452 48772 29813 52506 30610 26617 24390 45612 18173 33411 39909 36743 43241 23428 58035 24712 62386 31837 34832 40080 55739 43628 31837 46847 26978 26387 52217 40757 36106 28593 40770 16531 2831 15782 15004 33398 34261 34385
32357 18498 64441 15124 26364 29012 18203 35149 36034 22796 40541 55902 42007 54989 5086 21414 32092 15860 38398 54916 34031 24034 28445 32858 49969 33271 17819 10887 23682 29075 39895 27242 37187 28695 53299 37220 15826 48353 40206 11478 23184 37713 39112 34334 31710 43722 46528 8863 53786 46760 49753 50101 10662 26190 26863 26306 27361 25884 45029 17703 39466 23152 31130 21570 55266 27051 33902 50549 57449 45613 27328 34334 35872 20311 41715 16287 53093 55431 32611 22359 15001 24861 44659 28326 31260 30844 47746 25323 54863 43520 35312 19848 13201 32012 24348 33755 4672 29952 22632 38726
36544 37178 28723 54568 24943 52507 31965 18145 24236 8195 45254 45520 30424 32083 39502 38743 46675 21609 41940 13524 50558 37029 37818 33704 26807 6505 35935 14644 32863 21012 35875 18134 35030 39430 28006 55793 39549 19616 26248 56289 27059 49472 35304 61960 18134 52039 50664 32199 40522 47637 25831 40060 30828 55562 3397 10121 31134 28551 49506 46157 57918 16617 24478 37927 3757 35987 8792 54393 30540 36324 40946 48802 12409 31804 19147 22529 27286 35580 28995 57848 29185 27010 15802 23013 12059 17199 13968 31018 42564 16227 15908 13606 30685 33150 37592 16185 57413 10464 20236 1218 14298
20713 26909 12067 29440 37113 45935 41914 41493 31856 56414 33768 29048 41646 28237 44303 10634 36628 20378 47242 11947 18688 49832 31679 33084 21458 58835 34825 48539 44781 45951 43722 39977 21934 33288 28003 28998 16246 33745 5426 11603 24485 18232 41881 56495 42395 46752 22007 42936 31929 39013 9644 21202 19548 36587 51223 15963 30696 39055 44698 26290 24250 36785 34451 58424 23602 10931 14692 27469 51123 31732 27756 19538 29850 61908 33034 29605 45640 22195 38048 27047 52253 20721 32909 21176 35193 58093 23088 28473 44477 27401 29418 39816 30791 41892 22556 20486 42103 8990 21284 41236 27056 23510
59749 48912 31566 39983 23611 30300 34996 36485 43272 44887 15682 14651 35117 61024 16470 32432 29192 54232 46417 7492 38139 7199 48019 44886 24420 40854 28285 43849 31397 53915 25965 58233 19485 17807 13251 34377 29996 42194 26850 40472 21297 14533 36902 37190 32654 26055 12530 41522 20385 44086 20134 28478 54476 10358 59552 29385 23662 37605 31297 33587 28647 16354 31465 21212 21654 40910 24057 28708 35805 48905 37583 17770 21274 50676 33995 39184 41902 30957 39759 36213 45818 14421 47546 8441 29276 32908 16236 11772 36663 27123 34758 27358 29415 10473 27174 27134 17102 36300 14829 6590 24653 34048 50811
50301 26818 38626 56112 4251 46479 59348 49005 32888 56339 47156 13967 29300 44461 25699 32761 41198 14271 25794 55050 8776 17320 19887 29474 59617 54983 53132 34722 17177 12926 46775 17384 56144 21547 27537 21333 47078 30000 29306 56649 15162 35564 27603 34084 41902 50879 37883 27206 2978 38408 17232 10255 26995 41513 60982 21983 36741 20608 42251 34582 11316 17006 37934 19220 51683 54613 33792 44346 20208 41616 55521 13542 32190 32645 37682 58744 29865 32143 53073 48723 44565 27152 17823 47828 32862 52841 19068 21084 40423 61432 20041 30795 38158 53279 23909 39937 20534 44093 41006 10463 5563 32178 56072 34370
34817 31197 28241 38798 42341 37408 22120 48160 18503 29657 43950 53080 42761 34922 41603 10393 21514 30002 35656 39744 15786 39824 53851 30382 11849 39142 32797 34371 52295 18067 47342 4447 6659 47606 48431 23395 62943 17520 26942 41901 6714 29538 13692 9629 40308 36906 13898 39062 29164 41003 39942 45044 26117 25793 13074 39706 9243 56142 25549 34152 45713 48435 45718 38460 29638 32718 49102 61687 42522 21633 18389 13561 25580 43178 41740 32163 41887 42411 50641 25171 14223 45283 49285 30313 19999 27570 49032 18760 29102 45943 35643 26188 34972 41364 34813 54488 21832 35687 46636 6220 30228 594 45612 12294 25951
54196 13403 5991 31113 2285 37144 50639 25842 26460 47300 11935 46586 28771 14271 16693 55040 57696 13930 59633 36454 13236 31011 36149 32395 40128 24651 4448 42447 36322 26690 54482 24210 13437 10601 45804 57140 31213 22559 33548 14868 33684 17602 39059 23956 13011 23478 17121 37907 42248 42328 19798 33777 13205 17930 32595 44942 29657 32298 39989 30026 14131 10777 58207 36740 35589 16952 4144 38046 47278 23269 55816 30455 50573 9346 29768 34031 29444 60269 36430 26854 15985 38919 21371 10556 24886 44720 27439 43088 20658 53193 30922 42116 48709 14257 39852 47160 38734 48838 28469 55753 34095 22892 35525 23451 27974 38913
33212 27658 28916 42724 58234 38265 28059 20086 47968 15942 31894 29463 37068 43220 29515 38184 26398 62335 25365 20743 48569 39083 39254 24341 4090 28340 40815 37810 21826 43005 15038 24383 33009 21220 27813 52763 33383 55756 29315 34980 50437 33553 17848 54078 12328 28951 39843 36423 42804 41531 26022 13854 35206 28893 20767 25380 45694 37727 18288 18873 31103 39968 28152 47678 12774 31104 42518 41233 43796 30175 36140 34451 45161 47005 31897 36644 35141 49433 35260 31525 30985 28853 34294 9972 16147 32976 32424 2802 5827 34762 48432 15232 46972 30722 18161 26876 54426 40923 56647 57288 7552 10673 32148 2115 15758 39911 57657
26316 23586 55516 32148 39876 40093 7920 33799 25483 7775 34946 25072 38530 31945 35829 16561 43271 53049 31653 34217 11131 10511 34293 21048 19006 39342 13636 33725 19889 44146 28658 13210 39475 26814 30814 46893 45090 20978 27882 40920 44002 59244 51189 47866 17873 42125 24543 37363 21070 32949 26376 27170 16826 28485 27600 50409 41077 57243 22678 24486 38624 15639 29628 46010 26969 28443 24481 30342 30785 55558 39589 39272 16376 23096 32552 18883 55519 19986 17290 28915 30549 35826 31274 46170 27576 26425 37226 30041 8812 12103 21417 53582 9166 44924 26439 41371 37952 44857 20132 31647 13344 29147 26656 45241 24527 46789 60954 20043
36782 47446 30452 7604 22555 45294 62733 42067 27000 20718 14021 41866 4131 18612 26236 39095 46205 50081 35474 48444 23270 26901 34150 34424 9151 23664 5466 42443 52071 48402 54478 34964 10812 42587 14879 22581 46242 12203 38833 31244 31479 27746 39904 36730 10650 27616 20751 30177 35052 47494 40348 50844 32077 23730 50154 22289 34590 22724 25173 47259 49853 11551 29505 14492 26763 54560 19722 57461 19688 18472 41491 30084 57397 31127 32954 31019 11985 22733 21346 10441 24858 20779 24679 32190 47988 18958 18989 44393 40509 42714 36625 43308 34260 50924 35187 40549 35482 34212 28597 30326 24815 14949 21558 22206 22836 47244 42326 8348 57287
20346 44405 29042 32009 51855 4851 41631 21850 28971 22575 18818 43291 34479 23435 46972 54442 19065 22374 31214 20584 30697 25120 23094 12470 50786 28184 23991 42482 26944 51633 50637 31870 36838 40775 36826 40121 58804 30013 30015 35586 37384 44530 27482 26554 14403 34758 41869 28481 30661 7448 35638 31224 27631 25675 52151 31805 44063 44987 51823 34417 19381 11723 43198 50420 23060 26842 17411 32807 25240 51016 46496 7273 27812 35700 54003 39448 31640 21440 44382 38296 36562 6795 37440 51015 41395 46645 35577 33668 43931 22814 23784 15024 8171 37286 35183 31019 28161 18988 52716 26454 33085 18706 41920 18831 16641 45239 49228 32823 37036 32635
38126 34734 20382 36798 20233 30805 55608 38880 22521 34443 34008 43584 54560 33454 9695 13632 42975 55586 35757 33599 60820 37444 418 47773 32673 21110 53023 23994 29541 23062 46977 19190 6719 34181 31275 48304 33169 19748 21116 18762 29370 17745 30676 25379 29465 40558 40340 22683 50192 42201 29466 21522 25341 49395 9159 23528 35138 30492 55035 53884 44094 26549 45078 30256 32081 53021 20088 57700 59866 34226 19841 35445 39739 32728 50321 17351 30418 19949 18184 15286 7680 7248 25670 31909 28199 13154 42924 27890 32930 30595 39064 52992 43735 26900 47722 16683 32289 9331 35973 15831 18402 25089 2630 7008 4475 30238 11022 35881 41034 20779 57917
40592 62897 32647 7987 15608 20239 10640 52561 11709 42436 37802 21492 4931 12079 7731 38528 60391 23730 17802 29778 37385 56235 41488 51402 15371 5500 59429 27467 31820 44932 26666 44850 16684 35618 36477 25568 21771 17848 58239 21685 24137 47269 35728 51473 24389 31048 18193 33877 46689 22786 29280 17887 40444 58676 34270 51471 11382 26428 5612 17736 54318 25725 53992 28134 25479 7763 35124 29260 34013 37408 41263 32218 16019 31045 40760 14318 29448 18720 41904 50153 24732 45843 27383 49451 8622 9340 19822 19221 44193 18109 49011 30981 21457 32565 20839 24155 50593 61252 12202 35450 35952 29769 41629 35006 36510 10150 36511 57482 36490 24249 29710 38206
10902 43748 28494 9784 23841 55686 47293 36569 31883 29695 42170 50817 47924 16302 9126 16529 10108 15861 16865 27751 43970 11314 42956 13667 36456 33734 39365 33511 29133 31250 30765 47186 54353 32884 16228 46340 4180 17487 34763 54366 23606 44799 34241 28094 51798 26086 2468 21637 51478 19045 32728 55315 41685 31194 28858 17352 32243 19879 32940 57093 23760 23339 28684 60711 40396 62405 39739 44433 31558 42199 31386 23458 35744 47040 41607 44730 16697 12767 17252 23098 27249 21654 43407 36224 45480 40259 15721 29677 40254 50504 33618 46305 36754 16900 39851 29628 18182 17623 49875 20446 24058 47904 20776 25767 51915 20033 47886 18807 24541 25496 37091 4526 52108
40070 32518 52396 38971 22125 19928 34258 11336 10920 25017 17534 51734 28317 15114 3088 4097 13223 30249 23531 30829 18216 19319 44908 22966 45697 36692 32244 26175 47888 45601 47843 11366 25143 16445 21913 38542 58709 25094 47479 27411 48586 23520 52698 52313 41205 36393 30246 47293 32824 30016 37304 35487 35057 43398 31728 30817 9346 57179 35889 5218 30794 59168 38360 52482 26024 11571 26694 27809 35326 47605 20187 39327 48811 45510 37111 22107 39182 21767 61947 33079 27272 32790 45381 21650 49274 43860 35381 59084 25666 60194 13358 43588 23363 28638 25228 60765 26329 34282 17586 55923 33894 38309 34304 63465 27979 41838 52692 43038 38630 53158 16271 43378 45721 22189
31377 38468 11714 37092 39483 58615 45507 29353 46571 26599 41979 35933 24833 19831 42442 35424 10976 40966 38031 13587 40676 17908 35244 28885 50288 33184 23167 15876 40676 61804 39018 47364 44446 36791 37068 39475 27647 45793 19717 13808 20839 3402 37492 31900 20791 44370 25211 31383 23245 32088 31352 22594 55689 17342 21452 23035 13517 8931 9176 24611 20472 39207 56314 26394 2666 33002 10645 1857 16260 4236 62981 29943 50852 55916 26284 32922 29483 19692 23787 5774 38009 45675 30240 48944 62958 12617 35757 40674 24299 52198 45809 30210 37581 24738 15691 41201 53495 43484 14365 38928 21704 48630 27846 28605 54688 3919 24741 55386 34528 27719 54556 40517 38886 32574 18313
43487 46099 20116 61774 32648 33479 48296 51146 16289 42850 34780 31837 42633 49476 19088 31846 35998 27597 31521 28999 26180 15965 27635 49246 50137 19540 19298 35596 20924 42258 41937 44723 55374 21496 23454 50350 15343 57444 46380 8803 32000 52662 52951 22829 14303 39761 8963 13934 42221 17554 34828 50055 39050 49370 45141 50646 33559 33673 43580 16061 28915 31743 24612 60315 35452 38301 6249 50640 37910 47040 30063 33467 60959 50636 30099 37822 38134 40734 29493 42551 8444 40726 42167 41864 50833 40215 7288 45328 54806 27774 18648 45102 15337 23724 29751 48708 32875 47361 17653 46257 18428 51421 48497 43220 21245 20385 48141 27662 32204 36011 31528 35776 49354 47963 37154 53576
12376 37652 28762 16905 31956 50994 26419 40799 29344 34584 8201 26284 31259 32294 41279 53585 38820 21434 19764 21676 27548 43829 25160 41503 45667 9207 31450 42760 50266 22881 36173 36041 38367 25297 27645 47297 46931 54183 50509 19536 21782 15174 9116 42197 14217 42250 27978 23474 17163 38998 25782 17989 30714 39050 43074 30192 29370 42244 12877 14354 27561 14629 22839 38411 46886 19533 20320 21818 17810 53725 41768 63233 41805 47411 16110 47294 30904 28079 59668 37842 35377 22195 17401 48542 14361 22430 19965 42880 32464 53200 24960 32475 30391 39594 46306 44299 21549 36746 55938 22386 59280 33233 49346 24433 40260 49375 45569 25190 32166 38932 54431 47539 44312 20177 43772 31415 27640
10355 37752 30417 38567 25693 18546 47971 42374 48622 57420 4556 44275 27782 52581 32619 23888 9094 24093 17826 33531 37452 15572 25039 1621 25657 28650 36180 27582 49325 22974 48528 54167 19208 14514 41955 31295 41642 42790 11692 47124 25331 39799 33869 33146 41795 59401 36132 59087 30458 15160 59794 38002 28024 40807 30457 21188 37406 31476 20148 34341 27722 4162 17961 44790 32604 32173 28339 27029 19127 48537 38324 28259 18872 42594 17549 37312 29632 60011 49308 50189 48175 38930 35651 37289 37477 39354 25057 41714 25027 46527 15830 48204 37286 36485 21633 15893 34162 41577 38724 9388 7300 19403 13181 34930 45628 16653 4750 40391 40445 38030 55766 46348 13092 13486 27316 47775 16658 27597
57994 14049 37671 24651 39607 20018 28867 38023 43162 49395 40263 26339 23956 60290 22545 37310 18182 50752 23681 43896 44622 25998 57850 9840 39119 31178 39896 20745 18405 20310 14718 21919 47346 20113 26188 47765 42327 31706 18848 25162 33394 30610 34523 35614 33189 32281 48477 53104 36942 59344 34951 42403 55247 10517 32695 57363 15751 21065 13901 44323 25302 36812 48044 38706 42267 43519 39728 33952 40376 34113 23612 14284 41483 41456 33328 53016 50038 40048 35946 50403 53080 44319 63051 28557 20241 43100 46899 33142 34816 32392 49795 35070 31623 48131 34713 28804 26372 2350 29141 65130 50136 43623 26777 21775 51044 32783 20292 29395 25350 34438 34102 12822 17441 54829 58832 51512 21521 41827 51312
19096 47160 16006 32887 42136 20983 37882 56645 41367 48812 44060 10810 26613 22457 43854 44727 31250 45693 20974 11801 46670 41047 31837 59331 22280 11945 8956 38676 29346 9938 23081 29548 31611 3633 21062 12332 16371 42536 55217 31922 27242 60437 21195 33887 33088 39258 51188 28307 26324 41814 22413 24238 22920 15209 48629 29712 29628 52978 21386 18969 43981 34643 36016 30761 21535 51690 31173 37280 39694 14360 18216 42462 35581 44863 48442 16452 35402 51386 16475 26672 23384 55791 53484 41218 40067 29753 35659 27165 18479 25850 10201 48862 46264 46483 31478 38566 38017 43874 29955 25813 62952 18377 41567 39115 17232 18471 11112 40425 17173 42460 21634 23436 38811 38471 32267 46360 16191 35530 42082 35306
37985 45251 57320 13666 52579 61844 25853 3811 31908 29340 33794 27082 36996 38202 10581 38264 54115 30416 23895 23885 27553 28861 50280 34985 23453 39008 40681 23277 33209 16154 51512 4983 38996 29260 15286 60839 46542 31572 35524 41184 19590 24469 26304 24702 43743 24683 7180 23524 31541 31544 37639 15986 50155 59741 20496 44934 26464 8248 29576 21121 9204 53547 14799 18115 5126 27028 31558 10157 11769 37589 44107 35997 50217 45645 56639 35059 34041 26972 14978 44050 31432 38241 35957 33110 35830 53182 46967 36898 31458 28113 15334 23510 26094 33020 13862 25552 18297 22174 56981 9073 30179 30743 35218 37401 9100 10950 42878 41769 57044 61453 17593 50687 4634 34122 35236 26107 33728 25566 47773 27263 22053
49450 47109 46826 34729 36492 32316 43676 29356 63847 42403 8438 19854 27415 25241 61782 10926 35070 34172 28445 30830 13437 31408 27051 33069 35570 19090 44128 60235 26047 39300 32413 14632 23107 10212 41919 18724 14813 21011 23337 21918 37359 36978 24634 29944 43992 30559 27218 39313 36087 46908 44242 37321 30382 40039 22296 34816 26203 36673 38021 33430 38240 37930 35961 25578 31004 19331 25172 27230 17135 29099 46454 12370 24632 57088 8511 44067 31321 2022 48399 12341 30384 31931 40006 27364 30366 27102 52804 26259 22405 6064 24170 35232 12992 27281 54294 38510 23989 58082 12968 43865 27071 7425 31107 49861 42048 53583 41988 45838 38553 21548 43404 44695 1576 38393 32123 50110 29775 8981 3889 23782 40557 41950
51727 16491 32226 23736 38258 4273 18445 44545 21694 19477 28240 37912 26448 19703 7689 42846 10376 18873 16538 39987 28617 21690 31586 49912 4208 23642 44992 34827 55774 11001 31510 29645 38771 26359 14019 10910 37007 37555 30758 60639 34963 35983 37024 38638 16093 36586 36242 41260 61133 45092 47194 40954 53190 25244 38491 50102 38180 29877 26865 22722 28234 37067 11646 51069 34456 15681 40291 37958 34156 56438 44542 24446 36391 11466 37041 25989 16425 18588 45786 32444 14035 42575 15835 40833 35203 38975 38675 55349 19353 52431 24546 21816 35960 20062 30119 57067 22396 33612 29124 22957 46088 44536 10647 17884 42364 27844 44674 16348 43830 47631 52708 32779 16535 27705 4381 56008 23807 46498 48524 49268 29647 42154 21651
15727 29797 9136 37776 31258 51745 30998 29668 47827 56421 18235 43760 24571 36496 35967 43538 26098 16386 41794 7853 58649 19484 16868 29213 37327 35388 31428 18884 48242 19907 15428 34563 53606 26129 20675 18232 22792 40582 24225 25541 30650 48771 59454 29193 28122 35173 19450 50019 38857 48783 50228 25909 28136 6496 59214 8414 33941 20792 42919 31677 35890 39288 21407 14132 20765 8574 38294 53409 48055 38059 29676 33126 53344 39519 53504 16098 44921 22010 27444 14965 38241 26332 23784 24958 55926 59493 7289 56671 62236 61941 64587 37750 28593 38636 43706 42276 31892 59050 45609 28619 25126 27792 30966 36038 33991 45052 16772 53627 25816 13390 43567 20293 40631 30953 44379 54150 27333 31018 8548 59295 40290 11378 14509 53486
42735 34337 33172 4309 5067 30103 26236 25779 35924 26165 11713 50664 54510 48984 31175 27091 19959 58468 18667 49622 29646 46262 30093 31567 24276 35758 13839 32672 17257 49327 40144 29736 61934 42774 38960 14918 22209 36420 29327 28508 31299 16793 21069 27849 32980 34933 14793 18412 10965 42553 34661 53798 54436 23107 30080 39128 30370 24563 6778 25952 42288 28332 26802 15649 4268 47562 44683 24951 34168 61616 5729 20420 27635 16062 9879 49513 18556 52050 16780 43972 47988 14797 42400 16439 33083 43407 60722 27680 62002 46585 36517 22753 33463 30313 23637 27609 49963 32319 33957 18024 57326 23774 37364 17901 41313 7586 27298 33738 27619 51182 20750 21853 16338 24354 58266 19464 47506 25244 40101 13610 37249 19901 53903 39459 39934
38885 14264 49234 51562 13429 23168 10521 42533 37579 9542 37334 23184 40519 24172 29674 43785 48715 43089 33974 30705 22070 33109 13720 15784 17768 50136 46067 5263 26434 42554 26915 45317 37666 47834 31370 25448 40041 28698 51593 38940 53879 36953 29566 22398 32940 16887 20939 17904 28265 34644 31183 9168 24331 48848 48361 19839 37365 41674 10363 15198 17030 18852 34276 33227 10270 42429 55939 20776 30238 34165 26554 30163 23524 4908 10983 22573 34001 54594 23916 31894 6213 44566 29864 33647 14752 23562 41467 10519 34882 31102 53956 50668 8075 31951 12389 52818 38619 47201 8252 21159 33170 23184 50090 32586 61200 28095 30737 7324 27318 22604 22220 36605 31714 23706 13633 22222 42484 39173 42187 36973 26703 34801 29388 29755 48720 32698
43173 22168 40792 45763 35764 42981 32455 44906 7515 62593 52221 24594 39673 25802 62043 35607 32238 15652 22846 21213 31641 24045 58378 46529 34140 50052 29212 3619 18581 34378 57044 37477 44710 23199 33173 21734 23790 37092 44476 17414 13516 38263 12970 43557 54178 28857 56255 11683 37583 18186 28763 20703 34738 22731 46047 29243 33708 33370 26025 52246 37918 48152 16665 29904 33382 39526 32146 24264 21479 52642 52848 22625 18941 41518 58134 35831 57866 32873 26340 32749 21871 27826 312 38562 39306 34666 21875 36470 57277 36081 33525 33224 5478 21928 42271 26363 25575 54765 54095 4203 45215 40481 8421 44155 40174 23204 40260 17802 1587 21463 21448 49656 34256 60953 19412 25636 28963 43464 35016 19056 22926 9032 35330 28475 3184 37623 19171
43237 4905 19764 17099 43470 45848 16992 25883 32854 28063 32475 8497 38620 32796 43782 25197 46018 25584 35647 36913 31079 20092 32743 36316 26155 45342 34142 47822 54382 47417 13317 29288 31376 20521 16443 35848 27376 39760 31326 23311 37872 31759 52946 44765 49135 36804 17908 21202 38221 12241 33830 36431 38506 29077 51654 42161 41382 42607 29493 21851 29024 23489 30932 23468 39930 23274 28417 28420 5075 10569 34334 17092 42827 34880 35465 34378 32962 29997 25763 58615 9880 43378 39116 34347 31532 39534 18277 36166 48352 31105 44237 39336 34324 46090 41314 50865 52517 29547 39304 11201 25719 40194 42397 23608 31334 21040 29184 26486 39253 28759 50962 55516 10146 37074 35123 47048 26544 2311 14532 34714 30683 27217 29219 18357 21127 33298 28081 29558
52752 22955 32718 33342 40153 46714 39131 26477 19776 39393 50487 37475 51624 49471 44352 61057 55405 42484 38234 58148 39923 32095 56803 21424 37527 14562 33594 40834 5817 34267 40384 41466 24251 52652 25045 45691 31996 46516 40922 42082 24540 8018 17453 50960 20923 42984 22319 26085 30969 43221 32064 51265 22517 46968 30401 45445 52497 42290 40976 24847 4780 32612 29070 4671 48934 36716 32668 31864 17630 55981 31384 54038 29239 8835 44772 50556 29069 25680 34015 32522 51523 22901 33000 42782 56248 30544 50016 24857 26444 61251 2215 19547 34398 11948 43294 33861 12113 24301 39203 41013 46209 25957 26903 45963 50257 25460 50522 19882 59680 46713 30285 31214 35150 30678 57423 16314 26426 31977 33726 41582 41286 22292 31998 8552 12753 21430 33901 47113 28475
31791 28266 56753 35812 38366 43862 34241 38444 41509 51089 8087 30834 24162 27516 38547 31000 17398 23413 53783 14973 34882 30685 13698 15105 7332 48404 41012 54532 44671 50043 28046 16102 42799 16241 29934 35590 44054 33108 35253 42950 7829 30088 31555 24453 7178 42090 5368 55459 32215 45660 40501 5504 22875 24508 23127 29820 32757 35051 35009 45046 32519 42570 25810 56912 8176 52279 9706 29161 26639 43796 32618 47393 39110 36671 41136 24152 44915 24857 46365 26606 58744 42242 58385 14402 12340 31579 20716 36278 49415 41091 39694 33450 34128 27864 24023 36219 42609 21694 12455 32909 35272 26771 42718 35388 53430 54454 20444 13547 22685 24968 14082 26360 47832 29545 25518 25286 19661 35514 22848 18097 8151 50137 38683 36125 33112 55079 39068 35942 31409 39172
21796 30447 20800 31185 16403 23318 34407 34285 51401 41790 55173 26038 23207 5571 48634 23952 56586 21769 28453 52697 13142 24429 56424 13040 48360 36687 45857 42294 54560 39697 23730 55563 21345 5394 32378 40656 35592 27570 31192 25315 19318 26961 27694 11685 24587 46159 44763 41846 4135 20235 22334 33975 40747 38887 46776 44486 19573 18754 55978 5892 21349 31100 35954 21714 27486 39668 20851 6030 18364 31757 27401 11162 38882 18211 54934 31061 34608 33433 19835 34078 15620 37070 50454 28502 23743 12322 28361 62557 34241 31476 47090 27796 21355 59303 18931 52313 23835 51351 2603 41997 46641 52263 6650 40976 28176 31926 22207 35011 36884 49316 23004 49797 41888 55888 30895 52660 11284 26652 17562 18100 10446 25703 35580 26083 5423 42385 21813 32672 26775 24058 26788
33868 38503 39938 18091 32839 36349 51720 44200 39922 47801 11886 37884 39851 33789 27539 45576 57299 19752 32727 30762 25802 30106 17818 37829 49905 55476 29500 28213 11943 52692 6940 44252 30794 10331 11164 45339 35902 47017 28443 38992 62176 18206 35833 48093 53394 7707 33942 45345 26034 32765 46930 51579 36513 44071 56972 37453 50112 56824 4262 54518 39277 19664 49151 38613 16394 44048 47863 39244 33781 43798 11246 55737 19855 30019 39236 37246 41272 45559 25944 13818 40785 33938 20108 30861 33849 35956 28480 18070 43086 25853 15825 51575 32756 42381 36003 26254 7049 24964 35346 48956 42860 10306 16513 45283 27646 34088 38478 54494 19871 32660 19932 32915 19632 39654 34183 17757 34191 22145 47027 28830 45213 44482 15036 2999 41530 38922 16645 23558 51911 35001 22764 25325
13987 61231 27860 24011 36396 46797 17177 17920 38342 18160 32287 53483 44495 33532 40003 28654 53926 19022 30693 20583 7340 30790 18279 56248 16449 58439 40232 46912 36294 25006 26504 17502 29081 16348 28903 8308 29723 18993 24485 42209 14764 51213 46625 26372 33453 31953 21181 14398 43900 10203 28632 42480 44154 33931 41938 31096 39432 51780 57610 14393 42116 44130 30179 41871 38992 23112 36025 14556 24011 32598 44015 45441 31060 17130 46564 33500 2892 18533 26872 56911 53267 44839 24458 12600 8202 4753 36861 42233 28559 35329 19629 40689 52995 43223 50173 16512 27334 32374 32844 26373 35641 38458 26618 44002 38075 30598 48486 58485 34730 9658 40690 41504 32874 41012 1789 12866 14169 25173 19431 7739 32982 25469 8208 11114 52546 38669 37336 23345 10493 27747 35742 27374 15464
