100
2147157343
2146926883
2146574197
1752624931
2147137243
2147136037
2146926883
1700440387
2147157343
2146844761
2147157343
1697851541
2147136037
2147136037
1754497439
2146574197
2147157343
2146844761
1697851541
1697851541
2146844761
2146574197
2147136037
2147136037
1697851541
2146740587
2147136037
2146740587
2147137243
2147137243
2146740587
2146844761
1700440387
2146574197
2146574197
2146844761
2146844761
1697851541
2146574197
1752624931
2147137243
1700440387
2147137243
2146574197
2146844761
2146926883
1697851541
2147137243
2147137243
1700440387
2146926883
1697851541
2146926883
1754497439
2146740587
2146844761
2147157343
1754497439
2147157343
2146740587
2147136037
2147137243
2146740587
2146844761
2147137243
1754497439
2146926883
2147137243
2146926883
2146574197
2147137243
2147137243
1697851541
2146574197
2146574197
2147136037
2146844761
2146844761
1752624931
2147157343
1752624931
2147137243
2146574197
2147136037
2146926883
2147137243
2146740587
2146574197
2147136037
1754497439
2146844761
2146844761
2146844761
2147137243
1752624931
1700440387
2146844761
2146844761
2146844761
2

