19
6
-28 -6
28 -32 48
-12 -10 -44 -2
-20 10 -22 42 -14
4 -34 -20 6 30 16
32 38 48 -2 10 50 -32
-28 -44 -42 48 24 24 -36 46
-24 -48 36 -14 -14 28 22 44 18
-28 -10 -28 20 48 -32 18 18 -42 -36
0 -4 -44 -26 8 36 -36 28 -18 4 44
-42 32 -10 -40 20 -22 -16 -24 -48 -36 -38 -48
8 2 -48 28 4 26 10 -34 -42 -8 -34 48 34
6 -4 -22 -44 16 50 28 -2 18 38 -42 -48 14 4
-6 18 46 22 -46 12 -36 2 -34 46 0 14 -46 -48 50
-44 10 -6 -30 -20 -44 16 -28 -6 20 20 28 44 8 -30 -44
-22 6 46 -24 50 -6 44 -22 2 -46 34 -28 -16 -34 6 -6 -4
-24 14 -16 6 -44 -10 -20 50 -28 -6 30 4 -46 16 26 46 20 -14
-33 25 -43 13 29 -13 11 51 -3 13 1 11 43 -47 -35 -29 33 -39 33
16 -6 32 -16 -20 22 -16 -8 -12 -44 -4 -40 -4 42 -20 12 28 20
-18 -24 4 -32 -34 18 -24 8 -4 40 6 26 12 6 -10 24 20
46 -40 -10 36 30 0 26 -40 -8 -14 22 10 44 44 -20 10
42 10 38 -42 -4 -46 0 46 -8 24 -38 50 -44 2 40
36 20 -28 16 4 18 28 -6 -10 -44 -20 0 14 -20
-38 12 24 -26 -12 14 -20 0 6 34 14 36 -42
8 -40 0 32 -16 -2 32 -10 10 6 16 -22
-38 44 10 -30 -22 -28 24 -24 28 -26 22
-22 -2 32 -38 2 -26 20 -26 8 30
-6 18 40 8 0 42 -24 -42 20
6 30 -4 34 40 -32 32 34
-16 -20 -16 26 38 -34 8
-28 22 -32 50 -34 8
10 44 2 -44 16
34 10 -34 -12
-30 -6 2
-48 18
-2
