1000
57546 120922
58850 78898
44862 98736
34754 84845
37262 70717
63525 119459
45286 82941
37801 48392
19233 50879
63839 109964
3926 61303
3861 6199
8827 41307
41058 80999
5326 12703
10185 45177
9976 39840
45310 80464
24760 73657
18377 37913
13419 70198
29481 47525
64500 129687
24625 89513
2942 58011
25065 26394
22691 66607
61948 64541
31083 55206
33303 73172
8875 12904
22448 38047
19804 82353
8112 36244
18955 79027
57374 68760
5876 11918
15978 28855
5533 23741
18512 70894
6361 34113
11977 75699
62505 98375
18941 33763
15546 33601
38277 101537
10083 70530
29060 93590
51374 102814
1471 34370
48054 80467
25863 31839
59580 65545
12801 56678
12511 72896
12796 60336
20003 24228
36421 78430
43069 96394
55231 119027
39632 85529
57278 117563
16556 31609
32567 90852
4560 44753
14827 61371
40272 73721
47910 94914
52892 111879
14496 24704
32713 95854
22841 70795
20790 71166
35817 36288
30183 32705
24294 82801
52448 101284
30828 69111
35659 79911
58845 104042
32485 76775
23729 55662
59959 95909
5465 31541
7971 12292
22978 85371
38444 54390
52810 81247
6368 29867
45800 100174
36177 48346
35157 60224
23129 36317
34587 51946
16294 52693
38074 75476
40854 86290
30750 93890
59120 89705
31722 45163
20573 81042
9005 24938
1770 40159
7781 67673
10064 29609
26577 50294
55181 115209
31619 40450
40987 61852
16212 46392
6574 57332
36573 48912
28928 81749
38224 79103
26742 50099
14459 22184
42492 99562
44858 62378
2281 62723
14164 52385
4736 14536
6957 22009
36818 42475
63001 115612
34406 95590
10615 30835
63682 91538
9614 71626
58272 122694
978 52246
8150 15204
49124 67557
26283 78440
10970 26710
52791 75748
35439 78183
15883 51118
53430 57768
4310 55178
50313 84397
48953 113418
39815 55213
63913 75722
46306 47958
19865 76017
30630 79915
16124 61712
64244 81592
34023 84430
6409 64299
58071 116923
12538 27756
44149 82799
24983 60309
44180 91388
16089 60496
42797 49637
48400 96052
52624 89825
45215 56717
34977 61300
43259 99370
2665 9808
14364 75349
57014 99561
51812 61792
11146 63550
61805 115981
54327 106149
59474 123519
8829 50927
55159 115632
17758 30849
34601 66694
49008 92131
21083 32832
418 38735
58160 110194
56912 75633
15486 49135
19432 42751
23548 44478
18223 49494
66462 76872
37234 94165
38675 98157
41490 90801
19234 71450
34292 98155
47293 108837
56671 80780
14373 75431
31627 38031
15197 32716
57506 99983
15332 47904
52481 112873
63498 116980
15922 42850
53529 111518
51984 93997
63998 117638
1393 43199
25935 82664
44811 109954
28996 84462
19447 19882
15043 45054
49203 52843
25991 66392
2262 63405
25617 63398
17631 58755
41204 94900
36783 49956
28473 71881
45646 85704
6089 70522
59555 82741
32258 35418
32103 70313
20756 21920
33264 62620
51728 59128
61302 61751
21578 30594
57751 62330
15851 51267
12638 18209
26876 72710
58175 115078
62060 68413
3975 66319
7105 35084
64379 98054
1961 52003
20947 61145
53421 71864
63745 80746
43717 95813
29271 48475
7293 53909
49968 74173
6880 44941
18912 73507
10302 53961
57232 83576
66132 124572
63511 68641
46974 65617
16063 43878
32940 66274
5262 24476
47789 76075
36996 98032
9819 27747
52591 81706
2500 50019
37201 79564
24620 44054
41887 57980
20945 27174
64729 79301
55049 106963
21532 40553
59114 97836
48945 72147
11591 22773
48574 107642
57802 120798
43883 73459
59100 75620
2282 61411
55279 67037
16268 45404
66130 127154
40186 49406
23803 49689
20049 80335
47935 63364
38372 71792
51547 70334
25318 42357
62598 84487
38518 64389
44703 103676
47265 53879
5629 39729
66150 81975
12175 70138
41624 50435
50038 60696
44029 101609
9592 50578
9679 56581
51021 96443
50204 77333
46014 90171
20813 69126
31608 79465
30489 74195
54604 117544
64337 81168
46798 64362
9932 31465
10592 18398
50380 64671
33113 91105
53787 94310
32633 51377
15747 36085
26027 28814
13927 13944
41405 100006
5010 41910
16517 64075
53326 119309
23961 30224
52127 66269
56383 87604
15604 35565
23318 54647
37285 71773
21309 46554
39973 81152
56854 116214
48073 101920
2971 9489
19576 55715
54631 71804
12787 37315
36792 37223
54138 69176
8713 34285
2047 14965
26341 80654
1765 42909
11939 54215
18117 33546
14685 31340
61664 124396
65214 69830
33382 82374
16937 21369
1259 34434
55797 72080
52477 106212
19510 71236
37979 88619
65561 92068
11024 49792
16924 26205
43110 70424
25603 41943
26373 37492
13366 17481
65588 127812
10509 70908
7280 31404
7620 19853
8265 49856
6106 25115
6097 66501
56500 107555
25320 73841
63664 97776
61639 105887
44875 89309
53403 112360
32032 48726
3162 14114
37201 94983
51112 108612
52514 56420
33394 64082
5275 20605
63025 113609
17863 24213
36837 44240
15436 33413
59963 112174
51895 82904
61042 80167
50506 102206
30675 64790
22667 46338
38692 88781
989 48638
8713 22576
18089 59000
27387 81904
53881 100499
41010 66218
40143 70916
49506 55577
63514 102399
44439 61758
54272 78695
35561 57385
57391 83615
61510 63021
9974 65765
36321 60230
29865 87551
43041 90373
40916 82400
39757 56292
25530 88183
44317 87889
30390 33308
54431 74792
45615 62731
60994 89567
12385 73610
15589 63126
45589 106701
6037 22486
6183 45391
59469 72105
45457 96433
37289 83677
9562 53319
30915 34312
41867 95651
18780 64632
14347 41679
61705 95522
37613 50193
48911 76244
58536 71044
49243 70707
14884 25305
39168 77926
48549 74647
34284 67542
18037 22431
7784 61520
47882 101693
59490 101625
15732 44186
23751 48180
51438 103103
23949 71531
22291 36161
22067 50662
28030 86792
26714 53838
19700 54111
61776 71101
13402 24875
4397 67850
40054 85954
56114 108996
49272 83019
10224 55569
57641 113390
49809 93615
31504 79506
8963 31392
19116 22597
27027 58990
43342 67437
9248 33821
34032 46785
61994 92781
7361 10029
47816 100558
43031 70112
29787 41410
17340 53711
35070 44293
23030 31850
46025 55852
53719 72168
57692 103465
4740 27918
16967 61023
13143 70376
55856 103404
21984 70305
30020 66705
16040 66609
36352 43285
29096 51182
4603 61757
52223 92544
6945 31159
34239 70596
62684 105992
15753 48905
4579 15790
20418 55420
63237 112986
2196 23106
22045 54387
1296 36841
27655 66414
7157 52518
58144 100896
1134 57675
64425 120745
46249 111185
38051 99382
50990 84031
7110 28546
8950 22630
58391 72002
1359 62180
46646 93089
13799 47217
10575 58227
7434 50374
4349 6490
53651 95232
24449 67525
18980 60981
64657 94871
61803 67878
44054 98999
56724 58456
4950 32299
36266 79945
30782 74360
48221 99198
46376 100868
2436 15761
15156 27655
32353 87733
45690 111130
51572 92108
32538 42393
16157 75887
49415 79166
34959 87557
27872 62961
3030 51033
2278 65766
5262 13639
26234 35427
55465 96844
65479 94621
27809 85445
14303 71801
41155 82582
45419 48153
495 3380
18452 78795
23408 85286
13002 14626
30934 72287
62031 91042
44170 105528
51378 77580
4220 47325
7263 46105
48386 73917
30274 91161
21610 24910
10556 27690
31623 88835
62339 114855
48785 74165
18759 73518
30963 45370
36284 94419
43510 92003
12549 55394
59368 84594
57573 99006
63945 117303
7986 60490
60344 120735
63757 79772
35713 41974
40136 48980
58181 73784
65857 92055
57813 87763
31206 40449
65737 83547
45197 94278
34618 44123
40276 50191
14105 64214
16441 48513
36363 90254
46323 72960
62230 71406
33842 44193
42562 67128
15261 38944
31289 67706
41108 72293
37047 91096
2036 17990
40292 43848
14324 43297
38788 98583
16059 70656
25962 55830
6123 47996
42604 61301
18490 68725
28696 31981
7817 25070
18360 25778
63475 101877
62079 80460
61785 76409
18674 30389
15322 21921
23291 85630
4503 44660
41739 106406
13421 59937
33634 56763
11372 52066
57834 86190
1116 16932
998 28247
10454 68919
61794 104534
39286 67613
2304 44586
23696 63479
38952 68995
28133 61233
4964 61016
1446 44564
50216 115836
28456 41881
49417 62461
6044 9425
30367 94960
9359 14897
32455 70589
35678 59254
7172 11881
9839 50351
52420 93266
44284 77464
19785 40126
50181 78059
39843 44751
8285 40654
13187 35778
8442 49421
38791 45031
65215 66420
8732 23827
32521 73588
40078 51830
47556 100116
59157 104768
55033 91992
9775 53785
26184 79664
25216 39105
14744 52475
30834 44915
18561 36059
26721 89784
8181 59418
52802 102904
36498 57809
47527 105849
62971 74017
50399 113454
49141 99365
64187 126646
35275 98098
65692 97460
59052 65415
17899 51041
5897 50299
9679 41151
59495 66894
12000 49784
740 12533
48104 100858
54676 107116
41420 92590
61227 119072
6219 11836
15329 62963
51110 112545
37597 94732
38308 67387
39695 85979
36089 100497
61206 72272
13186 19851
50962 90755
45303 82648
46747 51821
2072 10393
27069 68660
18222 37951
45444 62737
41353 48827
22538 65444
5262 9061
32688 51302
2008 67213
49637 81332
18652 33814
61308 62234
21691 29201
63930 116739
22024 85404
28945 85960
27222 91095
28754 58741
29461 58757
2927 40439
9275 16101
33835 44193
49118 105842
45874 78661
42898 75930
44391 46464
26631 55552
35636 68161
13295 41146
56021 64206
7311 49361
1136 34308
62484 75462
55376 68820
13623 14080
55118 55909
65591 101389
37315 89668
26810 39604
57670 61609
11968 37709
15158 78335
9719 13562
34649 77923
6085 38386
39499 48518
37764 70181
3921 11578
30594 41924
28150 80592
46025 61180
37457 48601
24027 77004
23833 69777
2106 67721
36000 100176
39073 60856
4777 64196
20132 45537
34375 56086
54522 55315
49652 90533
7706 62084
29396 42260
8382 32312
34044 96777
6445 54870
27642 29872
17399 57262
2271 41951
41839 62839
19085 21454
31606 63316
12275 27439
46312 55005
9604 49002
37791 59825
42034 87483
26103 55259
45798 50228
42828 63567
33024 53868
44868 103140
14974 75926
31255 72720
4232 29668
21995 28563
64870 113687
61019 117755
11127 13040
20228 24515
41649 56825
49108 85360
7186 61853
41991 97703
23432 72892
18985 80096
40693 65052
51899 95230
58359 66644
54207 108088
16810 79585
16236 39337
23101 88813
12914 41680
39109 76820
36607 67819
15976 31841
43018 101501
6947 35298
13468 51973
902 34428
45535 68744
6883 27628
34625 38650
35816 82643
35357 39847
13901 17530
39751 72538
10429 43288
30111 31221
10988 41636
633 13090
21727 83774
23412 82806
10069 11604
28474 60977
38836 73569
47283 56146
54483 62065
22549 39742
49000 71032
54641 83420
20348 64956
43959 48366
46117 55513
21999 45391
8286 55258
50777 95983
21035 22430
49121 72855
52605 90106
65897 118905
36939 64026
9667 43354
58961 93984
50546 88915
33637 49380
33071 97592
20177 22322
21262 71083
59340 116406
44071 45023
1480 65828
50477 95464
59293 120666
19749 77828
46597 85378
28196 52093
35048 94211
30310 82925
20961 36697
23180 34558
14713 60056
11140 49999
15139 71706
10400 67214
28614 85432
43469 108598
12384 33191
11962 63365
24967 45002
33880 37832
4309 23307
50123 51595
2233 58899
2329 25192
53308 63092
50690 105772
22279 86861
65718 100809
28008 62205
44525 100930
37972 61481
55893 84560
40263 73706
40023 102332
20159 72119
13903 58555
56182 108160
23005 54516
18083 65629
50132 94917
49361 68080
61429 102308
38877 84843
48517 76137
54706 66643
8518 37235
60104 74028
50275 101115
31566 36223
25947 45027
57577 83467
19654 49653
10042 72822
10227 26683
48836 50564
8129 33318
51580 98659
57349 89470
18890 82012
27581 66314
25688 68905
9892 67903
38837 54206
609 46550
57922 82586
11820 18298
51545 93996
48190 113539
24118 82155
9401 65583
13918 45116
9861 50343
38652 45531
25512 77754
36185 57107
12481 70668
10235 67230
54774 91227
50145 106713
5068 21251
60952 121272
29832 34311
56517 104680
3181 13827
43137 93617
42167 55969
19771 57108
44597 50145
46901 96869
57198 66163
38316 74111
28513 75567
14166 49022
12323 16096
48990 95167
12859 27934
50579 75840
50700 116071
7605 17792
18893 52379
18892 72324
17810 39445
29568 36220
9522 18175
15572 66385
52139 61031
57401 97519
59461 81359
785 64759
45522 89768
56635 87896
11872 55306
29130 81327
63867 115998
32631 56106
8821 15914
6393 21801
46294 69503
23509 37998
65726 89887
53353 101493
9294 50505
16207 54326
26335 70406
65233 65711
48319 55544
29871 54241
42638 63923
31314 31894
16263 57772
32258 52664
16906 28439
29797 69579
13117 22222
5513 63583
50684 115737
56740 78540
15873 71075
19216 20467
36165 99459
30611 87145
44799 62863
3093 51701
3721 19954
63291 107413
52191 109107
7066 68149
13354 57588
52792 113216
35071 100976
530 30052
37164 98611
