20
43 58 71 75 69 37 28 73 47 77 17 26 50 27 16 34 4 24 29 5
13 52 13 73 49 45 58 52 20 24 64 55 75 50 23 11 24 30 79 22
14 11 69 78 7 78 15 27 0 51 42 45 30 20 48 65 9 40 80 55
75 15 15 56 21 44 29 42 60 62 19 73 57 40 19 77 37 19 59 13
72 72 78 15 28 27 44 68 49 28 50 12 19 20 6 73 53 45 27 38
45 30 35 52 0 53 43 9 21 67 71 59 34 60 59 30 16 68 6 17
44 76 18 9 39 7 72 0 61 20 11 78 62 19 67 42 60 41 40 22
37 80 68 24 53 29 57 54 54 29 76 34 64 44 63 18 6 43 19 5
77 6 21 46 59 46 76 53 1 36 51 42 16 8 17 70 16 1 74 80
31 23 11 31 42 15 71 69 35 1 63 45 8 37 61 20 19 5 28 5
60 56 57 1 26 15 24 32 68 5 43 26 46 5 25 51 12 6 30 64
11 59 9 47 72 35 46 53 12 26 17 55 47 16 28 21 0 78 62 11
74 33 17 66 77 5 17 70 2 50 40 20 62 72 19 45 12 7 65 60
24 45 11 13 46 67 5 59 71 41 52 55 12 58 76 12 15 79 42 55
24 43 29 23 33 32 29 77 11 60 49 20 62 26 56 48 60 42 76 43
62 15 21 71 23 67 24 70 23 22 42 77 42 9 60 37 3 59 69 38
50 6 77 78 13 19 60 57 70 61 9 24 28 27 57 21 26 41 23 43
73 75 77 59 51 45 34 12 68 29 62 65 0 1 0 68 80 36 25 51
27 44 61 12 21 73 61 49 23 34 37 51 76 14 28 6 27 69 5 49
64 46 75 67 45 57 70 70 21 35 63 40 55 65 76 72 45 30 66 32
