16
34 73 52 70 13 23 62 0 6 39 23 64 8 49 4 13
0 8 13 52 46 62 77 1 23 18 56 47 49 25 19 4
11 76 25 15 42 77 25 73 20 5 21 37 42 59 55 32
42 6 49 77 71 31 29 49 53 24 18 46 27 22 34 53
0 11 30 44 26 1 54 13 17 66 31 27 68 44 63 42
0 63 32 13 18 34 66 1 50 45 76 0 69 29 14 56
64 42 8 55 36 52 24 63 43 0 15 69 12 11 61 26
29 4 39 11 65 29 53 37 22 44 63 78 64 0 35 77
7 4 67 65 24 36 62 39 48 70 12 41 20 3 77 71
74 6 69 26 18 52 75 54 7 54 68 21 65 1 24 48
25 56 25 60 0 74 58 3 65 68 49 77 55 12 11 15
2 25 0 21 68 20 4 1 44 50 77 39 8 73 20 67
35 80 6 57 58 61 79 17 63 48 70 47 28 60 11 53
56 39 20 80 12 59 59 7 24 50 17 24 11 40 76 53
58 7 74 60 19 35 19 36 13 21 32 37 1 62 4 61
66 21 28 21 77 35 49 50 72 41 55 47 26 49 53 58
