20
21 61 36 14 77 61 1 47 75 43 66 34 76 48 34 75 4 80 35 51
53 22 26 34 46 23 76 67 39 77 7 68 46 67 43 36 24 16 80 23
71 19 17 24 31 80 68 54 8 39 30 32 64 63 59 56 67 62 42 7
68 50 7 43 20 1 57 36 49 63 42 58 65 39 60 69 61 75 68 45
42 14 49 11 39 16 15 8 24 79 72 50 44 5 32 68 59 25 15 68
24 61 38 42 28 43 25 70 49 35 20 80 39 31 18 25 75 58 40 38
35 30 59 79 23 68 42 64 17 60 75 75 42 13 71 16 25 27 44 54
59 69 30 64 54 22 26 43 67 44 51 58 62 69 46 78 41 22 26 67
7 40 71 67 39 8 38 32 23 69 45 31 39 67 34 20 31 24 62 29
79 46 54 24 3 5 14 42 24 66 71 79 41 68 66 64 21 77 32 17
38 75 68 30 8 38 79 54 70 80 19 52 35 15 21 41 57 3 54 25
6 6 54 13 11 53 36 9 69 35 14 4 6 58 2 78 13 13 73 26
29 42 73 1 38 20 5 7 50 6 10 23 12 38 73 27 48 39 79 34
70 37 37 70 48 26 78 4 3 51 32 17 72 13 0 36 14 19 44 9
14 18 22 10 51 21 55 66 77 69 6 80 36 73 26 46 74 50 63 71
37 27 7 65 59 54 45 21 4 25 45 64 59 21 3 25 5 5 14 53
31 2 45 46 9 5 25 53 33 29 47 42 55 75 14 25 22 13 48 62
15 59 40 11 41 3 17 26 19 13 42 35 4 46 79 17 26 25 45 33
26 76 73 12 3 67 70 43 8 21 24 60 38 45 8 25 32 79 6 66
41 3 6 65 50 41 38 46 2 57 34 37 32 78 15 10 72 55 53 14
