20
58 9 27 78 34 54 53 68 0 65 15 79 19 51 56 75 36 33 38 5
26 33 25 39 52 43 67 41 64 13 28 14 18 60 8 69 51 47 2 41
66 49 20 26 55 77 20 25 14 72 63 8 14 23 65 16 27 47 73 39
20 3 78 51 60 32 4 39 79 48 55 74 64 13 55 2 40 44 61 0
8 36 3 46 66 58 41 60 26 33 31 27 3 25 1 60 13 49 25 45
3 52 27 41 24 51 65 78 30 18 3 23 8 38 44 78 30 61 47 30
58 33 35 25 35 78 25 32 37 39 54 1 24 51 49 63 30 64 27 20
62 29 24 13 44 60 0 71 80 23 32 28 63 79 26 40 49 2 22 58
7 80 72 4 64 58 70 35 69 65 50 73 76 70 17 14 18 45 74 52
20 74 63 22 31 23 57 21 4 74 40 15 42 26 22 42 61 7 29 44
80 76 36 74 53 80 74 31 10 16 36 63 60 73 14 38 41 13 70 8
14 32 36 68 79 8 0 40 4 14 31 27 22 45 5 65 70 47 65 14
79 55 36 63 62 72 6 45 15 79 67 11 15 28 50 60 75 58 19 70
42 8 16 21 57 40 30 33 49 13 41 16 8 49 0 14 32 24 53 34
68 22 35 34 9 69 13 54 61 34 68 55 44 37 7 67 22 3 57 61
73 26 51 19 17 34 20 56 6 47 79 20 45 30 34 18 33 22 55 6
44 78 14 74 65 8 51 69 43 60 47 63 58 1 21 18 66 56 66 41
70 46 46 26 59 35 16 53 34 64 49 41 1 54 12 24 73 6 28 43
43 63 24 51 17 79 48 0 13 54 47 62 3 30 76 49 60 3 18 1
5 4 44 23 28 57 23 64 73 57 79 48 31 56 60 8 43 73 2 23
