20
25 10 57 34 66 69 72 60 12 29 52 50 51 26 53 33 45 51 34 10
7 4 60 23 60 44 39 71 56 51 40 6 23 67 73 40 17 19 68 58
13 56 61 33 3 79 66 25 55 74 36 67 45 67 75 61 53 9 45 55
60 54 31 29 21 14 52 66 75 63 45 40 78 49 37 2 79 72 78 70
4 26 78 0 77 75 14 31 23 19 69 7 70 77 42 63 38 3 40 2
4 65 58 66 12 3 17 36 28 30 73 44 67 63 70 32 61 14 6 25
1 27 5 6 73 72 14 10 2 39 36 12 9 12 22 1 72 28 23 46
24 30 21 8 26 3 23 56 52 44 3 3 12 7 21 0 40 41 52 4
37 26 27 10 29 63 30 80 40 0 64 5 15 71 41 36 77 45 49 76
75 40 9 0 55 79 37 67 18 20 42 79 66 35 5 6 57 36 34 38
74 6 4 54 21 79 35 44 17 49 59 50 40 46 55 28 16 17 49 32
6 58 51 29 75 27 69 65 27 19 68 21 77 67 40 74 49 4 48 3
12 0 68 28 70 30 44 73 10 43 25 28 79 40 10 20 33 60 21 38
32 43 17 77 15 80 9 71 3 30 15 71 42 54 66 34 20 4 43 63
54 70 29 67 57 52 55 72 23 33 31 78 11 20 22 35 64 38 72 54
77 24 28 35 66 80 43 40 3 33 17 24 12 68 77 15 37 57 72 3
69 17 5 17 19 13 62 68 39 14 32 26 57 59 12 42 52 75 75 74
56 51 15 22 33 36 41 13 0 52 47 71 36 13 2 34 48 42 32 6
26 2 80 8 65 54 19 78 17 50 46 19 42 38 68 8 20 42 74 40
77 58 9 53 6 45 43 14 40 23 47 39 65 11 13 76 54 10 28 75
