60 360
1 9
9 28
28 43
43 17
28 23
43 45
28 52
9 7
23 6
43 21
43 33
43 2
43 58
43 19
28 14
58 10
23 8
28 59
58 16
52 32
43 27
6 11
58 22
43 29
59 50
9 54
52 3
10 30
43 12
8 46
52 53
50 25
43 13
25 4
6 60
43 24
27 26
43 5
52 31
58 15
52 18
1 47
22 56
45 48
11 34
31 35
4 36
12 20
2 37
47 38
14 55
21 57
55 39
43 40
2 49
10 41
37 42
35 44
56 51
37 41
32 51
35 45
44 57
19 33
24 13
13 14
11 13
56 34
44 27
29 58
14 41
16 6
4 5
26 29
19 52
42 58
23 37
11 33
2 51
4 44
41 29
27 40
32 36
53 43
59 29
13 27
40 54
16 9
2 14
45 53
19 54
23 39
35 20
50 31
38 1
52 20
17 26
48 53
11 41
57 27
41 30
13 47
56 14
44 52
15 19
13 57
31 28
2 42
13 10
26 44
23 40
28 13
17 12
35 48
51 45
7 40
31 17
8 11
43 42
24 28
34 50
11 14
9 10
29 8
21 44
56 2
46 45
45 6
54 13
5 45
33 44
35 3
57 14
18 17
15 40
6 4
1 33
55 1
40 50
47 59
17 42
35 11
4 31
29 35
58 47
52 36
20 13
57 28
14 52
57 30
56 43
48 29
38 42
52 30
18 50
51 12
37 46
1 58
21 51
9 47
58 59
29 45
30 1
38 16
22 25
9 26
49 18
12 24
31 8
14 58
6 24
51 34
58 21
57 47
54 25
46 22
20 24
5 18
25 46
14 59
8 20
4 57
43 1
1 32
46 18
9 53
5 15
6 40
40 48
15 26
25 45
33 49
51 23
43 6
16 17
8 35
4 29
18 29
16 28
27 31
41 27
42 51
17 27
23 49
11 31
47 6
4 39
42 13
46 50
46 41
16 11
23 5
35 1
17 53
22 8
12 46
28 55
3 43
48 30
5 28
31 53
19 29
35 25
57 11
39 29
3 47
26 33
31 10
32 9
41 39
17 32
8 21
24 9
57 10
12 8
54 35
33 6
27 54
53 5
28 48
43 52
24 7
54 26
41 28
42 35
20 43
45 2
38 44
15 46
10 1
47 19
57 15
28 30
35 57
51 33
27 6
57 37
34 52
49 10
54 59
49 6
10 6
38 39
24 57
4 56
26 28
16 43
51 44
2 19
57 8
21 27
22 24
1 34
11 50
24 32
55 41
6 36
56 6
52 6
27 4
20 6
14 15
37 50
2 31
1 31
26 39
5 33
15 2
14 35
15 47
8 24
1 29
7 58
37 15
58 23
59 3
25 19
10 50
38 48
29 38
59 22
4 19
47 48
18 6
15 41
40 24
15 38
40 55
31 51
26 30
33 27
17 49
42 44
25 27
22 60
49 22
55 24
3 44
14 27
21 56
49 16
59 23
58 44
54 53
18 8
59 15
15 16
7 29
57 53
14 22
41 23
4 55
44 7
53 38
17 8
23 24
23 20
45 41
15 48
11 30
27 18
18 53
50 21
15 44
30 33
56 12
38 33
52 33
56 23
45 3
42 9
58 8
59 42
27 42
5 37
18 40
9 27
25 42
8 25
36 7
400
23 57
53 5
58 2
33 58
17 9
35 16
53 13
24 35
33 58
27 58
24 2
15 53
30 42
19 17
23 53
31 2
45 37
55 58
51 10
3 54
15 20
27 53
7 31
21 31
44 23
41 32
37 56
42 53
13 40
21 38
40 33
52 17
33 9
17 51
2 38
42 18
1 28
22 2
32 33
55 22
6 30
24 10
2 26
21 54
37 1
17 58
13 41
7 6
35 18
42 32
40 43
56 23
1 14
39 27
36 58
35 50
57 54
1 40
42 26
49 41
31 39
20 2
47 55
6 33
27 59
31 23
41 48
6 28
14 49
25 32
37 53
53 52
37 20
8 24
58 33
52 37
30 23
55 32
32 8
55 41
49 17
58 3
55 7
3 7
11 19
23 15
57 34
18 54
10 35
53 36
27 15
54 35
10 9
40 20
26 37
5 22
42 54
15 52
3 26
4 31
4 29
54 11
44 26
53 12
40 43
32 31
18 19
59 1
22 36
28 39
23 1
11 40
20 18
41 12
4 55
36 19
29 24
17 38
15 53
31 26
22 55
27 35
20 26
58 35
8 21
6 39
21 39
35 49
39 24
24 3
21 27
43 56
38 40
48 16
58 34
53 57
46 7
42 17
20 5
9 46
4 2
15 9
26 16
31 52
46 11
57 26
7 20
7 35
35 56
44 56
51 4
56 36
59 53
24 47
23 13
9 46
41 12
39 54
51 1
30 37
35 23
15 6
10 59
51 53
4 16
7 29
27 30
25 6
51 3
7 29
17 28
24 14
24 4
40 8
21 51
43 24
38 23
24 2
26 23
37 40
5 37
49 54
39 40
43 20
32 19
7 50
24 46
24 17
19 43
2 34
44 24
7 32
36 6
42 40
38 2
57 53
7 41
52 53
2 1
32 56
24 57
31 47
22 59
12 21
2 51
31 46
50 43
23 38
14 19
5 32
6 17
14 1
6 2
16 9
4 31
4 14
51 22
10 4
34 54
46 53
27 53
10 20
12 43
32 18
21 5
47 25
45 23
55 10
2 21
53 6
24 52
52 40
41 12
59 55
45 35
22 27
30 38
23 15
22 33
16 8
30 12
41 31
17 6
31 51
7 24
10 14
3 35
58 45
1 36
11 35
37 11
5 41
53 58
43 36
58 20
30 48
18 50
33 25
55 25
31 56
16 43
52 2
22 26
1 6
15 58
19 34
51 38
28 22
27 40
20 34
52 46
56 54
59 24
23 53
58 4
47 41
40 14
15 32
13 46
10 45
55 43
18 29
27 12
30 13
46 32
50 26
9 58
26 18
50 5
49 43
7 58
10 47
18 15
5 3
26 25
7 52
34 26
15 17
36 56
7 46
58 37
56 1
24 55
15 40
15 14
29 2
3 1
38 55
25 41
23 42
48 36
42 32
57 27
21 36
53 39
46 23
22 40
37 27
18 6
52 14
7 5
13 19
11 37
24 22
44 43
32 41
29 9
1 10
26 4
4 16
13 21
56 6
13 36
51 43
48 10
10 21
36 43
7 40
43 51
38 33
48 2
29 4
54 5
3 31
18 45
43 2
25 27
11 49
7 40
49 33
28 35
44 34
23 42
31 22
53 58
44 52
1 10
55 3
42 53
11 50
29 31
9 8
22 37
56 15
55 38
17 41
21 7
36 29
57 35
9 15
16 12
52 38
30 45
54 22
11 42
32 35
20 48
19 13
27 47
26 16
22 18
54 58
44 3
43 12
18 31
35 23
46 15
47 41
21 40
46 57
44 52
9 59
52 22
27 3
29 20
27 30
34 11
37 6
30 27
52 56
