40 160
1 15
15 29
29 23
15 21
21 5
21 19
15 8
19 9
23 6
1 13
29 7
29 10
29 16
29 18
15 24
18 36
29 4
4 38
29 26
29 11
9 14
6 30
13 25
15 17
23 2
18 27
4 28
9 31
7 39
26 32
10 20
19 22
10 33
7 34
5 35
26 37
6 40
33 3
39 12
24 18
29 1
2 18
12 40
5 15
12 19
5 27
13 35
17 36
3 9
28 23
23 34
11 20
21 36
4 36
23 4
37 11
13 2
27 33
6 26
28 33
12 11
8 16
23 22
1 7
33 15
1 6
27 23
11 28
29 12
38 17
10 30
23 16
24 35
23 25
9 35
38 27
18 19
34 39
28 5
12 30
32 17
16 27
35 10
23 13
35 38
28 24
29 27
20 21
38 9
26 16
17 25
24 19
1 19
12 28
26 12
12 15
25 30
17 35
6 5
12 4
23 14
24 22
23 3
26 38
26 13
17 9
35 6
15 4
17 39
35 11
32 21
28 18
4 5
36 14
28 19
39 33
6 36
34 2
7 20
25 7
5 31
34 35
32 18
23 7
16 2
3 39
28 15
18 17
29 2
34 15
39 1
34 9
1 30
15 37
29 30
7 14
21 22
3 14
8 9
1 8
31 19
9 36
14 37
37 24
28 25
2 31
7 21
25 2
23 30
10 39
37 12
24 27
21 34
24 30
29 38
13 22
16 9
9 10
8 10
37 23
200
29 18
20 38
9 27
10 4
17 20
13 35
28 39
15 25
8 22
1 34
3 30
27 19
18 27
21 24
35 28
39 19
9 18
26 36
11 6
1 9
30 35
13 36
15 26
23 13
33 21
25 1
35 13
11 17
32 35
8 27
38 18
27 19
9 31
37 9
29 35
10 13
9 38
21 19
2 28
9 6
17 29
15 26
19 9
11 8
23 32
34 30
5 27
21 11
6 7
16 19
23 33
6 7
20 5
14 29
37 2
30 4
36 9
4 30
22 29
23 2
38 9
10 27
4 3
1 22
37 1
27 33
31 39
11 28
23 8
3 20
19 23
39 31
35 24
14 9
38 18
10 35
38 20
37 28
32 19
25 28
35 20
12 33
34 8
25 31
1 38
14 34
6 31
19 30
20 1
25 11
15 17
6 17
33 12
8 16
20 5
9 39
4 16
34 23
38 14
38 31
36 17
31 15
13 16
4 12
16 31
10 37
6 13
3 38
29 1
1 21
31 12
6 35
4 10
4 27
27 32
10 17
17 30
22 33
34 15
29 4
11 10
6 24
3 19
12 20
11 18
18 21
27 18
28 34
12 17
15 33
8 20
31 4
3 26
28 9
31 34
31 27
11 7
15 3
23 1
11 35
15 6
8 31
18 37
2 28
32 20
4 19
21 35
12 20
23 17
38 7
26 19
2 31
17 22
20 7
21 6
27 26
11 22
6 13
16 6
38 7
8 6
36 23
22 4
18 36
35 4
18 32
29 35
16 4
36 17
27 19
28 23
13 28
30 2
25 29
10 30
7 1
32 13
38 10
18 20
24 38
34 22
18 4
38 25
23 34
33 7
36 39
32 4
7 4
16 38
3 37
17 18
11 29
34 29
2 12
38 5
14 18
14 16
1 21
8 33
16 21
