30 90
1 11
11 21
21 17
11 16
16 4
16 14
11 6
14 7
17 5
1 10
21 8
21 9
21 12
21 15
11 18
14 27
21 3
3 29
21 19
21 13
7 20
4 22
10 23
11 24
17 2
13 25
29 28
3 26
7 30
5 29
19 17
8 13
14 15
8 19
5 10
4 20
20 10
5 23
6 28
11 20
24 1
3 19
25 20
3 30
29 26
14 17
29 2
18 14
22 1
2 13
9 29
4 11
9 14
4 21
10 26
13 27
2 7
21 18
17 26
8 15
16 27
3 27
17 3
27 9
10 2
20 26
4 19
21 25
9 8
6 12
18 17
1 5
25 11
1 6
20 17
8 22
22 9
28 13
8 23
17 12
18 26
17 22
7 26
28 20
13 14
25 29
21 5
9 23
24 12
12 20
100
26 8
17 10
26 28
21 18
22 20
15 16
28 7
19 12
13 18
18 14
1 14
9 21
20 9
9 12
18 22
13 26
4 3
9 3
17 11
18 17
17 1
19 29
19 10
13 7
26 5
11 3
13 29
26 8
24 16
21 13
27 11
21 14
29 25
5 27
26 2
5 15
18 5
4 23
25 26
24 12
17 5
12 1
3 29
21 11
14 13
21 2
26 11
29 1
25 7
1 23
11 28
5 10
16 15
2 10
1 5
24 14
7 26
11 28
27 18
21 18
1 23
5 15
19 2
17 21
7 29
28 8
18 20
16 26
18 22
22 28
10 17
12 7
6 7
28 17
22 14
15 29
7 20
8 3
13 15
10 26
21 29
11 18
6 16
1 25
2 22
20 14
14 20
16 18
27 21
29 14
7 14
20 27
8 4
1 7
22 26
10 27
12 19
18 10
25 16
19 1
