80 640
1 12
12 38
38 57
57 23
23 31
57 60
38 70
12 9
31 8
57 28
57 44
57 3
57 77
57 26
38 18
77 13
31 10
38 78
77 21
70 43
57 36
8 11
77 29
57 39
12 72
70 4
13 41
57 14
10 62
70 69
69 33
57 15
33 5
8 79
57 30
36 34
60 6
69 32
78 2
69 19
1 61
29 75
60 63
14 27
43 40
5 35
18 16
2 17
63 37
18 71
28 76
75 49
57 48
3 64
14 42
57 7
48 56
19 80
75 22
49 54
43 73
48 65
26 45
32 20
17 24
15 25
75 46
60 47
18 55
21 50
5 51
35 52
25 74
30 53
15 58
2 68
6 59
54 66
36 67
43 48
71 57
79 38
18 37
53 72
21 11
2 19
60 70
26 72
31 52
47 26
66 42
50 1
69 25
22 34
64 70
15 54
76 37
55 39
18 63
75 19
58 70
21 25
17 76
41 38
3 58
17 13
34 58
30 52
37 17
22 15
47 64
69 60
10 54
41 22
11 14
57 56
32 37
45 67
15 17
12 14
39 10
29 58
75 3
61 60
60 8
72 18
7 60
44 58
47 4
76 18
24 23
20 54
8 5
2 44
74 1
53 66
63 78
23 56
47 15
6 41
39 46
78 64
70 48
27 18
76 36
19 70
75 39
75 57
64 39
50 56
70 40
24 67
68 16
49 62
2 77
28 69
12 62
78 79
38 60
40 1
51 22
30 33
11 34
65 24
15 32
41 10
18 78
8 33
69 45
77 28
76 63
72 33
62 29
27 32
7 24
33 62
19 74
11 26
5 76
58 2
1 43
61 25
12 70
7 20
8 54
54 65
20 35
34 60
45 66
68 30
58 8
22 21
11 47
5 38
24 39
21 37
37 42
54 35
55 68
23 35
31 66
15 41
63 7
5 53
56 17
62 67
62 54
21 15
30 6
47 1
22 71
30 11
16 62
37 74
4 57
64 40
7 38
41 70
25 39
46 33
76 14
52 38
3 62
35 44
41 14
43 12
54 52
22 43
11 27
32 12
76 13
15 11
72 46
43 8
37 72
70 7
37 64
58 71
32 8
72 34
55 38
56 46
26 58
60 3
51 58
19 61
13 1
63 25
76 19
37 40
47 76
68 45
37 8
76 50
46 69
65 13
72 79
65 7
13 8
50 51
32 75
5 75
34 37
21 58
68 59
3 25
76 10
29 36
29 31
2 43
15 67
32 43
74 54
8 49
75 8
69 8
36 5
26 7
19 20
49 67
3 42
2 41
34 52
6 44
20 3
18 46
21 61
11 31
1 39
10 78
49 20
77 30
79 4
33 25
13 66
51 64
39 51
79 30
6 25
62 64
23 6
20 55
53 31
20 51
53 74
41 68
34 40
44 34
23 65
56 59
33 36
29 78
66 29
74 32
4 59
19 36
28 75
65 21
78 31
77 56
72 71
24 10
79 20
20 21
9 39
76 71
19 29
55 31
5 73
58 9
70 50
22 11
30 31
30 26
60 54
19 63
14 40
36 24
25 70
67 28
19 59
40 44
75 16
51 44
69 42
75 30
60 2
56 12
77 11
79 56
36 58
6 49
24 54
13 36
33 55
11 32
48 8
31 76
71 6
77 3
44 78
22 12
47 21
71 19
33 47
44 79
22 23
36 77
32 3
20 71
40 56
25 22
30 71
42 4
60 50
27 28
74 77
69 14
4 72
21 27
36 71
9 41
28 41
59 31
54 42
50 75
57 72
17 54
27 51
54 44
70 22
43 13
23 68
3 51
57 24
1 37
30 2
42 45
73 29
8 40
33 13
2 34
28 72
50 2
23 77
17 55
10 8
46 23
55 43
54 58
75 31
1 18
52 36
48 77
47 66
77 73
2 53
56 35
65 55
41 52
27 3
63 73
8 44
35 79
42 31
55 64
8 38
18 66
33 43
50 71
71 70
49 26
11 33
78 45
69 50
40 30
73 44
43 10
73 54
66 23
77 4
73 10
3 9
14 26
31 20
76 45
24 72
13 46
71 48
36 20
72 47
13 12
53 27
35 50
7 29
56 72
20 70
4 35
5 41
5 39
72 15
59 35
71 15
54 57
42 43
25 26
79 1
29 48
38 53
30 1
78 77
14 53
26 24
54 16
5 74
48 25
38 32
23 51
19 72
41 35
30 74
37 47
27 35
77 47
11 29
8 52
28 52
47 65
53 32
32 4
79 80
28 36
57 76
51 54
65 22
78 46
71 77
61 9
56 22
27 7
12 61
5 2
20 11
35 21
42 70
62 15
76 35
10 26
9 47
47 74
59 75
68 5
74 48
78 71
32 62
31 17
12 63
55 15
52 72
69 1
8 9
40 49
46 31
20 8
14 78
68 71
5 22
38 39
10 38
37 41
78 80
34 8
68 4
10 40
22 37
32 19
32 5
54 11
28 68
57 32
51 31
32 2
35 30
49 53
6 50
65 73
52 55
58 27
43 25
9 66
32 63
33 23
26 59
3 45
59 32
9 42
48 7
56 53
51 4
76 72
9 54
69 71
3 1
43 75
32 76
42 63
29 79
16 29
2 69
41 61
67 57
30 51
18 25
7 43
7 22
18 2
8 2
21 12
6 42
6 18
68 31
13 5
45 72
62 70
37 71
13 27
16 57
35 34
42 24
28 6
62 34
60 31
74 13
3 28
71 8
32 70
70 53
55 16
79 73
60 46
29 37
40 51
30 21
29 44
21 13
40 16
54 41
22 8
42 68
10 32
13 19
4 48
77 60
1 49
15 46
49 14
7 55
70 78
57 49
77 26
41 64
24 68
44 33
74 33
42 74
22 58
70 3
30 34
1 8
20 78
26 46
68 51
37 30
36 53
27 46
70 63
75 72
79 32
30 72
77 6
700
63 55
54 19
20 43
18 62
14 59
73 57
24 39
36 16
40 17
62 43
67 35
11 78
34 24
67 7
65 58
9 78
13 62
25 20
6 3
34 33
9 70
45 35
20 23
48 74
10 62
78 49
74 1
31 74
20 54
20 18
39 2
4 1
51 74
33 55
30 56
64 48
57 43
76 36
28 48
71 52
61 30
29 53
50 37
23 7
70 19
9 7
17 26
15 49
32 30
59 58
42 54
39 12
1 14
34 6
6 21
17 28
74 7
18 48
68 57
64 13
13 28
48 58
10 53
58 68
51 44
65 3
38 5
73 7
4 41
24 60
57 3
34 37
14 66
9 53
65 44
38 47
70 71
58 46
33 34
30 56
41 29
71 77
59 69
1 13
73 3
57 70
14 67
39 41
12 11
29 50
75 19
73 50
23 55
27 9
48 38
77 47
12 21
21 16
70 51
39 61
72 29
15 57
43 47
26 64
26 17
36 63
35 22
29 24
73 78
58 4
58 15
23 42
46 30
62 20
63 55
28 53
61 77
59 70
12 79
69 29
35 4
39 26
36 40
45 14
50 7
40 36
69 74
50 61
32 25
33 71
65 56
28 37
17 21
5 46
70 16
73 59
10 75
27 53
14 58
10 13
72 60
5 40
78 7
8 31
69 58
45 46
30 25
28 79
60 46
25 75
52 45
41 45
39 5
72 9
44 49
66 58
58 20
4 77
62 59
18 19
72 51
4 27
27 58
8 47
38 60
65 20
24 74
12 79
27 13
65 41
12 69
18 28
6 20
56 58
32 78
25 40
57 32
27 31
58 63
65 56
18 26
13 71
23 56
15 35
28 17
38 53
42 60
68 48
71 40
18 10
50 62
9 39
37 68
26 11
26 77
58 6
6 23
70 72
59 27
14 77
75 36
40 29
79 63
16 37
43 6
23 66
25 63
47 41
73 1
64 11
58 57
45 47
73 56
39 29
70 50
66 35
17 33
61 33
1 3
26 5
19 68
41 55
59 19
8 10
41 4
75 38
19 47
54 71
47 73
1 29
38 74
56 44
4 46
70 15
42 10
3 20
18 10
76 18
47 43
9 69
23 63
37 3
2 56
33 4
39 79
20 62
47 19
60 39
19 59
50 67
51 19
75 11
62 74
68 53
39 70
15 19
79 11
11 28
38 20
75 51
77 20
57 36
28 23
21 73
21 36
11 70
42 4
12 43
26 36
50 26
58 24
2 22
34 16
52 39
68 28
38 27
77 6
21 2
2 73
39 33
21 54
66 36
19 16
25 74
63 10
57 39
45 8
56 19
34 55
1 42
1 44
41 66
7 5
5 72
77 52
68 51
13 3
1 72
75 3
22 15
15 71
55 11
9 32
21 61
78 45
51 58
42 16
32 33
62 40
12 20
77 79
69 54
49 70
4 32
56 74
73 20
42 13
28 63
10 77
60 5
70 8
8 26
60 42
2 56
77 76
49 10
44 29
24 22
74 64
22 13
66 70
78 62
62 70
42 77
6 46
38 37
35 39
17 71
34 17
29 30
13 51
35 57
21 5
42 78
3 27
72 17
65 25
44 78
68 53
77 20
9 16
50 6
79 29
79 66
48 22
11 30
47 61
1 55
16 33
76 13
27 71
51 46
23 21
75 19
58 36
27 32
63 6
9 75
31 63
18 40
55 26
9 15
32 14
22 19
41 18
28 57
56 61
2 29
51 13
19 51
22 27
64 74
76 63
26 79
66 71
9 1
51 5
60 71
13 10
34 48
71 29
9 3
2 7
47 61
35 67
64 29
73 20
24 39
31 13
39 49
47 59
78 56
56 74
31 48
21 48
75 59
11 58
57 23
74 63
53 72
34 62
16 68
30 68
56 20
52 66
74 57
69 26
65 54
73 54
22 64
30 1
31 52
45 54
53 46
23 62
2 12
32 24
25 60
75 28
71 48
68 50
52 24
28 37
44 55
65 62
8 52
64 31
4 3
65 72
64 1
5 9
50 62
40 5
14 70
12 71
62 5
45 76
78 41
78 1
79 42
10 31
75 78
20 21
37 36
60 8
17 70
45 3
15 61
9 22
10 11
29 56
1 50
34 3
53 31
32 44
7 29
5 50
22 37
14 52
77 49
12 16
64 27
47 24
45 78
41 20
77 19
29 5
63 75
44 38
32 79
76 60
48 3
10 63
33 72
62 59
55 22
73 12
21 16
60 79
37 40
46 79
76 53
78 74
69 51
29 20
71 25
51 72
34 73
3 51
61 8
40 21
63 15
60 49
63 13
24 35
64 44
44 19
38 18
54 22
2 71
9 45
24 10
78 17
12 75
27 30
5 28
27 38
26 32
75 27
67 29
31 69
2 55
66 2
53 76
13 66
79 73
8 20
69 55
24 78
35 11
63 59
54 20
75 41
50 20
8 52
70 55
61 4
57 44
5 51
32 46
14 22
65 18
56 13
70 61
77 63
62 44
79 43
49 29
3 6
2 78
28 69
66 17
69 34
76 52
6 44
4 20
73 26
25 63
45 13
78 7
32 41
53 18
32 19
61 42
42 40
19 74
22 40
21 16
43 3
56 7
75 34
55 41
62 52
14 38
30 52
33 1
55 2
24 64
24 49
29 60
65 30
46 48
6 38
7 58
30 8
61 10
55 65
56 9
61 77
23 57
44 42
43 71
59 69
76 62
22 63
63 62
53 46
46 58
62 37
75 64
3 59
12 69
60 74
7 2
41 38
18 73
22 14
56 4
3 34
69 35
36 42
40 38
43 56
51 43
28 43
8 53
26 42
14 5
44 65
26 23
76 72
77 51
49 61
49 25
78 13
71 52
61 27
25 34
29 68
16 2
39 63
79 74
73 40
10 12
2 32
71 12
43 10
16 77
54 24
51 22
10 61
21 42
5 69
17 79
11 7
16 12
55 75
4 17
9 4
11 68
26 6
24 76
21 61
60 32
79 6
43 57
75 46
32 12
9 50
33 52
24 75
39 37
52 41
37 72
74 20
70 21
56 74
39 30
11 61
32 27
56 18
23 25
9 41
72 18
57 58
49 6
63 44
67 46
39 25
70 4
73 41
22 6
48 67
42 76
43 21
75 9
25 23
78 16
72 1
37 71
65 63
61 24
54 51
26 77
16 63
54 60
67 49
2 30
51 47
35 13
