50 250
1 19
19 36
36 29
19 27
27 6
27 24
19 10
24 11
29 7
1 16
36 8
36 12
36 20
36 23
19 31
23 45
36 5
5 48
36 33
33 9
11 18
7 37
16 30
18 17
29 2
23 32
6 34
11 35
8 49
33 38
16 21
23 25
12 39
8 22
6 40
33 26
7 41
10 47
19 42
41 3
5 43
42 44
5 50
48 46
23 28
48 4
37 13
4 14
29 15
46 14
16 2
33 42
7 32
36 42
15 13
9 20
29 28
1 9
41 19
1 8
34 28
14 35
37 15
48 22
13 38
29 20
30 44
29 32
11 44
47 34
22 23
42 48
35 6
15 38
40 21
20 34
44 13
29 16
44 48
34 29
36 34
25 27
47 12
32 20
21 31
30 24
1 24
15 36
33 15
15 19
31 37
22 44
7 6
15 5
28 18
29 30
29 3
33 48
32 16
22 11
44 7
19 5
22 49
44 14
40 27
35 22
5 6
46 18
35 23
49 42
8 45
43 2
8 25
31 9
7 39
42 43
40 22
28 7
20 2
4 49
35 19
23 21
36 3
43 18
48 1
42 12
1 38
18 47
36 37
9 17
26 24
3 17
10 9
1 10
39 23
11 43
17 47
46 30
35 30
2 39
9 25
31 3
29 35
12 49
46 15
31 34
27 43
29 37
36 48
16 28
20 11
11 12
10 11
47 28
37 23
25 48
12 34
13 5
3 4
22 24
16 44
35 48
19 32
9 27
2 42
4 37
34 24
23 34
27 30
44 36
49 24
11 23
33 45
13 7
2 12
38 44
16 45
19 33
29 17
41 26
31 1
43 16
14 21
40 44
10 34
47 23
34 25
11 39
47 13
36 45
13 16
11 47
26 25
2 35
11 8
21 36
19 34
23 12
14 10
29 40
43 37
6 36
26 14
7 9
36 35
20 23
28 42
9 11
8 9
24 7
18 36
47 2
38 37
37 5
45 11
5 38
28 36
29 4
48 11
15 16
12 35
5 4
1 28
46 1
33 41
39 49
14 36
29 9
4 26
24 29
48 39
43 30
17 11
48 23
12 44
47 25
47 36
40 24
31 35
43 25
15 42
42 10
31 38
1 49
18 44
8 39
49 50
24 37
25 1
32 14
300
19 21
7 21
41 15
10 20
26 6
11 49
5 20
43 28
48 17
48 39
45 21
38 18
17 20
4 15
20 38
12 46
7 16
3 47
36 1
1 27
38 15
8 44
4 13
5 34
33 40
13 22
21 37
28 41
43 19
36 5
14 13
7 30
3 24
15 24
13 23
23 26
34 22
35 42
14 22
19 41
9 25
39 5
3 33
35 11
39 42
39 34
13 9
19 4
29 1
14 44
19 7
10 39
23 46
3 36
40 25
4 24
26 44
16 24
29 21
48 9
32 24
2 39
22 28
25 8
27 8
34 32
14 27
7 16
20 8
47 8
10 7
45 29
27 5
23 45
44 5
23 40
36 43
20 5
45 21
34 24
35 29
17 36
38 2
32 36
12 38
8 1
40 16
47 12
23 25
29 47
43 28
23 5
47 31
29 43
41 8
45 49
40 5
8 5
31 32
20 47
4 46
21 22
13 36
42 37
2 16
47 6
18 22
18 20
1 27
10 42
20 27
46 34
5 30
47 5
43 5
23 3
17 5
31 42
2 26
1 26
22 32
4 27
13 2
11 29
13 38
7 19
1 25
6 49
31 12
48 19
49 3
21 16
8 41
32 40
25 32
49 19
4 16
39 40
15 4
12 34
33 19
13 32
33 46
26 42
21 25
28 21
15 41
35 37
21 22
18 48
41 18
46 20
3 37
12 23
18 46
40 13
49 19
48 35
45 44
15 6
49 12
13 12
6 24
47 44
12 18
34 19
3 45
36 6
44 31
14 7
19 16
37 34
12 39
9 25
23 15
15 44
42 18
12 37
25 28
47 10
32 27
43 26
47 18
37 2
35 8
48 7
49 35
23 35
4 30
15 33
8 22
21 35
7 19
30 5
19 48
44 4
48 1
27 48
14 8
30 13
44 11
20 29
28 48
23 48
20 2
13 44
25 35
16 14
19 44
26 2
37 31
46 48
43 9
3 45
13 17
22 44
6 26
18 26
37 19
34 26
31 47
35 44
11 34
17 32
34 27
44 14
27 8
14 42
2 32
35 15
1 23
19 2
26 28
46 18
5 25
20 8
2 21
17 45
31 1
14 48
11 34
6 5
29 15
35 27
33 36
47 20
1 12
32 23
30 48
29 41
48 45
1 33
35 22
40 34
25 32
17 2
39 46
5 27
22 49
26 19
35 40
5 23
12 41
21 27
31 44
31 17
7 20
49 27
43 31
25 19
46 27
27 6
46 34
41 15
48 3
46 6
2 6
9 16
20 13
47 28
15 45
8 29
44 30
22 12
45 29
33 17
22 31
4 18
35 45
13 44
2 22
3 26
3 24
45 10
37 22
45 10
33 36
15 16
49 1
18 30
