20 72
-415 -472
-304 494
-201 -224
292 -56
-286 -71
181 -492
74 -314
250 24
-208 351
-375 -371
-232 157
212 210
-468 -493
-208 -491
483 -164
-216 324
-433 49
283 -177
407 -204
-27 -269
5 9
8 13
13 20
8 9
14 9
18 6
16 13
17 19
7 16
12 8
1 17
13 7
6 4
20 7
10 7
11 18
1 20
1 5
17 4
17 13
17 17
18 20
17 7
10 2
2 3
3 17
2 4
12 13
19 9
10 3
9 4
2 5
1 6
9 18
16 16
17 6
17 12
3 8
13 15
9 17
8 8
10 9
2 18
4 1
9 16
18 15
20 14
17 16
2 6
1 12
1 18
5 6
7 12
15 9
18 13
18 7
5 19
14 3
12 19
12 6
6 6
20 16
14 11
15 16
17 5
12 2
18 16
3 13
15 10
17 14
4 15
12 14
7 4
