50 469
-415 -472
-304 494
-201 -224
292 -56
-286 -71
181 -492
74 -314
250 24
-208 351
-375 -371
-232 157
212 210
-468 -493
-208 -491
483 -164
-216 324
-433 49
283 -177
407 -204
-27 -269
295 59
111 -140
-144 -482
111 83
-175 63
-361 236
-278 -132
-305 -402
166 -263
-82 148
488 -315
-117 183
231 302
-477 162
20 176
-8 -376
499 -465
-96 114
499 280
-323 321
-315 -142
-306 -345
-364 -482
-301 168
34 432
409 384
364 -341
409 337
-76 -109
-442 74
23 6
21 9
4 11
3 15
21 44
39 39
41 14
43 30
6 19
32 38
22 43
18 20
45 23
23 23
19 8
5 45
9 2
41 41
22 39
44 38
49 33
39 21
6 25
43 38
5 15
1 29
1 45
11 14
18 28
37 22
45 31
45 16
13 46
3 10
34 6
29 47
28 14
47 22
14 13
31 41
50 38
43 17
43 2
49 44
21 41
33 26
30 47
36 39
42 11
29 4
45 40
7 33
36 25
42 34
10 36
30 35
17 8
50 42
41 30
5 38
31 37
22 23
13 35
25 37
14 26
13 5
14 16
33 12
10 46
48 45
47 18
6 4
18 40
28 47
46 48
28 11
44 28
41 22
42 32
50 4
1 43
42 8
39 41
6 31
41 5
42 28
29 28
4 8
7 38
15 24
16 13
1 35
23 35
20 5
7 9
14 45
50 36
39 32
42 42
11 5
40 12
33 17
29 14
36 11
34 49
12 20
17 23
23 14
12 29
33 5
31 2
27 9
12 23
12 19
36 8
44 39
28 20
31 42
36 12
1 40
46 15
28 19
30 30
44 42
20 36
41 50
33 50
43 26
21 14
45 7
47 49
3 11
24 11
34 14
13 40
37 47
12 41
21 31
12 5
18 12
16 2
33 31
18 8
29 19
24 6
14 39
10 27
38 15
43 48
20 34
45 33
12 35
40 32
42 21
45 6
33 23
35 16
15 9
2 6
2 30
27 39
40 28
12 27
20 32
16 12
37 1
30 25
23 43
26 29
13 44
32 36
30 1
26 2
15 15
47 27
30 17
40 39
44 40
39 3
32 4
14 10
18 10
39 16
30 20
40 5
41 36
9 1
21 15
44 7
34 11
41 6
43 37
49 29
43 5
20 4
48 30
12 12
30 29
9 35
5 36
27 14
50 35
49 32
39 13
6 39
11 43
22 21
26 12
21 25
11 13
25 13
6 46
2 35
42 30
3 5
29 22
33 40
31 24
8 11
26 21
11 25
15 45
16 30
47 42
45 12
40 42
43 14
5 4
20 31
30 28
48 27
41 23
46 32
38 36
7 25
29 42
19 47
12 32
11 37
41 10
16 28
48 29
47 6
43 21
26 16
9 36
32 7
13 38
34 40
3 30
31 4
8 16
46 14
13 47
17 9
27 43
38 28
33 33
30 37
34 18
38 23
17 39
9 28
11 23
12 7
36 24
42 4
8 12
37 34
9 23
31 22
35 44
16 3
13 24
27 29
10 49
10 39
34 16
26 5
10 21
8 46
31 28
47 24
19 11
48 8
46 31
29 39
48 6
38 19
7 8
19 9
1 16
47 12
44 43
13 22
7 42
46 3
39 38
38 24
23 19
41 24
15 42
21 24
27 26
28 22
39 11
37 49
37 6
29 16
12 50
21 1
7 27
19 25
46 18
13 6
23 47
11 32
17 11
32 15
1 18
30 15
25 49
10 25
31 31
8 32
5 2
45 43
1 14
50 49
40 20
18 49
11 26
17 17
43 15
21 20
11 35
10 7
11 29
22 14
31 19
38 12
31 11
16 48
23 46
39 26
42 19
17 19
19 1
15 11
28 23
41 1
7 17
17 15
30 39
41 29
20 41
9 18
10 38
19 43
11 40
29 33
41 38
46 36
24 29
37 10
23 40
29 46
34 22
25 32
40 26
12 1
27 16
39 4
36 22
2 4
48 14
15 7
34 35
18 13
15 18
6 40
10 23
24 33
32 10
44 20
41 17
48 18
8 22
34 1
20 26
13 43
41 27
14 20
36 17
23 48
25 28
28 41
19 2
7 2
15 22
4 48
11 38
33 18
37 5
25 27
16 7
49 5
2 22
7 36
16 42
49 38
24 19
17 45
14 19
9 14
24 45
20 19
45 36
24 5
48 2
33 6
35 4
28 46
25 22
50 9
12 37
1 24
42 23
18 4
42 3
24 26
30 36
22 33
42 38
19 48
28 32
46 11
50 18
9 42
10 15
22 1
49 15
14 44
14 18
44 22
46 21
15 26
13 37
33 15
25 46
47 5
32 14
43 42
47 8
16 44
48 48
43 6
21 21
35 35
8 31
25 40
38 29
45 32
20 15
19 10
5 18
24 34
46 24
45 28
4 25
