150 4280
-415 -472
-304 494
-201 -224
292 -56
-286 -71
181 -492
74 -314
250 24
-208 351
-375 -371
-232 157
212 210
-468 -493
-208 -491
483 -164
-216 324
-433 49
283 -177
407 -204
-27 -269
295 59
111 -140
-144 -482
111 83
-175 63
-361 236
-278 -132
-305 -402
166 -263
-82 148
488 -315
-117 183
231 302
-477 162
20 176
-8 -376
499 -465
-96 114
499 280
-323 321
-315 -142
-306 -345
-364 -482
-301 168
34 432
409 384
364 -341
409 337
-76 -109
-442 74
40 398
99 331
439 298
454 213
97 -372
-279 -265
-314 226
-341 -82
381 132
-127 -241
62 -345
142 104
-389 56
47 59
132 353
420 -382
321 478
-310 -317
69 -272
-373 -242
-471 -151
-274 83
392 18
-350 -251
402 211
481 -67
493 -394
296 223
157 -57
-235 74
-399 -103
-382 190
255 -416
460 312
-171 383
-65 -437
-58 235
-431 61
234 241
-109 -302
-500 -259
-358 167
-343 469
-464 -362
90 -302
-158 -16
-83 -422
-215 -267
-327 294
-70 440
-384 -298
380 -142
-216 12
-338 -160
304 -216
-92 -199
178 345
-491 -336
-314 -80
408 -253
-109 -230
62 59
255 -182
12 -221
228 -19
240 412
234 199
-145 271
312 -405
-458 -381
-425 157
390 432
158 -289
-43 -429
-419 -460
-44 287
-374 -50
-315 75
-328 -134
-496 422
490 -355
-339 351
-279 -304
384 -119
-316 416
-327 -44
-75 -58
427 354
377 -243
207 23
180 259
500 -196
50 -196
105 409
370 340
222 -396
-382 -115
-493 -207
-261 -124
-327 -323
33 15
118 36
142 137
98 49
87 41
108 31
101 147
127 90
36 59
51 69
69 42
36 85
99 13
93 6
80 27
35 67
19 97
35 55
106 22
132 115
83 58
6 128
92 124
107 35
3 118
136 45
82 55
89 88
130 126
59 106
121 150
98 150
128 78
61 40
135 21
141 146
7 33
72 31
101 41
39 120
111 140
35 122
62 92
35 14
54 36
116 108
46 5
35 108
97 93
52 23
20 27
39 138
87 55
71 17
16 56
40 116
30 81
114 45
128 143
58 100
133 97
36 104
119 96
125 63
135 16
99 68
103 46
45 26
6 18
135 99
4 89
79 117
118 83
36 81
58 95
47 36
110 1
88 74
67 127
77 85
38 130
94 107
90 2
36 108
77 6
68 34
44 43
139 81
90 51
25 19
120 115
117 120
131 118
115 9
95 11
42 29
52 29
117 48
74 17
89 60
81 35
150 122
119 13
123 108
27 2
63 44
131 21
42 62
102 32
123 18
127 110
147 86
128 14
37 119
125 24
58 10
143 90
34 35
88 86
25 105
13 106
81 40
89 89
148 103
147 96
112 148
116 39
18 115
31 129
64 61
77 34
61 74
32 39
75 38
18 138
4 103
124 89
7 15
62 73
85 65
97 120
91 72
22 33
64 67
78 63
32 74
94 126
43 135
48 90
139 124
134 36
119 124
128 42
14 11
59 92
89 84
33 107
143 79
123 69
137 94
112 107
20 74
85 124
57 139
34 95
33 109
83 88
123 30
48 83
8 44
142 86
141 17
129 61
77 48
26 106
95 21
141 89
38 114
100 118
8 88
93 12
24 47
145 87
138 42
38 140
49 27
1 127
80 129
114 84
99 97
90 109
102 54
112 68
49 117
26 82
17 100
32 68
36 19
107 71
124 12
24 36
109 100
26 69
92 65
105 130
48 9
39 72
81 87
30 146
29 116
102 48
141 66
76 14
29 63
23 136
35 96
92 82
139 72
37 70
55 33
23 51
142 24
30 40
138 93
86 117
142 16
112 56
21 24
57 25
3 46
139 36
130 128
68 67
136 142
76 129
97 134
38 65
19 125
137 8
29 106
117 112
124 90
112 70
118 2
68 57
121 70
70 141
89 103
45 126
5 91
61 70
79 77
83 65
115 32
110 147
111 16
86 47
36 150
47 88
63 1
33 38
20 79
56 74
136 53
38 17
10 18
68 139
3 47
31 95
51 33
95 43
3 52
88 44
73 146
139 111
28 74
126 92
91 93
116 107
14 38
24 94
13 6
134 128
33 10
2 40
148 147
120 58
52 146
32 77
50 50
129 45
62 59
33 104
28 20
34 23
103 37
31 85
66 42
92 56
114 35
92 31
119 135
47 144
69 137
8 13
46 83
116 76
124 55
51 56
56 1
44 31
82 67
122 2
141 35
21 50
50 43
88 116
123 87
58 122
62 126
27 53
28 112
57 127
32 119
43 9
85 98
118 39
122 113
137 106
72 87
111 29
69 118
86 136
101 64
75 95
26 49
120 77
34 1
80 48
115 11
108 64
6 11
23 108
144 41
44 20
101 105
53 37
43 52
17 120
28 67
120 100
71 99
96 29
131 58
121 49
144 52
22 66
111 65
141 110
102 3
58 77
38 129
121 81
41 59
106 50
30 73
68 143
73 83
84 123
57 6
82 93
35 23
21 4
44 64
11 143
33 112
99 54
56 34
72 121
111 13
73 80
119 126
47 19
147 14
5 66
19 79
20 106
40 78
113 116
91 63
48 126
146 112
70 55
49 134
148 124
42 55
26 41
70 133
68 114
18 117
59 57
8 31
133 106
124 63
71 13
26 52
143 5
79 25
97 16
105 10
84 136
73 64
149 25
102 146
36 109
14 77
2 70
125 67
54 12
124 9
81 42
70 77
88 107
69 68
66 99
34 2
125 113
55 143
83 95
137 33
117 88
120 34
6 90
35 97
149 53
27 126
131 19
28 44
66 3
85 70
145 44
112 145
128 79
38 138
41 131
40 54
28 81
131 64
136 61
92 125
128 40
106 96
141 38
40 66
43 77
38 111
99 43
112 129
42 84
74 138
140 14
94 40
128 126
139 22
34 55
46 132
78 99
144 142
127 17
62 61
104 104
23 93
73 119
112 85
133 95
41 54
60 44
56 29
13 52
70 102
136 70
133 82
10 74
114 139
13 13
116 131
104 92
17 126
22 23
62 39
130 93
52 86
22 104
11 51
59 37
23 25
52 103
123 3
125 101
56 70
79 23
2 135
95 61
23 100
146 37
34 115
129 20
117 111
8 75
55 115
54 89
100 88
85 149
146 132
54 106
23 7
76 111
6 84
31 7
11 1
43 113
60 67
126 115
42 17
29 101
135 3
34 139
88 146
101 10
119 121
19 54
127 135
16 69
44 39
118 132
118 56
140 136
81 123
125 49
98 72
120 113
85 16
73 15
59 89
145 25
133 92
42 120
78 7
104 19
123 9
67 92
136 46
69 73
145 70
137 70
23 89
28 73
32 108
71 24
93 60
93 87
53 125
101 74
108 139
113 109
73 40
114 32
52 81
91 86
20 93
76 27
44 100
67 77
137 95
84 91
61 42
95 149
59 99
88 108
89 113
57 63
25 141
108 115
47 41
13 19
91 44
54 80
69 103
96 129
115 147
51 89
62 37
89 27
63 141
79 123
112 6
63 34
129 32
91 41
136 52
25 53
61 75
83 97
45 90
85 128
35 20
86 82
73 50
13 63
147 120
116 65
121 91
106 98
140 44
131 7
63 60
53 62
150 11
49 14
28 4
120 84
57 58
44 23
97 58
91 141
100 38
53 33
148 35
54 140
116 132
74 127
49 67
75 130
42 30
5 94
27 8
76 53
20 66
134 98
5 136
98 124
49 102
66 81
16 64
132 12
136 72
58 19
60 143
59 32
58 53
112 62
142 87
53 66
85 122
30 150
8 93
116 73
70 31
19 144
109 52
137 18
96 31
63 109
47 104
125 76
122 99
98 56
59 103
129 54
50 121
138 110
66 37
72 72
79 7
122 100
146 61
115 42
84 47
115 67
20 62
88 69
41 44
36 56
65 144
15 53
5 40
2 50
104 86
132 1
12 108
60 49
9 45
57 148
138 116
133 93
5 9
141 114
141 72
135 39
116 64
61 43
50 69
147 84
8 42
81 119
2 112
5 111
66 48
150 93
114 21
101 55
4 80
5 110
64 89
69 121
74 44
129 134
66 46
41 17
42 143
132 150
146 17
52 32
130 83
9 134
87 21
121 115
16 94
118 104
39 60
75 11
10 49
25 112
113 84
3 84
26 118
17 118
97 95
31 52
118 103
37 84
83 29
95 72
40 133
66 88
148 40
12 143
51 140
33 70
40 50
80 86
101 35
135 50
44 109
45 66
102 24
84 66
128 96
132 108
19 132
3 125
119 77
93 142
7 48
146 23
3 56
135 128
70 40
66 115
56 35
84 116
11 93
111 20
100 36
82 52
16 99
62 60
13 135
67 99
82 107
106 33
22 95
129 42
60 92
10 112
112 78
4 95
50 84
114 9
58 8
133 72
55 107
16 100
93 141
106 136
29 8
139 9
118 108
35 128
134 84
80 13
134 54
90 71
32 13
76 31
97 10
55 85
87 82
47 42
15 97
109 142
6 69
48 107
43 33
91 29
8 59
98 22
59 116
11 81
91 2
95 45
116 47
2 36
141 8
35 36
134 56
73 9
62 70
65 124
47 49
65 18
17 123
11 78
36 63
142 44
105 16
111 104
44 67
51 51
24 99
103 106
15 86
19 8
64 81
135 24
52 102
138 47
3 143
24 122
146 146
138 123
130 35
141 40
92 47
143 36
140 59
133 94
8 120
26 43
86 140
55 11
68 31
1 21
114 135
147 52
129 30
44 148
138 49
37 46
125 1
132 69
11 27
121 128
25 120
59 27
85 42
93 71
50 134
144 93
78 127
6 118
76 2
7 106
12 25
130 31
75 76
34 91
40 150
45 112
75 120
3 43
80 65
110 102
113 148
120 65
82 120
68 18
30 94
28 28
72 59
137 63
114 56
132 48
135 83
22 15
103 122
38 71
71 46
113 35
42 38
129 142
70 76
44 130
74 134
115 46
75 85
106 146
60 113
99 123
62 35
15 104
42 95
119 30
143 23
78 60
78 20
59 137
144 60
58 39
56 72
17 108
77 139
48 139
28 105
81 90
141 3
113 102
122 54
21 77
107 60
125 120
30 82
24 150
31 66
149 37
146 103
104 131
4 37
131 24
96 16
59 53
19 135
8 61
52 142
95 50
136 9
35 124
26 144
76 88
48 124
55 40
4 117
24 38
51 133
121 48
47 76
97 144
89 41
27 51
139 97
135 46
65 64
38 1
35 134
25 45
12 128
75 37
148 24
145 139
27 88
80 15
123 70
116 109
51 104
147 87
101 142
7 93
59 110
63 106
123 136
55 43
11 84
105 82
86 6
107 69
110 33
149 74
111 80
73 134
26 30
65 142
85 56
16 26
91 135
20 46
132 58
67 114
100 72
55 67
82 62
108 3
43 133
46 68
114 1
96 93
120 49
131 47
126 19
35 70
83 19
60 124
36 105
88 123
102 40
38 47
121 6
84 135
150 124
125 99
55 72
17 21
49 32
15 147
23 63
59 63
31 111
112 64
60 56
61 37
111 9
16 116
145 137
113 7
4 131
68 119
116 14
60 104
83 3
3 37
19 20
52 124
28 104
140 147
28 56
130 37
69 97
58 118
57 75
49 118
19 19
21 103
135 80
35 106
62 16
86 110
21 54
15 108
117 13
93 43
145 88
97 31
28 30
46 126
115 58
92 35
35 112
81 104
109 143
103 123
119 105
27 140
57 101
30 93
126 40
79 113
63 116
36 49
53 84
127 118
104 12
150 84
81 133
30 86
15 46
118 142
115 98
125 51
3 11
144 121
141 83
3 96
121 133
132 32
132 102
101 6
121 135
15 20
97 21
61 15
142 73
122 90
43 141
66 33
121 58
37 110
99 21
140 138
106 125
121 86
39 121
68 124
108 102
78 92
18 44
93 112
68 133
5 89
82 70
79 74
22 117
80 139
41 38
25 101
53 98
71 114
29 19
133 90
29 61
57 107
62 36
112 14
72 23
22 74
99 149
29 5
28 33
120 21
130 47
34 41
118 1
58 112
19 122
147 13
73 23
86 32
42 142
145 128
109 69
105 85
98 95
46 10
30 142
61 94
121 47
30 92
98 111
146 122
14 108
93 81
74 40
26 104
102 14
108 119
96 142
8 63
2 100
38 107
60 103
55 133
122 102
35 132
145 91
136 36
45 99
71 11
48 17
59 67
84 12
29 69
99 3
97 128
59 29
132 145
10 139
41 121
78 33
97 92
16 41
120 126
42 117
19 65
105 137
41 6
49 56
43 128
113 9
85 35
106 2
50 62
51 103
47 66
126 95
125 32
110 18
119 123
23 117
4 25
133 87
25 125
113 28
98 40
57 83
89 44
82 96
119 38
145 60
54 100
114 142
73 35
75 141
35 28
102 93
24 6
126 131
39 10
70 83
134 117
65 122
143 127
146 142
12 111
64 149
120 54
136 51
33 114
28 122
22 138
78 116
126 108
110 72
77 22
47 61
145 146
3 87
104 64
110 108
46 123
76 63
69 3
16 128
132 87
52 72
139 50
149 115
11 105
109 56
17 131
65 24
117 140
92 76
3 16
44 137
45 100
10 103
98 31
134 43
123 143
64 111
37 31
137 92
109 133
9 60
80 66
7 91
117 131
80 100
5 61
131 27
52 35
100 66
96 89
72 14
109 19
19 137
135 30
46 33
60 38
105 124
136 59
71 147
43 45
43 116
62 78
19 145
18 62
103 86
73 11
94 2
133 108
12 46
32 15
101 37
31 45
102 115
84 93
105 131
61 79
138 115
106 74
94 121
79 92
112 120
59 13
85 30
9 52
129 82
18 78
118 67
82 54
134 58
116 98
61 91
53 31
33 121
35 129
9 140
55 48
131 63
6 129
6 136
140 72
63 42
125 117
52 18
53 118
32 101
81 102
32 118
48 30
1 28
25 68
26 58
38 116
113 27
113 94
149 26
62 107
114 77
22 133
98 148
129 65
106 72
71 36
57 22
121 34
12 89
25 7
143 26
48 103
57 33
41 24
76 96
92 69
76 1
5 42
61 123
103 91
12 149
50 102
36 32
150 126
125 42
93 13
58 149
34 140
119 33
135 132
53 146
108 66
48 88
75 74
26 135
103 67
118 124
139 138
39 55
61 44
31 134
53 141
33 140
116 101
35 16
49 124
39 130
72 13
37 104
65 3
56 126
28 37
25 146
149 56
97 111
7 71
70 19
11 4
20 13
101 82
149 107
8 147
16 55
63 148
100 148
146 124
130 62
127 132
114 122
123 89
32 145
26 26
24 74
47 120
85 62
1 13
56 11
101 43
127 2
73 75
106 16
150 45
119 65
116 139
40 25
100 145
67 119
142 41
142 105
22 50
26 39
59 60
98 108
136 81
44 45
68 48
64 45
62 57
37 77
30 126
87 23
59 38
4 23
40 111
94 149
61 23
67 62
126 21
62 128
127 24
43 49
24 88
121 59
135 111
80 47
11 117
21 43
11 54
84 81
138 143
53 97
121 56
103 24
115 48
128 65
84 104
60 148
129 97
105 43
91 65
80 50
138 17
88 115
29 100
31 149
107 89
94 17
32 51
121 130
80 109
5 90
79 80
102 12
130 95
125 40
149 141
99 81
58 60
149 147
14 79
24 149
70 150
31 102
105 45
102 18
111 66
14 52
129 37
148 150
18 54
15 41
32 97
145 143
122 46
3 18
43 75
108 130
82 109
84 110
122 53
37 52
85 46
129 105
40 6
71 67
103 14
87 103
106 55
47 96
121 23
34 132
140 66
34 34
27 119
109 68
60 30
137 73
4 136
127 34
66 109
19 2
111 142
38 117
120 96
31 60
51 36
128 94
123 97
48 38
57 146
99 77
2 51
105 139
1 119
24 90
21 78
131 96
24 66
144 139
28 6
98 113
83 4
62 110
135 18
133 145
148 132
20 99
12 2
33 20
54 5
24 104
125 114
139 90
142 53
104 41
14 37
131 2
116 70
39 149
134 140
119 28
45 143
131 84
49 143
77 7
93 5
88 68
50 6
23 128
103 131
147 38
150 37
57 111
49 31
70 20
61 80
121 140
20 109
75 40
117 14
115 146
71 58
106 81
96 55
39 76
150 145
52 107
38 135
1 113
74 100
115 116
111 77
22 9
134 30
142 115
45 13
47 27
87 70
82 8
101 149
120 135
20 65
81 125
43 111
11 100
133 114
66 17
103 92
84 125
1 91
61 102
6 60
31 4
21 148
14 86
73 41
23 113
141 82
143 53
49 75
37 63
38 36
116 150
123 91
62 64
136 39
118 87
123 15
75 2
71 70
42 139
62 98
50 68
66 26
47 142
95 41
68 26
33 91
57 32
85 18
54 13
103 97
4 66
137 51
107 50
7 34
91 67
38 38
133 74
139 83
34 15
141 101
17 65
40 100
16 11
59 119
129 99
94 1
14 2
49 96
85 24
62 45
117 150
43 53
110 142
13 15
1 139
12 64
33 52
132 90
61 55
81 45
144 51
40 113
149 110
64 3
147 123
107 28
108 25
103 26
8 148
99 140
145 113
26 120
111 33
150 82
34 76
70 42
80 10
36 4
86 89
143 110
67 45
92 64
137 91
76 9
95 120
119 58
121 93
78 41
116 125
117 15
19 100
125 5
34 45
105 144
48 25
49 90
12 22
79 10
19 74
99 65
68 55
83 47
85 39
76 139
93 18
135 44
55 60
44 122
107 8
125 124
138 147
83 107
41 1
18 109
20 7
121 146
83 134
27 110
101 102
27 31
88 149
6 140
46 17
103 149
1 60
1 23
79 82
67 116
43 126
146 22
136 24
46 87
46 142
41 103
63 93
105 64
127 104
76 104
107 129
138 120
11 142
108 27
27 148
43 69
131 135
110 52
74 110
119 21
110 83
19 134
2 141
92 129
129 74
148 89
4 8
34 92
53 139
11 19
3 41
116 61
7 114
81 144
133 3
124 96
100 95
127 127
133 18
131 69
90 97
150 109
82 57
92 92
125 44
148 12
140 148
22 132
150 136
106 145
124 50
133 66
52 15
54 148
39 17
134 10
86 39
49 71
14 123
19 99
9 130
42 77
62 74
107 47
137 9
22 29
36 91
32 78
61 18
17 28
48 1
26 148
124 41
92 147
62 111
132 134
7 22
90 58
33 130
59 12
26 88
99 132
93 16
39 6
54 37
35 27
19 93
104 125
13 101
146 9
147 2
31 86
35 139
43 103
11 5
16 121
60 111
120 5
91 90
89 28
36 44
1 145
126 18
70 73
92 128
73 5
42 23
47 91
143 95
98 147
108 33
76 132
105 55
71 2
148 5
127 81
8 32
72 6
107 75
99 58
64 47
2 62
12 126
125 43
109 146
97 84
88 55
75 123
145 118
17 5
37 19
115 21
95 104
89 29
28 99
5 108
135 76
88 139
138 26
135 106
71 34
115 33
92 17
6 110
119 138
66 105
18 90
72 30
122 129
103 18
69 94
141 44
112 132
69 78
39 70
42 140
35 57
134 26
72 112
69 24
30 29
140 31
116 135
121 145
6 74
31 106
8 11
98 44
56 130
64 91
45 110
7 118
40 119
107 24
5 43
33 82
76 136
68 9
142 17
44 112
25 116
72 60
18 74
23 125
137 45
77 11
28 79
30 71
136 125
132 132
140 146
94 81
110 2
45 57
34 119
31 143
124 17
118 84
128 75
6 85
29 128
99 63
23 64
147 95
87 69
61 99
139 44
96 72
79 95
115 82
123 51
150 108
16 89
86 131
109 137
84 141
3 32
138 1
148 92
59 82
136 120
12 103
3 3
41 21
84 87
132 62
84 137
77 53
23 58
26 3
149 67
41 111
94 148
80 133
36 98
13 125
28 13
25 42
140 70
46 73
104 136
37 5
2 86
97 50
35 104
26 79
86 64
23 145
95 87
126 57
130 58
114 70
23 109
140 15
135 4
130 46
107 119
3 120
136 133
144 88
35 83
47 33
137 126
43 15
129 127
10 36
118 20
126 133
150 139
131 1
30 117
14 44
63 52
87 96
63 103
102 68
52 46
43 11
102 75
10 88
4 57
52 60
122 145
110 3
145 38
45 87
63 113
111 144
52 100
61 56
107 90
146 130
91 12
119 98
48 87
48 49
138 99
78 84
101 138
63 26
82 89
124 18
47 1
87 29
134 135
144 55
84 46
5 141
122 48
112 103
75 79
63 3
66 59
119 11
136 31
102 118
136 103
56 146
21 47
85 22
71 74
126 107
119 120
116 136
39 67
42 121
38 5
48 85
69 69
33 64
12 95
125 139
5 20
147 127
108 16
74 52
70 1
46 6
82 77
44 115
24 62
27 45
112 31
77 138
138 31
79 90
30 69
54 132
117 2
70 25
96 114
129 79
97 122
49 136
134 147
63 115
110 130
140 140
56 131
136 134
16 90
37 13
132 43
113 50
11 68
85 115
114 123
8 12
60 122
32 103
68 111
142 74
100 92
137 56
141 87
96 24
107 3
122 1
123 133
24 2
27 124
3 14
79 39
136 16
96 17
101 4
71 112
5 21
111 34
68 150
70 38
18 84
109 67
145 47
39 19
125 142
35 109
39 11
92 108
47 35
82 121
144 86
33 117
3 58
39 23
93 64
3 1
63 89
137 124
58 24
146 49
9 133
67 84
22 143
6 104
47 140
68 43
150 33
28 96
149 20
88 40
38 63
134 11
147 117
22 49
61 106
5 96
150 56
21 70
82 41
136 71
19 32
102 120
17 25
41 141
135 122
102 16
117 114
75 45
56 108
2 142
6 111
130 77
66 94
31 35
146 147
123 12
75 118
112 98
69 102
72 61
87 117
37 142
30 53
65 48
28 86
135 147
102 63
20 80
24 42
58 67
88 104
148 43
127 128
138 84
54 83
29 88
10 57
121 51
80 32
9 59
51 88
76 94
38 26
148 126
19 113
83 150
108 138
40 10
127 29
112 24
46 44
72 114
36 79
102 38
139 14
135 95
67 51
90 63
121 117
138 135
14 104
8 25
45 14
62 113
106 9
69 139
118 12
32 131
86 95
15 95
118 38
78 54
126 26
46 95
140 85
56 8
121 52
113 20
48 54
125 65
57 119
8 122
40 107
128 89
115 6
14 114
115 13
137 77
88 28
73 61
21 6
16 1
67 26
86 74
3 35
28 11
107 53
133 42
57 14
96 67
15 59
128 128
55 99
140 103
99 83
127 119
54 93
73 135
131 100
149 14
146 89
3 147
65 133
40 79
51 58
6 47
32 45
50 122
32 123
104 144
99 34
85 83
21 39
16 120
118 95
64 48
110 64
18 120
34 50
101 128
123 35
64 49
115 125
76 57
6 19
122 120
143 16
83 132
32 4
81 140
31 32
127 136
150 114
139 55
121 28
13 11
26 86
138 20
71 85
123 36
99 118
82 71
118 126
29 18
64 139
1 4
9 29
14 133
117 77
53 133
124 83
47 75
136 96
50 33
87 17
98 39
57 116
134 118
53 2
106 53
88 122
76 72
2 73
128 28
96 20
100 6
47 63
98 52
4 42
1 78
149 50
100 96
91 125
80 126
109 83
86 23
61 13
51 15
90 98
107 14
99 30
42 110
86 76
97 71
56 97
8 84
45 35
60 99
128 104
4 63
119 122
17 19
137 37
111 141
84 10
79 87
72 74
145 34
28 123
29 147
18 77
28 145
149 125
18 94
138 3
50 118
143 105
8 149
4 48
4 108
27 33
145 130
19 111
72 79
111 36
93 98
88 43
32 100
37 37
6 5
98 6
83 66
133 63
27 99
1 37
137 141
95 53
109 57
134 82
116 94
15 69
91 110
98 64
70 113
99 17
143 106
114 31
40 122
35 127
119 111
139 61
140 101
142 48
36 129
77 121
6 29
117 78
124 138
145 148
114 109
94 60
121 105
4 29
53 104
17 67
148 13
72 134
135 144
114 20
8 2
106 93
120 60
36 27
91 48
115 103
54 145
67 7
120 134
49 132
14 54
84 140
40 136
110 50
65 102
51 98
79 84
74 27
60 130
85 99
8 125
55 9
69 96
138 102
128 100
144 138
81 67
13 46
87 105
96 32
28 125
131 122
94 94
27 14
101 144
131 26
102 140
123 50
11 76
122 72
136 3
89 106
143 144
126 50
116 35
101 53
46 111
81 47
11 36
89 13
96 53
150 95
51 91
32 113
100 20
119 102
8 47
37 109
76 142
56 80
71 139
16 51
126 38
10 12
85 79
31 6
127 108
37 140
116 28
99 82
113 26
70 12
134 29
120 45
78 125
11 133
126 67
21 51
59 98
21 32
34 108
150 25
116 119
90 140
139 63
107 46
112 113
19 115
44 3
98 73
123 86
86 112
137 66
16 104
145 17
123 139
78 143
11 64
67 80
7 87
139 112
102 83
133 113
13 4
58 15
124 22
58 5
68 24
51 141
30 49
83 27
67 73
128 98
147 11
71 102
48 10
108 125
57 81
96 130
59 130
71 84
104 9
32 63
99 146
124 67
107 76
80 124
119 50
33 8
39 87
76 15
126 9
88 77
127 71
149 42
45 123
150 71
23 60
59 70
121 11
144 134
40 121
87 122
52 2
134 22
73 53
136 93
1 100
109 124
80 34
95 28
33 145
65 1
149 93
98 65
97 118
121 57
103 20
98 41
87 33
28 100
17 105
130 32
28 41
105 4
53 20
77 140
94 140
133 103
140 119
106 114
121 102
62 106
123 40
58 34
84 76
126 5
95 116
74 31
39 45
98 102
71 15
4 51
51 1
139 107
26 27
119 88
50 131
136 65
51 61
35 82
78 67
63 123
125 144
134 123
4 130
140 55
29 115
52 120
82 46
7 56
60 112
36 113
12 26
62 72
120 141
53 47
22 3
39 57
24 4
100 112
98 17
129 147
136 58
144 80
54 141
97 121
89 145
99 131
92 122
64 55
126 74
98 80
51 96
63 43
138 87
74 114
25 63
107 68
10 64
105 99
26 136
37 6
99 5
52 53
99 107
149 130
126 109
66 39
64 76
125 150
78 109
130 50
1 99
119 6
133 83
103 120
139 59
53 22
26 110
58 93
39 18
90 59
36 116
131 88
61 131
127 120
52 79
143 108
96 141
117 100
27 104
135 87
5 52
63 62
1 141
59 128
65 74
117 20
117 21
64 136
43 86
22 121
128 91
8 91
135 142
13 109
31 137
97 87
56 19
44 40
36 53
109 106
24 110
137 53
24 45
48 138
60 70
26 6
91 114
25 16
45 147
2 16
69 81
137 137
14 33
33 80
94 55
26 91
139 86
19 69
95 7
10 98
24 108
89 101
62 46
130 66
68 110
105 74
40 21
91 32
119 147
72 37
144 109
139 20
43 102
94 37
25 55
102 124
107 67
67 32
143 38
149 138
81 13
84 108
48 46
38 61
54 49
121 108
116 56
111 113
20 43
70 142
26 5
11 89
94 114
23 2
128 19
32 43
41 46
17 29
12 30
150 92
31 91
58 108
101 14
84 30
119 125
2 144
85 38
130 64
127 43
131 87
119 146
1 31
117 128
22 38
48 84
41 96
133 96
47 45
96 108
2 132
123 121
122 115
51 86
83 121
18 56
9 63
11 9
100 106
56 117
95 103
28 131
1 49
73 101
23 112
46 1
97 76
134 14
82 42
128 120
80 39
123 16
67 101
94 10
35 95
66 124
113 56
111 39
7 142
43 92
72 43
54 146
65 97
134 130
4 99
17 56
111 4
41 58
70 47
135 135
25 111
141 139
73 122
94 125
4 26
64 1
49 86
141 130
32 112
19 33
145 144
27 97
129 8
55 132
40 7
20 55
130 116
72 80
149 43
32 128
88 110
42 56
28 18
77 98
14 50
39 38
84 15
119 110
88 33
135 69
61 133
53 57
98 48
117 135
83 131
15 89
44 123
6 36
23 21
84 85
142 27
120 99
100 146
31 10
8 64
23 15
35 37
77 15
65 76
91 92
36 86
92 39
70 66
70 45
68 66
143 120
33 39
7 97
69 117
1 88
96 8
61 66
116 5
8 10
110 116
119 47
98 137
68 146
91 9
9 100
146 144
122 81
31 113
110 79
94 25
106 3
118 136
146 58
61 144
29 1
107 25
86 124
132 67
65 43
106 140
110 150
149 81
35 35
29 53
78 115
53 4
89 147
68 89
29 7
61 111
40 43
110 22
112 109
79 69
110 118
109 123
22 26
144 74
100 50
86 138
132 113
45 21
9 127
61 126
52 119
2 56
138 114
8 21
102 144
89 20
76 36
65 27
140 128
77 10
144 96
144 39
81 25
86 129
20 2
10 149
104 97
89 95
134 2
14 24
67 98
61 1
61 96
139 120
35 18
51 130
57 77
35 51
126 71
125 69
8 145
2 137
42 74
11 10
113 142
112 12
150 65
67 10
29 57
23 122
121 134
29 20
39 104
131 34
118 118
94 120
150 61
3 45
106 127
30 21
24 34
127 65
27 71
143 19
37 116
114 98
147 43
3 40
5 13
53 134
30 59
11 129
8 18
48 147
96 96
46 55
2 41
29 40
127 93
100 125
80 14
139 106
132 38
111 67
118 22
30 54
45 115
70 49
129 48
12 68
84 16
32 66
31 103
134 116
22 123
43 22
108 131
76 51
132 117
111 107
140 43
89 1
150 146
110 148
9 27
41 145
51 113
9 8
113 143
76 43
105 29
8 80
23 27
107 58
15 137
18 132
120 53
103 29
122 108
118 35
86 40
80 122
109 108
134 86
49 20
85 138
24 54
71 8
43 12
134 148
19 87
14 1
33 90
16 83
149 96
88 18
3 116
28 40
78 126
84 9
68 51
113 82
27 81
114 46
11 52
138 41
115 65
103 147
109 91
112 108
38 101
23 11
90 103
2 150
77 122
29 67
35 50
51 115
23 82
88 2
105 12
30 44
45 6
101 30
56 122
123 101
90 29
58 32
37 56
94 34
65 12
33 24
14 21
128 116
36 48
127 105
73 102
6 56
53 119
132 71
106 80
71 138
144 64
71 79
16 22
138 83
83 8
54 107
113 92
26 54
113 83
75 99
83 128
81 118
64 124
60 75
33 32
43 89
102 109
39 48
126 122
40 110
62 144
55 104
28 54
142 22
144 57
113 137
8 7
69 49
11 138
59 71
17 85
87 76
100 33
65 21
76 82
18 87
138 96
3 109
131 20
141 64
147 17
85 40
126 72
22 102
52 149
123 29
9 81
9 77
97 41
29 138
33 13
51 100
60 34
140 46
29 86
26 34
79 106
15 6
97 70
58 105
139 147
113 24
28 58
79 29
5 150
125 138
11 128
127 53
73 149
10 53
2 38
65 32
13 58
11 24
46 69
96 143
65 59
73 29
132 100
75 18
61 109
43 70
100 75
19 9
45 37
19 4
55 18
140 3
148 73
71 129
36 140
130 82
79 137
131 124
88 14
91 142
122 9
133 27
21 21
129 64
35 94
3 59
10 43
19 92
12 73
55 81
94 90
79 56
103 114
84 28
88 125
1 44
3 9
128 137
84 41
102 134
39 107
87 62
17 62
46 7
113 81
37 16
7 115
13 92
90 96
60 12
88 72
42 136
134 77
146 138
33 84
101 83
72 5
114 83
147 106
27 95
33 36
149 89
143 139
107 135
2 46
16 92
51 63
135 56
134 34
59 76
41 51
91 130
129 118
37 124
112 88
34 61
107 86
47 136
59 34
87 52
6 62
93 39
44 16
42 72
37 132
25 128
10 121
106 68
47 50
122 94
18 67
96 62
65 81
104 85
88 135
144 116
130 19
61 120
96 70
103 19
62 142
41 110
144 129
80 46
138 98
73 77
50 54
128 24
4 91
105 53
44 105
46 21
83 86
66 107
85 76
84 133
127 56
93 110
97 43
79 94
90 142
35 103
36 99
114 119
28 142
100 99
87 11
123 149
127 30
140 18
97 114
23 8
54 103
67 143
119 94
118 70
48 120
55 36
39 105
5 87
79 103
17 150
77 77
112 80
55 134
26 42
39 132
86 34
103 61
143 147
27 112
111 94
7 147
111 27
127 141
142 149
115 93
113 69
63 33
26 89
18 97
81 61
1 36
40 42
46 119
91 87
5 85
23 139
72 15
89 37
27 101
38 72
12 109
147 112
44 117
9 2
21 2
56 102
84 101
100 26
73 27
133 54
98 2
6 55
47 69
72 89
149 30
31 15
48 56
131 33
11 37
18 60
81 124
38 46
51 30
19 123
56 26
48 27
10 120
30 128
11 116
134 87
41 105
52 96
9 97
62 97
85 61
88 73
121 89
29 107
52 44
136 82
14 13
58 104
3 74
24 129
149 27
49 135
57 136
2 99
34 85
86 109
56 41
130 147
44 59
87 13
70 129
63 22
9 72
131 36
131 42
113 49
71 77
46 94
61 107
40 118
4 9
56 123
15 28
129 5
106 101
20 135
99 115
10 41
150 89
135 130
27 50
44 92
46 77
146 93
32 149
53 28
138 8
149 90
26 74
113 119
38 131
15 4
29 135
71 101
78 29
72 53
2 49
36 119
84 92
98 130
40 143
71 18
114 28
140 40
60 53
145 76
126 65
97 17
107 65
97 80
122 36
83 39
127 83
50 42
33 86
121 20
98 136
3 23
121 85
121 116
104 126
110 69
23 68
102 105
81 50
121 80
42 93
99 101
4 40
45 139
4 113
57 1
7 90
2 124
49 15
75 131
71 104
66 1
122 143
146 97
93 113
52 127
10 25
24 35
51 8
31 29
98 19
39 114
39 78
54 31
121 17
37 125
142 77
98 84
77 105
78 138
86 46
79 139
82 44
33 89
12 146
126 141
2 35
60 123
50 55
127 40
27 132
27 143
90 37
111 121
97 89
136 62
55 53
135 97
74 125
31 142
25 103
103 107
42 101
56 89
64 41
90 137
21 35
135 133
122 4
135 12
13 128
69 126
82 61
129 148
123 31
120 74
94 145
124 120
103 38
60 133
60 101
59 105
118 144
54 95
3 61
3 150
83 126
22 58
143 71
97 86
7 38
26 141
127 55
1 108
66 52
5 5
97 100
142 127
143 114
140 50
39 88
25 2
10 10
84 17
105 3
26 48
78 57
91 27
148 104
109 134
6 91
4 3
148 148
65 131
88 12
142 121
141 7
137 99
48 8
48 75
110 57
30 147
110 75
82 25
10 76
53 45
132 47
48 51
62 150
16 78
62 52
135 125
106 43
91 21
33 116
37 105
85 44
115 60
38 137
51 54
146 127
36 95
56 13
72 41
145 126
68 3
87 80
10 122
111 120
65 103
137 127
68 138
85 132
134 40
45 2
81 117
100 143
1 144
30 98
23 36
62 109
63 130
127 77
49 131
49 89
90 9
54 42
8 81
3 80
113 136
113 104
1 98
34 18
81 21
127 28
112 50
114 49
9 32
146 20
131 107
50 143
62 124
116 87
143 73
48 16
41 36
138 9
131 150
37 38
62 91
149 48
55 47
119 134
63 6
125 90
45 89
137 119
9 87
57 23
124 113
100 42
123 128
147 6
38 11
44 56
11 131
37 57
131 3
65 10
56 136
4 4
108 89
70 74
51 134
83 146
5 30
54 53
141 88
45 15
34 33
108 39
21 84
148 133
45 68
70 79
86 143
148 121
121 149
15 91
112 105
114 76
43 66
84 106
24 60
29 72
118 115
98 97
20 141
42 141
146 7
40 17
83 123
65 2
97 132
137 108
24 144
140 48
55 66
81 86
28 16
25 131
48 58
25 83
33 59
83 104
39 36
107 49
99 15
125 143
70 6
142 43
15 24
56 105
140 32
66 128
82 111
72 66
145 58
139 17
50 88
148 84
83 22
102 87
37 121
137 3
26 62
129 21
144 36
26 119
61 147
99 11
119 62
121 64
123 67
44 77
100 56
111 131
107 104
129 23
45 132
49 149
85 68
131 121
137 136
63 136
101 86
85 28
21 80
121 55
108 75
34 82
23 62
119 35
52 56
60 131
51 75
142 112
113 58
16 53
117 97
150 133
87 94
123 68
52 47
22 144
87 92
78 25
94 42
115 16
123 62
145 127
69 32
28 32
138 127
45 77
57 105
30 35
122 12
150 102
67 3
24 97
125 146
84 19
65 106
27 105
119 133
109 16
125 87
15 92
121 96
35 84
98 5
72 137
82 39
149 47
129 84
38 28
96 10
82 78
105 96
86 69
90 80
118 61
91 20
124 73
70 44
6 146
130 80
127 31
103 16
73 139
98 146
133 86
17 119
87 36
120 89
40 97
95 39
131 89
118 19
26 53
9 86
18 66
3 149
104 124
110 10
91 45
68 2
84 100
24 141
8 35
137 58
114 73
133 78
120 129
127 102
109 138
45 8
90 46
75 142
52 101
27 86
5 1
121 136
142 139
130 139
39 145
26 84
95 129
107 13
20 61
54 105
105 5
34 32
28 46
53 123
128 103
35 44
147 54
139 131
3 6
142 95
66 90
132 119
28 110
140 110
62 94
138 111
18 15
61 69
76 115
15 50
119 14
74 123
47 28
91 140
32 76
117 40
148 55
137 116
93 88
18 98
150 73
7 66
65 134
56 87
108 140
12 38
90 146
132 92
114 65
142 79
113 147
70 10
120 130
124 3
132 59
2 125
148 37
65 15
31 147
48 95
106 42
45 40
138 53
75 90
31 125
49 7
80 146
99 8
92 121
62 77
142 83
113 105
104 149
9 31
75 12
62 4
15 122
54 8
75 55
134 24
30 70
57 9
27 64
5 131
75 135
20 115
127 26
52 16
12 24
66 86
14 81
95 8
56 110
138 12
136 102
59 26
122 38
7 70
32 62
74 96
84 72
53 86
126 37
9 9
3 10
86 93
93 117
50 114
10 71
90 110
141 29
72 33
23 111
13 16
129 90
127 144
127 82
101 120
36 88
122 89
5 86
18 5
104 5
52 91
21 62
35 142
69 60
140 16
12 131
5 138
81 23
4 115
109 28
92 95
85 139
44 15
96 78
88 92
108 52
122 117
125 7
14 83
17 22
31 11
33 127
111 2
6 139
135 10
80 35
12 39
90 113
8 34
38 21
113 16
64 103
1 6
50 13
81 3
128 49
108 45
95 76
29 112
6 137
20 40
96 27
68 75
102 82
31 94
63 105
48 11
79 105
45 38
4 144
81 131
106 111
130 103
111 134
71 1
115 113
107 87
98 70
115 123
65 60
39 84
149 82
56 125
64 126
12 74
104 123
70 128
69 100
48 35
107 130
120 37
110 145
69 129
90 134
130 18
1 79
74 5
109 121
74 113
133 104
124 7
136 29
24 111
147 147
1 129
96 115
149 87
52 104
89 104
60 96
12 33
40 38
76 81
28 12
97 67
26 83
63 58
133 134
89 35
142 126
79 150
15 125
42 49
32 12
52 135
83 83
37 88
7 18
69 31
111 103
77 24
72 40
90 95
6 96
46 47
3 76
47 134
90 56
10 89
25 143
102 117
97 149
111 102
145 65
64 5
135 108
88 87
83 68
49 150
125 111
91 107
55 73
6 20
114 128
43 139
76 38
112 30
126 60
23 116
45 101
53 75
106 97
97 48
125 17
68 118
45 140
141 131
83 80
8 74
51 25
80 77
69 101
36 73
84 13
60 68
33 132
108 53
43 38
65 55
73 38
141 102
109 29
117 12
145 138
110 129
98 38
121 114
91 78
46 138
95 106
89 65
30 120
125 38
70 94
76 74
135 146
52 93
113 140
132 104
18 80
139 119
17 1
143 83
41 123
27 117
37 43
36 66
90 38
54 10
142 128
14 89
22 86
70 51
80 1
55 112
88 79
123 131
134 88
97 136
112 102
30 132
109 101
111 79
113 22
31 128
70 11
135 8
124 145
34 110
148 6
54 144
67 19
81 4
78 22
1 19
82 74
41 9
52 21
70 75
74 59
8 128
69 23
73 10
25 75
51 109
99 46
4 107
109 14
79 83
122 84
143 48
55 5
120 7
75 138
14 71
73 44
86 20
81 43
71 133
40 57
98 139
76 42
89 111
72 1
59 24
57 8
125 134
91 112
143 77
18 91
59 86
87 98
117 37
30 2
105 2
62 33
80 76
85 96
