200 7621
-415 -472
-304 494
-201 -224
292 -56
-286 -71
181 -492
74 -314
250 24
-208 351
-375 -371
-232 157
212 210
-468 -493
-208 -491
483 -164
-216 324
-433 49
283 -177
407 -204
-27 -269
295 59
111 -140
-144 -482
111 83
-175 63
-361 236
-278 -132
-305 -402
166 -263
-82 148
488 -315
-117 183
231 302
-477 162
20 176
-8 -376
499 -465
-96 114
499 280
-323 321
-315 -142
-306 -345
-364 -482
-301 168
34 432
409 384
364 -341
409 337
-76 -109
-442 74
40 398
99 331
439 298
454 213
97 -372
-279 -265
-314 226
-341 -82
381 132
-127 -241
62 -345
142 104
-389 56
47 59
132 353
420 -382
321 478
-310 -317
69 -272
-373 -242
-471 -151
-274 83
392 18
-350 -251
402 211
481 -67
493 -394
296 223
157 -57
-235 74
-399 -103
-382 190
255 -416
460 312
-171 383
-65 -437
-58 235
-431 61
234 241
-109 -302
-500 -259
-358 167
-343 469
-464 -362
90 -302
-158 -16
-83 -422
-215 -267
-327 294
-70 440
-384 -298
380 -142
-216 12
-338 -160
304 -216
-92 -199
178 345
-491 -336
-314 -80
408 -253
-109 -230
62 59
255 -182
12 -221
228 -19
240 412
234 199
-145 271
312 -405
-458 -381
-425 157
390 432
158 -289
-43 -429
-419 -460
-44 287
-374 -50
-315 75
-328 -134
-496 422
490 -355
-339 351
-279 -304
384 -119
-316 416
-327 -44
-75 -58
427 354
377 -243
207 23
180 259
500 -196
50 -196
105 409
370 340
222 -396
-382 -115
-493 -207
-261 -124
-327 -323
286 404
-286 261
-443 -413
-150 179
-79 229
-218 297
-169 -474
-344 -97
261 113
165 45
43 225
263 -61
-159 417
-118 461
-27 322
273 58
378 -145
272 136
-207 359
-376 -262
-48 119
462 -348
-109 -322
-211 268
481 -286
-404 204
-46 134
-90 -83
-363 -334
112 -206
-306 -498
-152 -494
-351 -15
98 235
-400 364
-439 -469
459 284
23 299
-172 227
242 -295
-235 -429
270 -312
88 -109
273 410
145 262
-267 -218
197 472
269 -215
-145 -118
159 350
26 36
52 184
116 74
95 23
21 74
53 155
40 108
151 60
171 190
77 134
177 130
48 138
159 128
167 84
180 22
132 90
137 61
60 35
8 24
180 132
5 118
106 156
157 111
48 108
77 127
63 47
146 1
118 99
89 170
103 113
51 173
125 143
119 2
48 144
103 7
91 46
58 57
186 108
120 68
33 25
160 153
104 170
156 159
174 158
153 12
127 15
56 38
69 38
156 64
98 22
118 80
108 46
200 162
158 17
164 144
35 3
83 58
174 28
55 82
136 43
164 24
169 147
196 114
170 18
49 158
166 31
77 13
190 120
45 47
117 114
33 140
17 141
108 53
118 118
197 137
196 128
149 198
154 51
24 153
42 172
85 82
103 46
81 99
43 52
100 50
23 184
6 138
166 118
9 20
82 97
113 86
129 159
121 96
29 43
86 89
104 84
43 99
125 168
57 179
64 120
185 165
178 48
158 165
170 56
18 15
78 122
119 112
43 143
190 105
164 92
182 125
149 142
26 98
114 165
76 185
46 126
44 145
111 118
164 40
64 111
10 58
189 114
188 23
171 81
103 64
35 141
126 28
188 119
51 151
134 157
10 118
124 16
32 62
193 116
184 55
124 8
50 186
66 35
1 169
107 172
152 111
132 129
120 145
136 72
149 90
66 156
35 109
22 134
43 91
48 25
142 95
165 16
32 48
145 133
34 92
123 87
140 173
64 11
52 96
108 116
143 42
40 194
39 155
135 64
188 88
101 18
39 84
30 182
47 128
122 109
185 96
50 94
73 44
30 68
189 32
40 53
184 124
114 155
189 21
149 74
28 31
76 33
3 61
186 47
173 171
90 90
181 190
101 172
129 178
50 86
25 167
182 11
38 141
156 149
166 120
150 93
158 2
90 76
161 93
93 188
118 137
60 168
7 121
81 93
105 102
111 86
153 42
146 196
75 21
148 21
115 63
48 199
62 118
83 1
44 51
27 105
75 98
181 71
51 22
13 24
91 185
3 62
41 126
68 44
127 57
4 70
117 58
97 194
185 148
37 99
168 123
121 124
155 143
18 50
32 125
17 7
179 171
44 14
3 54
197 196
160 77
69 194
42 102
66 66
172 60
82 78
44 138
37 27
45 30
138 49
41 113
88 56
123 75
151 47
123 41
158 180
63 191
92 182
10 17
61 110
154 102
166 73
68 74
75 1
58 42
110 89
162 3
51 43
188 46
28 66
67 57
117 155
164 115
77 163
83 168
36 70
37 149
75 169
43 158
57 11
113 131
157 52
163 150
182 141
95 116
148 39
92 158
114 181
134 86
100 127
34 66
160 103
45 1
106 63
153 15
144 85
8 14
30 144
192 54
58 26
135 140
71 50
57 69
22 160
37 90
160 133
94 131
128 38
175 77
161 65
192 70
29 88
148 87
188 147
136 4
77 102
51 172
161 108
55 78
141 66
40 97
90 190
98 111
112 164
75 8
109 124
46 31
28 5
59 86
15 191
38 154
129 179
44 149
131 72
75 46
96 162
147 17
97 107
158 168
63 25
196 18
6 88
25 105
27 141
53 104
151 154
121 84
64 167
194 149
93 73
65 178
197 166
56 73
34 54
93 177
91 152
24 155
79 76
11 41
177 141
165 83
94 17
35 69
190 7
105 33
129 22
140 13
112 182
97 85
199 33
135 194
48 145
18 102
3 93
167 89
72 16
166 12
108 56
93 102
117 143
92 91
88 132
46 3
167 151
73 190
111 127
183 43
156 117
159 45
8 119
46 129
198 70
36 167
175 25
37 59
87 3
114 93
193 59
149 193
170 105
50 184
55 175
53 71
37 108
174 85
181 81
122 166
170 53
141 128
188 50
53 88
57 102
50 147
132 58
149 172
55 112
99 184
186 19
125 54
170 167
186 30
45 73
62 175
104 132
192 189
169 23
83 81
139 139
30 124
97 159
149 113
177 127
55 72
80 59
75 38
18 70
94 136
181 93
178 109
13 99
152 185
17 17
154 174
139 123
23 168
30 30
82 52
174 123
69 115
29 138
14 67
79 49
31 33
70 137
164 4
167 135
75 94
105 30
3 180
127 82
30 133
195 50
45 153
172 27
156 148
11 100
73 154
71 119
134 117
114 199
194 176
72 141
31 9
102 147
8 111
41 9
15 1
57 151
80 89
168 154
56 23
38 135
179 4
45 185
118 194
134 13
158 161
25 71
169 180
21 92
58 52
158 176
155 101
157 75
186 182
108 164
166 65
131 96
160 151
113 21
97 19
78 119
193 33
177 122
56 160
104 9
138 25
164 12
89 122
182 61
92 97
193 94
182 93
31 119
37 98
43 144
95 32
124 80
123 116
51 188
71 166
135 99
144 186
150 145
98 53
152 42
197 149
69 107
121 114
27 124
101 36
59 133
90 103
183 126
111 122
81 56
126 199
79 131
117 144
119 150
76 84
34 188
144 153
62 54
17 25
122 58
72 106
91 137
128 172
153 195
68 119
82 49
118 36
84 188
106 164
149 8
84 45
112 152
121 54
182 70
34 71
81 100
110 130
60 120
113 171
47 26
115 109
97 66
18 83
195 160
154 87
161 121
141 130
114 182
186 59
175 10
84 80
70 83
200 15
65 18
37 6
159 111
76 78
59 30
129 77
122 188
134 50
71 44
197 46
72 186
155 176
98 169
153 196
65 90
99 174
56 39
7 125
36 10
101 70
26 88
179 130
7 182
131 165
66 136
88 108
21 85
175 16
181 96
78 25
79 190
78 43
77 70
149 83
190 115
70 88
113 163
40 200
11 124
155 97
93 42
25 192
145 70
183 24
128 42
84 145
63 138
167 101
163 132
130 75
78 138
172 72
66 161
184 147
88 49
96 95
105 10
162 133
194 81
153 55
112 63
153 89
27 82
117 92
54 59
47 75
86 192
19 70
7 53
3 67
139 114
175 1
16 144
80 65
12 59
75 197
184 155
177 124
7 11
187 152
118 117
187 96
180 52
154 86
81 58
117 10
66 92
195 112
10 55
108 158
2 149
6 148
88 63
200 124
152 28
135 74
6 106
6 147
82 168
85 119
31 105
92 161
99 59
172 179
88 61
54 23
56 191
175 199
194 23
70 43
174 111
12 179
116 28
162 153
21 125
157 139
52 80
100 14
13 65
33 149
150 112
4 112
34 157
23 157
130 126
41 69
158 137
49 111
111 38
126 96
53 178
88 117
197 54
16 191
68 186
43 93
53 66
106 114
134 46
179 66
59 145
60 88
136 32
112 88
171 127
176 144
26 176
3 167
159 103
124 190
9 64
194 31
4 75
180 171
93 53
88 153
111 155
15 124
148 26
133 48
109 69
22 132
82 80
18 179
89 132
110 143
141 43
29 126
172 56
79 122
13 149
149 104
6 127
66 112
151 12
77 11
177 96
73 143
21 133
124 188
141 181
38 11
185 12
157 144
46 171
179 112
106 17
178 72
119 94
42 17
101 42
129 14
73 113
116 110
62 55
20 129
145 190
8 92
63 143
57 44
121 38
10 79
130 29
78 155
15 107
121 3
67 120
126 59
155 62
2 47
188 10
46 48
179 74
97 12
83 93
87 165
62 65
86 23
22 163
15 103
48 84
189 58
139 21
148 139
59 89
67 68
32 132
137 141
20 115
25 10
85 107
180 32
69 135
184 63
4 190
31 162
194 195
184 163
174 47
188 53
53 187
123 62
190 48
186 78
178 126
10 160
35 57
114 187
73 14
90 42
2 28
151 180
196 70
172 40
59 197
81 82
184 66
49 62
167 1
176 92
15 36
162 171
33 160
79 36
113 56
123 94
191 124
103 169
8 158
101 2
9 141
15 33
173 41
100 102
45 121
53 200
60 149
100 160
4 57
106 86
147 136
150 197
160 86
110 160
90 24
40 126
38 37
96 79
182 84
152 74
176 64
179 111
29 19
138 163
50 95
95 62
150 46
56 51
171 189
93 101
58 173
99 179
153 61
100 113
141 194
80 150
194 117
131 164
83 47
156 63
20 139
55 127
158 40
190 31
103 79
104 27
79 183
191 80
77 52
75 96
22 144
103 185
64 185
38 140
107 120
78 110
187 4
151 136
162 71
28 103
143 80
166 160
40 109
32 200
42 87
198 50
195 138
138 175
5 50
174 32
128 21
79 71
26 180
11 81
69 190
126 67
107 88
181 12
46 165
35 192
101 117
64 166
73 53
6 156
31 50
68 178
162 64
62 101
129 192
119 54
36 68
185 130
180 61
44 141
86 85
51 1
46 178
33 60
16 171
100 49
197 32
194 185
36 117
79 137
106 20
163 93
155 145
67 139
195 116
135 189
10 124
79 147
84 141
7 12
164 181
73 58
15 112
140 109
48 114
115 8
143 91
146 44
199 99
148 106
97 179
35 40
86 189
113 75
21 34
121 180
26 59
27 61
176 78
89 152
133 96
73 89
33 71
110 83
144 4
57 177
98 59
61 90
151 1
128 124
160 65
175 63
168 26
47 94
111 26
80 165
47 140
117 164
136 53
50 63
161 8
200 166
167 132
22 133
73 96
22 28
66 43
20 195
30 83
78 84
41 148
150 85
80 75
81 50
148 12
21 154
193 183
151 9
5 175
90 158
154 19
79 139
111 4
4 49
25 27
69 166
38 138
187 196
37 74
173 49
92 130
77 157
76 100
65 157
25 25
28 137
180 107
46 141
83 22
114 146
28 72
20 144
156 17
124 57
193 118
129 41
37 40
62 167
154 77
123 46
77 10
47 149
108 138
145 191
137 164
159 140
36 186
76 135
40 124
168 53
105 151
84 154
48 65
71 112
169 158
138 16
200 112
107 177
40 114
19 61
157 190
153 130
167 68
39 70
4 15
191 162
188 111
3 128
161 178
176 43
176 136
134 8
162 180
19 27
130 28
81 20
190 98
162 120
57 187
88 44
161 77
123 83
49 146
132 28
187 183
142 167
161 114
52 162
91 166
144 136
104 123
24 59
124 150
90 177
7 119
109 94
105 98
101 100
29 156
106 186
54 51
33 134
71 130
95 152
38 26
177 120
38 81
75 143
82 48
149 18
95 30
29 98
132 199
12 60
38 7
37 44
160 28
174 63
46 54
157 1
77 150
25 162
196 17
97 30
114 43
56 189
193 171
198 165
145 91
140 114
26 26
131 127
61 13
39 189
81 126
161 62
2 45
40 122
131 148
195 162
18 144
124 107
99 54
34 138
136 18
100 75
144 158
128 190
10 84
2 133
51 143
80 137
74 178
163 136
47 176
193 121
178 127
181 48
59 132
95 14
63 22
79 89
111 16
38 91
132 4
130 170
78 38
46 128
175 193
13 185
54 161
104 43
129 122
22 55
159 168
56 156
25 86
139 182
55 7
65 74
57 171
151 11
113 46
142 3
67 83
67 137
17 148
167 126
166 42
146 24
159 164
30 156
6 33
177 116
33 166
151 37
130 53
76 111
118 59
109 128
158 51
193 80
72 133
151 189
97 47
99 187
47 37
135 124
31 7
168 174
52 14
93 110
178 156
168 64
86 162
190 169
194 190
16 147
85 199
160 72
182 68
44 151
38 162
29 184
103 154
168 144
146 96
102 30
62 82
64 107
193 194
4 116
139 85
146 144
61 163
102 84
92 4
21 171
176 116
70 96
185 66
198 153
15 140
145 74
23 174
86 32
156 187
122 102
4 21
58 183
60 133
14 137
130 41
178 57
164 191
85 147
49 41
199 153
183 123
145 178
12 80
9 121
155 174
107 134
7 81
174 36
69 47
133 88
127 119
95 19
93 2
145 25
25 182
180 39
61 43
80 50
140 165
182 79
94 196
57 59
57 155
82 104
25 194
23 82
137 115
151 43
98 15
125 3
177 143
15 61
42 20
135 50
49 71
41 60
163 71
136 153
111 123
140 175
89 123
81 106
184 153
141 99
125 161
152 44
105 123
149 160
79 17
121 188
11 69
172 110
23 104
157 90
110 72
179 77
154 130
81 121
70 41
44 162
46 172
12 186
73 64
175 84
8 172
7 181
186 96
84 55
166 156
69 24
71 157
42 135
154 112
108 136
64 40
2 37
34 90
34 77
150 36
151 126
199 34
83 143
151 103
30 177
131 198
171 86
141 96
95 48
76 29
161 45
16 119
33 9
191 35
64 138
76 44
54 31
102 127
123 92
101 1
6 55
81 164
137 121
16 199
67 136
54 35
48 43
199 168
166 55
124 17
78 198
35 118
45 187
182 189
158 44
180 175
71 195
143 88
64 118
82 6
100 99
35 180
137 89
185 184
52 74
82 59
41 178
71 188
44 187
154 134
46 21
65 165
52 174
59 119
96 17
50 139
86 4
75 167
38 50
33 194
198 75
129 147
9 95
93 25
15 5
27 17
134 109
199 142
11 196
84 197
134 198
195 166
173 82
169 176
152 163
164 118
43 193
35 34
32 98
62 160
114 83
1 18
74 15
135 57
170 3
8 55
98 99
142 21
200 59
158 86
154 185
56 127
53 33
133 194
180 159
189 54
189 140
29 67
34 52
78 80
131 144
182 108
58 60
90 63
82 75
50 102
105 9
40 167
116 31
79 50
5 31
53 147
125 198
82 30
89 83
167 27
82 171
169 32
58 66
31 117
161 78
180 148
107 63
15 156
27 58
14 71
112 108
184 190
71 129
162 75
137 32
153 64
77 35
171 87
112 139
82 149
80 197
171 129
140 57
121 86
106 67
184 22
117 154
39 133
41 199
143 118
125 22
42 68
161 173
107 145
7 120
105 106
135 15
174 126
56 111
167 53
199 188
132 108
77 80
199 196
19 105
31 198
93 199
41 136
140 60
136 24
148 88
18 69
171 49
197 199
24 71
20 54
42 129
194 191
4 24
193 185
57 100
143 173
110 145
112 146
162 70
60 181
49 69
149 85
113 61
172 140
53 8
94 90
137 18
141 73
63 128
162 30
45 176
187 88
46 45
35 159
80 39
182 97
5 181
170 45
88 145
25 3
147 189
189 55
51 156
160 127
41 80
68 48
170 125
163 129
64 50
76 195
83 31
132 102
3 68
140 185
1 159
32 119
175 128
32 88
192 186
37 8
130 150
111 5
83 147
180 23
178 194
198 176
26 131
16 2
43 26
72 7
32 139
167 152
185 120
189 70
139 55
18 49
183 153
174 3
155 93
52 199
179 187
159 37
60 190
65 190
103 9
123 7
40 115
117 91
66 7
31 170
138 174
195 51
199 49
76 148
66 41
93 27
82 107
161 186
27 145
99 53
156 19
153 194
94 77
176 200
141 108
128 74
52 101
200 194
70 142
51 180
2 150
99 133
153 154
148 102
29 11
179 39
189 153
82 143
60 17
62 35
132 60
115 93
109 11
134 199
5 14
159 179
27 86
27 98
26 63
108 167
57 148
2 121
15 134
177 152
88 22
137 122
112 166
81 136
8 79
41 5
28 197
19 115
98 55
30 151
188 109
190 70
65 100
49 84
51 47
155 200
164 121
83 85
181 52
45 103
157 115
164 20
99 3
94 93
56 185
83 131
66 90
88 35
62 190
90 35
44 122
76 43
113 23
72 17
137 129
5 87
183 68
143 66
9 45
121 89
93 193
51 50
177 99
185 111
46 20
188 134
22 87
53 133
22 15
78 159
172 132
125 2
69 192
19 2
65 128
113 32
83 59
156 200
57 71
147 190
17 20
1 185
15 85
44 69
176 120
38 148
81 73
108 60
110 97
192 68
53 151
198 147
85 4
74 95
196 163
143 37
144 33
137 35
10 197
132 186
194 150
34 160
148 44
200 109
45 101
93 56
106 13
48 6
115 119
191 147
89 60
123 85
107 66
183 121
101 12
127 159
159 77
161 124
104 54
154 166
82 76
155 20
25 133
166 6
68 15
45 60
139 192
79 58
64 33
65 120
16 30
46 102
105 13
25 99
132 86
91 73
110 63
113 52
3 141
101 185
124 24
164 196
180 58
73 80
58 163
143 10
166 165
184 196
55 1
23 146
26 9
110 179
121 182
122 63
36 147
135 136
36 41
117 198
8 187
61 22
137 199
1 80
92 145
1 30
105 109
89 155
57 168
1 152
195 29
182 32
62 116
61 189
55 137
106 133
84 123
140 85
169 138
101 139
143 172
184 160
15 190
111 15
144 36
36 197
58 92
147 70
98 146
158 28
146 111
161 63
25 178
2 188
122 172
172 98
197 119
200 110
5 11
71 185
15 25
4 55
154 82
9 152
108 191
177 4
165 128
133 127
178 120
169 170
177 24
111 181
174 92
120 129
200 145
109 76
122 123
166 59
197 16
187 198
29 176
200 181
141 193
165 67
177 87
69 20
72 198
52 22
179 14
114 52
65 94
19 164
25 132
12 173
56 103
83 98
143 62
183 12
29 39
48 122
42 104
81 23
132 95
23 37
64 1
35 198
165 54
123 196
82 148
175 179
9 30
119 77
43 173
79 16
35 117
132 176
123 21
51 7
72 50
47 36
165 15
25 124
139 166
18 135
195 12
195 3
42 114
57 137
181 112
15 7
21 161
80 148
160 6
121 119
23 62
118 37
47 59
1 194
168 24
93 98
29 30
123 171
97 6
56 31
62 121
48 143
190 126
130 196
143 44
102 176
140 74
95 3
198 7
169 108
11 43
95 7
143 100
131 78
86 62
3 82
16 168
166 58
145 194
129 112
118 73
100 164
194 157
22 6
49 25
154 28
127 139
118 38
37 132
6 143
53 125
180 101
117 186
184 34
180 141
94 46
153 44
73 57
122 23
8 147
158 184
87 139
24 120
95 40
137 24
91 125
188 59
150 175
92 104
52 93
81 62
56 187
47 76
179 34
96 150
92 32
40 39
186 42
155 179
161 194
7 99
41 141
11 14
130 59
75 173
86 122
60 147
159 154
90 33
9 157
53 158
143 31
7 58
44 110
101 181
39 115
91 12
189 22
140 59
59 149
33 154
96 80
24 99
31 167
182 60
103 14
37 105
143 47
182 167
176 176
186 195
125 108
147 2
165 74
59 76
41 191
32 181
165 23
157 112
171 99
8 113
38 170
132 83
30 86
196 127
116 91
81 131
185 59
158 37
127 96
122 170
23 14
105 127
153 109
164 68
200 144
21 119
115 175
145 183
122 168
112 188
4 42
184 1
197 122
181 160
16 137
4 4
54 28
111 116
176 83
103 70
31 77
34 3
198 89
54 147
126 197
107 178
48 131
17 166
37 17
34 56
187 93
11 58
61 97
159 196
138 181
49 6
2 115
129 66
95 143
46 139
35 105
114 85
30 193
127 116
168 76
173 78
152 93
31 145
180 6
81 105
174 61
143 159
4 160
181 177
98 30
192 117
47 110
62 44
57 20
171 170
13 48
157 26
167 177
199 185
174 1
39 156
18 59
178 96
135 154
115 128
83 137
135 90
69 61
58 15
88 27
135 100
13 117
5 76
59 34
69 80
162 193
146 4
193 51
60 116
84 151
148 192
69 134
81 74
150 37
143 120
194 173
121 16
158 131
64 115
64 65
184 132
104 112
134 184
84 34
109 119
165 24
62 1
188 194
116 38
179 179
192 74
111 62
6 188
149 137
134 18
171 168
99 106
83 4
87 79
159 15
182 41
136 157
181 137
74 194
28 63
113 29
94 99
168 142
158 160
155 181
52 89
56 161
51 6
63 114
92 92
44 86
16 127
107 60
167 185
6 26
196 169
143 21
99 69
94 1
61 8
109 102
58 154
32 82
36 60
150 41
102 184
184 42
28 159
105 120
196 147
39 92
71 176
156 3
94 33
128 152
171 105
129 162
196 186
65 181
179 195
173 44
23 136
147 173
187 186
74 175
182 178
21 120
50 17
175 57
150 67
14 91
113 153
117 153
152 164
11 16
80 162
53 97
43 137
90 148
189 99
134 123
87 50
182 75
188 116
64 110
127 32
142 4
163 1
164 177
32 3
36 165
3 18
105 51
182 22
128 23
135 5
95 149
7 27
148 45
90 200
93 50
24 112
178 124
145 90
193 62
52 25
166 190
46 145
133 38
122 144
109 161
192 115
43 156
3 78
51 30
124 85
4 1
83 119
182 166
77 32
195 65
12 177
89 111
29 190
7 138
62 187
90 57
199 44
37 128
199 27
117 53
50 84
178 15
196 156
29 65
159 184
81 141
133 118
200 74
28 93
109 54
181 95
25 43
135 160
93 75
23 33
26 172
54 188
136 21
156 152
99 60
75 144
3 189
7 148
173 103
88 126
41 46
194 196
163 15
100 157
149 130
91 136
96 81
116 156
49 189
40 70
87 64
38 114
180 196
145 47
135 84
1 125
27 107
32 56
78 89
49 103
117 139
198 57
169 171
184 112
71 110
38 117
14 76
4 63
161 67
106 43
12 78
67 118
102 125
51 35
154 64
198 168
1 170
25 150
111 200
143 184
34 178
53 13
169 39
149 32
45 54
61 58
95 151
48 105
136 50
187 184
186 18
78 36
180 126
73 52
90 67
120 84
161 156
184 180
19 139
10 34
150 118
60 19
83 151
141 12
158 16
42 175
114 126
20 127
157 50
119 110
104 72
168 35
180 170
84 1
61 127
148 187
74 11
161 69
151 26
64 72
167 87
76 158
10 163
53 143
170 119
153 7
19 152
107 186
154 17
183 103
117 37
98 82
62 13
28 8
170 157
21 1
89 34
114 99
195 74
168 74
4 47
143 50
37 14
143 70
177 56
75 18
57 180
128 89
20 79
9 124
170 170
74 131
186 137
98 94
132 110
169 159
72 123
98 179
80 42
124 21
175 133
199 19
195 119
4 196
86 177
74 93
53 105
67 77
7 63
43 59
66 162
138 157
43 164
131 45
113 111
28 52
21 160
198 196
157 126
85 64
146 86
24 159
45 67
134 170
164 46
85 65
153 167
101 76
7 25
163 160
191 22
110 176
43 5
41 43
169 181
200 152
185 73
161 37
100 171
17 15
35 114
183 27
94 113
164 48
132 158
110 94
158 167
38 24
86 185
1 5
52 23
183 154
12 38
18 177
156 103
70 177
69 46
165 111
62 99
181 128
66 44
116 23
131 51
76 155
179 157
71 3
141 71
117 163
102 96
2 98
170 37
128 26
116 96
159 42
55 126
133 8
63 84
57 103
130 70
6 56
1 14
132 198
1 104
198 67
133 128
121 166
106 168
114 30
81 18
67 20
120 131
143 18
132 40
56 147
118 32
115 101
6 30
129 95
74 130
11 111
60 46
52 7
21 132
171 138
68 31
5 83
159 163
22 25
183 50
148 188
112 13
105 116
96 99
194 45
38 164
39 196
24 102
38 193
198 167
24 125
184 3
66 157
191 140
11 199
5 63
5 144
36 44
180 34
193 173
25 148
96 106
148 48
124 130
99 198
118 58
42 133
194 182
49 49
8 6
130 8
111 87
64 88
177 84
36 132
1 50
81 30
182 187
126 71
145 75
155 125
20 92
121 147
130 85
156 65
59 168
131 22
190 141
54 163
46 169
106 64
159 147
185 82
186 135
189 64
48 171
102 161
8 39
156 104
166 183
135 55
194 197
27 148
152 145
125 80
161 140
5 39
70 139
23 90
197 18
95 178
180 191
152 26
11 3
141 124
160 79
121 64
153 137
72 194
135 195
89 10
160 178
65 176
19 72
112 187
53 181
147 66
86 135
68 131
105 112
99 36
80 174
113 132
11 166
73 12
95 196
92 128
184 136
171 133
192 183
108 89
17 61
116 140
128 43
37 167
175 163
126 125
151 46
36 18
135 192
174 35
136 186
164 66
15 101
181 4
118 141
191 191
168 67
154 47
135 71
61 148
108 62
15 47
119 17
128 70
200 127
68 121
42 151
133 27
158 135
10 62
49 145
109 118
102 189
163 194
75 106
94 186
62 94
21 68
168 50
13 16
113 105
41 8
169 144
49 186
138 30
154 37
132 109
150 35
59 11
94 16
178 38
160 59
104 166
14 178
168 89
163 12
27 67
28 42
45 143
200 33
120 187
185 84
143 61
149 150
25 153
176 179
59 4
130 97
17 78
164 114
115 150
143 92
182 88
22 139
164 185
137 90
104 190
14 85
89 107
9 116
186 149
136 110
177 150
18 5
77 20
165 30
77 6
91 31
68 188
40 66
111 36
89 97
171 131
196 14
94 135
64 13
144 167
75 108
128 173
79 173
94 112
95 99
139 12
43 84
132 195
165 89
142 101
107 165
159 67
44 10
51 116
139 138
101 19
168 12
117 102
169 94
199 56
182 164
59 164
199 95
30 80
79 93
161 14
191 179
53 162
116 162
69 2
179 30
97 70
181 123
1 133
49 94
146 165
106 45
151 25
126 37
44 193
86 1
26 107
199 123
131 86
129 157
162 76
137 26
131 55
116 44
37 134
1 176
22 140
38 55
140 5
70 27
103 187
125 186
177 137
187 158
141 152
161 136
82 141
164 53
77 45
197 118
112 102
168 6
127 155
99 42
23 58
52 59
130 136
94 20
6 68
68 1
185 143
38 134
34 36
158 117
67 174
75 152
181 86
67 81
104 89
181 21
84 164
166 192
179 164
5 173
125 125
187 73
111 63
38 153
133 158
70 159
109 61
10 74
80 149
48 150
16 34
82 95
160 187
70 62
30 4
52 75
134 149
130 22
94 28
172 195
181 78
192 106
129 161
165 64
119 194
132 174
122 163
184 146
86 74
5 88
168 98
131 106
68 128
84 58
183 116
98 152
18 2
142 91
13 85
140 132
35 181
49 7
132 6
70 71
132 143
198 174
168 145
88 52
85 101
167 200
104 146
1 131
158 7
177 110
138 160
185 78
70 29
34 146
77 123
52 24
48 154
175 117
81 175
69 105
190 143
184 135
128 188
155 133
36 139
179 116
145 69
133 3
6 69
84 83
154 8
1 188
79 170
86 98
28 127
156 26
156 28
85 181
57 114
29 161
170 121
11 121
179 190
17 145
72 132
42 182
129 116
74 25
123 42
59 53
111 46
48 71
145 142
32 146
182 71
31 60
188 152
64 184
80 93
34 8
121 152
59 195
43 172
2 21
19 136
92 108
183 182
19 43
44 106
165 73
125 73
35 121
185 115
25 92
127 9
13 130
74 43
119 135
173 88
91 146
106 106
139 98
199 127
103 112
53 28
67 30
121 43
158 195
96 49
192 146
185 26
58 135
125 50
33 73
135 165
143 89
89 42
190 50
199 184
8 96
108 17
111 144
63 62
72 66
161 144
155 75
148 151
168 197
26 57
94 190
34 7
183 112
15 119
125 151
30 3
170 25
42 57
22 38
16 40
200 123
41 121
77 144
112 39
7 24
3 192
113 51
173 85
170 57
158 194
1 41
155 171
29 51
64 112
54 128
164 105
62 60
128 144
177 126
3 176
164 162
163 153
161 52
68 115
110 161
23 74
12 84
15 11
134 141
75 156
127 138
37 174
96 31
1 66
97 134
30 149
61 2
129 101
179 19
18 178
109 56
170 160
106 52
132 157
89 135
125 13
47 127
116 30
151 74
148 52
9 189
57 123
96 57
86 129
179 173
5 132
22 74
147 115
55 77
180 180
34 148
188 185
98 162
125 166
5 34
65 115
187 174
42 149
25 44
193 192
35 130
171 11
73 176
109 93
17 134
53 9
27 73
199 57
43 171
117 147
56 74
37 24
103 130
19 66
52 51
112 20
158 147
117 44
179 92
81 178
70 75
130 64
156 180
111 175
19 119
58 164
8 47
112 114
190 36
8 48
160 132
134 195
42 13
10 85
111 97
30 19
46 50
102 20
178 24
87 101
121 122
48 115
123 52
93 88
93 60
91 87
57 92
105 100
190 160
44 52
9 129
29 166
91 155
2 118
127 11
82 87
155 7
11 13
146 154
158 63
130 183
91 195
121 12
175 153
12 133
175 114
195 192
195 117
163 107
41 151
146 105
125 33
157 181
194 77
81 192
39 1
142 33
114 166
176 90
87 57
141 187
146 200
199 108
46 46
43 116
38 71
103 153
70 5
119 196
90 118
157 8
38 9
81 148
172 71
53 57
147 29
19 149
28 180
105 92
146 157
145 164
29 34
128 170
192 99
133 67
115 184
176 151
60 28
12 170
81 168
2 74
178 78
184 152
11 28
136 192
119 26
101 48
161 64
87 36
196 50
186 171
102 14
192 128
191 52
108 34
115 171
26 3
13 198
139 129
118 126
178 2
18 32
59 108
89 130
82 1
81 128
186 159
46 24
110 174
107 42
68 173
76 103
97 55
46 68
167 95
167 92
119 22
10 193
2 183
56 99
22 56
14 13
150 190
149 16
38 8
200 87
89 13
39 76
92 40
31 163
12 29
51 139
174 45
55 116
157 157
37 15
47 150
125 159
117 98
200 81
4 60
141 169
40 28
32 45
19 126
169 86
36 94
106 89
190 25
49 155
94 168
34 155
151 130
196 58
4 53
6 17
70 178
40 78
14 171
10 23
63 195
128 127
61 73
2 54
39 53
7 47
48 70
84 103
169 124
1 54
133 166
107 19
185 142
176 51
147 89
158 30
40 72
60 153
93 178
172 64
16 90
112 21
41 137
29 163
57 29
37 127
143 175
65 93
102 68
175 156
76 147
148 142
118 1
200 195
12 36
28 23
55 193
68 150
12 11
151 191
101 58
140 39
11 106
81 51
31 36
142 77
20 182
24 175
160 71
137 38
154 62
163 144
158 46
114 54
106 162
56 5
179 115
65 26
113 184
32 72
94 10
57 15
178 198
25 115
44 120
22 111
192 82
199 128
118 24
38 14
4 155
37 54
104 168
60 164
112 12
90 68
151 109
36 108
151 61
35 58
15 69
184 54
165 119
153 86
137 196
145 122
149 144
164 22
51 134
31 14
120 138
2 200
41 88
102 162
39 90
46 66
68 153
30 110
118 3
140 16
39 58
59 8
135 40
74 162
164 134
14 18
120 38
77 43
49 74
125 46
87 16
43 32
18 28
170 155
48 64
169 140
97 136
71 159
176 95
142 107
95 184
191 85
167 86
95 105
21 29
183 111
72 142
151 123
105 94
35 72
150 111
99 132
110 171
108 157
86 165
80 99
44 43
160 24
57 118
136 145
52 64
168 163
83 192
79 94
73 139
38 72
189 29
192 76
151 182
11 10
92 65
14 184
78 94
22 113
133 44
34 137
86 28
6 78
7 154
101 109
160 112
24 116
147 200
184 128
4 145
174 26
187 85
127 62
196 23
113 53
168 96
29 136
69 198
12 108
12 103
129 54
119 151
115 52
38 184
44 17
19 155
68 133
79 45
4 77
56 126
35 45
105 141
160 188
19 8
129 93
77 139
185 196
52 35
150 32
38 77
105 39
116 22
6 199
121 167
166 184
15 171
170 70
97 198
42 9
13 71
2 51
86 42
17 77
14 32
61 91
127 191
86 78
97 38
176 133
100 23
82 145
57 93
193 50
133 100
25 12
60 50
26 5
73 24
186 4
197 97
107 132
95 172
48 187
10 53
173 109
106 183
175 165
117 19
121 189
177 36
27 28
87 85
172 85
126 154
40 38
4 78
13 58
25 122
58 119
15 97
73 107
125 120
106 74
137 152
114 156
117 167
1 59
4 12
171 182
111 54
135 178
52 143
115 82
22 82
62 9
151 107
49 21
9 153
17 123
120 128
80 15
117 96
56 182
178 103
195 184
44 112
135 110
96 6
107 96
195 141
36 126
39 11
114 172
48 63
44 47
198 119
190 185
142 180
158 175
68 84
179 75
179 45
79 102
55 68
121 173
172 157
80 7
50 165
149 118
46 82
143 114
93 26
63 181
7 83
124 51
58 21
56 96
124 78
49 176
33 170
13 161
141 91
63 67
18 76
180 25
7 98
159 66
163 125
24 89
128 82
112 7
87 108
139 113
117 180
192 154
36 127
173 25
81 159
128 93
137 25
82 189
55 146
192 172
106 62
147 144
184 131
97 103
66 71
171 32
5 122
140 70
58 140
61 28
111 114
88 142
113 101
111 177
169 74
124 146
77 198
129 57
106 126
46 137
48 132
159 159
151 158
154 34
37 190
190 91
133 132
115 15
163 198
187 24
129 152
30 11
71 137
44 134
89 190
158 126
157 94
64 160
74 47
52 140
6 116
105 138
22 200
102 103
187 113
149 106
73 178
80 173
52 176
115 45
137 81
190 196
147 125
9 196
148 36
169 188
190 198
154 124
151 92
64 91
83 43
34 118
160 11
24 129
107 81
167 58
1 48
53 56
61 158
78 11
122 116
7 113
112 61
30 185
110 113
96 19
119 50
35 135
51 95
16 145
196 149
59 155
12 3
27 2
75 136
112 135
133 35
97 36
161 153
177 71
131 3
7 73
62 92
95 118
199 39
79 185
64 75
174 44
15 49
24 80
108 165
111 126
188 198
2 152
51 62
78 83
68 39
25 164
74 35
64 36
13 160
40 170
15 155
178 116
54 139
69 128
11 130
103 26
83 129
113 81
161 119
39 142
69 59
181 110
19 17
77 138
4 99
32 172
199 36
65 180
76 182
3 132
45 113
115 145
75 54
7 200
173 195
58 78
116 17
71 82
93 172
83 29
12 96
175 47
175 56
156 167
142 125
151 65
180 131
94 103
61 125
82 142
46 132
98 178
75 164
191 4
20 37
144 185
172 7
142 134
132 153
13 55
200 119
36 66
61 102
195 124
43 199
163 193
71 37
184 10
199 119
35 98
10 39
150 158
51 175
20 5
38 180
95 135
104 38
2 66
48 159
112 122
126 53
131 173
53 191
95 24
20 31
152 38
193 101
168 86
130 23
143 87
154 25
93 78
148 125
129 106
163 48
111 51
170 110
67 56
154 181
44 114
161 27
131 182
3 31
161 154
139 168
147 92
136 140
171 125
108 66
161 107
56 124
131 134
187 78
5 53
60 185
5 151
157 22
76 2
9 120
2 165
65 20
100 174
95 139
88 1
163 190
194 129
66 111
69 170
13 33
4 141
68 11
74 176
41 39
130 25
109 75
52 152
51 104
71 41
171 139
94 53
161 23
49 167
190 102
131 112
102 140
103 184
114 62
105 185
109 59
44 118
16 195
167 187
2 46
80 164
66 74
169 53
35 176
7 26
36 191
120 49
148 161
129 119
26 70
181 83
73 71
180 129
98 167
42 190
33 138
137 143
56 135
4 22
74 118
85 54
120 183
28 47
180 177
162 5
172 129
180 16
17 171
92 168
157 3
109 82
172 197
164 41
160 98
125 194
62 47
165 160
138 51
80 177
96 167
79 135
102 76
79 86
76 194
157 191
57 117
72 127
1 74
28 57
4 82
4 200
50 175
111 168
126 159
30 77
190 95
129 115
9 50
35 188
169 73
1 143
7 7
188 33
130 134
189 169
191 152
61 106
187 67
52 118
33 3
13 13
112 22
140 4
122 161
35 64
104 76
121 36
197 139
146 179
164 129
8 121
5 4
197 198
87 174
117 15
190 161
183 132
172 14
182 165
117 193
108 185
64 100
43 10
40 195
146 100
109 34
13 101
70 59
176 63
64 68
68 114
83 199
64 117
21 104
83 69
180 166
155 144
74 38
137 78
125 150
141 57
122 28
44 154
49 140
138 177
113 58
154 80
51 183
68 71
195 169
48 126
74 17
49 47
96 55
193 167
91 4
164 143
115 107
13 162
147 160
86 137
182 169
90 183
117 111
113 176
60 2
163 154
41 59
108 156
133 190
1 192
40 130
31 48
38 115
84 174
65 174
65 119
120 11
45 94
71 55
10 108
3 107
151 139
1 130
45 24
108 28
149 67
152 65
12 42
194 26
175 142
67 191
155 116
59 153
191 97
64 21
55 48
184 12
17 69
49 50
83 121
199 64
73 63
84 8
158 183
182 158
179 174
12 116
76 31
166 150
134 56
163 170
195 8
31 75
64 22
50 14
25 75
58 74
14 174
145 18
49 76
160 7
175 4
86 13
74 182
5 6
144 118
111 194
6 40
71 71
115 166
188 117
60 20
45 44
27 55
6 120
144 52
33 30
27 112
197 177
35 190
60 91
197 161
161 199
19 121
149 139
152 101
185 151
57 88
112 141
111 178
64 137
32 80
44 186
38 96
158 153
131 130
26 188
55 188
194 9
53 22
110 164
129 176
81 49
182 143
35 21
32 192
187 64
73 88
108 114
38 21
33 174
64 78
152 158
33 111
96 151
90 142
110 138
52 48
143 65
132 20
53 171
171 26
139 109
66 142
167 191
93 8
189 57
88 170
109 147
95 87
150 139
185 23
66 117
167 65
198 111
111 30
136 115
49 161
182 3
35 82
192 48
130 123
34 159
81 196
131 14
159 82
162 85
154 78
163 89
58 155
58 102
133 74
148 175
142 138
171 30
30 5
60 176
65 198
114 91
174 162
58 185
115 121
56 186
183 181
84 181
134 114
113 37
28 107
109 79
161 73
144 100
45 109
69 74
79 175
79 95
68 99
21 70
198 162
156 129
200 177
190 146
116 125
164 90
69 62
30 192
104 33
153 21
164 82
193 169
92 42
37 42
184 169
81 154
79 165
191 134
60 102
111 147
75 139
39 46
162 15
69 131
199 136
90 4
31 129
26 44
112 25
87 141
36 140
158 178
145 21
167 116
20 123
129 36
161 128
131 6
96 182
109 52
198 63
171 112
50 37
8 148
128 13
109 104
140 128
114 92
119 107
157 81
65 14
152 60
121 27
184 198
165 98
93 58
8 194
174 106
169 41
137 21
183 78
97 185
131 194
177 115
135 43
22 158
160 119
168 188
127 52
175 119
158 25
34 70
11 115
67 107
24 88
3 198
47 155
139 165
147 13
122 60
90 2
112 133
31 188
11 47
152 97
178 104
160 172
98 158
30 190
169 135
145 184
60 10
168 126
148 103
120 61
100 189
7 2
162 181
189 185
111 134
173 186
52 193
34 112
179 169
32 8
143 17
27 81
72 139
140 7
45 42
37 62
173 62
70 164
47 58
196 71
186 174
4 8
131 157
190 127
88 120
5 180
37 146
186 146
83 126
184 148
24 20
81 91
101 154
20 66
159 19
106 172
98 164
55 2
62 38
11 36
121 187
197 73
182 154
124 118
24 131
200 98
187 109
9 88
87 179
74 132
143 186
16 51
176 122
152 86
189 105
150 196
94 13
160 174
165 4
176 79
31 142
2 167
138 19
139 71
197 49
115 188
86 20
41 196
177 128
64 127
141 56
60 53
184 71
100 120
155 153
41 167
38 89
65 9
186 118
107 194
132 11
118 86
83 102
189 111
151 140
138 198
100 16
82 5
172 15
19 163
72 11
100 74
178 31
40 93
76 12
36 85
7 174
100 180
27 153
169 35
69 21
16 31
86 101
87 115
18 107
74 146
183 15
181 136
78 35
163 51
9 94
171 183
39 7
43 82
99 128
200 131
111 96
70 115
68 68
168 49
12 12
4 13
114 123
124 155
67 152
196 7
119 147
188 38
96 44
31 148
17 22
172 120
169 192
169 109
145 141
134 160
47 117
163 119
159 155
6 114
44 79
149 75
151 166
170 156
139 7
69 121
77 18
28 82
47 190
15 184
92 80
187 21
119 142
6 183
108 30
5 153
122 127
4 195
113 185
119 128
58 20
127 104
117 122
144 69
162 155
166 9
15 26
19 111
22 30
42 14
44 169
68 47
8 185
107 46
16 52
120 151
10 45
51 27
150 21
98 107
85 137
1 7
67 17
108 3
170 65
144 59
127 101
39 149
7 183
97 190
27 53
128 35
90 100
136 109
66 150
41 125
84 140
64 15
106 140
161 31
60 51
5 192
108 174
141 148
174 137
147 178
95 1
153 150
142 115
130 93
68 118
153 164
87 80
130 119
52 112
198 109
74 166
16 98
93 170
91 133
160 50
146 193
60 191
91 172
120 179
173 23
2 105
99 6
146 161
99 151
178 138
165 10
181 39
196 196
1 172
21 144
128 154
199 116
119 139
80 128
16 44
53 50
102 108
75 178
38 16
129 89
84 178
45 126
24 74
34 110
84 77
177 178
119 47
189 168
105 200
20 166
56 65
42 15
69 179
111 111
50 117
9 24
70 129
92 41
149 7
148 137
102 31
96 53
119 126
7 128
62 62
4 101
63 179
119 74
14 119
34 190
16 39
136 156
130 199
147 27
193 86
85 7
180 144
157 93
117 116
111 91
65 200
166 148
122 143
73 98
113 93
8 27
152 170
57 185
106 27
107 11
102 51
66 63
168 79
31 154
60 134
70 100
166 22
91 158
59 187
127 170
111 106
10 98
68 34
106 103
47 144
92 135
48 97
111 18
80 90
44 176
147 35
144 70
57 50
142 17
87 73
97 50
188 136
146 38
156 16
194 183
146 171
161 151
122 199
191 184
122 104
184 70
61 184
127 141
146 60
119 87
40 160
166 50
94 125
102 99
69 124
121 146
151 187
178 110
176 138
159 109
110 18
24 106
116 126
185 159
23 1
190 110
55 163
36 156
49 57
47 88
120 50
72 13
143 11
19 118
29 115
93 68
14 101
107 1
74 150
117 105
163 174
178 118
130 182
149 136
40 176
187 115
145 135
70 181
147 105
151 29
41 170
43 92
88 43
29 71
93 15
179 10
165 193
139 161
179 197
45 146
197 8
103 42
175 36
72 192
161 174
89 25
108 5
40 96
103 30
154 170
1 26
109 99
77 42
55 12
40 65
69 28
184 91
98 78
114 73
10 170
92 30
97 13
116 54
49 166
34 100
68 145
132 61
133 191
101 83
31 4
5 143
26 132
98 100
145 19
163 108
105 111
163 112
93 41
191 64
160 9
100 184
169 191
85 115
97 59
115 26
107 58
94 178
53 76
132 73
137 84
131 185
101 55
118 147
96 1
78 32
76 11
167 179
55 148
121 149
191 102
79 115
116 130
125 106
156 49
40 3
140 3
82 44
106 101
114 128
51 14
98 151
107 173
197 88
168 147
157 164
112 156
98 142
198 135
176 94
44 160
55 58
155 84
11 23
20 113
102 160
155 137
152 186
130 121
127 14
7 134
183 118
21 9
23 129
194 89
34 94
116 57
50 192
49 58
177 188
57 158
96 129
148 128
58 169
35 184
120 130
49 117
7 16
113 9
55 91
137 10
22 11
10 46
23 162
8 163
63 200
36 192
42 174
49 24
155 147
6 75
94 166
79 70
18 34
132 49
1 147
179 117
63 91
111 65
27 150
9 39
170 86
168 133
20 119
112 75
188 70
195 60
187 40
156 72
199 97
6 135
177 179
122 156
162 118
20 109
61 118
173 52
23 137
6 112
93 144
192 14
98 110
179 40
11 37
17 109
3 6
26 192
30 69
134 146
76 58
114 45
143 104
81 71
39 101
119 46
48 198
49 61
86 61
148 51
63 119
92 148
191 170
108 84
3 188
82 110
138 123
103 155
174 59
62 27
122 125
162 9
64 58
111 143
189 95
154 36
95 26
81 85
161 120
142 20
42 177
120 199
144 83
159 121
199 105
96 138
12 162
49 37
82 111
98 199
149 43
12 8
184 101
94 12
101 23
18 90
134 162
97 97
126 147
33 81
55 41
185 93
146 156
189 62
114 32
94 72
17 193
164 104
187 30
3 153
182 8
185 141
69 129
141 200
160 99
11 49
132 94
5 172
180 74
184 193
134 126
156 70
21 186
141 24
6 117
184 81
188 139
179 198
28 95
104 63
170 66
165 44
59 95
81 8
14 112
63 123
55 14
188 174
184 75
73 76
41 119
10 127
85 186
184 20
99 104
130 78
113 6
56 58
154 61
121 139
58 197
195 99
83 133
10 75
130 55
140 90
20 141
46 63
156 156
189 155
139 13
155 2
62 136
95 22
180 27
119 86
74 199
111 74
186 151
195 144
146 78
133 94
41 132
54 63
165 192
164 124
162 145
165 21
62 133
42 156
43 23
191 88
114 115
67 142
153 121
134 127
170 62
28 90
19 140
110 66
106 197
170 111
155 185
77 24
184 97
134 118
49 188
22 45
57 133
99 143
45 13
178 106
199 62
136 121
175 87
108 93
28 144
198 116
32 7
189 35
33 28
37 87
18 26
107 25
188 170
116 187
142 99
3 186
9 80
22 33
73 77
92 52
37 125
178 152
181 196
112 172
124 100
131 73
43 150
100 58
180 72
135 33
167 112
39 176
7 152
132 151
21 152
180 133
163 120
178 168
62 180
156 94
47 55
192 59
169 173
135 1
68 136
6 59
122 51
161 9
70 167
188 15
172 146
84 107
166 92
96 124
160 128
41 50
200 171
31 136
170 141
157 76
145 125
135 13
160 126
40 58
124 43
154 136
116 29
117 112
41 7
17 190
112 19
175 80
149 105
7 9
17 179
87 144
95 155
37 135
8 179
139 14
162 2
91 19
22 127
19 15
107 167
146 183
42 142
148 135
21 141
62 144
191 89
194 54
184 106
141 69
3 19
36 103
58 18
180 47
199 65
98 177
153 54
65 59
148 104
44 121
15 43
90 13
167 67
89 20
6 67
127 189
55 136
164 168
70 56
29 158
94 84
5 155
39 74
131 15
168 39
143 171
147 174
119 184
14 159
105 29
101 89
146 28
56 159
65 28
149 55
45 182
192 27
80 49
130 47
173 163
140 139
28 139
180 78
33 162
3 115
139 191
167 180
149 84
12 34
24 170
54 74
128 20
117 149
58 123
146 140
72 72
75 43
200 186
194 66
102 54
35 86
182 91
192 37
197 86
156 93
164 71
105 195
176 70
135 109
169 7
181 149
197 98
117 124
145 57
23 183
105 62
121 162
141 197
58 143
45 63
45 108
50 101
134 133
72 10
133 87
136 33
134 172
137 50
57 91
192 163
177 183
112 185
152 68
154 18
163 110
99 8
114 7
197 68
102 126
23 193
179 185
86 184
181 156
198 37
2 120
120 45
58 156
35 200
114 185
30 46
115 35
14 177
99 157
120 26
10 50
32 135
11 128
179 160
177 63
79 171
124 147
117 23
2 97
187 138
120 5
113 96
39 164
144 115
141 23
127 145
138 52
88 71
42 131
85 102
9 74
55 61
140 101
19 14
92 35
12 114
19 194
144 148
91 160
54 124
71 69
19 144
6 134
182 110
164 5
147 186
168 88
41 139
83 182
67 19
137 33
13 36
17 88
102 142
103 58
89 103
37 145
155 163
181 173
189 129
34 175
125 88
41 147
10 200
53 11
187 33
63 29
141 2
176 181
33 43
179 54
165 18
174 60
114 11
42 50
131 174
139 18
42 52
175 123
56 48
63 130
159 194
1 148
133 170
141 28
129 168
182 177
1 168
44 23
102 155
96 176
134 32
195 46
113 141
5 139
91 99
125 40
8 152
125 158
189 149
25 157
84 60
14 96
96 91
180 153
18 13
183 136
179 93
58 106
87 1
184 121
58 30
175 82
152 72
120 71
14 160
130 18
72 25
70 175
123 115
60 16
190 170
18 194
21 25
175 149
152 136
181 54
40 33
188 154
113 25
101 153
44 108
169 128
2 87
38 143
141 129
108 106
39 195
36 90
151 116
107 61
173 8
160 92
196 43
74 120
33 80
129 35
189 66
102 19
195 108
57 134
34 55
51 142
197 134
99 87
151 22
33 198
56 183
138 31
59 190
80 64
119 173
126 164
131 30
108 154
97 99
22 178
88 55
121 94
84 168
170 30
95 177
187 154
8 17
5 126
15 86
29 4
56 52
15 173
19 114
101 122
136 125
109 2
189 33
109 80
147 195
163 26
31 24
198 152
6 53
180 189
187 41
48 137
178 193
34 122
37 45
142 87
138 86
5 61
115 143
19 63
142 137
118 56
2 187
58 138
155 87
140 24
29 127
137 184
72 77
188 195
172 170
191 149
117 108
151 183
47 21
109 31
117 94
14 12
195 175
120 69
101 31
118 187
78 144
29 123
175 108
141 79
67 8
53 124
85 95
50 128
107 160
79 116
118 138
49 149
149 188
128 94
24 185
47 9
22 13
76 179
124 152
63 36
134 29
11 96
177 11
37 144
53 2
183 143
179 16
7 33
199 1
99 123
113 118
182 78
144 65
186 28
175 73
70 46
109 13
9 29
145 193
140 89
70 32
153 94
64 16
130 127
61 45
54 113
47 22
113 193
51 164
132 24
94 56
53 110
133 84
5 182
105 42
33 26
190 56
150 38
85 35
14 189
195 62
139 43
147 183
82 194
176 154
125 124
78 148
112 193
114 103
64 183
102 55
34 177
101 164
5 25
177 129
139 52
199 183
110 99
152 77
1 36
166 70
186 45
47 170
11 129
47 129
17 91
76 171
86 52
55 198
84 114
28 78
131 41
158 4
148 181
97 122
85 90
134 83
91 115
3 193
191 5
19 137
94 5
124 84
72 65
80 184
172 141
159 65
16 59
7 8
20 80
121 10
95 61
171 137
114 31
106 176
94 35
79 169
172 96
172 29
107 114
156 188
107 200
9 17
91 25
41 106
172 118
184 5
140 194
15 141
142 172
53 35
58 28
85 78
127 76
67 86
17 12
199 110
8 131
40 60
44 189
69 189
170 185
67 82
167 94
129 82
80 86
144 72
87 55
149 89
151 115
102 175
180 84
109 87
191 117
24 117
11 19
44 181
10 64
97 4
81 52
47 122
174 49
17 70
15 75
72 149
100 19
119 67
23 87
172 59
196 80
41 64
44 198
122 100
75 171
137 100
3 119
71 7
119 131
72 117
159 93
35 63
34 79
179 26
11 192
118 195
95 66
45 29
26 117
144 81
85 91
143 157
195 127
128 87
160 150
129 130
154 158
77 128
48 92
141 122
36 51
175 176
198 136
158 166
41 27
85 6
131 166
193 187
181 131
115 110
172 137
21 129
114 89
200 46
169 3
190 80
89 199
81 90
25 80
155 83
166 127
199 151
166 15
143 54
15 160
165 132
106 143
155 21
20 103
20 28
62 168
184 93
194 139
26 4
127 192
195 164
157 89
196 173
19 151
115 149
140 2
153 156
32 81
35 47
13 43
144 151
18 84
59 167
175 105
44 159
69 196
172 62
155 18
32 31
106 195
174 197
169 161
144 56
156 89
178 166
107 193
24 33
166 10
34 76
199 124
77 64
50 73
79 52
126 85
144 125
46 80
60 114
135 153
13 174
56 123
98 76
112 46
159 195
40 44
76 41
49 38
170 200
176 104
167 7
100 54
32 195
100 4
95 33
147 18
6 136
81 21
96 41
128 106
193 28
118 108
168 99
154 66
114 36
116 52
66 131
100 6
189 191
54 60
142 59
78 126
140 121
45 181
66 148
158 114
105 191
171 195
21 52
133 108
132 65
104 88
58 176
78 135
178 180
68 106
191 87
141 150
13 122
77 177
130 138
122 73
22 68
96 30
83 11
135 80
187 60
6 124
51 179
140 127
91 174
130 115
110 1
148 147
53 41
141 74
2 67
140 68
26 153
167 8
62 14
42 61
181 55
197 82
59 112
142 186
83 190
90 93
85 88
192 176
37 139
192 150
179 95
152 161
32 58
38 60
123 90
92 95
45 130
140 126
161 48
98 122
15 169
119 192
109 67
43 24
183 157
133 137
160 76
76 134
40 48
23 159
138 20
130 73
64 53
87 124
16 172
197 56
187 27
195 122
77 69
20 137
198 51
146 170
119 97
169 16
125 15
188 146
144 132
42 16
166 124
41 111
88 37
86 8
178 67
191 135
53 197
166 34
77 79
191 43
104 115
165 177
182 157
123 50
182 149
28 79
192 58
67 132
26 12
89 154
156 48
102 8
109 130
30 178
85 53
186 46
45 135
156 96
191 158
8 68
180 179
170 179
65 99
14 79
182 170
70 3
65 114
146 84
169 45
59 120
51 49
178 117
197 7
33 39
107 191
173 157
150 152
103 133
159 124
169 10
75 199
191 98
114 50
177 106
53 195
108 1
31 18
177 142
123 150
61 197
195 25
127 17
23 138
29 174
88 141
18 199
154 198
183 25
130 14
195 104
76 132
43 85
81 162
18 182
151 76
115 167
81 9
32 74
49 60
50 54
58 148
161 191
193 137
27 12
178 169
26 25
158 95
115 50
9 34
37 51
111 13
150 56
33 65
96 188
29 1
167 48
88 39
149 173
46 130
1 162
32 63
61 63
136 114
46 160
88 140
41 162
120 148
84 169
115 125
74 137
130 142
68 69
62 58
34 124
98 185
119 84
44 28
184 109
149 65
25 65
154 149
26 167
36 138
109 3
73 78
147 143
16 82
94 51
76 144
69 132
162 187
109 190
60 1
34 120
76 48
47 102
33 85
120 156
48 136
70 53
185 95
4 156
32 144
189 133
124 151
9 102
178 42
128 122
25 45
38 52
43 49
108 149
174 93
120 82
65 88
182 19
61 172
14 140
164 26
130 56
2 94
145 186
157 197
124 113
59 159
41 120
49 135
97 56
191 47
114 129
83 60
36 169
173 30
120 43
45 92
87 106
65 124
60 25
155 173
132 35
92 71
98 129
161 131
83 122
13 31
115 54
188 143
40 166
64 114
100 32
91 16
59 129
101 64
38 185
180 146
9 92
114 76
60 119
70 89
126 12
5 104
3 159
166 166
35 119
89 65
4 180
89 175
97 153
10 145
81 158
87 187
143 97
180 2
55 195
68 170
46 163
38 85
9 51
185 6
194 126
160 161
179 9
77 22
72 163
51 66
128 157
12 23
115 21
128 103
1 10
137 53
74 98
117 1
185 37
19 20
50 105
108 144
59 162
188 75
159 16
127 152
130 76
157 5
172 150
186 167
129 73
144 140
90 70
30 130
83 62
118 60
60 142
103 131
11 142
56 151
135 132
118 198
163 2
64 32
51 4
142 143
186 189
196 30
199 147
63 51
143 68
118 72
164 174
164 64
29 193
157 163
121 20
183 66
104 67
64 8
104 183
197 131
27 174
82 88
127 87
17 49
121 61
1 53
161 97
23 187
133 71
1 196
174 130
84 84
3 100
8 72
149 165
101 71
43 90
64 64
180 31
32 117
107 65
170 139
66 193
110 92
132 80
73 30
114 81
149 63
130 180
177 88
48 158
27 117
85 75
86 145
18 128
89 127
186 113
11 176
200 97
197 96
141 140
155 167
65 67
155 9
85 29
60 22
20 151
184 30
28 38
50 85
192 108
196 102
114 118
114 1
28 25
85 56
90 21
157 53
155 35
127 94
106 77
104 47
142 196
4 18
108 100
183 150
97 26
73 119
24 100
172 167
14 7
199 115
104 93
69 160
171 109
139 61
148 74
124 5
46 6
8 97
146 146
12 138
197 92
88 84
182 163
128 176
40 175
186 34
104 59
197 20
30 107
98 121
33 48
91 104
134 116
76 86
157 62
198 53
134 139
19 196
24 55
128 189
93 33
63 196
176 140
45 177
90 78
10 153
177 123
127 142
178 137
31 169
173 2
4 124
7 37
91 200
80 67
132 194
68 94
87 197
142 123
45 65
12 100
29 178
131 132
166 193
64 31
60 48
48 67
179 43
90 22
164 85
44 140
156 74
192 51
187 194
24 152
4 110
92 103
110 70
146 63
54 150
20 125
183 133
93 149
85 192
80 48
110 51
55 28
89 195
170 194
196 193
147 52
153 18
86 47
20 173
138 188
175 101
165 174
154 104
60 143
199 135
147 180
76 169
91 26
52 125
26 178
176 112
156 147
200 101
63 64
101 97
144 54
91 29
134 28
43 9
128 174
100 183
78 196
104 18
110 50
61 165
173 26
88 131
19 53
67 39
10 123
131 77
112 79
90 193
96 58
62 19
123 66
163 66
101 156
83 32
198 83
6 141
18 96
12 43
16 75
131 44
156 100
27 118
42 121
53 174
124 142
63 55
17 52
60 165
116 170
161 163
54 148
13 41
3 117
157 24
17 163
83 42
74 144
137 66
155 26
92 78
62 130
135 27
181 163
194 136
14 138
49 142
156 57
97 129
88 42
191 176
150 200
49 129
21 102
59 123
94 76
121 17
44 111
158 10
151 97
82 65
110 9
173 184
143 130
193 96
29 124
49 182
154 45
185 75
103 6
167 154
92 24
185 89
74 29
50 163
37 85
59 139
103 117
191 69
130 32
100 170
175 200
66 70
5 127
52 169
20 145
196 174
1 71
7 115
29 35
75 28
106 166
108 95
50 191
97 168
180 55
21 51
69 4
86 114
108 177
184 19
110 147
1 150
141 85
131 179
32 198
28 133
182 85
107 159
170 174
88 144
96 27
175 155
170 164
32 19
45 38
115 112
13 70
23 163
128 57
64 81
76 85
180 29
94 48
130 48
27 171
92 99
30 44
171 4
158 124
27 14
103 174
166 4
175 109
148 56
162 45
45 117
98 5
98 115
76 176
88 11
19 172
193 127
68 190
111 101
18 46
63 101
148 146
37 181
59 5
166 110
39 162
141 104
6 129
88 138
179 28
171 128
45 118
88 165
14 46
179 178
162 77
154 92
25 149
180 68
78 133
77 164
102 44
129 155
11 93
39 57
28 112
12 39
8 180
104 106
134 147
192 138
83 177
134 99
62 131
194 52
119 181
69 3
109 46
70 106
122 149
171 55
120 170
179 71
16 106
120 122
85 32
184 87
62 84
152 4
33 156
67 169
172 83
136 105
12 61
68 65
183 185
97 181
142 165
152 104
37 60
89 109
36 53
177 174
112 100
89 176
185 107
81 79
121 108
60 103
157 27
121 181
49 131
80 107
100 159
118 6
32 111
21 95
107 4
99 161
196 195
196 144
112 173
107 92
200 89
159 138
22 67
44 18
159 122
135 168
7 184
53 148
120 150
38 92
85 163
97 5
106 123
32 105
103 105
4 198
141 168
182 180
70 11
179 96
1 6
6 14
99 176
61 39
139 198
193 95
156 79
48 79
145 187
39 100
107 127
35 32
67 196
83 152
147 22
196 47
67 37
58 187
195 170
120 112
135 111
49 110
63 44
195 167
130 19
67 42
176 88
145 56
70 38
61 193
151 71
15 81
155 152
25 191
187 197
125 146
124 124
27 24
64 152
133 86
23 192
112 178
108 49
131 84
191 155
19 10
187 97
197 71
19 92
92 134
100 151
109 166
189 124
29 47
40 141
125 181
139 93
35 124
151 196
109 22
196 56
103 80
74 138
167 74
157 174
56 55
12 128
5 54
8 100
124 62
118 63
32 155
26 149
109 110
12 56
44 27
44 170
127 121
41 51
103 51
23 153
84 29
140 192
200 24
33 168
44 3
1 129
76 71
132 105
76 110
76 197
105 134
161 91
140 97
81 166
13 156
186 9
196 113
91 89
125 51
148 60
20 39
167 119
154 147
198 113
133 14
58 1
169 51
5 77
94 154
53 25
19 23
5 86
49 2
88 80
194 50
71 39
66 171
175 45
46 96
184 165
97 102
134 48
21 11
116 141
98 161
190 53
181 8
172 37
166 68
70 24
45 28
40 192
134 19
136 77
81 19
99 5
53 42
96 147
76 186
179 67
38 3
11 164
123 197
19 56
143 93
102 73
66 38
153 95
157 82
191 93
153 74
187 15
172 133
4 131
114 58
190 101
103 120
129 144
145 196
92 142
142 104
45 16
75 196
152 6
92 116
121 65
67 79
101 7
53 77
38 29
36 116
20 133
102 67
133 55
19 173
189 87
145 147
48 49
20 2
58 175
170 59
5 188
101 69
162 62
13 137
128 121
128 2
87 138
175 65
156 131
83 193
13 129
126 198
85 59
152 147
1 138
18 106
143 94
39 51
169 143
68 73
110 42
149 140
77 173
67 44
75 49
49 113
118 88
78 174
9 91
72 190
94 145
159 58
99 20
139 3
113 146
67 175
88 166
62 166
57 55
68 77
197 128
52 197
20 179
126 64
38 113
103 18
26 22
5 37
26 72
166 61
30 160
33 86
200 130
55 118
60 115
187 161
126 6
141 173
189 42
135 197
50 104
173 61
96 175
62 159
88 96
150 24
73 149
146 135
6 92
63 81
184 96
92 157
151 62
64 122
36 86
88 147
133 125
137 182
147 39
14 59
165 90
36 142
14 176
169 59
199 71
177 76
68 146
89 9
107 8
41 32
31 130
18 88
3 164
127 148
137 102
113 68
196 51
48 142
28 46
132 200
55 119
134 31
99 155
69 22
145 24
77 145
53 55
99 144
104 78
38 186
77 46
52 84
149 20
133 46
139 135
106 47
132 142
12 68
35 139
64 60
29 155
179 42
179 94
83 135
80 199
176 124
107 125
2 80
50 52
72 99
98 171
180 127
188 133
160 183
18 200
39 52
159 80
161 115
91 20
107 55
170 83
78 128
109 106
68 9
179 23
170 7
99 1
9 1
36 195
25 68
15 38
134 168
99 14
91 165
89 172
145 36
91 47
142 110
39 158
81 94
138 162
11 105
7 21
33 44
189 75
62 102
19 177
52 6
4 50
179 193
142 46
199 146
147 177
9 170
185 173
5 121
28 123
70 171
126 195
146 102
134 94
10 99
158 101
50 22
60 97
50 118
85 160
39 17
137 160
78 41
72 199
167 147
188 166
26 28
70 104
85 109
135 170
43 185
143 81
155 98
133 163
183 155
141 53
32 36
190 177
93 66
113 34
165 145
47 96
189 41
191 70
185 149
157 68
2 36
18 189
160 124
181 104
45 151
144 120
127 44
136 165
118 148
81 124
106 12
1 180
26 45
172 116
143 136
68 155
113 190
72 71
200 13
7 191
61 142
92 72
165 157
173 28
120 106
178 99
116 80
199 67
27 168
70 45
173 97
48 107
171 167
148 63
103 179
175 184
190 187
35 170
158 192
100 173
72 62
61 181
21 79
20 114
100 126
198 81
167 139
81 60
83 160
115 41
149 79
139 160
166 52
53 196
116 82
24 123
43 129
141 160
55 86
93 198
70 180
188 196
157 42
22 91
73 39
2 170
154 100
28 43
39 170
173 135
144 98
15 128
198 27
5 133
149 187
100 15
167 100
126 126
99 127
93 18
170 61
118 154
98 157
28 114
15 133
76 181
172 182
129 127
71 19
33 127
155 92
95 168
19 174
89 64
88 10
153 182
36 81
172 25
103 121
188 66
7 131
200 30
44 156
162 194
120 124
110 125
14 122
141 141
60 32
131 93
11 156
104 95
56 44
67 110
101 6
122 6
185 127
74 8
152 23
126 162
30 63
44 101
168 52
88 151
12 167
114 130
181 188
170 189
60 194
177 48
54 82
175 132
164 197
198 198
72 191
34 63
156 1
137 2
144 166
117 119
140 8
35 76
163 9
145 180
82 106
107 143
131 50
94 25
46 59
126 170
186 154
29 58
96 83
116 119
3 194
177 32
150 64
119 144
194 198
79 184
105 56
67 40
157 189
141 49
126 63
7 44
82 126
30 89
159 119
177 191
126 188
190 46
21 67
187 107
34 151
116 59
41 100
21 135
149 11
118 47
161 51
162 162
76 77
21 111
173 6
167 46
133 192
118 157
5 110
144 154
157 160
187 6
166 76
141 83
123 103
130 133
105 38
68 57
86 19
94 104
65 146
177 79
161 59
46 52
196 60
38 200
80 14
167 32
159 92
94 199
120 98
71 148
145 188
123 195
19 175
15 60
161 5
87 28
85 22
73 181
65 60
109 174
103 195
47 178
76 70
90 117
74 136
194 29
116 48
172 173
105 58
158 138
163 179
8 108
69 84
2 153
196 131
107 7
35 49
71 105
14 4
115 195
194 116
20 14
77 88
72 120
110 59
151 194
14 83
84 40
84 159
121 55
190 76
162 114
79 155
173 125
168 22
145 51
181 133
96 119
123 126
73 106
141 163
41 29
177 68
172 102
199 195
181 175
152 13
36 80
32 101
177 46
55 109
147 94
54 22
7 100
139 38
78 125
62 61
126 101
197 132
14 104
37 3
44 124
110 117
168 177
169 37
103 35
163 127
32 126
196 92
188 79
6 45
152 106
29 110
92 73
122 49
126 58
138 40
42 116
151 54
92 44
49 169
25 125
186 48
66 8
35 196
169 48
71 5
49 73
102 27
22 118
97 138
79 5
45 12
26 35
1 142
135 171
119 56
6 191
185 48
76 133
54 195
96 157
1 123
122 3
94 158
190 99
53 62
178 45
6 158
56 62
33 108
135 143
71 90
43 165
69 90
124 197
107 116
179 31
4 192
176 18
153 112
4 25
164 133
165 78
86 77
77 60
173 122
82 14
103 4
160 159
177 133
124 175
90 53
190 67
16 104
75 110
78 47
193 105
93 180
141 179
144 133
16 28
188 182
38 144
96 26
105 166
163 74
87 4
111 173
48 110
90 84
108 122
95 86
64 19
191 28
94 149
110 168
64 26
63 165
122 69
122 92
64 96
189 88
163 84
40 147
157 12
1 195
145 33
119 4
174 54
160 94
77 140
150 14
88 156
161 179
109 97
124 58
156 38
82 170
145 96
82 20
59 59
77 101
164 102
48 89
140 48
89 139
156 95
16 186
162 95
177 61
199 31
55 155
84 82
3 24
80 200
70 161
153 172
116 99
47 6
96 139
91 80
148 98
138 2
149 183
144 15
193 48
137 72
74 74
178 115
96 3
7 29
70 42
35 81
91 129
137 134
155 172
65 34
78 149
117 190
109 157
74 75
127 70
12 155
184 77
144 198
61 93
11 138
191 131
171 199
68 86
64 180
63 9
172 73
186 5
6 171
83 57
172 194
94 55
28 135
43 168
113 138
14 106
119 149
127 23
62 40
116 13
31 62
115 105
53 103
107 87
78 114
27 144
140 187
26 113
101 53
186 93
34 27
17 153
138 132
182 23
193 81
186 123
25 116
130 108
13 104
172 23
69 31
185 169
48 58
122 7
97 131
15 137
60 105
98 116
154 5
50 66
111 158
79 152
128 62
122 187
158 148
43 38
96 140
178 6
15 59
172 70
43 95
73 70
100 145
83 8
100 130
146 8
63 1
57 17
121 34
200 196
106 185
46 175
147 137
12 10
25 197
52 68
115 169
111 1
79 120
68 16
15 95
150 114
140 153
107 44
70 2
7 130
120 22
148 177
175 78
2 192
40 32
152 182
155 10
83 118
190 165
78 190
126 97
162 93
128 191
47 181
173 34
97 45
181 98
116 37
88 75
125 187
144 31
91 140
74 83
140 178
35 5
106 139
70 134
147 91
24 36
132 91
131 59
121 197
44 70
46 12
113 104
6 98
64 94
132 188
3 163
167 28
19 73
58 168
83 68
128 128
25 179
186 156
165 41
82 103
90 114
167 160
117 173
165 168
43 166
37 180
56 166
39 139
187 70
139 84
146 167
126 87
32 184
183 176
29 143
17 36
66 126
134 119
21 23
19 28
30 94
15 84
147 71
171 56
47 187
57 24
197 57
182 129
43 94
40 137
136 180
134 4
38 59
22 34
116 50
43 102
110 15
137 154
31 1
67 170
18 174
106 115
67 38
166 129
28 140
171 122
190 118
121 116
100 118
182 182
154 43
18 118
189 2
72 15
158 127
16 112
99 29
136 146
29 198
102 116
197 180
148 148
189 59
159 99
65 191
6 29
159 89
169 175
191 57
129 62
77 82
42 49
3 146
83 148
183 99
161 127
165 72
199 187
68 116
44 49
45 168
145 181
23 65
117 71
53 134
136 122
97 68
79 6
7 193
168 20
84 51
41 104
92 86
197 192
159 26
10 78
102 38
56 82
188 28
110 69
71 124
177 103
11 65
68 41
81 138
41 86
32 44
102 13
54 164
165 69
145 176
141 98
87 194
24 30
19 176
60 55
114 153
188 175
162 100
30 90
198 18
119 101
109 193
86 49
93 116
117 183
129 44
107 192
54 178
35 28
74 115
74 172
81 88
112 42
185 168
140 131
125 56
109 47
3 58
151 177
73 158
42 11
177 16
115 47
159 98
188 135
11 122
117 166
72 23
69 151
49 112
65 183
119 168
77 166
101 61
194 36
12 199
126 70
79 196
94 124
22 44
21 97
71 93
157 168
91 37
28 13
30 143
192 33
116 124
7 162
85 138
37 10
27 128
98 81
198 40
193 9
149 53
177 161
185 3
126 68
13 145
46 49
101 171
33 190
138 17
139 31
23 53
143 129
71 180
82 42
99 74
195 26
80 10
21 22
65 126
6 66
40 157
76 21
35 56
113 107
132 77
150 78
153 35
84 73
191 196
88 45
137 62
33 106
131 107
13 91
15 50
54 176
146 39
121 125
22 93
100 9
66 84
68 132
68 189
176 85
27 33
71 74
150 171
32 168
27 30
152 11
189 176
133 142
