200 2225
14 -478
474 254
-53 -284
430 462
-287 27
-203 -34
-59 99
465 -484
-263 -171
345 329
344 -264
-448 -450
266 -202
-210 497
-289 -478
-186 -275
132 -384
298 344
315 -301
-59 -453
-498 -37
166 -425
-176 -149
-174 477
-229 -457
312 -136
-320 -209
-329 -482
-439 486
278 -187
328 475
-440 -489
74 -351
-333 -92
-358 296
447 -374
175 324
-151 212
7 -418
-311 -454
-268 -79
-242 251
448 -358
-334 7
-483 70
52 -61
-188 -225
-240 -111
490 -226
290 231
-487 -91
249 17
-461 -461
-150 395
273 -100
22 425
129 -390
-455 221
-234 29
320 84
127 -410
-26 -188
393 21
188 193
-125 348
-487 175
421 -287
-400 31
129 -131
455 368
-286 411
-281 -298
-226 250
-272 -142
-133 401
252 -264
144 -290
-361 -435
380 331
474 217
157 -231
-57 -113
43 249
424 450
-174 -237
-143 -382
463 289
420 -338
-30 -169
-113 -394
-120 432
-211 -39
36 93
-72 251
442 187
440 332
-80 -206
386 -62
-316 -469
385 -424
-30 -175
-210 -97
224 27
146 443
-211 -405
-191 -478
122 213
-426 -101
-397 -28
423 55
262 -356
-216 -335
-105 478
297 -176
303 -246
54 244
-338 0
-385 -420
453 -419
-306 -64
333 240
-338 -416
-97 -369
312 297
106 154
-273 -397
57 -350
-79 -336
363 -303
8 -379
339 404
412 452
10 -272
-2 47
73 -5
422 -243
431 -10
-248 -145
20 77
-307 -48
150 -384
-488 -399
77 -371
483 -112
227 -377
-367 21
-166 344
-139 -146
-376 -223
-158 317
-456 73
386 234
-254 -99
-261 470
214 385
-332 -424
-335 78
29 -112
-421 -476
-42 -196
-167 -191
-27 44
220 268
-498 -257
38 209
-355 -496
442 38
202 -307
-409 -273
82 347
335 260
228 -107
14 132
-206 -129
135 171
486 -175
-162 73
-250 323
-63 34
-217 133
-202 -153
69 234
-252 384
-195 363
-278 -381
483 454
326 -342
289 213
198 -381
-13 -359
-74 -218
-224 232
-11 42
410 372
-132 250
430 -36
111 77
348 -487
-275 -95
138 -230
122 55
128 194
187 187
23 194
86 29
66 13
103 170
125 88
17 68
154 147
2 32
146 150
164 30
114 140
131 152
142 158
196 53
198 172
123 122
89 191
110 175
80 13
104 29
29 185
42 169
25 151
185 129
145 72
124 136
87 101
43 104
77 6
114 96
120 181
126 61
48 99
176 132
75 109
199 31
154 163
105 97
67 59
125 20
52 6
73 186
193 191
108 84
82 3
46 175
1 172
180 19
32 109
65 155
187 1
124 175
10 32
107 6
109 84
183 12
118 157
68 146
163 50
28 108
82 199
59 54
92 92
149 70
146 30
54 118
183 133
78 177
73 184
83 89
86 171
28 110
130 90
71 72
45 120
72 168
10 160
188 16
130 30
10 62
11 135
27 5
136 183
63 36
21 42
84 10
73 12
134 94
100 15
185 193
43 117
191 86
52 197
78 60
167 7
3 134
193 167
9 37
81 69
151 138
85 55
37 23
42 43
23 138
57 24
142 101
74 187
148 11
30 172
85 83
170 140
13 159
141 6
164 139
195 10
64 172
4 154
196 95
78 114
136 151
55 106
3 66
182 106
22 200
45 109
194 106
18 89
133 127
61 28
51 15
65 13
146 13
45 169
8 100
23 196
12 16
27 198
116 142
6 59
182 8
75 149
151 189
112 61
119 103
5 105
67 130
26 76
169 125
189 158
69 59
55 176
31 149
58 30
167 167
52 91
5 74
88 175
51 26
115 17
190 35
174 140
19 74
42 165
114 182
112 76
97 150
30 37
104 186
60 122
116 26
37 37
62 56
178 142
185 172
148 17
14 85
143 141
118 40
100 125
165 190
33 12
186 69
125 154
56 25
88 3
81 4
174 55
123 9
124 120
131 39
123 40
13 64
2 97
82 103
45 37
19 103
109 123
124 88
79 190
132 160
143 196
59 10
128 156
50 193
36 102
158 34
89 49
168 121
34 79
169 194
27 74
155 114
176 69
58 11
153 111
167 165
136 34
77 179
40 153
145 144
164 173
1 15
158 81
130 54
189 43
32 87
177 167
169 101
171 40
169 83
167 157
80 178
58 194
103 183
100 168
73 177
8 184
171 4
53 161
67 103
31 73
47 132
153 38
40 28
23 112
7 66
38 159
48 154
82 189
126 13
180 178
148 172
78 45
63 52
19 115
174 15
94 2
121 86
136 80
125 68
5 20
170 166
69 160
83 55
86 167
186 39
169 185
56 89
62 25
149 135
175 68
113 82
21 70
145 165
129 34
66 150
96 186
57 157
199 146
31 125
178 41
153 137
23 192
199 135
30 3
111 102
78 20
3 166
69 163
92 17
34 21
74 4
39 98
66 36
126 143
80 19
103 94
194 189
13 143
164 167
184 125
148 116
44 116
103 22
113 152
144 147
117 127
58 67
67 170
44 53
142 21
139 25
41 10
145 20
77 91
24 102
80 97
160 73
93 67
173 36
194 150
73 109
48 102
141 161
14 157
142 57
32 63
192 189
141 174
199 10
91 40
198 53
77 70
132 186
79 90
67 54
60 72
39 14
197 43
104 143
183 125
90 122
54 111
175 156
196 6
172 169
158 24
103 130
67 147
114 165
25 2
48 106
172 163
186 30
131 41
9 193
56 188
101 180
35 65
6 26
123 134
173 52
164 122
135 64
55 115
182 148
172 83
20 167
48 104
154 67
159 164
119 188
127 1
173 44
8 78
95 98
52 117
155 11
74 180
184 113
165 146
100 127
176 74
11 145
66 30
34 161
145 13
7 163
183 49
174 105
82 115
199 111
121 108
64 192
3 48
83 29
175 41
200 33
119 141
51 5
19 31
114 63
160 34
90 80
93 77
8 88
163 179
37 48
170 28
100 16
65 193
197 47
81 113
77 161
190 170
47 7
133 174
8 128
36 56
18 116
129 45
180 102
197 149
161 35
129 192
163 35
53 121
143 179
68 67
54 3
100 107
76 191
101 81
103 144
85 100
183 158
180 34
65 133
99 58
4 100
115 152
18 13
174 192
78 179
180 164
96 55
38 195
197 125
162 129
35 153
10 176
139 144
41 36
6 28
84 67
70 129
48 179
155 139
99 134
75 51
160 57
196 41
8 141
68 75
111 184
149 66
152 143
59 200
82 97
129 156
120 10
115 153
135 119
190 149
132 37
156 187
37 144
111 176
91 21
48 44
22 159
73 44
56 12
180 169
99 199
19 29
117 115
140 40
139 92
94 25
7 187
35 101
59 84
118 65
162 65
28 171
73 99
100 109
86 110
188 195
46 99
119 52
163 137
20 105
52 158
121 28
116 139
187 162
142 179
184 137
13 111
184 10
174 182
116 198
127 110
35 84
43 47
99 143
73 199
117 112
35 54
61 108
86 172
187 63
47 76
57 44
67 33
196 30
138 113
162 32
45 101
111 59
13 180
172 92
11 172
104 145
23 164
108 192
12 191
35 180
106 60
72 14
124 42
73 14
71 155
89 170
36 64
127 128
112 170
175 193
32 53
186 67
20 20
140 105
165 118
39 119
147 197
27 197
33 161
107 78
91 108
187 164
188 10
81 89
47 186
113 129
130 189
49 193
127 8
32 95
159 118
64 46
5 107
39 194
95 45
42 132
157 69
141 39
163 2
80 101
189 19
190 53
4 149
181 18
196 120
140 149
83 8
119 49
186 28
132 33
71 168
157 103
105 3
62 6
113 189
131 179
189 10
18 100
62 58
35 200
102 76
52 40
28 188
186 36
134 185
185 161
39 165
94 187
162 94
184 68
73 3
12 154
113 12
173 81
61 82
115 58
86 181
128 7
180 154
18 76
126 12
170 93
135 17
187 104
136 65
122 155
32 91
78 144
90 153
28 70
18 175
194 104
161 84
178 97
136 144
45 155
67 105
133 92
104 172
15 88
154 156
121 118
192 115
102 139
163 47
51 133
54 125
112 42
142 182
39 34
145 184
196 55
186 189
98 26
158 31
12 101
196 11
174 93
131 53
128 60
136 11
44 168
168 96
58 66
125 93
46 116
96 143
75 72
48 74
87 90
111 187
6 153
96 158
147 105
33 18
178 57
25 168
157 44
139 63
54 60
145 4
23 103
83 90
45 39
1 51
132 90
23 6
82 176
191 159
180 95
17 140
172 117
130 44
46 134
196 117
136 68
66 89
102 119
64 145
155 146
11 137
1 10
119 177
133 197
131 49
72 188
199 161
96 53
26 173
90 121
77 4
76 154
50 110
5 113
194 71
153 73
169 80
123 67
114 67
162 22
82 45
104 123
195 132
139 122
79 62
104 89
154 115
41 52
194 12
185 198
138 130
57 101
48 160
37 91
46 166
14 134
16 101
16 8
168 95
151 44
134 101
150 191
199 194
92 11
61 8
115 143
183 26
143 165
22 177
192 132
177 35
179 52
198 59
25 173
80 129
160 15
186 75
86 66
28 116
50 166
126 5
106 75
132 67
199 54
89 90
138 123
184 189
161 127
141 189
41 13
151 33
56 168
18 53
104 18
29 72
12 24
6 172
96 169
74 133
163 125
3 99
55 23
53 11
87 121
144 144
85 112
106 4
114 32
189 93
108 159
77 90
81 86
55 120
33 164
69 187
72 40
139 37
187 148
10 131
147 164
97 66
102 186
96 178
117 109
121 185
40 191
138 60
49 25
133 152
91 191
112 33
81 190
186 178
27 135
5 114
68 33
179 40
7 45
43 188
81 106
67 77
122 38
33 28
135 166
133 40
107 96
155 3
112 4
34 15
97 21
146 140
157 38
174 97
173 18
61 111
101 189
195 179
168 166
50 93
53 149
156 96
123 89
116 62
93 53
143 139
186 199
152 39
192 85
14 89
85 132
1 174
102 45
187 97
51 28
164 35
119 14
181 117
91 53
11 187
128 91
83 77
2 102
9 108
115 39
192 33
185 16
162 145
132 88
2 73
124 111
102 120
173 69
16 123
31 179
52 129
189 169
49 134
73 168
167 122
12 118
187 186
193 172
9 7
55 182
124 76
159 105
21 156
130 51
119 187
89 3
52 24
20 111
1 160
147 26
12 37
106 169
194 195
160 179
137 53
76 80
47 179
62 97
162 78
113 113
94 159
96 41
168 31
151 42
153 49
75 67
173 145
95 78
120 20
29 70
9 95
158 35
6 97
2 173
101 145
134 103
180 61
172 150
144 195
102 64
185 99
181 173
120 112
177 43
29 113
74 116
15 9
197 119
6 162
9 94
108 47
104 110
74 71
115 5
86 124
93 52
83 106
121 51
176 167
28 92
161 28
122 52
155 72
15 62
19 199
108 156
33 81
102 78
198 171
193 113
187 78
184 177
50 154
123 66
111 122
1 76
72 123
179 2
9 61
189 145
116 122
128 109
198 32
149 64
177 93
63 161
116 8
52 68
44 30
75 73
70 79
56 190
63 7
1 6
162 133
198 176
75 115
135 128
55 130
88 142
162 24
37 67
26 52
94 96
186 77
138 88
189 74
61 199
86 194
91 71
197 4
178 178
151 186
145 185
34 35
93 139
45 56
112 179
26 48
29 162
193 137
137 65
173 153
187 121
38 90
190 21
105 8
118 71
46 164
121 23
188 112
91 169
8 114
191 87
61 152
75 169
2 131
194 61
169 196
182 150
199 164
113 48
151 20
140 101
123 77
102 132
154 81
137 17
148 104
144 178
199 188
48 143
71 52
74 135
163 92
161 51
141 142
26 104
115 146
42 189
195 8
54 70
165 183
89 197
189 123
36 12
76 110
200 133
20 8
120 129
155 87
130 185
81 39
162 60
76 199
160 128
154 40
56 55
29 93
105 95
66 51
99 179
63 178
34 59
146 197
108 115
93 81
61 125
19 98
126 162
15 31
86 129
138 22
192 75
16 11
124 198
10 183
52 183
21 132
113 58
84 176
91 31
195 185
139 130
26 165
26 139
58 13
26 187
1 106
32 128
60 91
167 49
36 30
163 81
174 70
50 190
190 1
196 44
132 66
161 13
49 64
153 96
89 173
8 175
61 127
159 162
155 101
36 70
165 191
108 18
66 121
132 26
123 161
77 10
91 98
196 21
136 158
23 166
166 58
82 100
90 110
161 4
159 39
165 88
187 75
171 15
57 150
169 54
190 4
120 122
128 14
92 107
115 65
141 115
190 180
188 85
69 101
83 91
91 168
70 146
122 169
198 187
98 103
174 151
69 9
46 197
63 192
62 173
95 86
23 116
64 137
109 72
159 168
131 133
156 2
117 79
191 18
11 29
24 22
86 128
199 145
51 30
61 106
53 50
89 116
88 67
37 69
20 149
110 8
169 147
142 180
149 56
77 46
84 116
30 135
33 178
83 4
126 186
65 152
49 9
72 49
123 156
7 19
6 49
74 9
49 36
154 190
165 193
157 99
48 157
8 185
30 20
90 105
75 82
24 101
80 59
142 49
69 91
152 150
186 154
42 154
51 13
136 122
150 195
150 51
175 122
42 48
114 198
165 83
162 89
93 63
90 63
45 122
70 104
126 39
117 122
71 65
182 163
125 172
179 20
116 152
65 56
152 154
113 142
12 142
153 36
71 43
175 142
9 136
175 16
21 59
17 99
141 55
129 47
69 39
160 158
46 51
112 147
190 34
181 115
175 53
74 7
25 185
81 136
109 151
182 56
6 130
62 172
84 113
32 118
36 67
163 199
172 45
54 33
78 147
59 50
141 19
182 53
25 141
163 37
108 106
182 119
131 199
39 169
192 12
192 157
28 114
132 77
124 11
85 133
81 191
86 28
90 150
80 14
171 200
29 174
27 98
90 123
149 123
200 10
30 84
148 120
196 191
48 47
192 89
175 62
17 134
192 170
145 102
2 146
167 133
107 148
156 75
163 40
124 146
68 186
57 119
188 125
41 84
141 168
1 182
9 20
200 158
179 32
188 188
92 52
116 81
90 154
118 91
56 104
192 83
52 164
17 142
177 125
121 112
112 98
94 167
14 200
35 49
50 128
35 35
51 135
71 140
12 89
51 136
94 18
104 57
166 195
180 167
1 133
28 135
150 151
144 28
2 79
52 34
108 195
147 189
171 167
159 43
11 57
65 68
64 77
156 98
82 71
196 114
10 105
56 86
69 32
47 122
90 106
132 100
72 170
80 193
59 196
13 171
119 77
70 88
112 187
37 86
191 10
80 131
40 80
127 140
122 183
185 70
67 19
191 127
62 124
61 16
112 77
23 82
128 125
150 108
89 154
7 182
163 138
200 163
193 97
26 55
76 2
66 120
159 37
164 67
125 108
159 125
48 124
89 161
18 121
185 75
124 147
176 27
61 163
141 95
106 38
17 196
111 66
173 118
65 109
123 118
191 19
78 66
100 88
42 20
4 116
53 57
125 79
33 87
137 79
79 80
176 31
120 18
74 94
83 156
40 161
190 6
102 118
125 64
105 114
132 113
154 104
92 31
157 71
120 130
139 118
94 169
41 152
89 45
175 195
31 1
128 108
122 72
80 109
144 118
27 32
41 5
154 133
109 170
28 78
148 39
107 7
58 149
48 98
69 78
119 16
119 100
127 86
111 77
46 149
183 7
15 145
199 50
162 172
154 75
92 84
41 91
147 85
184 65
184 46
159 131
32 17
174 173
42 150
119 130
74 51
128 42
63 40
77 159
130 114
22 12
103 28
105 73
190 132
75 119
97 50
158 50
96 196
20 165
17 112
160 22
26 122
196 26
173 170
142 67
110 53
13 165
32 110
154 189
197 1
21 23
100 130
94 38
7 137
47 162
54 175
126 147
164 57
81 96
7 7
76 107
136 14
14 30
111 50
185 35
155 37
116 85
141 53
192 47
50 105
97 78
86 76
71 32
62 180
175 95
149 131
50 33
28 154
110 129
41 6
17 81
100 102
102 131
69 75
50 177
75 45
20 88
39 67
121 67
27 25
28 118
174 22
8 156
155 191
38 121
54 55
108 42
106 46
149 196
150 133
124 64
108 78
96 131
2 90
191 15
128 102
93 43
72 65
41 31
32 167
70 197
50 49
128 175
100 128
148 85
120 60
67 134
140 67
120 131
116 73
144 85
86 85
56 84
199 96
160 174
147 132
125 11
119 23
132 2
179 1
36 104
13 96
95 179
168 149
64 150
41 24
78 86
2 120
137 14
18 9
123 145
188 113
70 141
119 181
114 149
159 127
161 91
172 80
90 59
162 106
46 98
43 113
50 148
178 147
1 68
14 79
29 30
46 79
5 134
102 56
172 167
38 89
145 42
186 26
20 183
32 86
38 125
19 20
68 177
44 150
147 152
171 161
106 100
35 40
54 38
39 140
172 61
87 159
194 17
147 106
118 53
126 29
124 156
23 155
98 22
2 56
159 48
41 164
45 44
11 59
102 164
123 158
62 3
58 165
148 73
59 81
164 18
90 173
184 141
6 38
151 77
22 132
141 198
25 190
199 33
97 183
17 165
39 52
169 46
191 122
130 105
56 90
35 143
3 101
29 52
62 72
12 1
127 29
27 66
27 52
147 142
187 114
160 146
123 42
97 129
20 68
50 133
75 28
84 192
56 199
104 125
187 58
152 137
46 124
51 65
144 115
93 37
163 121
51 146
163 108
91 194
58 59
21 60
185 62
24 199
61 51
31 115
169 110
91 36
194 24
139 160
34 114
112 197
175 141
188 111
23 197
145 190
85 149
141 162
178 82
98 49
19 69
18 150
24 24
34 23
15 123
196 46
20 185
175 121
155 56
104 16
82 17
64 196
150 128
199 180
98 122
195 112
139 105
67 97
88 83
22 66
21 126
90 12
187 19
100 69
126 180
44 97
5 176
87 124
185 142
73 77
145 113
3 106
150 1
142 13
8 98
97 91
196 129
24 173
138 30
155 67
53 194
130 110
74 182
117 145
115 109
178 196
71 150
14 33
179 140
198 103
139 70
15 35
64 126
47 188
199 112
12 163
21 53
30 156
147 59
178 156
24 170
65 50
151 125
164 60
126 7
70 101
136 195
182 133
108 168
183 19
129 191
102 58
54 197
72 42
26 142
26 140
86 30
92 63
166 80
86 105
59 32
149 86
47 184
134 90
118 83
196 182
123 124
167 185
75 140
46 115
189 1
170 146
180 97
11 74
172 108
172 74
1 70
187 73
174 17
200 57
41 144
82 80
15 63
77 104
60 111
122 127
188 131
154 193
65 156
173 125
18 40
167 107
177 44
73 143
33 187
11 198
183 58
36 90
184 49
25 104
198 50
172 133
15 44
167 139
84 136
7 174
30 152
128 38
109 63
189 121
197 12
67 175
31 66
124 52
83 152
96 6
131 6
121 167
179 182
137 141
151 165
49 189
112 88
45 43
65 76
25 177
64 75
193 8
129 19
42 82
6 42
144 123
129 48
94 41
58 186
176 145
93 47
99 64
78 90
21 18
133 171
46 93
142 32
3 200
7 192
36 165
50 131
176 36
170 200
107 146
96 140
20 50
172 46
187 163
189 52
166 65
150 186
37 46
173 191
193 127
131 106
146 66
66 34
161 8
88 10
55 112
64 119
48 63
96 16
198 76
180 56
115 177
81 83
146 4
42 110
188 164
5 33
188 8
124 35
77 94
35 13
95 69
105 190
197 191
77 20
158 103
155 29
25 83
191 75
143 57
118 101
52 69
88 77
179 104
52 188
4 119
67 24
109 62
127 42
56 81
130 49
10 80
179 45
15 106
175 96
41 45
53 115
68 139
109 81
24 146
143 27
185 104
28 67
38 9
159 104
3 144
190 90
77 168
66 135
115 70
87 22
11 170
108 24
188 166
85 69
145 115
148 18
157 148
134 93
166 183
105 76
24 77
34 94
199 45
155 74
163 164
11 178
153 8
68 60
105 144
153 142
47 41
21 10
116 92
147 35
65 39
194 34
1 108
18 179
133 106
2 21
198 128
186 52
157 156
91 180
177 39
16 141
176 191
112 11
155 135
86 86
76 4
102 23
176 116
106 91
102 151
93 1
102 29
166 148
49 138
125 179
198 104
196 63
102 165
95 167
24 125
178 3
155 161
66 106
150 138
157 200
49 152
42 73
169 169
152 104
77 190
67 35
155 98
110 155
192 166
183 183
139 189
20 102
8 41
28 145
10 124
46 188
109 145
45 189
81 166
193 158
130 177
77 105
38 76
192 51
118 70
130 155
183 171
99 72
140 86
104 53
16 143
186 124
187 52
112 9
101 8
109 192
117 3
77 32
122 187
70 105
15 39
187 181
70 71
11 13
18 178
60 146
160 193
62 75
2 161
200 143
32 56
167 134
83 76
159 73
22 142
188 92
170 129
112 69
164 58
21 38
96 49
62 18
5 133
10 137
109 91
113 114
126 159
174 66
181 100
184 6
117 131
123 197
32 11
189 66
76 50
51 115
99 63
186 106
23 72
157 94
196 85
169 121
195 68
167 118
51 175
87 5
10 118
14 26
7 178
68 134
111 101
70 159
191 33
35 37
176 131
188 93
86 80
153 62
60 82
127 59
25 47
108 185
198 87
53 31
1 114
180 55
105 47
64 28
76 195
68 72
117 54
127 79
89 31
60 199
76 120
43 102
97 142
87 97
135 42
29 130
75 41
171 82
105 187
40 155
51 64
18 200
161 160
5 143
9 161
13 181
56 122
148 41
176 185
3 147
143 32
104 135
133 160
109 35
130 72
145 159
190 18
48 92
104 55
110 97
74 46
150 36
60 71
68 11
2 45
111 95
41 57
168 129
32 6
7 166
87 99
143 86
186 156
179 148
88 79
175 119
89 4
66 42
78 73
46 40
34 71
43 192
148 118
186 108
162 200
160 41
93 138
138 142
150 54
102 103
99 102
8 30
186 85
187 107
129 136
175 59
6 189
83 78
58 45
11 11
87 107
156 134
146 151
100 191
60 30
134 172
28 5
187 37
117 197
193 173
111 178
9 124
11 3
152 108
77 137
41 18
176 102
48 85
177 110
30 192
84 18
137 177
190 151
14 165
151 32
104 183
194 134
144 24
185 86
80 119
166 178
189 3
124 171
27 102
60 116
