2 1 6
7 8 3
9 4 5
9 6 2
8 4 1
7 5 3
9 1 3
7 2 5
6 4 8
9 2 8
1 5 3
7 6 4
4 9 6
5 3 7
1 8 2
2 8 3
1 6 5
4 7 9
6 9 2
4 7 5
1 3 8
1 3 2
5 8 6
4 7 9
2 9 8
7 5 4
6 3 1
5 7 4
9 1 6
3 2 8
9 7 6
1 5 4
3 8 2
3 8 7
9 2 5
4 6 1
2 7 3
5 6 8
9 1 4
1 5 4
9 2 6
8 7 3
1 4 2
5 6 8
9 3 7
4 8 3
7 9 2
6 5 1
3 1 6
8 5 9
2 4 7
9 6 5
4 3 1
7 8 2
2 6 1
9 7 5
4 3 8
2 4 8
6 3 5
9 7 1
9 2 6
7 3 1
8 5 4
1 6 9
5 7 4
3 8 2
9 3 4
2 7 8
1 5 6
8 6 2
1 9 5
4 7 3
2 3 7
4 5 1
6 8 9
6 7 1
4 2 5
9 3 8
2 9 1
8 7 4
6 3 5
3 7 2
1 6 9
5 8 4
4 9 5
6 2 3
7 8 1
1 9 3
7 5 2
4 8 6
7 8 5
3 4 9
1 2 6
3 2 6
9 7 1
5 4 8
5 1 2
8 6 3
4 7 9
8 6 9
5 4 2
3 1 7
9 4 2
1 8 3
7 6 5
3 8 4
5 7 2
6 9 1
5 7 8
9 6 3
1 4 2
9 3 4
5 8 6
2 7 1
8 6 2
7 1 3
4 5 9
6 3 2
7 8 5
9 1 4
6 4 2
5 1 3
9 7 8
9 3 1
7 4 8
2 6 5
5 7 2
3 4 9
6 8 1
1 6 7
8 9 2
4 5 3
8 9 1
7 5 3
2 4 6
5 4 9
6 3 8
2 7 1
3 8 2
4 1 5
7 6 9
6 5 3
9 2 4
1 8 7
4 3 2
1 9 7
5 6 8
7 3 9
2 4 5
8 6 1
