3 1 6
8 2 5
7 4 9
6 9 1
7 3 2
8 5 4
7 4 8
6 5 2
3 9 1
7 2 8
6 9 1
4 3 5
4 6 8
5 3 2
7 9 1
2 8 7
1 4 5
6 3 9
6 1 7
4 2 5
9 8 3
1 3 2
8 6 4
5 7 9
3 5 8
1 6 4
7 9 2
6 1 2
4 7 5
9 3 8
3 4 7
2 5 6
8 1 9
1 9 4
7 8 2
6 5 3
3 4 9
7 6 5
2 1 8
3 1 8
4 7 5
6 9 2
4 6 2
5 7 1
3 8 9
1 5 7
6 9 8
3 4 2
1 9 8
7 2 6
4 5 3
4 7 6
2 1 5
9 8 3
8 5 7
9 6 2
3 1 4
8 2 7
9 3 5
1 4 6
3 6 9
5 8 1
7 4 2
7 1 8
5 2 9
3 4 6
7 4 6
2 9 3
5 8 1
2 7 6
8 3 1
4 9 5
3 5 9
1 8 7
2 6 4
5 3 1
9 4 2
7 8 6
5 2 7
1 4 3
8 9 6
4 2 1
8 6 7
3 5 9
8 2 4
5 9 3
6 7 1
6 2 4
1 5 8
7 9 3
1 4 9
5 2 3
8 6 7
6 8 1
7 9 5
2 4 3
1 5 2
8 7 9
6 3 4
7 2 9
5 4 3
1 6 8
6 5 2
4 9 7
1 3 8
7 4 8
6 3 1
5 9 2
2 1 4
7 5 6
9 8 3
1 7 2
3 9 6
8 4 5
7 1 2
5 4 3
8 9 6
7 6 3
4 9 5
2 8 1
3 1 7
5 9 8
4 2 6
5 2 1
4 8 9
3 6 7
7 2 6
5 1 4
9 8 3
8 1 9
7 2 6
3 4 5
5 8 7
4 1 2
3 9 6
4 1 8
5 2 9
7 6 3
8 1 6
7 3 5
4 2 9
6 1 4
9 5 7
3 8 2
7 6 5
4 1 2
8 9 3
6 4 9
2 3 8
1 7 5
