1 3 4
2 8 6
9 7 5
5 8 4
2 7 3
1 6 9
3 1 2
8 7 5
9 4 6
7 6 2
5 1 9
8 3 4
9 1 4
3 8 6
7 2 5
2 4 8
1 6 3
5 9 7
3 8 4
6 2 5
9 1 7
2 8 3
1 9 5
4 6 7
5 9 4
6 7 2
3 8 1
5 7 8
9 2 6
3 4 1
8 3 9
4 2 1
7 5 6
9 8 7
1 3 2
6 4 5
2 1 7
3 4 8
5 6 9
9 5 1
2 7 8
6 3 4
6 4 5
1 3 8
7 9 2
1 4 9
2 3 5
6 7 8
2 4 7
3 1 8
6 5 9
8 6 4
3 1 2
9 7 5
1 9 2
6 7 5
8 3 4
7 9 8
5 1 2
4 3 6
8 7 4
5 2 6
1 9 3
8 7 5
4 3 6
1 2 9
6 3 2
8 1 5
9 4 7
7 9 3
6 1 5
8 2 4
2 1 3
4 9 8
6 7 5
3 9 6
5 2 7
8 1 4
6 4 7
3 9 2
1 5 8
2 9 4
1 8 6
5 7 3
6 5 4
8 2 3
9 1 7
8 2 4
7 3 5
1 6 9
8 7 2
9 1 6
4 3 5
3 9 1
2 8 5
4 6 7
3 2 4
6 9 1
7 8 5
8 3 2
5 9 4
6 1 7
9 1 6
2 3 7
4 5 8
3 8 6
9 1 4
2 7 5
1 9 8
7 6 5
3 4 2
7 4 3
6 8 2
9 5 1
4 3 9
6 2 8
1 7 5
6 3 9
7 5 8
4 1 2
2 8 6
3 4 7
9 1 5
5 7 9
8 6 2
4 3 1
2 5 8
4 9 6
1 3 7
8 5 7
9 3 4
2 6 1
1 9 5
6 4 2
8 7 3
9 7 1
3 6 4
8 2 5
4 5 6
7 1 8
2 3 9
7 4 3
6 8 2
5 1 9
8 6 1
7 3 9
2 5 4
8 1 7
3 6 2
4 5 9
