20 100
997
831
654
836
889
164
752
553
365
20
246
977
38
330
979
689
126
386
556
354
5 9 152
9 16 467
12 14 286
10 18 438
1 11 489
7 17 278
16 20 416
7 12 493
9 11 414
2 15 384
11 17 561
2 15 326
10 17 368
5 19 793
10 17 30
4 5 36
4 10 357
4 9 246
11 18 371
2 4 476
2 13 702
15 16 757
13 18 133
6 20 967
4 19 382
11 15 901
2 15 4
2 8 846
7 17 969
2 6 478
1 18 989
15 18 925
3 17 399
9 15 683
1 17 220
16 17 799
17 20 811
4 14 565
13 20 764
7 16 322
13 15 849
9 12 787
15 19 771
4 15 148
13 15 45
6 11 457
4 9 96
5 18 249
14 16 599
7 16 926
9 13 611
5 13 745
1 7 306
3 5 625
6 15 147
5 16 172
4 20 185
14 16 814
1 10 148
10 20 470
1 2 402
16 19 886
2 20 844
9 14 778
8 14 273
7 9 48
9 19 232
11 19 664
14 17 265
13 15 433
6 14 536
10 11 107
3 9 984
6 15 353
7 8 827
3 9 882
6 19 613
8 18 123
4 13 104
7 11 414
12 13 628
13 18 186
5 15 347
2 19 688
2 14 781
1 11 389
1 8 353
10 15 380
6 8 538
15 16 764
8 10 618
13 17 544
17 19 318
18 20 144
6 18 288
12 20 520
13 17 139
1 2 932
11 15 261
1 11 582
