30
22 150 6 104 27 31 195 83 160 155 188 161 197 108 199 91 137 189 16 90 175 88 172 162 156 115 197 42 133 188 
3 19
13 21
25 12
15 18
14 2
15 2
7 14
5 25
17 13
10 22
2 13
24 22
16 28
4 15
16 3
25 15
20 1
11 22
10 23
19 29
16 17
8 10
16 25
15 4
15 12
24 25
12 14
19 26
11 12
14 18
1 12
28 2
6 8
18 6
29 12
5 12
2 20
12 4
19 21
20 27
20 17
29 3
20 18
24 15
26 13
2 12
19 8
22 24
11 14
1 17
8 5
13 16
16 20
28 10
3 11
29 20
16 29
4 10
14 28
3 26
