40
95 11 182 127 58 178 99 46 196 29 32 120 113 78 17 25 29 146 70 105 168 50 148 87 199 23 6 31 199 109 103 154 26 16 187 49 51 148 34 56 
6 8
38 11
23 8
19 28
24 34
22 1
32 12
12 2
20 18
19 18
30 39
25 24
6 1
23 18
25 18
37 8
32 5
35 6
27 28
16 27
38 1
19 17
9 18
9 38
13 20
31 28
17 20
14 35
1 13
5 22
31 23
18 8
2 7
29 18
30 36
7 26
27 4
8 32
4 29
24 33
11 34
10 6
27 12
15 13
36 5
7 36
7 38
15 12
36 34
3 32
3 32
29 31
17 5
12 23
9 1
34 3
24 18
19 28
3 7
23 29
25 24
28 21
10 12
17 15
9 22
30 24
6 32
28 7
33 29
16 20
17 9
2 8
6 31
27 30
34 28
23 26
16 15
22 8
37 17
25 34
