50
67 44 186 35 85 37 67 53 60 166 41 7 85 104 29 41 101 175 122 99 77 13 162 103 83 43 30 198 121 198 129 25 69 154 37 11 104 196 126 117 49 92 23 151 129 194 199 193 61 40 
29 18
44 18
18 5
47 18
2 35
28 20
47 33
42 6
31 41
26 19
26 13
21 10
27 17
4 39
38 10
37 48
10 44
30 13
12 46
21 44
49 47
6 47
8 35
41 11
8 39
7 37
31 12
35 23
43 20
48 36
29 1
47 22
38 29
36 7
5 19
39 47
15 17
9 26
32 31
17 47
10 37
43 36
40 23
38 44
43 35
39 9
3 23
49 27
49 17
5 31
49 21
22 47
2 3
42 27
3 26
24 19
42 2
44 26
45 23
31 15
33 8
36 16
6 37
26 40
1 28
32 45
44 23
38 40
31 14
40 26
40 14
17 44
46 2
24 18
27 39
41 3
47 14
37 29
18 27
19 45
20 7
9 11
21 29
28 23
4 29
19 17
42 34
47 20
39 30
9 47
37 39
31 46
17 16
42 24
41 29
19 20
43 17
44 31
7 48
39 7
