45
106 141 7 128 39 162 191 186 67 60 161 41 92 50 52 72 36 53 178 120 20 185 199 16 16 180 168 116 199 183 45 139 128 199 78 178 73 135 142 73 100 12 147 140 159 
21 42
16 26
40 19
33 13
17 23
22 15
4 2
31 2
40 29
44 20
10 15
34 39
36 25
17 19
19 22
44 35
44 25
42 19
28 1
5 38
17 42
21 29
9 29
40 22
34 36
33 3
30 20
5 3
40 34
18 14
26 22
41 34
25 7
21 3
10 19
3 36
26 21
24 29
26 42
16 44
6 10
11 41
15 36
40 21
25 42
4 25
44 38
32 34
26 25
31 25
11 13
34 17
12 35
14 34
31 32
27 13
11 4
26 40
33 18
13 29
1 5
24 25
40 1
11 8
38 9
26 44
35 1
43 30
35 3
18 40
39 4
29 9
2 20
27 16
2 22
19 30
40 39
16 31
3 33
28 6
26 21
24 31
31 3
31 24
15 35
7 1
5 37
37 44
15 11
37 20
