1000
5853 7596
1872 3440
5787 6366
5975 3866
6679 8450
2176 6782
6545 9034
8648 1761
5612 296
388 523
71 9904
7284 816
6061 7112
5472 358
9646 1244
4508 5790
3912 7143
7866 5357
4144 3475
8381 7203
3226 9470
9780 3569
608 9157
8446 1578
9664 2718
151 4287
7254 1471
5678 329
9439 874
5746 7455
2166 4372
6160 2962
965 6320
4766 9901
8404 1322
9717 7614
8731 3937
8995 773
3788 4040
2879 2799
9612 3589
7800 3236
4072 6394
6241 2421
2653 5287
7907 737
5816 5837
7493 4179
9193 8752
3195 5232
5251 2578
266 4138
2297 4937
7601 2329
5167 8652
8554 7716
1242 775
9753 4923
3255 8457
6179 4896
4732 6625
4450 1987
7574 6191
6363 3851
952 1852
8433 7613
5438 207
5550 6276
8180 7241
5671 3284
1972 8033
8415 9082
1661 7920
4320 2169
3813 2075
3874 6076
4054 6405
650 1958
5192 8783
5186 6818
3646 1286
2294 2904
1985 6955
4927 4590
5088 6226
4272 8782
7814 3371
7570 3325
9329 152
7291 7789
6065 5327
6852 8501
3051 7948
2319 1661
530 5838
7392 6198
2024 4080
3190 7315
8083 7437
7639 914
9984 1176
7868 8364
9578 8245
8859 938
8313 2920
7807 9485
6422 6904
8280 3568
1369 5992
7864 8267
3305 4507
2144 2069
6219 2225
1606 5886
1852 3631
2606 4185
2019 2506
7713 7761
75 8444
2687 4145
8781 5400
3547 8511
222 2152
8140 8913
673 7377
6315 2038
194 3115
6487 5983
8428 6120
1512 4215
6606 36
5490 9484
8024 6475
3771 3354
5934 9722
6690 8778
4195 7776
8920 8287
6859 6658
33 9085
4167 8196
2221 4047
6980 2071
468 1416
5929 6192
93 1010
852 2205
4753 6348
3580 267
8097 2423
9581 1818
1943 4106
6444 3710
5117 9421
4065 489
1760 3452
4503 5728
6676 5984
3833 7448
6381 4326
281 7265
2994 2542
389 4523
7208 6424
1987 1855
9568 145
7789 8859
5259 2000
7287 9466
8797 690
9594 8438
3405 3537
2418 8434
8861 5264
2018 8145
3869 7416
3841 8529
7674 2118
4596 1571
2610 234
4400 4793
7005 3048
4238 2412
1960 3912
6792 2094
3518 5601
7402 6859
7732 7417
2712 5317
4525 8679
1298 923
2370 6734
6875 2960
5330 4642
679 7072
2348 1486
7511 8236
1627 9536
9305 2103
9311 9556
3885 5045
6618 5538
8537 4345
3390 8222
7495 6655
1633 4423
9147 7576
6100 6908
1408 6868
2065 6669
256 8058
8548 2380
9282 5183
3493 405
9318 3524
1321 5872
5349 8729
5533 6703
2328 6833
8157 4677
1848 1040
5614 3377
7357 47
2918 4977
1603 9951
193 5558
7906 7870
5529 6689
2480 1584
4385 8844
9175 28
5792 9810
6809 7742
6503 1120
6162 6308
8505 1937
5015 715
8896 1724
9957 1871
902 6786
2087 1728
8120 8391
7382 8941
1293 933
1329 6879
524 8722
5829 1760
8058 7678
4375 9548
5827 5133
2636 8525
4689 446
7079 9689
1383 6566
1324 6591
9703 6048
7993 212
7145 5367
8507 7983
8398 8574
7457 9942
9901 881
8043 805
2403 2320
3116 9441
827 2028
5847 7190
4571 781
1355 932
278 9420
3770 6565
4475 4362
3207 9245
5453 1103
1259 9203
314 96
2927 6390
7878 605
9120 4324
2501 5037
6018 5468
610 5101
4824 9148
9269 962
1892 4250
2601 1458
4330 9552
6790 6420
3643 8935
6269 8482
1258 6990
5140 6185
6178 3872
9007 7214
7465 1624
2732 1117
3774 5636
9889 6792
9925 3409
2703 7542
2989 3724
1835 2721
6427 7526
5023 5747
8376 7219
4844 5874
7702 5530
7701 6161
7562 8894
7087 1983
3472 5515
7783 3612
6617 8539
7667 2490
3582 3292
753 5393
1932 9800
9830 3952
2826 9243
474 35
7270 4529
8970 4683
7173 255
1571 7227
3717 7229
3577 7821
3606 3549
1325 6741
6393 7887
9003 6471
4821 7631
5680 4278
6908 9916
5597 7158
3560 5741
540 5316
344 601
6992 5248
39 8409
8275 3130
4053 283
9204 1808
6861 1194
7318 1180
5003 2761
261 4999
5296 9227
3723 1695
6757 5240
3670 4032
1980 7031
5509 4062
6095 1952
6305 697
144 6334
5388 7654
630 5762
9947 5577
156 1667
6581 337
9189 5713
885 8462
8042 7268
2038 2631
9797 9118
2684 3468
4401 9989
6851 7223
6311 5070
52 1699
5310 1731
8915 1561
9762 5372
9024 6130
682 3955
3369 6143
3961 5724
443 4230
7872 3946
748 8958
8522 4064
4353 7971
842 8010
7749 7751
7154 8682
1493 8751
7626 3761
4634 8756
9066 5896
5250 9851
6602 9642
4236 537
4876 8942
7472 1121
7962 3553
8525 5314
9200 1604
7130 5859
6360 5890
5071 1266
27 122
5078 95
5795 1283
7811 3258
9212 1503
9292 2724
947 6262
8038 6039
8059 9516
1429 6253
6906 6441
5770 8198
9000 8739
957 4827
7824 9129
8752 1292
9221 9053
1210 2105
8292 5671
8720 7099
4910 1611
8206 7642
7492 7899
8892 4750
1610 2788
9869 1605
7099 6510
6547 6115
2306 619
2316 1101
2885 4006
8378 8846
8626 6527
7936 9413
1224 4697
1879 6205
2496 1154
7719 9881
4119 7419
3941 8773
9216 9286
5348 8956
8515 8531
9458 9131
719 6142
6254 1504
2909 1089
5582 5559
5953 4652
7813 8404
1126 9050
6491 855
8532 1037
331 8249
2848 2168
3899 8550
8792 5168
3563 2240
3542 3228
7181 136
4380 5375
5589 6871
6166 5648
6563 8642
1422 9226
6509 2149
9882 1315
3248 3264
5979 4050
3819 8474
8632 3832
4736 3665
2121 1455
9502 9049
3230 5396
8424 6027
9280 1129
46 105
4273 1523
8131 130
3995 3068
6718 1249
1609 7777
2641 4889
8323 1258
3978 6232
4628 4568
165 299
9306 6724
3316 6229
8557 2676
5734 6480
125 3198
4630 9339
4947 8008
9636 1538
114 4860
7433 7668
4434 8986
1260 6770
7918 1574
9963 6704
9756 3686
6921 1308
3038 9735
9232 9094
2330 2657
4741 216
2514 3453
198 7205
9980 1365
7485 4835
1187 4729
3859 9621
8916 8787
3685 8917
1253 6487
4350 3862
666 2354
8506 7294
6554 8499
351 6796
4524 460
7730 563
8661 9229
3525 783
5760 7723
5672 2598
4037 1567
1722 3775
582 920
5011 3410
7921 3605
4584 3419
3947 1202
6706 4155
8450 7986
3901 7572
5849 5265
3294 5796
2238 2261
3018 5312
9029 9473
672 6671
2792 4479
6343 9765
2624 9133
4005 5399
7989 6055
5436 6448
6359 2991
4992 5912
5493 8991
6125 1127
5729 5209
8460 1326
3636 9521
8198 3191
9015 7087
6107 7579
9460 2667
8778 4445
8485 6708
3167 1071
8706 8061
8813 5910
5848 4473
6671 1075
1729 1242
2891 8560
1021 8632
5419 3
5480 5679
5635 1161
4561 6941
4088 5678
5488 1633
3504 3538
8347 478
3227 1631
1472 7025
1327 8125
4953 427
6801 1226
754 4799
3449 4139
6120 2395
5358 3786
2630 555
6647 6246
7342 2804
9810 1505
9129 2348
4514 9632
9959 9219
4154 8668
7060 3106
1534 7895
1218 7902
7765 1128
4006 9210
8671 9030
218 5376
1092 2980
6454 838
4218 1314
8287 5887
548 4673
4181 8791
2265 595
2783 6141
305 4926
8937 4427
1595 536
3506 6080
8941 9501
1747 7593
8795 9449
9738 1804
6353 3300
8572 221
2729 1160
8414 1053
6660 3188
2197 3373
1455 1038
5458 2073
7757 418
9427 5106
362 8852
3638 1182
6740 6090
731 1247
4359 8688
8025 4864
516 480
3017 3494
17 7504
6614 5832
8494 1072
4415 9370
5611 9047
3464 664
5075 5541
8181 138
9035 8433
3323 7753
1236 1083
6799 694
5731 7404
2233 1612
9267 197
6826 3136
3474 6123
5489 4335
3652 1007
9373 7062
4240 5014
3346 7679
8832 5670
7902 4689
8222 5211
9297 7788
7534 8317
9285 5658
661 368
3765 3554
8270 5226
5624 5899
8386 6613
1411 7543
465 4105
2558 2203
780 1270
4540 7088
9945 7922
2581 3962
9900 4283
7124 8354
1725 5878
7155 6495
9906 5925
794 4355
619 2814
107 6629
6034 3850
6256 5959
7606 4386
76 9364
4509 8980
4159 7775
1884 3151
1709 5773
3922 7438
4063 7786
5560 1641
346 6996
128 386
1129 9161
9954 2462
8105 7151
9102 9398
6300 3497
2115 7333
2686 4822
9534 4663
9308 7067
9257 7379
4663 2159
1158 8207
3426 8414
8366 886
1867 6457
5387 6086
6350 6553
4173 7640
584 8868
5316 2015
2944 8847
4378 3688
8669 6961
4035 624
177 5691
2720 6915
5521 4982
3256 8658
4880 9975
6672 9500
135 8763
3267 1904
7068 2116
5445 7976
5022 7071
519 960
2861 3703
1642 7319
2833 2243
1613 9083
2286 5476
9478 3988
2704 6443
6103 740
183 2369
1421 4433
4566 1274
5554 7844
9951 9616
7888 9224
489 303
8298 6440
7057 4688
3980 7192
9385 2186
5118 6290
4312 198
2318 9041
6362 1371
4444 7126
6879 1344
593 1054
1628 1853
8958 8094
6702 9332
3199 6488
8493 5736
6605 5660
1426 9706
5978 237
8423 2586
9070 9544
4302 414
169 143
2587 8161
5695 5788
4104 5220
1746 726
9729 1587
1178 3085
5095 2456
3520 3808
7246 7665
6559 6489
7308 3066
65 4839
4468 1789
6762 1309
3583 8147
5222 1055
6651 4257
4303 3513
915 1551
3245 3678
6038 4292
9587 4044
8332 7028
3026 4289
1002 3502
9130 3237
578 3146
4217 3239
8359 3712
8948 9281
1851 1843
9040 1321
6480 2037
8453 9462
8552 9751
4133 1474
5573 9314
7165 6462
9010 3552
1014 3100
8545 5189
2504 8972
5384 1216
8281 7007
4888 7940
7233 857
9264 9506
6150 4389
655 5928
1282 8914
4397 5135
1301 1305
463 9519
2322 4559
6687 6752
6046 798
5942 4210
9576 8552
7550 6542
1706 3649
8191 6502
4806 7323
3016 2376
6632 2662
4885 3063
7316 4258
8983 1090
9068 8793
7193 8031
4141 8800
3447 5102
1434 5570
841 5281
5831 4448
7116 6288
2825 688
4564 7914
5963 1844
1741 1826
7475 8062
6354 431
1144 5341
5940 6938
469 5213
9092 408
3406 6966
1263 542
3656 2608
5647 8488
7930 2625
7605 7661
258 8727
8773 3742
7777 7370
2192 6531
4731 1863
993 7707
2344 544
1423 3750
7554 287
2616 4719
3868 3082
4881 5458
1977 5128
6734 5597
1114 9601
3052 7024
6338 6158
8469 7941
8119 5201
7891 4878
8775 8429
5063 3065
7125 1268
8934 9885
5435 3379
5745 2873
4949 7892
3870 5729
4878 9817
9579 2937
1643 3461
245 925
4270 1994
339 3889
5900 6880
1771 955
757 3051
6198 6663
2605 7013
4941 5579
680 8367
3289 3719
6021 5268
233 6688
9781 7256
7017 4695
5506 8124
7476 2903
706 7607
6814 5402
8147 2824
2543 6326
3288 1190
4337 474
4490 9807
4189 4667
8077 3984
4363 8090
8319 6030
7529 227
3528 2775
4507 2757
7054 5460
354 345
6810 2564
6278 72
5602 1403
6630 6768
6289 483
3984 7221
7614 4320
7222 6827
8230 1046
5082 8601
1443 1499
7380 7670
1671 8052
9681 5868
4136 3555
3185 1008
8087 7147
4408 1655
4835 6411
6994 4068
355 7138
9288 8799
6218 4327
2196 9628
8967 9280
6284 641
1132 2818
1142 2574
5244 7422
4811 2273
1387 9412
5642 5252
5993 3493
6782 4188
1371 2585
5888 91
3544 1978
2032 5949
9291 9075
9863 317
7344 3807
9902 2810
4779 1709
700 2872
5619 7181
336 8311
9358 3564
4073 2887
6043 2807
335 8957
1155 576
1605 6883
9524 6695
1560 8788
6524 1675
7709 7584
3300 5239
5893 8229
3358 1390
4024 6438
9967 632
515 300
1227 2112
8953 8247
7758 6691
5872 6074
5805 4522
8075 7615
9128 104
3290 8380
6144 5966
756 903
7376 3728
