1019 1159
283
263
31
179
77
199
44
34
15
107
282
203
295
201
180
81
280
203
275
53
262
154
239
69
257
120
194
8
58
198
135
274
52
76
221
138
175
96
229
48
205
121
259
227
288
78
215
102
131
14
81
88
189
256
193
291
105
103
111
171
252
203
257
78
186
154
279
84
51
129
87
124
203
229
45
94
74
290
57
230
76
38
295
297
161
195
188
95
35
243
5
78
291
161
84
31
88
90
140
262
102
195
100
126
16
187
242
32
21
140
229
111
171
250
35
162
63
9
246
168
29
93
15
214
83
292
83
19
145
33
226
157
264
142
193
162
138
255
260
261
202
130
101
58
106
247
291
114
67
202
162
201
170
286
162
232
152
248
19
287
27
270
279
234
125
104
19
151
86
107
233
84
185
185
109
102
290
143
218
138
140
30
123
49
59
11
129
164
252
34
214
208
19
179
109
193
72
174
105
104
265
196
3
179
264
81
149
268
88
250
90
147
226
258
270
26
244
230
173
98
2
139
100
136
226
128
30
113
64
32
230
244
47
58
62
251
107
154
130
127
111
96
121
154
266
43
259
52
27
194
32
63
28
81
64
57
102
118
104
214
40
73
250
165
58
146
147
121
190
68
158
66
138
140
82
36
78
91
182
149
233
203
33
28
281
212
211
261
148
30
102
52
131
106
235
266
238
102
80
270
155
168
154
63
4
100
276
11
283
0
51
71
168
229
243
66
209
259
182
124
204
146
280
291
202
128
70
86
126
69
205
190
278
200
98
82
196
172
278
242
193
94
182
286
37
157
31
8
203
228
178
18
45
49
45
94
213
247
260
110
267
192
215
32
231
129
176
145
124
88
228
97
80
43
211
148
43
7
22
81
192
125
175
197
235
206
78
275
211
2
113
296
154
4
54
0
296
290
82
291
270
232
76
75
251
27
127
48
96
143
95
89
117
80
247
74
221
2
131
231
57
75
239
210
86
11
117
276
190
180
82
189
43
259
241
282
256
223
3
259
89
189
154
263
117
49
44
248
200
251
129
62
14
174
247
27
66
285
142
212
98
273
184
127
100
161
258
178
60
224
235
128
280
275
287
230
32
213
237
103
10
281
91
210
241
251
211
70
217
248
172
167
117
110
179
269
19
254
177
134
63
245
6
279
94
174
218
245
281
197
76
215
108
36
142
196
249
114
236
228
177
8
51
168
223
28
17
59
275
11
124
198
291
266
155
87
235
228
132
283
225
280
13
248
259
139
12
145
192
236
281
292
46
248
176
47
203
33
213
106
218
246
287
20
286
212
152
159
157
85
67
18
88
197
148
166
96
34
216
95
267
112
283
129
173
261
20
199
185
21
174
220
245
4
10
43
276
286
176
179
90
104
129
42
62
183
128
91
62
271
72
23
3
70
272
72
235
64
21
131
176
254
15
27
40
93
94
210
143
266
90
282
274
271
126
167
59
111
261
252
38
164
253
36
228
110
226
190
197
292
143
145
247
33
173
154
277
281
82
100
61
172
30
201
63
293
160
99
84
12
193
55
288
188
258
172
129
49
96
195
161
294
77
236
225
296
182
159
280
186
254
243
187
278
287
77
137
254
149
247
42
53
271
123
105
40
182
187
290
177
189
103
138
12
240
186
282
277
103
65
234
248
229
18
224
66
191
180
117
160
255
137
49
246
44
170
279
7
287
189
114
251
129
23
286
242
157
2
50
185
135
68
265
203
49
141
277
275
163
222
45
194
152
244
163
40
25
249
86
215
280
278
69
174
171
118
289
136
113
40
297
244
44
65
113
3
297
107
47
194
299
43
88
56
260
137
287
197
100
245
122
225
147
235
233
167
83
254
148
10
226
189
127
66
22
179
146
105
263
180
62
106
116
198
189
293
204
64
152
200
56
289
284
174
32
74
257
148
235
255
140
169
83
148
199
99
61
184
38
26
218
164
259
103
258
138
96
11
87
192
93
80
273
291
134
235
110
105
207
9
76
147
115
298
222
174
264
63
216
209
9
95
153
164
35
284
294
247
242
113
217
280
245
10
139
59
43
187
182
96
92
24
66
94
284
38
77
21
184
111
195
134
226
28
126
6
257
124
205
98
220
65
184
253
24
205
157
31
12
220
233
156
45
13
293
76
32
61
284
150
153
89
42
83
282
83
14
238
93
219
149
207
24
2
190
271
78
262
33
270
207
204
281
212
234
26
271
228
12
18
286
245
70
183
42
60
211
69
138
165
251
173
245
19
157
166
165
196
61
18
8
105
78
54
292
72
151
133
256
200
208
252
211
241
90
237
291
291
236
150
65
212
203
103
117
10
203
243
202
240
205
270
105
88
276
283
229
269
241
289
272
155
82
264
259
268
100
59
165
131
64
64
176
51
55
167
89
265
220
73
237
173
259
134
131
161
142
142
58
82
157
190
188
89
186
4
15
6
5
148
200
49
105
217
9
240
152
118
128
131
106
292
27
218
183
69
174
126
216
100
175
291
206
1
217
245
202
92
97
253
27
109
98
46
242
105
10
32
126
117
247
31
256
7
146
17
183
122
238
259
92
237
186
57
283
92
295
247
232
296
125
0
45
199
113
54
42
25
121
29
196
59
66
126
85
261
37
261
6
164
175
86
7
295
294
10
27
69
258
192
4
196
235
93
198
94
101
112
138
144
141
22
182
82
264
103
163
281
2
16
237
11
153
106
82
296
218
118
269
295
74
76
34
104
165
97
192
234
203
27
268
92
291
15
144
71
156
221
196
249
225
275
60
239
47
192
47
264
155
248
287
37
107
249
114
32
58
146
68
245
25
194
157
65
277
23
6
182
101
123
33
208
65
170
173
136
240
84
239
244
194
265
102
259
219
233
41
76
39
176
133
200
16
35
179
269
231
17
246
284
251
130
298
153
268
44
212
216
47
28
240
33
262
154
298
112
74
49
17
232
220
15
188
140
224
191
277
7
226
143
156
278
128
10
271
239
178
39
258
82
112
251
278
149
54
233
274
249
150
24
124
63
140
198
42
292
7
111
127
66
176
199
103
238
191
209
2
4
155
4
87
166
132
261
31
175
76
222
81
176
276
153
241
212
146
57
151
274
287
84
0
190
284
174
228
19
38
132
215
192
255
235
133
79
22
209
64
289
232
185
65
247
82
191
125
20
34
217
66
44
155
2
147
143
234
119
184
95
280
103
205
229
203
143
151
193
295
177
76
226
77
193
109
244
204
157
247
220
103
68
214
103
98
187
168
183
82
55
66
224
182
40
20
131
72
214
151
176
9
142
117
258
292
66
24
113
147
55
262
261
204
29
33
214
55
32
232
76
10
164
145
20
191
280
0
162
145
187
32
145
178
73
283
117
297
291
92
27
119
208
291
137
226
194
50
16
111
47
21
99
82
74
134
208
67
80
107
83
47
38
263
208
155
51
104
11
215
258
203
1
49
11
232
215
24
133
202
38
260
158
233
43
181
47
123
124
152
7
78
199
6
25
280
188
298
213
55
240
258
4
179
247
201
261
51
173
186
70
238
221
272
238
174
61
52
208
151
180
202
85
38
253
192
93
31
37
254
198
196
98
222
41
2
188
4
242
255
288
46
263
174
169
94
18
173
169
126
285
59
87
204
210
245
112
53
223
87
130
80
139
170
14
5
199
113
164
151
143
139
162
256
297
38
212
135
159
139
103
244
33
121
184
158
243
298
63
273
28
191
71
184
58
128
210
117
158
186
162
205
93
142
222
266
95
179
8
140
88
174
232
259
253
155
90
288
179
39
199
109
27
297
297
39
196
202
263
199
47
190
109
294
235
293
146
35
218
31
233
145
222
153
20
130
155
282
269
241
250
277
89
142
41
73
120
178
253
87
153
153
253
90
121
55
283
84
122
167
14
5
91
176
102
175
143
253
200
73
279
156
223
233
151
260
118
196
122
3
293
118
215
49
8
177
113
206
242
186
148
100
228
214
80
107
163
164
188
64
289
275
123
105
220
34
121
110
97
256
9
46
188
63
215
48
273
108
49
124
173
2
41
216
176
52
16
263
259
50
217
256
32
162
91
138
195
235
269
179
158
86
167
37
268
180
35
276
138
6
110
157
277
70
152
171
244
198
68
75
225
194
288
240
113
213
110
101
274
128
120
221
42
178
16
57
102
116
118
264
185
247
179
74
195
287
265
125
288
15
103
3
19
69
100
42
31
261
213
250
277
276
36
140
45
51
171
246
50
30
27
29
190
84
211
25
87
16
201
298
249
61
165
113
112
214
276
231
221
103
180
15
76
70
21
254
40
75
119
68
11
211
203
280
23
56
20
262
113
138
36
225
262
213
286
161
29
168
16
41
10
102
17
227
205
178
72
5
86
70
89
251
209
111
221
225
77
177
259
189
71
200
96
28
154
71
156
189
226
14
232
46
39
187
184
8
31
50
167
100
178
85
84
194
246
42
288
202
124
120
129
111
65
108
233
101
294
170
59
12
99
116
120
6
239
48
183
211
16
75
223
284
223
23
9
132
143
131
232
60
223
123
44
102
265
144
242
154
124
87
205
33
125
202
141
247
82
185
117
18
88
172
167
97
235
263
147
180
179
65
123
266
143
206
134
222
188
127
3
79
146
184
134
78
140
294
200
278
287
99
214
241
154
186
225
27
49
97
112
169
195
263
77
286
103
97
166
192
162
289
263
209
291
21
279
189
106
78
240
183
27
222
182
32
188
248
278
12
142
254
8
101
247
113
64
91
202
94
218
100
176
100
8
190
92
190
44
163
61
229
101
207
60
285
65
293
262
271
262
156
257
256
223
74
123
193
155
239
35
99
43
107
139
288
178
187
227
121
229
142
53
251
195
157
115
262
32
132
38
220
261
201
169
231
187
222
230
24
219
120
121
65
296
56
147
61
22
82
264
40
89
2
125
12
163
279
287
259
38
257
14
214
215
140
163
227
149
80
243
18
237
