1848 1779
37
30
196
278
190
243
185
254
103
270
124
118
118
236
146
215
24
216
88
273
39
15
241
235
273
124
201
251
217
257
148
230
22
220
38
69
65
209
23
244
8
254
291
102
139
271
223
281
171
195
133
256
229
228
26
200
243
47
96
50
62
248
80
224
43
180
55
158
240
175
59
270
209
192
59
153
135
22
108
281
40
61
140
38
231
231
165
184
134
111
17
31
23
177
143
104
232
208
97
158
8
126
299
294
25
222
101
123
245
222
192
115
240
290
50
51
248
264
85
120
261
7
132
4
45
62
94
36
61
249
66
110
297
86
177
12
34
156
149
224
64
171
160
217
175
144
71
241
37
157
141
296
64
244
62
56
142
156
150
164
224
221
237
283
171
191
106
259
194
149
295
120
20
125
28
26
215
266
194
87
297
159
251
63
272
210
188
62
44
93
181
273
274
187
22
81
259
150
231
41
120
94
264
135
153
2
33
287
169
66
88
190
170
183
34
194
201
216
234
249
245
297
67
1
127
15
7
91
296
100
151
173
120
57
209
269
5
9
16
58
269
140
169
180
285
240
23
246
200
2
180
286
117
16
19
162
170
269
266
248
98
276
33
35
209
258
9
230
148
42
104
218
217
128
17
69
73
7
213
32
242
135
152
46
11
138
81
193
199
233
156
143
283
283
233
57
258
55
145
166
275
175
202
21
243
56
253
201
180
42
243
289
108
248
214
62
80
269
146
293
215
32
147
98
298
162
77
207
211
233
191
145
35
287
88
218
87
189
108
156
56
258
75
110
258
144
222
67
64
270
216
54
71
122
157
133
288
27
199
36
254
3
227
148
30
269
202
163
214
171
187
260
78
247
263
203
296
252
214
24
252
197
266
290
98
122
50
170
276
146
160
50
169
124
82
135
46
164
271
96
234
161
114
63
232
141
297
256
2
290
77
228
77
277
267
182
139
168
175
84
56
275
267
239
28
166
290
20
1
178
183
263
247
68
293
91
27
114
285
118
9
264
2
94
227
118
24
128
180
206
138
268
160
158
216
196
284
151
295
285
68
171
143
221
38
165
217
243
221
255
225
117
281
138
7
122
71
11
224
76
178
4
270
123
115
244
76
174
237
290
235
33
181
245
71
208
71
103
101
88
14
130
217
22
238
256
170
171
280
194
285
172
47
164
9
196
23
197
27
52
256
283
180
158
84
268
266
32
20
110
72
84
80
238
69
42
55
190
198
69
94
291
151
108
222
101
242
26
151
290
117
294
201
221
290
266
53
16
159
173
67
220
97
229
204
168
151
161
128
203
13
56
19
166
268
199
101
215
221
38
254
119
166
71
44
227
179
65
199
292
237
271
275
279
268
291
238
22
277
250
177
115
205
26
76
258
69
149
115
73
189
31
174
80
18
280
134
46
291
209
244
16
104
264
3
5
166
297
159
170
138
272
122
224
56
19
272
63
77
79
31
74
151
190
92
41
59
118
239
95
231
214
250
71
114
152
126
129
166
104
127
253
286
22
270
222
272
144
33
60
152
137
135
23
29
215
67
37
116
93
160
119
97
0
60
253
226
66
39
200
281
154
212
110
32
288
239
3
85
133
87
261
184
33
269
15
27
213
42
7
237
175
17
231
36
256
101
52
29
114
171
9
31
18
283
129
163
296
186
181
65
174
228
12
86
117
115
281
204
251
65
103
106
175
22
8
168
81
33
106
1
154
255
125
56
111
132
206
232
256
52
14
192
149
168
43
142
51
95
199
299
287
268
196
1
56
200
34
274
17
195
137
234
202
57
255
195
197
226
278
115
25
180
227
259
185
220
237
46
0
260
2
239
208
217
99
2
175
65
141
188
150
27
212
49
263
35
51
237
291
21
264
186
39
60
245
284
126
238
180
12
281
295
205
164
235
14
96
277
196
216
9
194
197
6
282
272
165
222
224
272
228
137
23
191
202
15
5
15
189
275
137
139
129
113
232
12
212
87
102
143
31
159
162
168
210
200
23
9
30
7
130
239
270
239
253
186
104
29
214
197
76
190
5
174
161
99
290
271
81
235
204
153
20
217
109
194
239
160
176
222
65
145
280
123
107
10
151
13
1
156
247
293
152
127
180
17
30
33
47
270
193
119
173
96
126
120
225
94
177
270
276
60
9
103
24
175
108
78
103
283
56
143
53
185
192
252
266
157
257
8
131
148
73
75
162
194
102
86
45
271
248
179
296
263
77
176
117
135
21
105
286
174
196
231
249
53
133
229
114
159
68
228
244
17
192
195
230
9
109
118
234
170
221
38
87
197
249
120
78
220
5
57
90
137
50
173
7
139
287
103
237
222
55
244
137
156
152
294
45
229
180
223
212
108
291
193
171
65
233
42
246
233
143
87
201
187
44
177
16
201
130
148
212
17
264
272
299
236
219
187
155
154
208
2
163
159
32
74
175
233
124
297
160
200
267
84
140
21
192
240
93
253
82
121
152
28
228
34
179
273
117
225
44
128
152
115
16
73
104
92
101
242
168
187
200
217
11
266
9
237
144
219
31
142
271
124
7
43
218
69
199
173
17
100
88
34
39
282
60
251
61
283
50
192
236
292
54
48
275
134
281
65
161
92
123
236
215
268
226
198
190
25
84
162
252
225
35
28
205
262
5
69
195
220
99
41
72
270
214
156
93
164
272
21
142
57
215
89
78
263
295
134
278
276
173
144
131
225
17
168
185
44
40
233
39
218
75
199
159
254
69
83
248
172
63
209
140
268
240
278
104
270
224
63
13
142
280
16
72
195
235
118
202
184
207
81
157
158
164
270
73
93
224
109
120
60
262
247
276
273
143
43
115
34
56
242
173
122
259
249
199
24
35
167
64
251
161
279
100
143
200
16
24
7
67
90
214
269
123
10
130
138
70
273
87
274
210
153
296
266
237
64
120
217
291
274
224
26
242
208
55
1
160
12
199
103
23
17
121
192
112
80
58
191
33
173
202
147
272
267
25
247
36
286
132
21
18
68
46
67
40
7
117
42
219
163
11
112
108
107
67
156
36
134
37
131
290
290
284
139
65
240
12
238
173
264
68
54
238
15
155
68
139
87
54
134
257
56
262
297
112
57
208
27
246
19
60
108
203
190
27
39
201
65
69
228
55
189
152
56
26
205
54
128
206
40
141
269
262
86
23
111
118
284
285
122
234
10
26
234
133
115
123
16
74
174
255
111
151
27
28
240
13
196
31
148
126
126
42
154
17
68
57
214
251
14
252
248
236
89
60
7
24
79
214
287
191
19
134
165
267
187
160
232
233
248
107
254
127
238
174
284
171
51
186
82
35
116
53
280
290
80
87
19
255
133
205
50
83
193
75
50
0
271
258
272
158
78
168
206
175
162
180
15
253
52
290
126
247
256
54
52
85
215
274
54
30
204
160
131
210
271
298
7
119
42
285
13
285
12
110
100
105
202
204
143
222
214
26
49
97
164
22
27
213
75
36
140
251
32
203
70
272
34
114
151
126
234
263
96
106
141
197
60
29
4
69
276
104
14
95
170
21
249
231
144
181
207
99
87
289
32
160
126
184
123
27
48
282
159
273
187
219
134
270
232
241
136
299
135
165
279
108
245
159
178
43
176
147
0
224
91
158
19
61
253
72
270
114
118
162
153
49
52
87
243
94
249
183
22
180
270
119
245
73
85
115
275
170
275
269
4
190
86
209
75
76
242
296
108
101
225
296
299
111
155
193
269
163
23
25
248
131
7
140
215
198
272
84
213
189
276
206
74
269
134
11
201
125
13
98
171
153
97
55
96
36
267
204
43
84
94
2
25
220
290
69
295
292
216
60
212
103
171
136
252
289
216
139
186
245
247
215
8
146
181
49
16
230
47
102
185
15
240
4
50
64
255
38
104
55
184
204
24
14
83
64
129
144
20
241
287
106
183
239
268
211
216
232
73
110
252
163
93
105
190
43
226
277
256
116
152
1
237
227
208
90
65
210
7
288
135
132
78
241
23
192
92
133
181
196
242
9
86
237
280
287
29
106
77
34
33
289
220
18
17
209
56
86
252
251
50
78
5
162
45
137
289
126
11
111
289
164
148
38
0
144
191
279
213
75
99
194
225
119
175
58
282
21
278
2
182
114
286
68
209
26
217
191
275
99
33
239
279
232
56
209
67
47
276
31
14
215
120
299
71
194
119
6
248
179
183
297
120
289
236
105
26
5
198
278
39
181
245
135
91
206
43
164
108
89
49
60
257
202
40
56
265
195
138
118
215
293
8
200
38
154
103
218
111
286
218
123
256
115
238
26
7
231
154
132
148
152
113
177
4
266
131
293
273
128
27
254
121
252
263
129
261
32
227
0
112
260
288
148
234
289
39
140
293
116
151
128
198
204
122
276
162
114
11
111
232
154
10
90
298
239
106
213
172
66
153
240
282
252
20
194
148
283
281
90
158
104
60
30
36
14
226
203
210
232
39
22
222
257
54
229
125
122
24
133
288
3
75
29
127
80
286
193
237
166
135
73
182
294
89
124
236
97
205
257
9
151
11
267
164
43
244
168
254
42
22
55
217
101
27
225
23
144
115
22
1
118
126
34
261
243
188
133
241
85
206
20
128
9
154
153
115
109
227
23
178
29
132
151
70
197
40
153
149
12
170
120
254
62
99
269
249
37
286
212
15
157
231
209
96
160
4
92
223
88
299
59
82
61
267
270
175
20
97
47
203
103
280
13
42
25
209
246
71
251
267
86
25
259
242
80
40
83
266
141
181
217
81
9
123
42
269
191
95
144
97
36
262
156
268
229
244
167
141
222
179
133
0
111
291
140
268
214
10
33
221
26
113
61
225
78
217
10
262
288
138
292
5
31
189
237
40
171
73
281
147
253
218
128
271
133
95
292
282
6
200
286
135
291
4
236
267
262
249
103
96
28
27
26
218
113
124
279
49
290
174
62
275
102
186
133
4
233
156
262
32
233
39
105
269
180
227
127
251
162
175
295
208
159
236
257
78
46
234
154
209
183
113
135
27
276
287
217
0
276
70
123
275
100
51
172
113
251
205
184
279
254
277
212
161
120
82
53
34
230
153
248
0
222
80
126
147
144
101
258
279
44
234
216
165
167
277
214
18
256
261
82
31
265
124
242
263
178
210
176
278
92
297
170
34
213
80
156
57
129
36
230
227
26
28
80
239
3
153
63
133
158
73
271
118
60
249
106
37
89
112
122
172
1
209
118
221
147
222
11
202
220
64
149
67
281
16
269
105
252
38
27
235
78
287
64
208
264
275
104
284
11
132
191
85
2
259
127
220
216
68
107
251
64
293
285
16
250
50
91
240
72
176
296
2
135
216
159
31
225
111
47
205
83
142
274
289
116
189
282
21
217
35
151
94
287
239
131
229
152
71
279
240
224
283
90
194
53
213
148
117
12
86
46
148
186
42
292
274
110
210
290
136
176
209
101
287
256
52
95
285
107
281
4
114
122
285
98
267
268
192
54
43
144
222
255
222
45
34
256
203
37
252
26
188
259
246
102
95
276
187
94
155
240
293
269
265
239
103
239
299
197
202
153
57
218
47
0
269
146
166
287
18
282
12
293
167
9
282
15
42
79
257
208
103
223
29
279
37
42
30
187
190
279
247
123
131
29
57
242
292
249
11
192
250
119
48
106
179
96
58
277
64
222
51
193
258
17
31
249
161
92
23
118
103
168
109
274
103
172
75
122
137
2
72
70
206
98
79
244
270
240
208
46
260
208
42
198
193
212
38
78
220
97
190
141
136
42
278
148
234
209
27
168
23
109
156
279
265
188
177
294
221
113
193
214
26
125
199
38
102
229
180
88
102
225
86
235
130
14
215
231
68
249
67
279
199
84
276
47
102
7
110
181
1
46
245
174
243
182
3
44
117
152
134
291
296
21
88
254
243
174
86
22
86
18
25
59
162
202
240
166
201
170
93
92
108
46
173
253
164
294
251
168
258
246
86
223
44
33
250
89
200
185
118
207
146
154
6
168
110
225
130
296
147
22
213
221
183
198
160
36
197
283
108
121
145
244
122
166
218
41
180
2
5
123
73
9
112
137
100
25
262
94
124
81
249
124
95
160
15
95
122
227
20
200
158
18
260
173
56
270
174
269
56
135
182
163
224
64
248
152
293
7
214
248
114
190
230
289
146
28
283
285
65
41
74
192
21
192
146
290
264
143
280
262
57
106
72
148
146
148
256
187
89
147
249
292
236
75
158
7
165
4
72
45
153
100
65
148
244
221
74
28
7
53
7
134
196
177
172
32
85
224
1
278
16
228
13
280
203
297
188
30
166
176
295
108
60
155
173
140
214
282
158
156
136
4
286
115
97
197
291
144
213
182
128
14
201
222
282
183
237
254
234
242
16
2
55
70
219
77
272
4
181
160
198
281
98
263
259
252
55
252
72
150
139
145
284
102
200
240
232
139
55
175
152
9
47
262
85
287
149
221
142
141
71
122
81
23
132
198
146
29
106
58
114
72
277
22
245
128
284
21
111
292
178
10
95
290
32
71
263
166
135
33
173
45
181
53
213
204
275
271
111
216
216
31
16
214
11
234
299
81
298
225
84
164
237
168
24
278
174
159
169
95
206
292
278
95
46
258
88
136
48
70
122
156
27
162
263
221
152
298
87
210
30
3
137
54
224
294
167
265
256
245
227
294
119
270
101
31
193
208
160
151
222
116
95
80
207
87
92
250
99
148
271
257
245
259
14
29
74
8
284
248
147
11
15
117
133
112
6
8
255
136
1
12
224
148
18
122
18
238
287
38
54
281
89
138
246
76
71
185
143
173
208
253
127
235
203
68
72
195
207
245
183
71
147
54
288
72
269
278
45
159
113
160
131
286
277
90
92
227
266
212
265
65
155
282
158
221
56
11
135
285
65
227
124
279
257
181
207
157
233
220
190
76
220
103
146
230
210
152
16
25
187
1
271
0
37
47
272
261
241
252
150
273
259
20
115
22
268
59
195
275
52
124
229
230
142
120
119
271
105
24
278
218
69
10
48
268
198
269
1
272
171
232
257
184
49
236
200
78
236
50
99
289
171
10
105
219
272
97
291
88
217
172
236
292
285
113
14
167
180
236
277
76
255
221
201
5
278
256
154
32
141
163
299
70
51
153
211
274
242
146
255
128
270
199
223
113
299
76
118
166
199
101
115
57
87
92
208
248
141
87
158
238
264
81
292
196
180
162
77
128
77
229
221
66
125
180
128
196
125
214
45
299
74
233
239
25
173
178
40
161
93
40
284
286
114
143
221
205
7
185
132
188
183
134
25
194
259
183
83
85
121
223
264
200
267
209
218
169
200
17
177
125
257
3
67
295
25
149
83
18
184
297
120
28
145
203
204
157
53
34
279
77
217
119
25
281
274
91
82
84
175
208
258
218
192
212
194
100
27
170
27
162
3
45
190
112
248
48
174
18
100
123
142
235
192
245
33
203
34
267
37
172
141
78
155
101
0
183
3
135
205
16
24
298
215
82
92
68
72
204
275
211
220
11
288
260
9
5
275
209
116
94
8
115
97
114
75
69
275
81
165
190
90
122
218
0
206
50
26
12
147
257
104
111
248
227
116
61
293
25
180
151
145
178
230
134
42
199
187
84
289
41
289
214
56
126
217
285
15
7
202
252
81
177
129
251
137
147
68
267
121
199
128
136
151
209
9
7
129
7
291
179
107
118
165
93
161
37
86
4
51
215
246
27
221
136
104
254
299
7
64
88
183
46
73
189
184
126
130
257
16
56
0
104
196
48
20
74
1
225
164
52
86
90
94
191
250
69
148
105
111
266
217
271
112
111
93
96
248
8
40
34
284
14
33
179
144
184
222
93
11
230
65
216
12
263
259
249
214
157
257
60
161
235
284
152
135
156
211
131
61
160
210
86
210
85
289
93
47
259
238
195
222
4
62
160
1
233
6
252
91
106
148
258
14
290
274
21
183
45
123
151
25
99
63
29
65
94
191
170
23
70
11
277
247
139
66
17
219
178
188
197
154
1
208
268
192
35
208
232
265
48
92
135
259
48
183
291
247
296
142
128
88
250
253
58
25
259
88
173
81
171
162
277
166
110
149
18
212
285
125
193
205
136
103
153
298
24
272
29
197
27
59
222
239
82
4
98
199
167
243
231
81
176
253
236
212
115
229
80
123
32
100
231
247
180
271
122
234
180
295
16
104
210
214
166
193
263
161
291
128
228
273
247
23
284
11
114
80
