1865 773
138
55
119
67
114
162
125
228
62
150
212
234
247
216
7
104
161
241
276
220
115
0
274
15
214
112
196
236
94
75
64
264
141
112
138
49
112
149
296
287
28
100
168
208
118
64
280
141
243
63
208
46
98
280
59
62
29
244
173
220
215
22
109
58
288
62
43
96
283
160
88
270
211
81
54
219
123
276
106
247
68
247
158
101
101
52
134
248
131
88
238
4
111
150
120
128
286
43
11
260
274
161
163
167
86
237
249
284
265
292
48
61
279
102
121
229
83
176
99
211
271
150
183
228
60
40
125
37
164
201
34
90
183
56
232
271
169
214
50
131
165
292
56
4
117
37
78
270
58
207
189
238
90
44
109
202
267
190
133
233
252
84
80
7
271
244
263
152
287
95
295
173
230
208
252
224
177
61
24
271
223
287
133
231
188
155
100
121
126
37
112
261
287
85
110
139
295
235
174
114
179
104
244
153
160
162
190
80
265
74
6
107
269
10
290
201
5
148
272
245
141
261
12
267
235
181
104
140
158
290
95
82
51
114
100
17
120
287
236
102
82
282
272
144
12
282
91
87
244
60
203
291
176
21
14
162
248
240
13
208
48
182
203
5
49
105
17
249
136
15
169
127
160
230
13
93
204
123
87
82
124
205
204
74
219
148
48
92
279
287
26
3
127
287
143
47
127
274
121
288
149
232
37
263
299
0
295
40
203
119
170
147
145
5
14
90
120
132
216
100
156
148
107
281
73
199
145
208
142
200
194
201
205
163
162
100
88
238
1
29
211
97
186
195
248
135
142
275
204
43
77
256
164
10
13
110
136
267
245
244
226
136
25
193
60
66
179
173
111
20
196
136
63
109
108
49
13
105
124
185
240
98
92
101
38
223
297
262
282
200
292
267
107
68
127
150
47
243
54
156
172
183
15
82
225
17
10
183
203
0
251
156
8
21
95
3
24
216
69
297
292
190
28
124
212
202
273
158
269
278
187
30
126
227
108
0
264
6
21
38
97
119
151
199
241
42
269
136
10
8
177
298
37
22
83
288
274
71
57
41
239
102
71
1
292
299
247
204
63
171
30
229
24
185
153
137
259
109
203
177
210
4
114
170
264
255
261
140
30
257
79
234
23
285
239
133
91
170
149
173
112
167
280
195
142
116
160
64
58
46
9
8
195
160
218
29
191
157
13
18
67
154
5
48
285
248
57
180
29
196
293
32
239
277
169
249
24
223
283
134
291
128
142
158
206
177
17
49
52
157
4
198
54
234
135
164
43
296
24
57
19
100
19
215
28
225
82
201
66
199
6
160
286
121
169
210
181
176
84
266
141
97
68
63
268
225
235
68
220
193
185
295
164
166
141
39
130
259
44
269
233
198
271
70
80
214
131
106
101
18
236
59
13
179
118
227
188
7
160
32
60
23
64
81
35
166
54
230
1
136
174
184
59
12
35
69
286
255
41
100
30
30
213
277
115
92
181
148
114
67
3
283
17
187
87
81
174
289
202
217
70
159
162
255
207
271
115
259
172
171
276
198
53
53
14
113
230
294
11
241
20
120
123
66
25
142
40
91
42
120
94
78
51
246
88
51
127
128
120
63
188
292
112
223
229
116
148
281
41
116
14
99
164
245
11
71
12
299
232
231
279
187
266
267
173
171
101
212
120
177
112
199
241
19
103
183
51
110
213
54
167
85
46
51
19
220
36
229
127
242
226
105
41
289
147
232
19
261
95
169
167
51
46
157
111
183
236
118
24
86
130
221
277
7
195
184
259
63
64
185
251
282
280
263
192
193
280
228
51
23
278
189
135
151
163
177
202
250
298
164
221
166
121
28
28
117
45
193
13
229
262
52
256
153
202
243
0
145
259
105
70
170
248
58
204
154
268
196
66
8
260
43
232
113
2
277
184
61
85
33
223
256
219
147
106
155
112
72
76
279
107
167
286
212
80
130
121
185
17
151
174
298
159
139
44
200
103
191
226
95
132
12
133
176
212
152
8
265
206
220
208
28
106
276
212
264
171
45
261
191
95
106
81
105
2
186
218
107
262
4
32
189
264
190
113
297
23
39
230
261
109
88
111
161
95
105
247
175
13
40
210
268
173
72
32
125
256
279
48
112
169
152
15
297
145
12
202
184
161
206
242
56
270
248
163
87
119
17
114
242
130
260
142
149
165
194
207
18
56
133
248
137
247
192
177
265
27
48
139
196
260
166
282
69
97
157
145
115
145
114
188
188
155
14
185
23
180
299
42
201
110
9
101
70
284
218
32
232
272
211
4
26
16
98
14
127
276
239
32
283
157
182
107
128
128
239
4
61
233
288
83
0
167
232
166
82
72
45
204
93
7
145
85
284
209
64
122
17
58
275
4
151
6
260
247
172
281
299
147
99
78
65
63
207
241
156
238
297
54
127
289
295
181
52
214
231
129
187
79
79
217
219
200
248
110
238
187
177
81
286
23
119
218
174
227
269
12
33
123
152
203
75
266
294
195
220
74
210
122
199
285
177
196
171
6
90
249
12
276
32
66
108
225
274
242
188
244
84
123
45
248
64
106
165
94
59
234
215
55
255
274
238
130
11
15
83
283
299
235
86
213
184
193
194
137
202
23
4
291
30
109
210
223
298
95
149
167
113
90
16
97
7
163
239
30
180
57
58
289
277
27
41
157
140
29
215
294
106
198
159
132
265
222
81
95
102
82
7
289
57
288
158
187
266
94
34
0
177
14
125
95
197
291
48
137
192
224
167
113
195
118
128
275
291
206
157
78
1
170
138
70
218
183
289
179
284
142
106
166
219
23
285
29
74
230
199
299
140
279
198
122
55
204
70
33
59
187
257
238
179
111
269
293
39
94
114
17
115
139
157
218
57
280
22
268
170
199
179
122
77
140
41
84
265
32
189
126
201
47
158
164
278
250
291
251
71
228
95
112
185
49
227
220
152
285
213
4
91
72
78
36
135
170
250
269
202
130
58
30
295
216
241
296
112
52
53
114
65
122
152
24
168
7
286
134
226
159
129
222
285
227
28
56
218
295
34
277
66
6
107
39
222
19
202
79
46
36
181
136
294
224
150
231
16
51
192
69
223
292
100
36
168
246
46
109
186
263
136
17
6
58
89
289
230
180
269
110
254
144
258
10
155
271
83
204
37
7
209
244
107
218
130
39
95
192
60
196
279
101
240
174
194
184
154
143
93
41
60
192
294
176
106
100
249
216
270
154
87
117
246
77
41
98
98
54
125
65
252
179
65
253
40
161
231
160
83
98
88
157
265
181
127
2
127
144
38
15
71
299
115
278
9
214
100
264
105
168
191
77
237
139
114
237
191
85
0
60
56
8
173
15
77
145
278
210
211
291
260
58
200
213
58
248
0
168
128
193
9
171
44
80
61
240
205
197
132
227
140
126
154
230
239
254
118
218
288
11
4
113
263
113
89
286
7
186
105
271
92
195
89
98
267
261
216
88
92
49
272
253
101
196
76
46
28
172
133
276
234
77
224
251
124
147
142
3
218
235
259
186
11
104
136
127
275
103
136
181
259
102
267
174
225
136
220
38
134
134
174
263
168
49
2
63
273
292
231
251
178
112
199
152
99
87
87
7
173
230
43
152
250
265
83
191
151
264
226
141
29
181
199
17
235
54
202
177
47
266
261
84
274
280
247
283
224
66
222
106
168
222
286
17
5
250
165
281
210
181
160
243
104
241
292
165
297
21
146
23
104
87
283
120
161
30
271
219
204
56
88
66
56
29
30
240
118
193
132
226
167
72
110
220
17
7
83
9
107
159
248
44
292
195
94
249
81
229
279
38
218
185
136
273
109
138
259
165
31
22
204
52
117
75
181
36
282
93
24
64
67
80
282
152
63
11
272
155
101
274
1
288
121
145
144
85
49
30
45
142
174
94
281
221
117
87
130
180
163
178
124
291
130
267
269
97
26
35
127
163
170
220
88
140
94
5
92
60
103
268
18
234
263
65
125
137
188
276
147
190
278
151
231
265
236
160
153
90
205
16
79
186
252
49
22
32
57
211
161
28
82
159
130
220
45
291
12
27
126
60
129
274
214
190
213
175
121
16
114
217
73
253
65
27
4
40
256
126
205
48
174
108
271
81
48
177
230
256
276
45
93
15
26
70
285
138
185
100
24
281
207
33
223
279
102
281
17
31
65
117
218
241
127
150
268
268
67
212
221
266
257
71
242
70
197
148
231
144
114
192
127
98
156
120
60
290
202
107
170
210
262
84
4
74
241
97
156
216
130
120
75
229
26
143
211
136
222
137
50
236
168
147
53
41
138
6
2
177
136
110
187
169
10
170
127
23
191
289
69
122
239
234
281
297
131
63
1
99
254
63
258
36
165
150
163
200
225
221
60
266
220
262
36
212
164
225
77
19
122
223
13
269
107
289
13
86
194
33
277
299
251
2
159
74
9
263
126
97
127
66
263
9
235
189
228
183
151
113
294
92
198
210
29
62
123
207
120
269
139
286
181
290
236
175
114
123
81
91
87
37
253
41
78
133
41
188
172
165
27
145
23
109
162
241
224
2
203
184
187
27
168
145
86
174
56
92
67
225
209
136
67
113
23
278
258
123
279
274
238
40
278
96
181
127
138
103
148
99
254
296
97
76
175
236
266
245
217
126
50
93
159
140
196
139
14
146
274
286
162
173
127
202
285
6
179
86
198
61
51
71
167
63
195
155
214
149
89
186
232
219
296
19
137
216
126
275
209
213
158
114
161
179
29
27
291
245
292
55
86
28
287
260
244
30
191
188
251
141
51
169
113
103
124
121
285
225
23
115
243
81
37
108
37
45
266
28
217
137
252
289
154
251
84
118
179
114
1
233
6
28
145
49
299
98
246
261
203
62
172
114
16
16
264
43
19
247
117
25
98
125
11
283
251
230
56
265
119
177
42
276
114
18
177
252
102
285
206
185
196
184
178
62
174
150
196
241
91
107
193
24
176
263
277
140
38
116
163
150
9
222
177
201
287
59
222
259
273
102
245
100
99
267
23
49
168
90
204
127
21
105
167
16
161
207
55
107
21
105
104
65
7
263
252
114
117
22
285
31
29
49
260
9
96
263
169
274
186
90
77
238
228
57
135
167
128
227
118
257
69
236
278
271
7
104
261
172
94
73
262
152
294
25
28
280
267
173
12
1
269
199
187
6
197
35
85
1
271
80
54
291
246
78
246
84
100
128
35
82
111
70
200
122
46
293
213
34
14
234
83
299
230
114
247
155
85
97
97
97
95
97
46
223
89
75
174
31
100
254
34
172
293
243
216
148
48
0
68
270
149
69
33
36
265
184
166
177
124
71
280
201
203
139
153
24
102
238
209
253
114
55
102
58
272
247
276
274
293
88
113
18
76
57
233
287
145
19
76
279
296
231
257
144
201
191
63
174
147
88
242
245
189
0
130
286
35
251
247
36
80
106
40
38
248
122
198
3
117
107
231
1
293
151
216
291
52
44
111
46
174
173
130
216
83
26
246
122
106
201
18
295
203
101
85
197
46
68
183
163
285
252
21
273
273
202
153
248
170
71
203
284
217
137
241
64
264
246
28
87
160
57
197
120
204
89
218
106
94
111
40
171
53
254
283
108
242
238
52
120
194
233
59
289
152
184
57
165
65
217
266
261
159
184
222
131
233
233
87
113
297
136
121
224
115
31
282
4
19
250
299
167
188
189
167
139
79
169
54
15
152
201
231
271
213
47
4
295
116
60
248
268
240
223
84
287
247
61
205
225
171
237
294
132
64
108
56
88
28
210
262
174
230
238
178
122
20
288
211
44
229
136
197
231
207
291
245
67
119
248
159
61
118
121
3
124
188
151
252
234
86
141
216
76
252
68
238
266
6
144
257
46
30
67
200
89
43
55
278
88
241
78
206
13
100
280
69
39
66
22
80
125
116
161
154
25
267
233
231
53
72
82
41
271
224
149
24
212
26
91
83
228
47
102
115
250
127
279
284
284
0
33
51
