1003 379
252
265
95
106
166
6
235
131
82
257
282
52
185
266
128
174
125
261
98
26
74
110
96
73
236
263
108
32
241
114
250
194
60
186
107
160
251
121
99
180
111
298
228
91
77
287
165
267
65
200
173
74
39
81
182
73
152
236
136
252
201
241
30
161
153
122
179
34
70
163
84
205
143
293
283
152
183
292
273
225
262
129
138
104
70
134
62
237
116
189
212
90
129
18
30
233
285
129
284
67
39
202
52
30
2
52
298
39
79
285
208
133
290
126
66
32
57
51
260
97
265
226
44
13
207
28
101
229
131
273
197
294
152
255
210
33
252
78
259
48
32
145
143
1
236
53
106
259
116
68
149
58
293
45
235
119
297
47
62
134
75
15
63
60
136
225
128
152
98
55
267
40
162
128
183
292
78
43
208
161
193
95
217
227
286
88
158
107
291
175
32
47
283
296
5
234
152
207
69
110
190
245
248
126
177
221
5
0
207
204
188
166
174
266
165
276
94
263
286
105
111
239
236
245
46
142
155
132
7
207
89
293
104
58
207
183
165
39
110
32
188
251
45
160
142
237
249
298
228
58
27
104
18
142
247
50
276
128
268
115
115
97
190
260
138
124
131
158
283
83
28
240
248
173
18
142
127
44
123
38
197
295
287
33
205
268
144
84
161
151
149
289
163
121
76
41
132
136
161
18
222
213
149
187
206
28
90
268
27
86
99
48
234
240
212
142
32
14
144
54
176
69
133
92
268
125
106
280
238
264
227
264
114
273
136
10
172
115
130
21
6
29
77
87
154
166
199
157
42
162
4
183
122
17
176
96
149
96
271
130
110
226
204
152
47
267
194
165
154
32
30
128
109
252
151
168
78
58
69
294
286
14
63
290
127
45
19
220
89
90
228
210
168
135
283
251
60
22
251
191
8
93
73
152
58
169
286
187
188
39
22
106
96
209
150
37
131
36
18
126
113
100
223
279
44
231
19
244
19
66
40
85
69
231
1
224
180
91
48
190
49
100
8
13
141
296
31
231
249
16
170
197
187
148
225
240
55
183
287
188
284
56
100
142
127
264
144
49
177
118
108
47
81
252
230
213
97
298
139
274
137
277
289
2
36
279
166
231
35
39
143
174
20
287
234
266
241
237
71
179
275
277
169
192
37
245
216
92
157
169
50
64
29
99
208
203
212
32
142
77
209
26
29
276
178
117
56
60
74
232
183
272
194
24
79
2
197
68
196
256
173
152
270
255
237
54
184
82
287
253
203
157
43
83
227
92
55
273
265
150
218
298
278
126
225
244
245
172
83
258
24
105
228
109
233
180
52
87
222
135
84
0
33
178
125
204
258
113
98
195
187
297
285
217
70
241
2
237
286
191
100
233
114
295
86
2
52
178
144
42
63
239
113
259
194
101
137
3
147
133
29
178
55
42
192
130
244
242
203
274
156
286
189
271
221
78
248
64
54
64
69
83
286
197
287
31
136
124
211
65
296
52
299
174
279
132
86
15
61
14
152
17
151
206
34
285
199
78
107
194
31
208
45
260
237
197
299
234
24
119
147
191
51
158
281
162
212
125
240
213
24
39
56
279
145
122
60
228
96
161
84
186
120
278
225
106
68
23
110
282
168
175
151
225
169
93
219
265
195
10
20
105
280
21
107
72
158
199
242
94
293
140
230
274
151
207
101
77
91
211
285
221
264
155
138
174
129
280
164
280
39
21
84
235
7
250
296
114
146
274
14
121
190
211
69
10
136
52
43
245
217
252
141
138
211
182
278
6
62
41
46
286
29
0
47
285
117
200
14
72
137
197
173
232
184
212
209
26
3
216
210
158
245
230
285
274
232
23
124
242
106
218
164
129
269
207
220
259
35
235
198
152
197
96
151
28
120
38
292
233
178
33
198
267
217
263
253
69
86
61
157
232
77
36
174
135
92
183
9
210
191
153
51
205
212
39
242
248
5
29
220
7
180
269
210
147
217
155
16
177
13
153
277
103
113
148
21
113
50
20
11
89
143
95
121
130
51
135
261
53
102
104
140
105
234
127
195
93
229
70
189
131
106
33
38
110
150
209
205
27
49
266
293
232
61
220
254
251
228
19
211
258
110
214
106
192
137
291
7
69
216
169
41
213
24
35
19
267
243
35
68
96
123
107
248
84
292
232
169
60
156
199
236
271
247
12
168
71
78
184
183
220
239
101
250
277
25
220
150
101
115
17
261
66
101
220
213
261
132
74
193
178
296
50
166
206
224
179
146
76
226
236
159
79
133
228
184
80
150
31
78
285
66
33
258
295
71
167
271
216
134
248
264
32
160
140
3
66
24
237
182
74
39
178
176
137
209
175
155
287
42
134
39
181
285
57
85
252
125
139
66
7
174
43
278
93
36
282
224
134
89
147
63
139
153
191
203
190
66
40
288
151
254
147
180
59
99
69
226
104
295
171
37
61
132
289
122
195
93
71
137
152
78
44
9
16
113
82
115
91
241
53
200
288
204
268
259
199
140
150
0
0
136
292
74
114
132
249
288
168
214
197
214
190
188
80
248
61
85
101
33
284
107
48
21
166
96
0
186
196
158
98
182
262
79
299
160
113
35
175
154
224
131
273
189
265
63
55
72
120
92
294
11
216
267
56
255
200
259
102
255
16
140
293
298
167
212
96
37
107
37
9
13
134
195
193
65
31
49
246
166
221
11
162
120
49
81
266
108
197
34
35
54
129
226
243
251
5
171
161
50
46
289
283
101
177
159
8
234
41
102
262
109
14
275
220
17
94
64
46
180
179
235
243
229
195
291
254
46
144
53
190
37
270
138
64
121
11
30
29
89
182
76
203
5
220
136
137
180
183
144
122
101
237
129
78
247
184
64
8
37
29
264
206
236
84
39
143
157
290
255
121
65
170
192
184
10
19
294
156
22
166
31
120
88
112
211
211
247
96
28
119
22
155
68
214
128
21
166
164
151
257
33
239
77
175
85
220
206
33
2
228
173
189
281
201
11
165
54
203
3
100
87
273
135
63
182
184
89
268
175
208
39
282
294
17
109
94
201
187
94
225
249
36
174
261
264
286
168
180
185
132
283
191
173
189
37
263
45
182
232
172
101
157
211
42
73
261
296
71
275
41
35
201
287
2
198
267
25
172
7
214
