93 232
298
60
211
17
238
75
170
9
108
59
257
124
150
69
185
299
34
292
105
170
240
59
88
172
111
182
173
121
177
190
161
49
45
101
243
75
274
136
209
260
51
70
121
54
271
292
297
253
236
167
293
31
168
202
233
75
274
220
20
214
220
234
104
252
239
42
255
251
99
76
236
139
57
108
37
208
208
24
229
84
281
214
288
101
277
66
190
245
5
193
194
73
43
75
46
169
138
270
85
258
21
199
87
158
201
96
118
17
168
172
21
18
70
142
134
44
292
90
178
175
109
236
49
83
226
157
224
43
137
137
51
254
73
115
127
189
171
33
212
298
124
41
234
51
175
156
119
175
295
42
41
122
47
281
36
212
210
218
34
11
264
194
86
109
218
2
2
9
159
103
129
125
191
254
141
260
156
130
100
204
222
42
160
104
282
142
73
7
240
272
166
222
70
35
242
71
87
27
28
20
235
152
199
214
215
190
77
248
41
61
199
218
288
48
51
277
11
209
246
240
120
136
23
113
160
77
26
197
109
276
118
213
41
280
128
156
169
103
58
269
174
123
248
161
94
229
213
163
72
187
198
260
94
65
129
140
234
169
209
54
231
120
125
267
44
260
259
78
291
231
166
293
205
151
223
245
130
22
44
67
125
137
79
103
218
74
274
250
265
210
187
92
296
123
166
28
38
7
119
297
17
139
65
46
271
226
56
195
167
151
160
182
70
48
162
46
202
178
253
47
244
68
216
203
159
