1715 707
205
7
279
18
235
201
291
248
235
168
148
282
14
230
256
124
10
177
234
113
272
204
240
227
113
57
6
231
12
237
155
216
33
237
244
93
268
265
256
130
101
217
296
6
227
54
277
175
25
35
264
202
189
167
121
273
123
293
125
235
30
255
196
56
36
46
239
231
142
289
92
1
282
70
127
219
191
238
204
183
35
83
87
235
82
245
44
67
65
69
61
271
289
70
123
240
288
229
18
296
212
261
248
278
269
273
232
257
278
107
176
263
192
55
154
284
37
209
264
221
214
277
78
72
262
270
99
158
64
181
280
152
256
282
263
227
92
168
85
297
178
275
161
85
43
239
240
94
74
21
240
147
179
133
152
30
288
179
172
74
25
17
121
165
52
261
261
220
77
102
288
209
123
257
229
253
235
213
12
156
4
41
254
97
10
98
287
34
205
95
107
14
235
64
203
91
39
206
267
64
151
81
63
59
223
126
91
44
236
98
65
120
157
116
92
184
274
53
106
178
31
112
66
121
187
41
296
147
159
180
235
135
34
256
229
127
90
212
71
218
177
146
15
284
93
132
89
263
290
271
169
79
283
194
107
114
117
113
134
86
208
78
41
181
25
201
215
221
70
122
234
263
252
52
184
262
203
34
154
207
250
169
63
136
247
146
135
2
110
12
14
273
271
72
146
269
179
42
159
293
225
248
14
7
263
128
183
14
144
279
262
26
76
24
173
75
299
124
82
204
13
143
294
142
186
20
183
123
69
110
18
203
283
17
106
105
36
134
104
98
112
128
10
163
241
196
68
261
86
223
79
0
212
98
22
184
159
248
289
121
109
58
54
213
264
172
86
270
45
99
185
68
105
217
93
38
141
102
39
198
116
257
292
273
65
250
93
260
95
173
44
113
201
46
55
181
128
222
187
38
145
191
12
25
206
161
234
84
263
228
139
43
192
277
39
95
94
274
211
229
148
285
187
189
160
230
123
188
229
243
131
278
210
12
167
159
91
71
161
186
40
75
183
186
212
99
258
55
266
261
112
210
27
178
121
21
192
298
122
74
294
226
186
279
60
225
256
239
88
242
148
118
21
161
115
84
107
212
252
55
80
208
276
96
56
180
53
134
254
232
46
85
234
88
240
185
247
150
216
16
95
273
22
63
43
78
143
241
290
274
32
88
294
65
94
13
106
245
284
101
255
202
87
275
15
2
53
84
6
257
60
178
171
256
274
3
43
191
228
136
264
130
38
113
177
16
224
179
283
1
185
215
285
46
154
1
120
269
2
63
99
205
169
63
106
165
239
137
52
173
170
111
52
84
139
287
269
85
128
107
165
253
161
138
4
173
213
140
102
105
224
69
200
142
178
62
55
7
126
23
90
19
45
143
145
22
103
37
211
196
107
201
165
217
277
222
291
252
251
85
196
31
97
67
71
226
170
196
276
100
180
158
231
7
213
177
226
144
239
88
54
91
283
26
173
53
293
31
198
133
251
267
31
27
260
139
55
257
199
263
144
281
16
40
137
70
75
90
279
172
31
240
122
294
57
132
277
122
186
50
177
58
150
74
122
16
50
166
244
266
122
191
38
136
106
100
46
22
118
172
78
197
184
55
177
233
148
29
153
57
225
75
25
191
190
231
190
99
238
82
292
293
248
269
128
41
214
152
82
77
68
123
291
197
44
1
199
51
28
231
145
140
151
229
198
274
124
61
148
161
69
261
43
141
273
192
68
221
102
216
19
93
294
186
138
8
109
179
137
171
199
184
280
270
299
80
150
13
23
149
204
164
168
31
111
90
33
146
211
220
66
78
217
252
258
3
178
123
155
186
291
57
102
156
229
20
112
31
19
70
194
163
75
250
254
246
250
265
48
14
36
124
36
122
174
111
9
95
206
60
262
64
126
241
297
114
230
88
94
120
65
291
51
285
220
147
121
248
148
97
138
149
109
22
261
59
174
226
199
143
223
31
135
94
164
138
256
17
262
33
91
277
168
296
215
150
170
27
65
272
165
149
238
76
297
31
149
233
286
11
282
236
290
283
81
96
8
46
73
20
10
51
139
97
207
137
258
189
104
268
293
225
139
201
288
111
164
254
29
119
277
141
32
45
164
140
248
14
87
45
160
249
273
297
94
28
40
72
38
291
104
195
150
33
74
77
118
106
260
231
204
21
291
50
94
99
52
227
269
163
116
51
246
105
133
177
61
89
142
232
283
194
9
133
78
281
171
255
226
119
175
186
54
101
116
233
238
72
160
292
127
94
209
87
93
26
70
36
211
227
284
15
117
266
108
217
80
170
260
56
234
238
191
234
122
112
277
95
47
161
54
78
34
105
220
147
197
118
183
62
36
126
251
95
160
74
216
134
21
221
88
29
268
81
162
234
219
83
203
35
86
135
10
34
299
241
6
161
255
33
167
51
99
197
77
198
68
127
158
266
75
112
22
266
118
277
186
54
239
297
105
160
124
118
20
132
59
182
42
117
126
225
142
69
27
295
33
35
88
278
65
191
212
77
221
215
164
272
164
239
69
46
69
16
46
58
136
203
12
185
280
122
262
242
4
273
177
283
177
5
229
174
209
49
125
216
83
179
241
172
263
162
150
278
199
185
257
175
293
273
75
296
42
71
225
81
129
226
270
230
272
255
119
182
225
18
214
220
158
176
60
69
65
139
3
48
105
137
246
236
44
254
129
9
281
8
84
104
137
231
115
139
283
68
235
140
206
101
266
130
26
236
187
224
222
59
64
225
59
117
131
98
233
220
133
249
243
278
220
251
238
66
167
127
262
210
194
286
156
43
34
166
121
127
132
22
180
210
31
70
205
113
190
222
261
16
215
89
153
22
197
156
276
154
272
13
219
42
55
71
297
140
261
147
170
231
98
19
100
20
284
119
101
157
151
55
6
216
214
196
63
14
179
283
168
277
290
10
195
294
133
255
66
140
187
280
164
228
158
122
299
162
35
254
264
56
11
226
235
92
243
184
299
234
5
82
85
32
82
262
62
242
170
64
27
125
247
290
40
233
197
252
192
186
173
216
125
109
104
205
164
195
238
1
249
160
228
238
100
219
84
274
126
291
90
51
130
229
222
23
107
214
112
158
41
188
288
239
135
165
241
23
77
181
154
268
126
88
260
247
199
31
248
149
161
293
268
7
189
242
86
153
203
100
45
21
277
260
73
9
213
73
140
168
205
19
264
14
17
15
61
50
183
245
264
267
138
144
252
148
132
290
272
189
217
263
99
12
41
86
206
171
122
183
173
174
139
113
22
41
38
27
123
113
294
154
69
183
141
248
187
231
266
296
54
247
292
80
260
67
298
120
126
162
35
118
222
108
24
223
80
186
155
244
250
127
205
153
69
132
62
121
261
117
243
204
47
71
58
101
220
62
176
122
245
35
16
232
133
150
286
92
267
229
246
257
171
182
52
287
60
175
90
99
176
32
243
265
39
144
161
159
140
199
185
28
181
137
291
211
78
285
205
169
85
29
194
299
231
189
30
192
108
127
23
36
278
75
202
85
168
188
93
17
190
241
172
254
75
111
12
109
57
49
189
202
290
137
68
283
145
262
267
35
208
139
27
283
281
257
18
175
289
253
117
172
187
294
198
196
184
272
139
0
0
202
65
217
79
299
140
195
105
153
290
126
12
172
80
127
45
149
120
177
48
281
204
142
219
70
229
64
240
233
296
84
249
190
156
267
294
105
26
280
18
66
138
2
47
223
151
163
10
296
200
104
3
186
207
200
92
94
286
163
28
266
92
33
22
74
5
163
126
268
254
22
280
203
94
177
11
153
193
80
21
36
164
170
226
296
56
58
73
2
50
85
277
179
36
223
90
164
110
231
214
234
28
244
118
18
18
266
178
204
91
115
41
129
156
36
22
269
83
16
80
224
66
220
78
108
57
251
196
124
166
156
20
290
230
23
19
183
109
108
273
236
188
91
101
216
18
150
197
111
223
298
279
279
22
163
70
176
0
96
87
156
144
45
130
177
50
240
179
178
70
143
21
18
119
79
213
28
187
43
57
26
212
270
275
8
260
129
58
131
152
217
150
125
59
251
48
11
291
71
81
15
20
45
11
99
93
183
64
76
215
33
70
263
258
28
38
78
234
215
94
11
155
78
274
117
283
78
88
94
82
51
87
250
253
201
87
253
37
167
235
195
276
232
224
18
21
7
291
107
0
293
131
119
209
22
239
243
190
289
170
274
189
148
297
11
288
198
206
133
124
75
21
99
239
51
172
59
206
49
265
262
159
236
68
104
178
194
231
175
287
171
152
117
131
240
239
242
262
42
97
274
141
214
103
228
57
134
127
261
236
215
226
162
113
194
3
24
10
210
27
290
85
39
292
291
224
205
150
236
281
106
231
41
3
272
237
12
141
279
109
120
215
99
34
282
241
91
121
252
299
157
127
190
85
10
103
140
61
284
279
111
201
99
129
126
180
142
225
36
163
42
93
203
206
188
101
129
192
195
248
110
62
30
134
264
35
199
267
151
253
82
108
41
193
124
57
267
224
139
281
39
248
93
42
11
55
229
52
267
241
169
114
292
169
187
145
292
292
237
258
168
251
42
289
152
102
16
74
43
151
272
144
142
78
81
98
51
157
34
253
83
33
59
104
79
81
262
21
261
29
286
168
101
87
252
57
224
135
211
202
182
238
76
115
0
207
193
263
208
101
132
80
290
179
162
164
175
71
112
162
141
84
130
203
280
120
171
252
290
133
252
25
180
3
196
156
126
225
207
145
105
5
104
44
75
115
55
151
31
4
84
205
293
9
170
293
42
159
1
132
228
279
263
244
297
164
270
79
238
10
70
78
67
212
142
36
231
240
231
5
217
279
134
294
71
290
55
84
170
217
122
142
36
290
86
141
32
52
234
212
12
136
244
214
230
260
269
230
12
13
12
156
65
143
281
187
188
71
69
129
262
37
53
23
122
239
264
16
249
124
75
57
43
150
272
297
23
2
69
94
248
197
60
123
29
211
274
172
169
86
54
126
279
175
178
157
98
4
85
32
143
209
56
167
290
47
117
281
86
248
251
161
231
203
251
124
285
142
91
81
23
18
221
128
22
118
81
224
105
227
32
151
242
109
49
273
249
134
82
78
197
28
202
125
153
270
150
78
238
275
190
210
295
136
109
274
36
293
93
291
211
94
160
111
108
40
93
248
252
106
31
250
191
207
99
15
86
57
5
151
290
275
194
68
273
62
48
106
15
281
31
57
32
195
174
65
173
21
184
147
262
164
137
245
5
10
117
150
225
270
235
295
206
232
221
277
259
39
232
209
273
54
51
37
176
247
153
165
25
284
80
214
163
108
203
117
155
235
223
119
50
27
170
61
30
189
144
235
140
206
214
186
131
295
78
160
270
98
187
123
87
163
202
232
73
257
87
131
262
85
176
109
170
213
131
229
248
219
154
242
119
269
267
167
212
1
132
106
265
145
48
52
290
162
150
291
77
82
22
4
177
284
0
11
69
222
282
