1487 1442
31
247
57
194
72
287
150
126
119
70
290
287
218
11
220
59
63
81
110
251
238
108
16
42
22
152
91
93
134
77
142
159
126
197
287
274
103
108
48
283
39
258
141
184
140
232
90
239
290
105
217
297
169
282
286
246
83
9
99
30
241
70
241
137
78
128
243
130
85
179
143
260
152
132
30
95
60
182
60
246
51
40
220
123
4
288
26
33
296
156
248
125
144
129
214
234
62
270
49
58
103
24
139
254
236
284
11
216
90
125
267
77
74
279
174
69
271
217
81
103
253
241
294
68
126
131
114
186
107
180
95
191
79
114
82
104
190
2
179
118
125
47
251
247
275
225
215
293
77
14
201
85
28
118
18
79
217
59
268
191
40
75
130
132
240
201
119
125
245
27
62
184
282
96
248
32
130
42
256
291
39
120
267
11
33
65
223
24
280
272
170
75
292
5
207
195
178
26
118
224
107
153
160
164
236
236
224
3
183
251
183
46
71
80
281
68
282
13
73
210
205
209
112
52
143
171
73
21
175
116
92
127
158
189
47
187
50
111
191
136
285
102
90
176
70
56
14
196
203
246
149
59
52
37
287
228
74
131
152
266
31
273
253
76
257
287
106
134
143
162
289
162
116
284
147
174
160
175
136
162
226
224
210
169
15
246
97
145
273
248
42
197
168
213
269
206
65
231
151
260
20
177
96
264
138
67
179
272
150
203
228
239
249
210
33
214
278
212
26
295
233
144
97
3
18
0
189
295
237
282
85
42
219
141
283
250
8
223
68
195
4
255
279
33
6
226
245
72
242
228
97
108
97
166
76
218
250
16
93
152
271
47
294
255
126
269
112
170
64
175
169
181
201
296
165
3
235
161
134
19
278
50
69
101
67
266
254
149
243
39
297
296
4
154
30
296
212
54
259
271
111
163
261
88
252
143
121
278
79
294
11
92
185
1
9
150
128
173
140
55
183
62
13
190
20
265
50
202
242
9
164
17
167
165
276
149
259
297
280
262
109
146
24
44
176
29
272
122
54
293
104
47
105
151
236
166
258
128
105
58
4
219
239
181
52
207
27
153
174
91
195
14
84
9
111
173
40
216
287
214
84
88
293
238
178
13
95
80
269
259
236
26
204
100
163
139
71
100
290
202
67
137
225
6
201
255
52
185
268
147
233
63
121
174
62
70
121
171
143
38
17
239
135
62
113
70
134
22
94
44
75
10
25
109
32
65
231
87
181
157
125
227
154
293
131
255
50
25
187
276
13
87
263
27
227
262
42
145
148
179
211
124
291
241
139
218
221
169
164
116
105
283
255
133
57
292
105
267
74
125
118
142
50
73
207
280
230
224
169
110
85
85
67
79
15
106
163
24
11
208
230
5
254
51
190
293
170
63
41
61
264
111
146
139
149
167
295
103
151
164
233
204
262
100
63
261
46
186
222
115
136
72
293
27
13
5
61
154
168
89
84
48
169
224
66
144
240
170
26
123
208
295
72
221
157
258
74
42
104
130
121
184
247
116
81
265
52
42
20
121
148
201
225
220
29
57
129
89
58
255
44
236
288
97
239
161
210
11
180
128
185
106
145
67
144
181
68
257
176
155
237
191
255
138
18
218
295
279
146
201
237
34
76
272
255
109
175
64
72
261
292
8
188
20
165
217
271
275
156
28
11
279
35
37
126
127
49
212
21
50
148
17
295
284
157
141
131
187
214
38
128
29
30
138
38
160
156
216
160
61
210
271
52
11
207
161
16
226
274
148
251
220
27
79
52
131
179
295
11
126
59
52
41
261
147
240
255
126
57
71
281
171
69
212
249
216
67
179
55
76
115
100
276
43
47
254
284
251
143
190
119
109
77
14
91
7
207
200
203
203
130
217
244
91
97
177
125
170
149
197
184
285
244
79
264
249
291
255
143
68
2
81
103
33
58
30
35
240
241
14
36
231
81
212
210
232
38
217
46
144
11
148
92
175
253
173
94
271
100
68
58
219
116
270
146
181
269
163
296
277
252
296
292
294
161
242
147
38
223
184
215
37
15
289
280
232
108
19
255
50
233
259
186
54
247
151
3
11
140
176
293
64
271
135
118
62
95
277
229
204
150
255
76
178
68
94
283
74
77
231
31
178
24
235
272
144
169
102
78
142
57
118
258
19
117
89
222
30
88
118
109
98
213
277
272
72
140
273
243
249
224
282
56
258
195
274
45
258
33
151
273
34
205
14
244
11
257
126
155
11
242
245
264
133
158
247
196
191
298
118
187
214
49
178
94
266
252
275
84
258
289
101
17
102
152
298
204
273
197
64
188
58
35
261
212
150
249
6
96
145
197
266
260
191
206
102
86
138
129
47
179
155
105
196
247
163
92
235
33
42
29
17
187
27
85
170
222
184
91
256
162
59
155
252
145
48
194
294
214
105
264
26
124
291
213
116
270
278
150
210
214
58
144
282
230
235
288
14
26
245
42
161
230
174
118
195
102
139
16
86
161
145
60
256
184
146
282
268
231
163
186
120
74
145
240
66
194
236
120
264
35
44
232
48
144
202
275
184
49
94
163
242
246
138
140
38
145
120
212
163
252
17
170
241
285
103
81
164
167
74
103
157
102
187
138
128
12
12
83
210
62
53
95
281
83
296
238
127
185
295
235
91
169
156
56
290
281
298
112
261
157
105
210
170
57
115
222
83
237
179
192
183
3
128
46
195
266
1
199
119
13
113
24
56
176
237
257
57
5
114
17
27
212
118
73
76
258
294
214
129
87
256
37
249
21
179
213
148
210
224
129
255
27
226
74
250
105
255
113
29
287
197
198
113
227
269
277
31
281
96
30
30
189
128
239
255
82
231
260
160
203
91
69
198
89
198
97
163
65
111
60
11
55
183
229
205
275
117
117
101
85
291
85
219
298
281
214
234
178
71
0
273
212
150
145
184
242
93
131
96
83
14
64
198
253
43
253
21
27
289
1
216
264
44
280
213
18
199
108
257
248
215
274
178
276
107
119
150
58
116
6
40
238
71
130
252
289
206
275
231
47
226
251
41
87
250
213
212
64
30
229
118
236
230
68
29
113
256
230
133
5
232
289
43
289
212
7
35
17
291
178
149
292
157
209
212
157
79
243
253
146
58
195
207
178
236
177
220
173
248
132
114
285
134
0
87
186
13
166
257
260
119
114
115
107
101
79
117
103
189
117
255
42
49
241
71
167
226
42
14
203
59
73
77
259
51
98
226
201
263
25
124
214
82
260
268
57
48
98
154
20
153
279
265
29
201
288
247
272
204
160
39
221
82
284
268
276
275
209
286
247
160
248
229
46
198
248
4
61
212
57
56
183
130
166
149
257
264
187
113
102
61
230
174
37
91
206
126
54
44
155
80
131
40
215
217
202
123
29
172
108
52
221
151
213
211
148
107
45
201
95
201
283
268
46
93
115
254
65
39
207
178
15
163
7
236
239
225
47
70
166
11
121
249
283
222
196
179
204
43
135
223
226
253
194
50
262
221
22
49
128
57
259
185
275
215
216
109
224
285
138
51
171
226
152
96
166
132
216
53
84
210
228
150
154
102
205
150
55
138
218
281
209
107
229
266
158
249
244
108
209
121
91
121
135
105
40
120
294
112
165
180
35
19
71
37
256
207
231
291
21
253
166
227
249
204
165
89
142
234
175
74
242
204
213
256
72
260
227
95
27
161
146
103
294
238
274
225
152
216
128
291
51
222
134
174
286
102
183
49
62
62
228
153
125
186
194
196
105
104
52
14
54
19
136
36
153
181
291
75
296
173
28
245
81
281
261
5
42
128
257
267
159
0
193
112
134
183
128
198
94
207
65
53
6
251
240
258
133
265
279
84
243
203
208
7
97
250
251
177
199
35
22
78
185
146
18
228
143
46
177
143
149
175
150
172
2
193
242
104
52
235
147
290
136
25
35
50
43
206
103
73
82
42
163
244
217
53
84
53
297
78
164
280
233
156
63
290
210
203
294
144
1
244
70
128
217
41
270
213
212
111
135
190
47
286
245
15
92
153
102
166
90
66
291
155
281
5
73
144
217
268
67
179
38
82
39
240
235
212
259
31
94
57
191
83
84
170
33
35
210
53
112
269
105
166
90
236
210
84
199
191
8
248
214
29
196
161
294
140
154
34
218
57
237
192
263
292
249
137
158
30
227
130
50
229
116
156
169
15
263
140
218
199
59
17
134
110
26
214
60
141
255
121
206
13
177
57
240
165
232
166
10
94
162
166
208
177
189
92
210
256
68
75
261
152
199
293
160
125
206
210
113
124
198
29
67
103
135
222
188
125
152
158
86
20
139
128
292
173
211
23
274
36
172
213
41
112
2
11
26
107
197
115
169
123
71
60
263
272
198
33
250
30
163
141
147
11
112
283
32
297
144
144
97
88
32
82
137
14
39
184
69
156
245
128
224
104
33
154
116
174
223
83
277
260
226
30
104
239
76
116
68
111
30
248
280
249
148
239
178
124
298
164
241
154
8
179
12
24
4
156
76
298
210
32
51
279
254
21
83
142
143
233
63
253
204
174
99
144
94
247
55
278
122
293
125
115
119
136
111
92
133
117
277
119
283
165
20
213
115
198
18
210
118
28
90
298
277
108
239
297
270
135
226
42
186
220
25
228
42
276
213
71
270
38
285
291
298
89
181
269
121
97
254
83
138
97
163
248
188
58
207
139
263
222
14
83
157
249
10
170
150
150
43
31
219
0
236
180
166
17
80
166
216
255
148
101
128
140
42
37
276
200
116
132
34
226
178
173
165
95
150
24
17
174
263
290
186
269
276
206
128
213
252
23
139
112
279
5
147
283
151
277
88
210
225
255
251
247
262
220
9
233
181
85
217
252
35
144
269
261
277
62
38
12
228
47
233
264
223
11
275
152
44
51
185
30
276
84
299
92
224
212
3
286
293
117
181
297
145
178
247
40
275
172
237
178
191
133
195
231
102
13
294
0
181
115
95
46
167
54
241
209
219
282
129
154
84
162
179
9
155
129
76
231
267
173
125
185
186
250
73
28
247
206
231
105
18
225
232
274
190
126
47
273
193
156
24
214
286
155
229
87
140
209
125
262
163
279
41
123
179
57
288
150
212
188
54
112
230
263
136
42
126
64
149
297
15
26
90
193
267
246
219
261
229
238
238
56
180
12
145
104
77
193
149
53
111
79
101
243
33
208
90
228
207
190
139
1
193
136
159
154
58
138
235
264
213
6
68
132
297
89
137
209
116
222
179
211
89
116
216
249
137
113
168
75
123
110
183
295
205
285
72
248
88
120
67
67
47
1
160
0
47
130
166
225
143
246
175
8
14
76
43
230
56
277
75
19
103
29
132
132
15
213
270
217
94
41
240
112
200
248
47
218
85
236
211
276
1
132
131
104
176
130
8
240
250
112
5
1
59
63
22
87
165
178
76
128
203
188
85
35
182
44
203
223
245
248
119
168
40
209
33
297
108
235
17
172
278
98
12
161
14
251
119
59
30
105
120
84
227
113
153
252
129
121
233
289
66
55
182
130
279
86
24
258
271
143
88
202
187
64
78
115
95
162
259
49
104
150
44
205
225
8
46
289
154
257
83
119
171
21
202
245
118
63
26
198
236
219
280
193
51
72
126
176
110
9
197
161
63
134
240
274
143
7
140
213
258
76
76
251
193
58
249
230
16
44
229
273
280
298
284
132
219
201
19
216
159
154
30
179
295
97
232
145
42
278
288
238
188
78
226
139
184
46
121
144
244
217
228
256
253
93
121
267
26
153
19
45
259
184
238
272
38
127
13
156
294
225
282
135
299
221
39
274
65
7
103
64
112
228
57
145
260
201
133
156
283
194
236
62
68
71
238
32
38
26
151
106
3
19
96
119
263
149
189
267
220
285
143
10
20
245
294
214
182
168
263
239
259
146
276
83
60
280
244
119
191
261
205
289
194
130
118
238
225
48
48
145
26
188
297
35
95
196
246
94
174
129
1
291
68
180
152
243
160
99
235
111
253
113
234
107
92
149
285
216
74
188
224
51
230
266
160
121
155
280
183
157
211
80
108
173
180
194
232
158
194
274
23
115
214
127
43
119
294
197
28
196
194
177
153
48
214
207
93
84
239
252
91
52
282
128
65
191
29
52
110
127
130
285
2
95
21
59
158
8
145
275
123
152
251
159
217
3
183
255
51
114
127
164
275
18
107
151
164
179
72
54
180
213
21
174
86
55
163
139
163
263
78
78
6
33
227
101
15
41
54
200
237
197
190
163
48
70
181
202
16
37
259
63
290
212
158
172
208
128
31
166
298
54
67
220
16
200
124
96
280
116
154
233
4
283
271
288
12
206
148
86
212
263
73
296
280
169
11
195
211
188
228
90
227
95
233
122
143
263
188
130
230
261
250
140
137
227
87
101
115
9
30
146
204
291
204
276
144
234
213
220
217
126
28
78
198
222
35
246
199
219
16
174
218
49
41
96
258
216
51
169
260
259
190
21
296
250
280
53
168
96
167
119
229
87
294
73
252
36
21
187
124
251
211
278
38
2
60
238
255
31
201
118
152
120
179
78
141
213
244
6
36
269
96
195
54
61
283
124
163
106
105
63
106
3
241
174
183
223
176
134
140
138
176
166
190
202
226
235
104
165
34
40
124
259
109
174
240
