1810 1418
153
167
37
69
35
90
276
117
90
59
256
151
149
40
265
252
285
91
103
39
11
212
106
35
288
148
37
11
299
132
93
293
91
192
121
118
20
156
229
282
67
186
220
211
92
138
121
202
285
165
295
272
5
254
2
168
125
12
245
177
259
131
153
286
211
76
44
291
150
205
289
17
102
81
33
72
14
80
117
131
27
72
280
56
153
18
225
9
4
59
181
226
290
28
7
190
58
71
162
142
288
102
108
239
81
151
93
52
18
148
185
202
252
180
108
129
45
266
43
270
285
103
100
58
124
80
107
102
235
206
219
171
251
121
37
251
289
109
61
299
107
180
292
270
205
253
78
266
79
156
189
65
45
124
248
18
137
177
254
298
270
155
91
135
61
140
13
203
59
29
141
254
104
191
125
6
181
99
42
148
259
82
48
54
255
7
176
209
1
61
222
133
209
174
101
114
184
177
24
163
141
216
151
284
159
82
297
132
269
230
271
210
286
31
16
64
207
27
205
273
68
17
38
81
16
295
67
85
63
66
219
299
78
178
175
88
115
98
37
127
6
243
73
263
114
251
143
78
251
159
69
104
203
294
114
250
137
241
32
296
205
261
254
31
270
246
97
159
285
19
231
269
291
240
76
159
37
225
164
229
49
178
190
68
69
121
264
51
266
83
123
276
138
185
150
210
52
55
105
292
126
248
279
4
69
135
263
238
146
122
253
80
55
256
60
279
110
118
216
120
24
89
204
98
213
162
211
245
88
62
299
32
59
198
169
297
89
68
225
166
208
123
190
136
186
294
60
181
121
28
275
176
264
88
52
122
15
205
270
116
224
124
97
292
149
1
95
90
247
132
258
120
199
128
224
242
174
278
31
71
98
160
52
101
24
112
7
209
147
8
56
251
170
241
221
137
160
62
207
99
236
140
19
279
119
132
36
298
31
77
36
63
139
132
289
187
297
166
179
225
52
68
27
2
239
77
42
206
9
144
166
158
270
245
0
194
49
47
36
15
25
278
198
126
272
128
254
130
223
149
108
96
282
264
165
274
156
228
266
289
20
3
279
165
161
83
93
111
18
188
281
195
224
75
47
291
35
207
235
0
96
229
126
94
237
61
191
31
241
104
172
66
21
100
249
133
45
19
113
193
188
105
185
164
211
220
258
190
39
53
158
237
5
94
118
255
221
299
189
282
249
152
110
234
89
221
154
83
154
124
122
193
199
197
85
260
180
142
281
159
243
238
5
117
58
87
30
153
179
299
281
220
91
287
121
251
78
278
280
59
128
179
24
213
236
173
3
265
198
292
29
14
48
33
261
211
77
209
59
258
44
190
115
64
41
66
235
115
195
39
63
183
65
242
138
129
6
288
179
269
14
241
178
292
204
166
193
204
202
87
80
227
82
297
245
203
249
52
222
114
76
260
288
208
178
249
52
128
240
124
71
181
75
23
227
146
265
271
273
287
10
211
289
103
279
130
75
95
188
99
257
42
178
26
297
191
292
148
16
25
178
96
270
122
38
85
121
274
109
215
88
297
280
83
227
19
288
204
202
97
218
53
288
63
143
28
15
114
251
63
72
250
84
203
11
52
156
10
239
272
72
92
19
253
35
129
288
16
0
3
104
3
96
87
222
261
175
117
169
21
102
180
234
244
9
27
40
231
88
117
145
155
113
299
203
158
186
100
99
288
268
176
252
120
225
30
257
93
293
118
151
7
235
62
197
117
20
3
173
45
63
180
26
240
175
255
246
137
249
287
189
11
35
85
121
125
188
26
172
170
273
36
146
212
206
147
97
127
232
218
152
95
143
279
25
89
166
186
23
135
242
69
283
289
218
73
33
196
120
277
159
197
258
148
95
44
207
298
286
23
192
176
245
262
277
19
244
2
67
12
232
159
79
285
239
108
23
96
50
53
100
259
233
268
197
9
11
261
163
89
111
91
211
37
129
264
8
198
144
72
77
68
258
242
185
123
70
2
100
246
106
202
299
44
232
172
232
239
73
131
6
114
202
30
297
212
188
214
100
17
209
145
243
40
41
32
37
152
22
73
297
216
70
47
272
238
269
121
111
285
182
47
261
238
221
138
8
95
260
40
12
171
7
119
149
218
54
229
189
164
283
33
244
244
258
274
24
3
224
64
141
295
57
128
50
6
179
197
233
279
157
232
73
159
44
20
13
167
44
239
35
245
98
236
73
206
270
217
35
166
89
292
216
109
189
18
122
147
167
75
71
143
280
87
174
47
6
177
102
118
217
65
3
142
41
164
4
204
275
108
157
155
54
88
21
55
182
278
192
298
19
6
180
165
27
107
138
222
200
285
260
45
250
49
16
37
253
298
208
173
247
217
189
63
207
123
204
100
45
9
281
56
160
36
234
296
63
219
294
113
245
90
266
54
127
154
175
158
120
89
205
133
97
224
237
121
287
89
191
105
171
166
21
279
151
248
55
282
215
12
89
46
66
232
250
200
111
113
254
285
73
154
251
91
228
205
44
89
2
97
108
228
124
87
284
39
27
108
193
227
158
172
45
177
254
43
242
59
196
115
192
135
169
255
216
128
215
156
213
285
273
241
124
107
83
50
18
205
109
60
262
163
294
120
283
112
16
168
160
21
48
106
296
116
28
26
160
279
9
5
78
122
209
296
83
241
183
219
206
166
181
79
103
205
237
138
153
285
44
117
287
57
164
66
16
190
133
294
260
120
129
238
235
223
190
11
98
195
132
170
175
60
213
136
130
201
116
286
151
112
165
258
96
123
12
240
122
119
89
93
40
69
39
205
112
36
140
26
284
67
42
212
229
4
228
58
9
154
227
238
117
163
221
98
240
183
66
1
55
240
122
96
76
143
274
274
65
77
226
293
143
151
68
2
47
74
48
43
258
16
58
268
76
173
163
70
157
135
186
39
299
282
290
34
98
246
76
185
241
186
88
242
183
78
118
113
26
244
140
174
139
92
58
97
231
264
75
271
266
109
106
45
177
253
14
35
269
183
22
268
215
169
46
190
254
168
45
178
21
87
17
25
110
242
151
253
108
59
5
144
94
178
228
284
144
47
86
68
225
169
239
141
49
205
145
78
203
188
154
135
254
32
40
64
68
56
233
296
153
130
185
54
284
16
209
279
259
97
163
102
120
72
5
256
40
81
116
88
147
288
90
86
138
261
247
41
138
203
102
144
275
244
53
104
67
34
179
287
286
102
74
54
221
18
288
49
114
240
101
0
213
163
269
275
226
2
187
245
86
214
188
99
175
197
257
87
114
96
47
209
138
277
85
221
12
15
114
215
31
46
102
82
77
98
256
48
76
237
156
237
108
0
223
28
216
195
108
161
52
56
0
24
151
29
18
105
166
127
1
197
184
180
118
55
286
68
0
208
7
165
118
167
108
212
74
63
160
258
167
130
42
178
67
183
242
232
293
182
104
211
264
67
173
57
67
88
174
66
128
18
256
158
196
49
22
76
1
46
201
142
281
281
292
134
260
226
126
145
195
152
11
94
230
39
293
248
196
159
89
75
136
293
69
27
236
40
141
135
24
62
81
26
225
191
77
6
172
227
223
19
65
123
235
249
18
216
174
34
116
176
193
262
223
169
132
70
1
276
155
137
232
85
97
68
79
256
162
129
217
220
181
166
249
229
272
46
76
74
71
268
251
189
100
31
120
268
293
136
273
285
55
131
49
11
258
139
169
170
168
197
285
134
44
131
178
153
186
3
14
278
177
260
157
236
141
197
276
72
241
110
225
292
203
266
259
136
17
14
58
232
191
8
64
144
87
52
243
299
152
59
52
137
111
23
236
223
213
80
27
177
63
62
235
257
286
278
193
20
113
232
27
161
284
50
128
288
73
243
126
241
59
232
271
114
224
163
261
31
189
69
184
10
145
40
145
233
156
104
201
127
183
153
208
55
222
125
3
118
236
149
183
264
179
103
136
292
238
144
69
187
248
217
175
20
114
274
298
61
105
173
177
126
255
252
63
178
239
50
287
80
18
219
215
134
10
253
56
264
261
8
194
111
290
121
187
215
256
211
9
132
114
292
189
271
240
174
189
62
282
36
71
47
95
16
60
100
56
158
279
271
118
246
36
228
164
241
277
54
36
244
38
112
242
178
292
262
280
223
7
285
9
23
149
283
219
50
281
32
64
291
174
107
9
193
134
199
146
293
260
234
29
135
277
30
21
53
251
209
232
209
4
280
77
124
244
180
142
293
260
223
224
12
98
69
28
211
115
26
220
86
276
27
207
116
149
276
39
2
220
1
146
33
276
22
13
247
227
275
36
127
198
258
119
96
25
287
234
179
279
155
29
78
27
280
281
162
255
211
81
272
118
17
190
188
205
164
116
151
59
299
129
126
263
83
128
201
118
293
121
109
97
299
168
42
248
193
82
243
244
287
130
112
161
54
224
23
175
61
173
231
144
203
53
138
52
197
113
167
181
242
166
2
139
118
33
21
58
233
273
47
58
124
110
56
173
69
280
183
22
180
146
114
100
122
121
233
128
69
55
23
24
153
286
79
69
9
51
263
255
0
292
245
5
204
161
250
4
259
209
31
78
25
157
240
144
185
43
223
98
202
111
208
136
1
182
157
195
53
112
127
45
147
242
281
215
261
108
108
262
72
64
15
3
59
184
87
277
64
101
224
167
179
180
125
292
66
154
32
18
249
52
56
46
9
290
17
275
143
264
175
242
124
222
272
255
135
170
25
79
53
114
154
131
21
165
91
65
9
265
269
116
154
37
279
5
161
259
241
242
139
226
265
279
140
171
232
66
76
287
265
277
272
19
3
178
50
170
191
228
89
119
229
195
254
64
157
115
249
157
249
198
51
160
117
125
27
235
273
268
245
228
255
180
178
8
207
139
270
168
201
13
71
145
14
57
94
140
243
168
257
73
154
206
96
230
178
150
42
108
218
194
168
82
173
297
67
127
173
61
4
161
132
147
257
20
250
230
2
153
255
20
277
62
207
269
77
193
279
89
10
12
83
108
61
139
264
275
125
54
153
182
53
213
115
151
144
41
297
65
192
236
10
171
196
288
211
14
292
182
32
132
37
276
294
171
67
126
261
49
275
54
123
42
284
59
84
257
124
192
215
61
52
177
257
171
48
67
298
240
226
145
84
159
36
217
6
191
47
1
223
36
237
164
166
31
121
278
266
140
173
121
296
296
203
116
168
85
5
63
167
137
19
125
246
157
142
290
269
284
137
288
285
151
267
110
171
88
45
239
160
287
274
299
110
213
8
138
256
53
1
212
242
94
250
184
184
253
63
71
130
72
295
123
68
164
54
57
105
142
208
153
40
188
38
285
195
13
100
139
296
20
14
188
204
194
57
60
37
37
199
279
179
67
19
28
119
256
159
26
146
16
179
291
240
187
143
130
28
258
185
215
213
97
298
143
243
146
259
228
36
235
149
285
110
118
298
145
225
279
261
144
191
151
44
22
82
81
27
100
127
52
148
297
173
292
178
43
54
96
130
223
104
262
105
246
143
187
156
234
158
58
284
53
223
118
230
64
173
171
269
93
44
263
30
40
299
91
145
145
132
187
223
75
265
187
151
228
11
93
101
290
277
278
283
278
129
54
264
47
57
46
197
214
37
123
122
41
114
244
13
297
182
152
274
178
127
213
238
196
90
71
66
142
157
241
154
64
115
130
68
186
51
207
294
110
271
184
80
68
22
261
209
84
83
182
136
194
240
42
113
275
197
135
168
66
20
295
204
231
94
298
241
31
27
90
268
112
64
226
180
97
68
25
23
173
87
1
155
286
37
5
172
182
230
273
158
44
79
175
271
195
135
266
161
146
186
8
109
278
23
136
31
148
116
5
172
82
168
187
229
32
88
101
143
68
120
295
180
187
248
180
127
75
117
51
94
64
279
10
125
159
126
23
214
255
116
240
89
105
170
73
118
100
298
114
262
74
286
89
202
200
196
69
178
293
236
19
251
202
87
181
229
268
195
50
157
215
156
129
27
256
284
174
38
40
127
60
50
77
231
201
186
19
112
114
34
260
67
233
28
81
5
138
79
21
154
180
195
82
175
55
122
36
144
15
135
135
79
298
196
165
243
278
87
204
67
20
232
282
34
133
67
17
0
75
104
12
74
168
180
213
55
288
110
211
203
25
231
283
161
70
272
129
191
46
76
212
259
169
297
72
110
155
2
25
10
148
273
87
99
121
110
282
262
78
2
255
128
254
32
225
9
27
277
255
17
102
276
5
181
290
11
157
247
294
107
27
163
76
121
49
28
40
142
129
201
54
189
93
249
288
267
290
195
26
208
279
78
249
240
102
67
157
253
3
65
4
85
238
266
285
188
112
48
60
24
11
11
17
18
69
73
233
295
137
296
251
159
244
148
281
102
274
159
128
219
204
186
139
115
11
69
110
187
138
223
144
289
4
102
118
134
117
21
160
136
44
80
65
276
218
251
23
149
55
120
7
153
231
286
206
146
74
15
152
125
75
295
92
127
227
163
10
40
217
174
110
190
254
255
298
1
249
116
185
254
13
189
22
163
125
209
83
150
287
217
254
266
276
227
72
231
270
134
59
277
64
245
167
142
218
248
179
29
128
88
94
8
233
258
251
24
22
255
199
298
247
186
24
53
182
257
239
104
252
224
264
83
178
194
226
52
10
153
67
282
2
85
221
89
19
230
206
121
217
103
241
176
99
40
239
257
250
14
163
292
86
81
192
121
159
95
45
276
240
198
33
254
126
89
268
44
138
54
108
196
154
54
83
99
209
23
135
63
63
84
276
233
287
220
133
17
264
126
33
241
248
183
294
162
255
222
48
215
111
148
183
207
26
124
18
270
72
295
244
75
273
198
271
180
148
276
36
155
216
129
89
255
233
184
180
5
262
150
135
11
67
45
137
13
269
145
142
149
11
255
246
152
30
55
283
261
270
293
218
197
221
215
162
112
23
69
249
107
36
70
63
94
25
70
36
188
50
224
271
148
15
30
144
277
232
65
196
202
77
234
122
43
95
287
53
195
216
31
27
142
254
257
212
265
41
76
105
91
240
163
264
2
294
40
149
196
210
12
138
291
183
163
273
108
65
77
114
205
28
253
148
272
269
264
243
102
110
134
246
183
204
112
3
156
168
142
285
245
20
14
61
155
150
82
223
1
40
10
114
299
289
123
246
178
12
26
263
288
228
38
106
51
268
40
285
44
72
85
237
120
220
182
253
62
281
247
148
217
155
81
138
69
206
20
112
130
268
85
18
92
280
179
84
23
191
93
154
256
208
112
229
229
4
285
180
179
83
10
114
70
182
0
278
128
246
83
67
164
131
161
263
232
