30
10 2 5 8 7 6 13 13 2 0 0 12 14 12 12 5 8 6 1 14 15 6 8 15 18 7 7 4 16 13 2337
11 14 3 0 14 16 9 7 13 5 3 18 7 6 11 3 14 14 14 15 10 13 5 19 2 8 10 19 8 16 3290
15 0 10 12 17 11 19 18 12 14 1 5 4 8 16 15 17 15 18 0 13 12 4 12 4 2 0 13 16 0 3250
12 0 9 3 19 10 12 3 1 1 1 7 8 12 18 13 5 18 5 0 10 9 19 3 11 9 1 2 10 9 2326
1 8 7 3 15 18 0 12 15 19 15 13 12 1 0 5 4 5 8 13 17 18 8 4 11 4 13 2 13 18 2798
17 17 16 13 14 17 16 10 13 4 0 9 13 4 5 0 0 7 6 10 17 0 18 2 11 12 15 2 10 11 2393
4 1 2 19 0 14 14 10 3 18 12 13 5 17 2 5 4 0 7 18 15 3 19 0 2 14 11 1 4 15 2305
0 19 3 12 1 18 15 3 0 16 12 11 7 7 15 17 7 8 4 8 14 3 7 11 16 17 8 10 17 0 2994
17 15 13 8 6 3 8 18 12 3 5 7 3 9 7 16 3 14 9 7 2 1 15 6 6 13 8 13 1 16 2487
14 19 17 2 0 2 14 19 13 4 8 8 17 17 7 4 14 10 6 6 4 16 5 10 17 15 2 19 12 14 3241
11 8 4 9 17 8 4 7 16 14 19 4 5 2 19 3 17 19 9 2 9 0 5 11 2 15 2 15 10 9 3103
0 6 19 17 5 3 13 17 8 10 5 14 11 5 12 4 11 1 15 8 7 5 2 16 2 10 11 8 12 16 2555
12 16 19 17 6 0 11 16 10 5 7 17 3 18 6 16 4 19 11 9 7 17 1 14 2 4 1 10 17 12 3241
3 8 17 2 14 15 4 10 12 2 16 17 17 18 17 14 18 8 3 8 10 7 8 1 19 3 12 7 2 12 2584
9 3 7 1 18 4 7 10 9 9 16 17 9 11 7 4 19 3 18 13 16 0 18 15 16 10 6 12 0 17 2768
4 17 3 5 13 9 18 5 14 14 5 10 4 0 10 16 2 6 8 15 14 4 16 18 0 16 18 2 3 16 2912
3 18 2 7 3 15 6 4 3 4 8 0 19 19 16 9 7 10 7 17 12 13 7 15 6 13 17 12 6 8 2891
7 17 2 7 5 5 15 2 7 2 5 9 0 0 7 10 8 5 17 7 18 11 0 12 19 1 9 10 7 8 2247
18 9 12 16 5 10 1 16 17 6 15 18 6 0 15 11 12 12 11 9 0 8 12 3 13 16 3 0 0 5 2438
5 9 19 19 8 13 7 4 12 6 8 16 2 11 10 7 15 7 0 2 13 3 2 6 19 10 13 1 13 9 2311
17 3 0 3 0 1 0 13 7 1 19 2 17 16 19 18 9 13 19 8 5 12 18 12 19 8 6 10 11 15 2952
17 7 6 2 18 18 18 10 10 19 12 19 16 13 17 18 13 0 2 11 1 11 9 1 6 0 9 8 18 2 3183
5 18 18 15 17 12 4 2 16 15 18 19 16 11 15 9 8 6 5 18 13 5 12 17 17 2 15 15 19 15 3534
14 6 17 19 18 15 9 12 14 7 5 11 18 18 18 19 5 19 16 17 15 13 14 12 19 7 3 19 16 3 3796
2 7 11 4 17 19 14 10 5 15 6 5 0 10 1 6 3 19 9 18 14 17 17 11 0 19 5 3 5 7 3093
0 15 14 14 0 18 1 11 19 4 15 3 10 8 3 10 14 11 2 16 8 17 1 5 4 15 16 3 11 9 2756
9 10 11 19 3 17 11 14 9 0 2 2 16 9 13 12 3 4 1 5 15 7 19 12 1 10 2 11 10 16 2544
11 11 6 8 11 8 17 9 8 15 11 19 8 11 10 0 1 11 14 15 2 19 4 19 16 19 6 13 15 8 3627
19 17 18 14 14 8 19 14 16 14 13 9 1 16 1 0 7 12 12 3 18 16 12 7 0 12 6 15 14 6 3568
4 13 5 19 1 7 18 10 7 11 2 6 3 4 0 8 18 17 1 12 5 5 1 14 3 4 1 17 16 18 2772
