50
17 13 5 1 15 17 1 18 10 5 17 2 6 2 19 1 18 1 17 13 3 14 9 2 3 16 4 17 10 16 19 6 3 14 2 16 3 14 13 10 6 1 10 7 9 16 1 19 5 10 4304
6 1 2 3 4 8 17 6 3 8 6 15 13 12 13 4 0 6 5 6 5 12 6 5 13 14 16 9 11 17 9 14 13 11 7 17 5 3 14 16 6 4 2 15 18 19 1 5 6 12 4010
9 15 17 2 5 0 0 4 11 19 14 9 18 11 10 16 9 1 11 5 2 8 16 17 4 19 16 3 6 9 0 17 5 10 7 19 4 2 0 2 1 13 11 11 4 10 8 10 2 10 3726
16 16 17 11 12 3 4 0 9 19 16 19 1 6 12 13 9 5 12 19 2 11 1 11 0 18 7 9 13 8 8 13 14 15 19 8 7 16 18 5 10 3 2 12 2 5 16 17 12 2 5110
3 8 7 19 14 4 15 7 14 19 6 7 14 7 12 7 17 13 15 12 13 9 13 14 4 14 14 0 6 7 3 12 17 18 16 11 6 13 5 17 15 4 5 3 16 2 13 15 2 12 4887
1 10 18 19 5 11 7 2 3 19 1 16 2 1 1 11 3 17 11 12 17 8 10 16 6 15 12 0 18 3 16 19 10 9 11 16 10 14 2 6 11 12 3 13 10 14 9 18 1 7 4516
9 6 14 1 2 19 0 4 10 13 5 0 3 3 1 10 14 8 10 5 7 5 19 10 3 15 1 18 18 1 18 11 7 10 14 19 3 10 13 11 2 4 5 11 18 2 12 12 17 17 3922
2 8 5 12 0 4 15 11 5 2 15 16 17 1 16 10 12 5 9 16 8 18 8 8 8 7 18 7 13 1 15 17 18 6 8 9 7 8 3 2 11 15 11 8 0 11 16 6 1 4 4283
5 15 6 10 13 11 19 18 7 18 14 19 11 9 8 5 11 11 7 16 15 19 1 8 4 14 3 16 12 7 6 2 19 17 2 10 8 11 0 14 18 8 19 12 12 11 18 11 17 1 5414
5 3 5 6 15 13 19 1 19 11 14 14 13 6 6 3 9 6 11 15 9 8 7 0 11 7 12 8 9 13 15 18 0 7 14 16 10 3 6 10 18 15 1 18 1 6 11 5 13 5 3982
6 5 0 15 19 10 6 11 14 17 1 0 0 8 8 6 10 15 17 13 2 11 4 4 16 2 7 10 19 6 2 16 3 10 3 10 2 4 17 14 2 8 6 2 13 11 4 19 6 19 3630
5 19 9 5 1 0 9 2 3 11 6 1 14 9 0 13 5 9 13 19 16 5 11 1 17 12 2 17 15 7 2 17 19 18 17 5 5 3 16 3 17 0 14 16 7 14 19 8 9 9 4527
14 4 7 17 0 6 19 1 1 7 7 11 3 8 0 7 1 17 12 15 0 2 16 11 8 7 15 6 8 19 14 10 14 19 14 2 14 8 17 5 11 15 1 15 2 1 5 7 4 15 4516
11 19 10 6 0 19 2 4 7 16 4 3 15 12 8 15 15 15 5 18 9 19 17 4 15 3 17 0 8 19 12 7 10 1 0 17 7 0 15 6 9 1 7 7 4 17 17 14 5 10 4519
11 4 12 19 12 9 3 1 13 16 18 4 0 10 12 7 11 4 11 12 14 4 4 17 6 9 9 6 8 11 15 5 18 0 16 4 15 17 15 17 1 14 1 6 9 14 15 3 12 9 4388
1 12 10 0 8 1 14 19 14 4 14 10 13 17 14 15 11 13 11 6 18 16 17 9 0 10 5 19 15 18 16 6 4 2 2 7 18 12 12 18 19 17 16 7 2 5 18 8 1 6 4954
12 5 14 11 6 7 13 0 2 18 5 2 3 19 4 2 14 10 3 10 7 19 1 10 0 10 2 10 12 8 7 6 15 14 3 10 18 8 15 5 18 12 12 5 19 4 17 14 16 6 4572
12 16 11 4 13 11 17 17 9 13 6 16 5 14 4 5 0 6 7 0 17 12 19 18 0 1 17 7 0 2 7 0 6 13 3 10 4 9 7 19 16 17 15 7 8 16 10 0 15 13 4140
16 3 6 12 17 19 10 2 16 8 4 11 9 11 7 4 9 1 19 15 15 17 11 6 2 2 7 16 8 13 17 3 14 9 5 14 9 13 19 3 19 15 17 7 12 10 10 16 0 15 4714
1 19 10 3 0 5 13 19 7 3 1 10 11 14 15 2 15 11 1 9 0 0 0 9 1 18 11 17 6 13 14 2 6 15 12 0 3 2 4 2 9 2 19 7 15 2 0 14 12 17 3941
1 5 2 10 14 3 18 12 8 4 4 4 15 19 9 17 3 5 18 3 16 9 12 5 16 12 6 5 17 12 7 5 8 12 11 13 7 19 4 18 13 14 10 16 14 19 0 19 13 2 4559
18 19 14 10 11 1 14 4 18 3 19 12 9 12 3 11 8 6 7 12 11 9 18 2 3 2 6 4 7 18 19 10 14 19 13 4 16 2 0 13 19 16 5 3 3 15 17 17 12 13 4847
12 8 8 16 6 15 1 10 15 7 12 11 2 17 12 14 11 3 13 1 9 1 15 6 1 3 10 12 4 13 16 14 3 3 0 13 3 9 17 15 10 14 13 19 11 3 13 19 15 9 4352
7 13 0 0 6 16 0 2 7 3 7 14 12 13 9 6 8 16 2 12 0 9 5 0 7 0 2 19 17 6 16 17 17 12 0 14 11 11 1 3 8 7 12 8 5 15 6 17 10 19 3956
3 4 17 9 3 12 5 16 14 8 19 12 12 11 18 16 1 0 3 17 6 19 3 9 16 13 0 6 15 5 1 0 12 17 10 10 12 9 15 11 16 3 9 12 7 7 2 2 3 2 4228
14 19 9 13 16 10 17 18 15 12 2 14 9 19 1 11 17 9 5 1 1 7 1 10 15 5 13 14 18 11 10 0 8 7 5 1 12 15 3 3 7 4 3 16 1 15 7 1 13 6 4558
3 9 3 11 9 4 2 10 5 10 10 1 14 1 10 10 19 9 8 11 7 1 5 9 16 16 0 8 16 12 8 0 12 5 18 8 6 14 8 7 8 5 18 16 13 7 17 19 19 16 4745
18 4 7 14 0 0 8 10 4 2 18 19 9 13 5 13 0 6 4 17 10 17 10 1 0 18 10 9 6 4 2 11 15 2 10 17 15 9 12 3 9 0 10 9 1 7 1 7 16 14 4224
2 4 0 4 8 10 9 11 16 9 8 1 10 14 5 15 7 15 10 8 6 16 7 7 16 0 2 6 6 14 13 3 4 15 7 12 2 16 14 1 7 2 10 2 12 17 12 14 16 6 3683
3 12 15 17 3 9 5 3 8 16 11 11 12 3 3 5 16 5 2 14 1 14 5 13 16 4 2 2 15 12 1 17 6 19 11 7 3 14 13 18 12 2 14 6 11 8 14 15 8 11 4637
1 11 11 19 0 18 7 3 1 4 10 0 12 8 9 4 11 18 7 9 2 17 1 12 18 19 4 11 3 1 1 18 0 4 4 5 7 5 19 18 16 9 11 14 7 8 17 6 19 13 4470
10 6 19 5 1 14 15 2 1 8 17 9 7 13 6 2 13 2 7 13 5 8 0 13 5 10 8 1 12 6 4 6 5 14 1 14 13 19 0 16 10 15 15 17 18 9 12 5 10 2 4179
8 13 13 14 15 3 16 5 5 19 12 3 3 4 2 7 7 12 12 18 17 15 12 9 17 13 19 16 18 5 0 19 3 5 10 17 4 0 7 17 13 6 12 0 19 4 4 18 4 15 4249
14 4 14 4 8 10 13 18 12 7 8 4 8 5 13 3 16 1 1 13 14 5 13 18 1 2 0 13 15 1 6 12 6 10 7 19 12 18 18 2 17 17 16 15 13 18 4 11 9 10 4095
3 4 11 10 14 2 7 11 1 11 10 14 12 2 16 12 18 8 16 15 11 8 7 0 19 5 10 13 10 4 4 10 16 6 7 15 10 16 13 15 4 9 4 13 8 16 5 5 14 8 4249
9 2 2 10 15 14 1 9 11 8 7 8 9 8 11 4 9 3 1 10 18 0 16 8 8 17 7 17 12 7 9 9 13 4 3 12 8 15 13 15 5 3 3 2 13 12 4 12 18 18 3889
15 3 17 15 10 3 6 6 5 18 11 17 4 13 10 6 14 11 10 4 12 2 16 19 8 14 18 11 0 18 14 6 3 7 3 10 7 17 2 1 9 3 13 15 5 12 16 14 2 14 4533
19 0 1 0 5 16 0 4 1 16 7 19 11 14 5 6 3 16 13 7 15 5 8 9 5 2 4 10 4 17 18 1 13 6 9 11 8 19 3 4 0 18 2 4 0 11 7 15 1 4 3743
0 19 0 0 19 2 11 1 2 1 4 3 1 0 4 3 12 6 0 11 7 17 5 12 6 14 9 6 1 18 19 9 7 11 8 12 7 1 10 16 3 11 19 2 16 13 1 17 12 10 3711
8 18 8 17 4 11 9 1 0 10 3 12 13 5 0 13 6 8 19 16 17 11 19 17 13 5 15 13 7 12 18 18 0 6 9 9 1 12 5 7 14 14 19 6 16 8 8 6 19 13 4777
13 7 6 13 8 9 4 7 14 3 6 15 2 16 17 4 19 10 16 10 15 7 6 13 0 19 17 16 11 1 6 18 11 6 4 9 13 5 4 19 17 19 14 13 6 2 16 0 13 6 4892
6 4 6 6 10 1 1 1 2 5 11 3 4 12 19 18 17 9 5 18 5 18 14 5 4 17 17 5 13 6 12 19 3 14 11 0 12 13 5 14 13 18 19 4 6 5 14 15 4 2 4521
1 9 13 0 1 1 7 16 8 5 19 13 5 16 17 0 11 18 19 7 2 12 7 14 11 12 0 11 15 6 3 19 4 12 11 3 0 14 8 2 19 12 0 14 4 1 12 4 10 19 4218
11 1 8 18 19 15 9 3 11 3 11 6 7 13 1 11 18 5 0 5 11 7 14 11 19 3 11 6 11 9 2 13 5 14 4 8 0 6 2 6 0 16 13 4 6 18 10 3 10 8 3362
16 5 14 7 6 14 16 16 11 15 10 0 5 2 15 8 17 10 16 10 5 19 6 6 2 0 6 9 10 14 18 11 9 15 11 15 13 7 6 9 17 2 4 3 3 19 11 4 3 1 4173
10 14 19 13 2 10 3 4 9 2 11 5 11 18 5 11 15 9 19 7 3 1 9 16 3 3 7 8 18 6 2 10 2 6 12 11 18 7 8 19 13 14 6 3 11 13 0 16 12 7 4074
15 0 12 11 11 13 13 10 15 4 19 18 0 18 7 12 18 6 0 17 17 17 13 5 15 11 0 1 12 7 5 8 18 5 0 19 14 2 18 13 10 14 13 6 10 17 17 4 16 3 4579
11 1 12 5 19 15 5 1 15 9 8 12 16 11 11 13 7 7 17 5 15 1 1 16 14 17 12 9 19 12 13 16 10 1 5 17 0 4 9 15 7 3 19 9 0 19 2 6 9 18 4180
2 11 1 9 5 19 13 0 10 11 19 8 1 13 12 1 13 1 17 15 6 10 7 14 5 8 9 14 9 15 1 16 1 4 7 8 4 4 17 4 18 5 17 6 19 12 8 7 0 15 3761
11 12 1 11 19 11 11 11 12 1 12 4 10 7 10 19 1 12 5 2 11 19 12 11 10 1 12 3 5 3 14 8 18 1 5 15 6 6 7 9 14 5 0 9 4 18 11 19 6 18 4099
