20
5 3 18 15 19 4 11 1 1 0 16 16 12 8 2 0 19 8 10 9 2160
15 18 16 8 2 2 9 1 11 6 4 18 8 17 9 18 14 7 12 6 2078
9 4 19 14 7 19 14 15 7 15 14 15 5 6 1 10 5 9 8 13 2298
0 10 4 9 6 2 18 5 17 3 14 3 2 2 10 12 9 6 15 6 1608
19 18 6 14 18 15 12 3 16 19 6 17 6 10 16 2 3 8 5 12 2262
5 5 0 2 6 2 19 0 13 14 16 11 14 9 0 19 1 12 19 1 1650
2 18 7 17 14 1 17 2 19 9 12 8 10 10 3 3 5 10 1 19 2097
12 10 14 17 12 1 11 14 14 1 14 11 3 15 19 10 4 0 6 2 2112
10 17 10 12 3 14 19 19 1 15 19 0 14 0 13 5 6 6 3 13 2389
14 12 0 11 19 18 17 3 12 6 11 8 8 7 16 15 7 16 13 12 2236
8 7 1 8 4 15 5 6 7 1 7 2 16 14 2 9 3 19 3 16 1662
11 18 5 17 1 14 14 18 6 17 14 18 19 17 1 16 2 2 4 1 2420
1 2 18 0 9 16 14 6 7 9 5 18 10 17 9 15 14 16 11 15 2314
17 16 19 1 4 18 0 11 6 15 15 5 11 7 18 14 19 11 15 12 2491
17 0 16 12 14 4 7 4 8 10 5 9 15 17 10 19 8 2 5 10 2081
8 5 7 3 17 14 17 6 9 10 10 11 16 8 16 11 5 3 12 12 2214
1 18 15 17 9 2 16 0 11 5 10 1 19 7 13 10 13 4 9 5 2140
18 9 13 17 4 8 13 17 0 18 3 1 6 18 11 6 8 16 11 4 2144
11 3 13 3 5 14 17 13 12 18 15 14 0 3 0 14 18 16 17 7 2104
14 15 5 6 13 14 7 12 13 5 18 1 2 13 2 9 6 4 6 12 1821
