100 222
8 28 5
4 92 8
3 74 4
40 8
42 3
521 4
654 8
422 4
863 8
459 3
678 4
389 8
498 4
517 8
305 3
300 4
20 8
734 4
453 8
9 3
211 4
37 8
381 4
633 8
497 3
431 4
9 8
44 4
342 8
744 3
668 4
568 8
269 4
697 8
518 3
161 4
295 8
60 4
57 8
65 3
12 4
60 8
660 4
8 8
88 3
3 4
7 8
91 4
3 8
44 3
431 4
946 8
565 4
519 8
456 3
146 4
498 8
757 4
608 8
414 3
847 4
337 8
378 4
216 8
90 3
693 4
55 8
39 4
32 8
47 3
11 4
150 8
23 4
41 8
17 3
46 4
18 8
45 4
31 8
75 3
20 4
554 8
39 4
276 8
40 3
36 4
78 8
81 4
794 8
481 3
778 4
534 8
525 4
535 8
137 3
163 4
865 8
11 4
5 8
23 3
62 4
29 8
2 4
