100 8000
8 2001 5
4 9 8
3 74 4
54 8
59 3
71 4
253 8
602 4
85 8
54 3
84 4
127 8
623 4
64 8
38 3
43 4
89 8
891 4
5 8
96 3
27 4
115 8
477 4
79 8
81 3
52 4
143 8
568 4
39 8
92 3
83 4
21 8
337 4
8 8
64 3
2 4
110 8
832 4
95 8
77 3
14 4
261 8
870 4
97 8
47 3
79 4
240 8
461 4
52 8
78 3
67 4
35 8
720 4
63 8
58 3
14 4
161 8
944 4
75 8
52 3
10 4
124 8
473 4
26 8
18 3
77 4
221 8
456 4
21 8
56 3
13 4
5 8
324 4
61 8
14 3
61 4
66 8
616 4
38 8
94 3
90 4
204 8
449 4
35 8
61 3
43 4
270 8
697 4
9 8
6 3
96 4
200 8
653 4
67 8
17 3
21 4
107 8
128 4
75 8
31 3
60 4
109 8
325 4