100 6737
1 2001 5
2 9 8
3 74 4
77 1
102 2
86 2
124 3
79 1
120 1
89 1
55 2
63 3
43 1
126 1
137 1
55 2
69 3
115 1
115 1
68 1
56 2
134 3
122 1
10 1
12 1
2 2
53 3
121 1
135 2
20 2
125 2
141 3
69 1
113 2
65 1
112 2
98 3
17 1
102 1
83 1
77 2
136 3
110 1
74 1
59 1
38 2
27 3
113 1
104 1
30 1
19 2
2 3
47 1
87 1
87 1
88 2
56 3
137 1
128 2
64 1
88 2
63 3
131 1
99 1
8 2
96 2
94 3
97 1
24 1
51 1
108 2
45 3
88 1
51 1
81 1
63 2
91 3
144 1
136 1
93 1
91 2
23 3
145 1
92 1
36 1
67 2
68 3
35 1
88 1
48 1
97 2
95 3
46 1
19 2
28 2
53 2
96 3
119 1
1 1
89 2
97 2
13 3
141 1
