100 8000
1 301 5
2 44 8
3 654 4
77 2
84 3
102 2
122 3
88 1
121 2
77 3
122 2
61 3
91 1
91 2
54 3
63 2
43 3
130 1
8 2
137 3
39 2
55 3
69 1
112 2
116 3
76 2
69 3
82 1
55 2
132 3
120 2
10 3
49 1
12 2
92 3
2 2
53 3
121 1
135 2
111 3
20 2
126 3
127 1
138 2
67 3
115 2
116 3
67 1
73 2
111 3
97 2
17 3
105 1
90 2
83 3
20 2
77 3
137 1
107 2
74 3
15 2
60 3
69 1
37 2
26 3
111 2
106 3
66 1
30 2
81 3
19 2
2 3
47 1
87 2
21 3
88 2
32 3
90 1
54 2
134 3
129 2
98 3
65 1
51 2
87 3
62 2
130 3
101 1
14 2
8 3
139 2
96 3
95 1
95 2
24 3
30 2
51 3
18 1
106 2
45 3
87 2
52 3
47 1
