1000
1225 40551 6021
2638 88105 6980
2909 79131 878
4745 81845 6002
4861 7362 6943
4880 12612 2841
4976 21286 8233
7055 51876 3572
7324 39306 5036
8341 21395 3710
8668 44209 4614
9598 43398 4636
10595 96580 4471
10664 42430 5176
10742 84344 2163
10748 106913 5222
10763 52504 6991
11381 89717 2582
12658 51096 4044
15415 75058 3962
15659 93665 4475
16928 74653 7961
17012 62388 3134
17373 42086 7313
18816 102955 8830
21147 28073 4041
22135 52660 2877
22336 79599 3137
22950 115788 4356
24289 33731 3461
25911 31674 3856
27261 34952 9589
30023 84028 3278
30839 37040 4165
35348 79356 7821
40100 128544 2080
40489 65001 5200
41721 114963 9107
45082 133081 4997
45256 74805 4076
46502 101538 6454
47313 93896 4327
48984 107945 2962
49167 103908 6721
49768 112670 3163
50051 85585 6282
51418 106976 4725
51549 137595 2801
52894 148143 2638
53318 56288 8627
53966 56460 3480
56170 119212 5781
58004 123238 3082
59807 68716 4779
59941 141387 3267
59959 148782 6000
61561 154548 7477
62105 90549 7608
62264 94298 4160
62267 82963 7149
62745 95357 3898
62813 99669 8662
64261 105436 3632
64507 108171 2691
65621 90224 987
67174 113280 3464
67211 88793 5426
68042 148546 6299
68237 122047 6098
69039 91973 6305
72021 141864 6784
72546 116639 6877
73303 97940 3663
77831 138596 7020
78980 144589 8522
79359 174635 3857
81063 152467 6096
81860 104119 6417
82103 141743 4243
82822 88264 2289
83306 144436 8579
83673 85904 5302
83790 101790 3442
84393 179001 3962
84957 179856 6602
85398 143471 5383
86040 89416 5804
87021 129864 2731
89003 184579 3474
89455 133442 5982
90863 131645 375
91370 141907 3118
91976 129439 5313
92165 101187 5930
93229 181075 2447
93795 124870 2152
93895 116033 4632
95176 139956 7615
95366 167037 1674
96050 160986 2760
98275 163510 4089
98287 137632 8704
98598 161943 3458
99890 184855 2222
100152 105887 7548
103079 155741 7293
104374 122146 3164
106178 144794 4451
106580 196701 4412
107339 143338 5285
107981 135139 5581
108720 115392 5461
111305 114466 4005
111541 173097 7801
114032 144968 6819
114777 212865 4095
115239 180752 5555
116509 198229 2811
118638 213206 2143
122590 198653 6068
123906 166803 5606
124449 138639 4177
124985 155423 3142
126819 200281 5843
129941 162352 8171
130351 132177 6273
130774 213105 7244
130940 176798 3732
131865 177471 4603
131950 217907 4711
133422 177219 3708
133670 178214 5801
136271 163500 2007
136445 212749 2897
137526 181604 6360
140330 157141 8636
140378 167681 3169
140736 207048 6516
141987 208755 5688
142391 229617 4745
142524 208237 7992
144930 150163 6812
145397 194788 7120
147277 177314 4694
151226 221955 4520
154233 222187 4545
155425 197468 6085
156360 174860 4677
156734 172017 2628
157153 216448 6094
157811 187105 5077
159427 225897 3442
159844 202688 2020
160053 200084 3518
160178 232237 4501
163718 218376 6289
163871 232689 6198
164022 207798 4665
164370 178235 6926
164499 227542 3928
164962 223755 5353
165363 172380 3425
165891 265746 4183
167321 192401 7090
169584 259816 6797
170473 223027 2316
170582 260967 4764
172605 245824 5110
174822 201273 4855
176224 226290 3855
178910 196405 5886
179126 216520 7769
179241 267199 4737
180511 207629 7584
180827 200391 889
181760 189359 9121
182750 243592 7126
183133 216498 4639
183451 236374 6156
185443 242028 7456
190454 267469 6782
191926 265238 5758
193147 206996 5735
193447 193682 7839
195585 197561 6367
196234 282326 862
196247 258944 1368
197206 238280 4315
197228 239265 3085
197686 254174 8900
205126 290446 5071
205956 252488 3867
206685 273517 5564
207148 254867 5482
208544 254296 5041
209083 289249 4445
209555 274999 4211
211827 278204 3578
211921 248838 6694
212268 290579 5400
214279 292939 6101
214531 241270 5178
214824 307495 3459
215771 266599 7714
217414 286762 4861
217454 296479 5082
218295 301171 3635
221671 316605 4778
223716 261075 3754
225071 233919 239
228297 257975 3390
228551 324509 7909
230184 262863 4823
230208 269469 1826
234880 281631 4780
235492 308323 8138
238114 259808 5020
238519 315186 4021
241429 275158 6546
241701 256210 1920
242067 266257 4352
242084 322650 3295
242981 339358 6074
243246 259223 8356
243475 308302 3288
244082 302563 4822
250710 254452 3114
251148 346974 941
252691 319174 7152
253283 331690 7106
253423 292678 5476
253726 350148 7754
256335 272601 4475
259853 340036 3201
260917 279781 5466
261171 351828 4855
261707 275986 3062
262612 273446 4732
263001 358648 7575
263257 316229 8653
264455 290735 2210
266859 292733 2151
267067 306716 5364
267164 337314 8851
268661 344260 3470
270562 293274 6572
271240 359476 8717
271639 356929 4558
272079 342505 5975
273119 300905 5700
274711 313561 7069
277591 291483 3856
277923 281861 6765
278044 283262 1182
278284 328199 3109
279129 297016 6951
279912 366386 5162
280196 342333 4864
281916 376529 5657
282867 370126 2947
282998 376577 4896
284072 286382 5488
287584 313074 1784
289031 342089 6952
290338 388820 7848
291459 376900 1117
292030 314227 6908
292336 366895 5845
294183 341674 4624
294217 308669 7114
294449 310208 3960
294501 324794 2549
295986 374833 5859
296577 308461 560
296946 350641 5825
298571 383587 7474
299154 349900 4069
299656 350246 4085
300432 382553 8349
300542 331144 3450
301437 316660 5538
302347 305892 6191
304008 383488 7383
304832 380399 5199
306847 322819 4489
307646 332726 7849
308029 406118 5303
308322 331219 6320
308822 323087 5934
310805 410663 8763
312732 347095 3146
313861 406190 4053
314239 329297 7757
315461 404579 4220
315686 399438 7215
316409 408447 5261
316989 363056 6085
321419 367509 1128
322385 364155 3840
325952 385734 1643
326459 351195 3745
326518 357398 5176
327295 404369 3098
330089 416774 4308
331703 340042 6715
331911 406144 6281
333695 353987 8099
334739 353237 4788
336583 423306 1961
336686 354595 7368
338674 351768 3458
339091 420067 7793
339527 437387 4965
339529 374458 5225
341967 367935 5976
342159 414791 205
342389 367975 6631
342533 353222 3292
343198 378631 5752
344586 437274 3307
344765 437078 1827
346302 394623 6626
346902 384864 4263
347930 394112 8960
349889 424940 6626
351107 372000 2298
352983 418406 6446
353058 403953 4333
353390 414366 5337
353462 378309 5262
354732 406891 5908
355589 393798 4262
356601 408429 7936
357144 361014 8804
357235 442756 3833
357420 416084 3089
357804 382273 9502
358772 410293 2959
359102 456928 7119
359343 441666 6830
359599 391274 4983
359732 398096 6298
360747 393899 3796
360797 445243 5427
360870 459495 6517
361731 422674 6624
362989 421926 7760
363887 382033 1250
363936 384033 8762
364889 416895 5145
365737 444965 4165
369076 431270 2131
370940 427184 3812
372216 412316 4027
372777 374021 4078
373844 388050 5659
374562 442956 8153
374742 385332 2359
375875 410177 7921
377372 434013 4671
379054 477441 8359
380063 405506 8763
381234 420593 4753
381287 421161 4097
382382 448759 6382
382473 408749 4445
385463 468979 6555
385528 470967 6182
386443 455435 4998
387635 420668 5841
388128 441344 6056
389716 393463 3265
390429 448208 3969
390559 471920 3641
391762 464632 4555
392244 454566 4713
395307 404287 4605
396286 491842 1182
396407 464854 5393
397349 476643 3328
399072 438439 5912
401261 476814 2691
401336 445811 6987
401860 446027 7535
401935 473173 5149
403109 498991 6367
404286 444819 7402
405113 494998 5957
406560 448617 2517
406665 430541 7363
407036 410883 4199
408897 488914 6210
409948 437121 7450
411927 472231 6799
412244 478459 4182
412440 462440 4602
413411 485354 4309
413429 440537 5633
414231 456583 7356
414618 480714 6580
414834 422196 5431
415132 448350 6662
415522 487265 4328
416180 454585 6321
416181 456101 9386
417925 497807 9509
418446 463519 4332
419319 461765 4840
419352 503605 3162
423048 466370 4684
424065 445536 5042
424974 504421 6566
425391 468132 7506
425635 443642 2979
426871 490977 7507
427708 504085 5971
427825 490864 3645
427992 451693 1565
430259 445557 4604
431134 484017 5968
432023 446903 4148
432538 437351 3155
435050 472194 7375
435437 497015 7780
435787 467262 5277
436787 466535 7551
438488 533975 6824
439373 481405 5369
440408 495313 8252
440495 443726 6287
441234 508978 1890
441344 504983 2031
442376 537421 6314
443052 532541 5851
443297 493580 5410
444036 479595 1492
444399 508972 2982
445890 495174 7905
446167 457612 4247
446994 496746 5849
447817 546725 946
448159 509810 2729
448342 541585 7908
448356 489102 4309
448557 514424 2233
448585 455581 4345
448769 528906 4196
450088 547126 1742
450858 469269 3967
451432 478167 6116
452121 518622 5699
453693 505259 5291
454126 464200 2947
454293 500902 4582
455053 501907 5095
455667 479766 8418
456805 492447 7579
456939 476180 758
457335 499390 6040
458405 523552 7579
458866 460319 4846
459423 538625 5880
461494 513688 7459
461849 554070 4729
463648 482481 5037
464477 505680 3727
467536 504363 6979
468130 560415 8518
469456 550597 2431
469481 470095 3895
470530 514777 5464
472471 536898 6326
472936 541762 5772
473795 548694 7044
474960 553461 5120
475477 522227 1660
478189 566035 4699
478700 564915 9447
479686 486763 3018
481802 496253 5885
481961 543693 5290
482085 560999 2162
482349 579795 4733
483169 545018 2203
483365 511720 5495
487297 517596 4166
487735 546553 1029
487929 515306 5780
489398 589319 3516
489412 520242 4968
490271 521194 7296
491237 568241 3166
492643 557380 1891
494227 495591 2758
495357 515743 4504
495587 522680 3464
495703 588560 1969
497727 546703 1883
497900 509648 4688
498133 558443 3575
498688 533815 3074
499394 499602 4570
500195 548367 4447
501526 543336 2602
502439 525331 2830
502972 585455 4890
505349 526322 6906
505755 585522 4585
506671 558987 2127
507991 576863 3073
508646 587443 4194
510719 516630 7125
510818 569169 2285
511149 608357 3698
511372 611017 8550
512312 550025 9472
513314 528913 5823
515118 528443 3381
515655 516448 3442
516003 519989 6177
517262 609889 8155
517593 584867 6126
518328 533608 4776
518462 616035 6349
518804 611631 6962
520174 568590 3669
520527 570600 2586
522327 562844 1445
522362 537387 2409
522552 546448 3231
523931 607155 2684
525205 554409 9621
525452 529764 7218
525516 554472 4152
525639 623035 4125
526043 616764 4209
528402 610896 6708
531968 572284 1959
533319 626677 2174
534189 554907 7381
535351 558086 454
538530 566663 4007
541993 570365 4761
542021 570258 6588
543266 598772 3647
545999 558227 4123
546908 641144 3019
548329 551964 6084
549901 638732 7060
550288 637090 6349
550459 612463 8168
550496 594951 4905
552474 578074 5836
554357 591651 2620
554799 577454 5425
555062 580276 5638
555710 608000 5903
557003 650066 3471
557890 571272 6647
557968 624321 7254
559069 635874 5022
559383 643121 4178
559595 657306 6574
562715 654365 3938
563138 644200 3153
564018 640244 6439
564231 580598 6619
565624 592653 4460
565744 635088 5808
566448 666023 5543
567149 660938 5819
567270 584720 3519
568481 641145 2811
570325 570378 2717
570884 661939 7224
572543 629338 2025
572762 628058 6113
574548 663861 4492
575133 623816 2678
576845 615047 4653
577179 616195 2364
577736 606745 3600
577784 581328 5291
577993 655547 5221
578280 594476 6138
578332 674038 3320
580100 621481 6795
580707 663245 7650
581043 617534 3296
587117 595199 6577
587279 596233 2370
587427 678570 4546
587897 609775 9087
591054 614566 5578
592063 644318 6902
592220 666427 7741
592805 629807 2639
593916 641838 3253
594286 646418 8376
595085 602472 4176
597763 635201 1042
598888 620931 6283
600254 602495 2221
600590 649080 2848
600965 642228 4250
601775 682643 6678
604336 688794 2327
604491 637959 4114
605951 676594 3165
606020 616101 3164
606370 669754 5335
606459 632272 4411
606638 703155 4919
607909 699020 3600
608172 633471 4226
609549 708706 3555
609713 689935 1926
611031 710684 3764
611238 649526 8421
613014 692191 6572
613548 709779 5540
614498 637139 5090
616040 617090 5613
619264 686368 7680
619722 653076 5389
620306 669835 8649
621586 634223 9868
622861 676829 7516
623362 696750 5599
623801 652731 5022
624111 723234 4143
624558 683713 4853
625101 719760 4506
625315 626383 4205
625344 658862 5729
626220 637320 5988
626602 680142 7016
626710 642325 4355
628411 710895 4829
628657 721405 2007
632189 634205 8842
632305 680891 5738
633007 645622 6341
634187 702571 3259
634200 654074 4735
634616 663720 4992
636885 642430 6939
636993 713997 4997
637259 686566 7325
638264 638673 5565
638870 696111 7949
639550 658739 2632
640257 642667 2441
640725 711297 5167
641197 655227 4905
641798 694312 6407
644674 673683 673
644837 723145 4074
646064 718481 5515
646712 681235 5959
648187 733331 7033
648553 670304 8632
650368 693821 6128
653066 686956 5038
654575 753112 3048
655329 745876 1712
658302 737733 4112
660002 680501 7171
660431 737175 5052
660510 667707 5407
661117 685698 6032
662118 752786 4182
663700 716355 5081
663920 698873 4532
664946 726813 4686
665564 744127 5280
666115 718954 4687
667892 741246 6137
668155 700376 3566
668714 743631 5263
669029 678733 3359
671030 730576 6565
672699 762217 6163
674010 701952 5066
674807 762633 4939
676426 747495 5524
678217 704940 5434
680283 748185 5049
681002 727161 2304
681111 752441 3806
682488 743285 7941
682955 779640 7009
683206 711150 8801
685421 693614 3982
687330 750698 6679
687429 689156 3562
687625 722163 7967
688638 711552 6698
690992 767069 4643
691390 733409 3643
692076 768910 6273
693897 712042 5034
694438 787747 4320
694568 745269 1205
696068 740682 8390
697355 745149 6146
699355 788171 5415
699445 715685 8796
700302 758427 6410
700692 737541 538
700764 761642 5506
701586 764647 4081
703442 774124 7332
704221 782551 6366
705076 749766 3311
707836 791441 2855
708650 796379 5719
709764 791249 7374
710871 761434 2340
710891 745202 6071
711268 720581 8318
712551 726723 3701
712807 760663 8825
712984 728000 8630
715243 800184 1421
718060 782596 3804
718567 817402 5186
719069 811799 2030
720652 760566 4206
720952 781419 4078
723040 725021 5035
723363 808799 2291
723664 758541 4854
724017 791949 3844
724204 762890 3404
725202 811918 4821
727884 732716 7526
728165 824611 4353
730369 771612 4312
734816 782281 6741
735677 819596 5423
736476 780024 6054
738417 814461 4711
739812 785969 6022
741018 759039 2729
743069 816192 2649
743085 792577 4517
745073 795366 3622
745378 758451 2291
745721 768228 8231
747137 799909 2434
747351 752891 6318
747365 749200 6704
748773 837199 1655
748933 771846 4348
749020 836506 3087
750039 802247 1141
751843 842158 4112
754474 829491 5975
754475 833223 7400
757320 793012 1287
757635 779133 6091
758241 793172 4633
758635 807280 2653
759184 840979 5745
759339 807845 6381
759985 776098 2701
760156 802809 3313
761940 812808 6030
762171 851473 1041
763476 845644 8951
763567 830982 5290
764983 774477 8200
765348 828505 4498
765581 800334 4799
766418 862704 2458
766981 815106 5261
767006 778041 6406
767406 805755 3218
769370 837422 991
769697 842321 2263
769877 797626 2978
769961 841909 6516
770027 855666 4613
770314 786468 7991
770568 811134 2347
771731 777547 3100
772671 863892 9126
774782 808077 1789
777000 786430 2315
778727 856527 4009
779178 876814 4139
780367 824087 8914
782194 789715 4766
783769 798027 2996
785267 823184 8619
785933 878018 5542
786464 874473 2540
786597 802619 4814
786972 866372 5799
787100 859023 3710
788114 854001 7620
788549 846834 1870
788641 880275 2117
790263 849523 2150
790640 886134 6966
790995 838136 2575
791029 881392 5731
792737 854878 2955
793069 867326 6594
794058 821215 5536
795036 844362 5658
795558 829734 4493
796819 830898 7863
798086 868984 1724
800481 826574 3340
802668 843501 8394
807796 851550 6498
808155 903104 6339
809328 851914 820
809453 827794 3660
810472 859608 4967
811380 895222 3356
811476 891045 4825
811599 872274 8125
814474 893211 4667
814509 820850 5263
814899 879570 1355
816619 819732 4483
817168 909045 2626
818098 887458 7900
819224 820171 1515
819592 909190 1393
821095 858139 7636
822963 862749 2391
823264 854495 4006
823442 887733 5586
825351 881503 4768
831445 921074 5273
832801 833546 2128
834600 862587 3970
835223 934096 3905
837192 914995 6294
839357 885289 987
839550 925351 1966
840615 915926 7838
841888 862836 5193
841937 896981 7072
842737 925939 5105
842849 936295 6940
844095 927222 4741
845357 937399 3538
848865 918139 7799
849786 923731 3451
851179 931050 3923
851489 869490 1898
857715 910398 8908
858274 902329 5595
861847 931956 4688
862020 958999 1931
862408 959026 4773
864677 950014 9288
865068 881514 3867
866583 961116 2355
866620 933311 386
866842 941950 1141
867203 884977 4151
868408 968070 3096
871107 925259 4480
872131 890680 4138
872604 890709 3345
873249 968349 3105
873519 938897 5081
873831 883695 3957
875019 974196 1355
875197 959380 4826
875676 961724 7012
876453 952101 6569
876900 888383 6737
877186 892049 9007
877608 886024 5074
878161 881058 3167
878887 910633 4613
878941 925746 1440
879009 968345 5523
879311 879395 3461
879375 942283 2679
880956 980550 5245
881423 919718 4541
882772 974883 6194
884629 975272 8381
885871 964307 2415
886579 894090 1288
886718 959853 5590
887075 917361 7673
887830 964506 6682
887886 888112 5671
888341 893559 2826
888777 951277 7266
889121 929215 3777
889290 941950 3817
889490 925981 6404
889769 988442 5002
889920 986722 4874
892733 965065 6446
893196 987377 7104
893518 985802 4032
895638 948309 5406
900304 942812 5827
901142 903480 3174
902104 998027 6880
902329 998810 3583
902378 916255 6897
904421 932477 3809
906831 976233 6478
908952 951957 6898
909370 954606 800
910056 998315 4639
912005 958585 4796
913702 963623 3720
914467 972521 4076
915517 928385 7930
916869 921454 3755
917483 948356 1629
917943 974784 3877
918408 943801 4452
918831 927825 5112
919996 924451 6331
920889 933285 5666
921512 944545 5409
921714 963463 4616
925155 934100 2097
926011 985382 8100
927318 974531 5504
928703 966648 5786
932235 937453 3654
932455 968705 5999
934367 993246 7025
937470 969300 6739
938003 953471 4061
938471 956729 6839
938686 950837 6083
939058 987585 6152
940165 993636 4055
940747 962605 5591
943462 976582 9543
944049 994953 4914
944059 961943 8502
945053 991645 6300
945119 978927 7504
946078 947038 3815
947173 988524 5648
948056 951489 4017
948397 949207 5251
952546 992476 2770
953158 965738 4216
953650 957073 4452
955045 987897 3885
955165 966315 4542
956938 957644 7079
958290 966000 8180
958547 979533 3850
958946 981638 8547
960162 965530 3310
960377 992428 8819
961665 985396 4380
962178 962436 6682
962998 989157 7349
964509 991008 4011
964863 986279 3131
965558 983185 526
965796 999875 6474
967794 978667 6038
968025 991275 4750
973928 985886 5315
976724 982814 5206
977693 997989 2276
977952 994109 6366
980217 989776 1261
980393 982100 6078
983272 990001 3130
983731 984114 6638
984529 999181 3604
987079 988730 4289
987702 993077 8053
988337 997781 2832
989059 995249 1013
989207 999361 7332
990256 992761 7595
990900 993493 2980
991755 992824 984
992876 995666 7292
994096 998722 1865
994132 994434 4838
994228 997112 3749
995785 998227 6263
996679 998250 7413
996923 998510 2400
997712 999470 7915
999784 999809 6039
