300
3 29 489
4 8 367
9 15 511
10 35 269
15 53 320
17 64 462
24 34 443
25 60 193
29 77 745
30 61 517
31 64 440
38 82 118
40 57 561
41 48 515
49 98 458
50 63 496
53 88 604
61 90 254
64 64 546
65 107 420
66 76 351
67 70 343
72 101 299
77 123 219
78 101 675
79 93 723
80 108 304
81 120 482
82 82 475
83 109 144
88 110 221
91 135 500
97 124 378
101 123 42
102 139 397
104 139 565
105 152 194
113 134 346
114 136 463
115 136 791
116 150 571
120 135 632
133 175 446
139 167 758
141 172 473
144 172 441
148 155 648
153 158 95
154 202 265
160 175 395
161 191 244
165 167 261
171 188 472
173 199 450
175 193 268
180 195 365
183 191 400
185 194 620
190 194 704
192 192 464
197 240 357
199 244 304
203 231 477
208 234 581
209 225 106
211 232 203
212 212 234
218 237 173
219 229 485
221 227 351
226 242 493
228 231 609
232 276 668
233 246 235
234 245 470
236 271 476
237 240 202
242 256 377
250 278 666
254 298 188
255 258 181
256 262 228
257 268 706
262 277 551
264 281 658
265 276 244
266 313 198
269 290 440
272 295 231
278 320 510
280 301 297
282 310 98
283 319 462
287 294 331
295 296 295
296 296 301
299 348 222
300 300 312
301 344 466
302 345 391
307 322 371
308 327 391
309 331 325
319 336 24
320 359 309
326 354 165
330 353 313
333 352 352
335 336 190
339 382 692
340 349 342
341 385 227
343 359 640
349 368 495
350 361 338
354 393 268
355 391 565
361 370 562
366 396 632
368 374 499
369 398 281
377 394 433
378 410 427
379 387 126
380 381 237
385 406 199
388 433 679
394 409 557
398 406 686
399 424 434
400 442 280
402 427 144
410 426 341
411 430 439
412 421 439
415 440 202
417 455 113
419 438 414
423 423 252
424 465 211
425 460 146
426 430 432
427 470 531
428 436 779
435 452 396
436 483 597
437 479 701
438 480 608
441 449 472
447 477 473
448 481 360
451 452 616
454 484 327
463 501 239
466 493 401
467 505 498
468 512 672
469 501 390
479 515 269
486 500 307
487 534 283
490 490 395
491 514 442
501 531 478
509 553 374
510 556 326
512 528 234
513 521 481
514 558 648
521 534 355
530 535 700
531 569 595
541 561 253
545 556 394
546 558 527
547 556 189
550 578 349
553 559 26
567 592 505
568 604 458
574 594 33
576 605 413
577 587 403
584 584 514
591 616 350
595 644 140
596 617 389
597 602 424
600 636 641
607 615 216
608 646 144
609 651 377
610 644 341
618 664 219
637 679 193
638 678 480
639 652 262
646 666 290
647 676 108
649 690 279
653 671 300
660 690 243
661 661 141
662 676 407
663 711 611
664 706 457
665 673 510
668 689 469
672 672 717
689 694 215
691 698 302
693 694 524
699 726 409
700 711 384
701 723 110
716 752 56
720 720 613
721 759 394
722 748 636
723 754 282
726 749 633
728 746 201
737 773 331
741 782 599
749 769 407
750 759 371
751 756 533
753 791 370
754 795 509
755 794 197
758 792 555
762 780 376
764 800 143
768 817 627
770 814 271
773 774 426
778 795 499
782 782 310
789 835 419
790 796 454
793 799 462
795 841 550
797 844 384
800 825 325
803 849 613
804 846 630
806 852 371
813 840 146
814 832 399
815 847 359
816 832 316
817 859 481
818 846 200
819 842 410
820 830 456
831 831 407
832 841 395
833 849 396
839 874 339
841 853 332
847 864 230
848 853 216
851 854 691
859 884 606
873 884 374
876 906 163
884 916 493
887 927 216
889 901 190
898 913 119
899 921 56
904 948 461
906 938 569
914 926 462
916 937 747
917 935 569
918 937 759
928 977 367
932 965 81
937 938 170
939 962 403
940 944 393
947 954 522
956 978 575
958 993 261
960 965 287
961 994 365
962 962 390
970 971 577
974 981 743
978 994 386
980 991 429
981 997 425
988 1000 235
992 996 551
993 995 734
994 994 185
996 998 500
997 997 350
1000 1000 90
