1000 820 821
428 5
580 6
227 10
537 3
467 3
50 9
70 5
395 9
280 2
880 10
716 6
881 5
906 4
742 5
784 10
402 8
597 10
727 8
256 10
899 5
298 9
250 9
54 8
8 9
90 7
844 4
823 6
973 5
786 7
601 6
988 4
794 7
249 8
443 7
152 5
554 4
707 8
802 2
364 6
725 9
685 8
863 4
99 8
691 6
907 4
646 9
526 1
652 5
720 3
199 3
357 6
819 9
199 6
539 8
507 9
983 8
109 6
603 3
535 7
946 9
89 6
826 2
857 6
479 10
158 7
629 4
696 2
128 7
397 9
467 1
436 9
815 10
294 2
275 7
685 7
258 2
13 6
352 7
626 3
524 6
866 10
917 3
250 5
718 7
331 3
213 8
542 9
971 3
680 5
342 3
328 3
740 1
458 9
129 2
318 8
771 4
972 5
114 5
405 7
673 7
162 3
132 2
200 9
928 9
501 9
317 10
277 2
286 2
666 6
327 2
959 10
307 6
456 7
907 7
217 4
786 8
689 8
329 4
156 7
146 3
855 9
29 2
34 4
279 10
65 8
345 5
143 7
887 4
245 7
20 5
811 1
819 9
934 8
889 8
804 6
411 4
905 7
726 7
555 9
617 9
770 1
205 6
374 5
706 1
301 9
596 8
52 5
146 9
989 7
744 7
268 1
549 9
951 2
640 9
14 2
733 8
868 2
74 3
965 9
977 7
39 9
190 10
419 8
347 10
350 5
987 10
423 8
109 8
434 2
633 7
270 8
644 10
235 7
342 7
436 6
734 7
514 3
451 8
919 6
12 5
218 4
62 1
824 7
881 8
223 9
844 6
554 6
853 9
475 6
287 1
23 2
247 4
333 2
360 2
692 7
848 9
456 7
751 6
40 4
545 9
326 1
909 8
863 9
491 10
698 2
137 10
983 9
640 6
616 4
377 8
521 4
168 10
106 2
957 5
137 2
235 7
656 8
523 8
799 2
97 8
112 8
690 9
306 6
103 10
656 8
855 7
151 2
422 10
349 5
287 4
936 9
377 10
821 8
963 7
534 6
954 9
404 6
334 1
763 9
661 6
328 9
72 5
945 6
633 7
535 8
713 4
274 5
603 6
791 9
334 10
783 1
136 1
194 1
487 4
334 5
233 3
769 10
286 3
773 7
902 4
182 1
881 8
175 5
470 5
863 8
160 3
36 3
963 8
508 5
497 10
293 3
887 3
496 8
602 5
203 8
505 7
128 8
326 1
100 2
544 10
949 10
211 5
331 1
368 7
904 3
863 4
264 8
664 1
57 1
105 9
646 5
754 5
964 3
885 6
177 9
71 5
461 10
21 3
724 1
955 3
554 9
912 3
810 6
471 5
797 2
757 8
143 7
970 7
229 7
101 7
760 4
80 8
264 1
287 2
62 10
861 1
276 9
967 7
689 4
3 3
736 4
771 6
245 7
523 9
908 5
566 7
755 5
545 3
694 9
711 5
787 2
578 1
422 9
41 9
729 4
40 5
232 6
697 7
381 2
870 6
331 3
416 8
978 1
917 5
897 9
340 9
715 3
899 4
953 9
373 10
818 5
112 7
677 7
230 1
72 7
521 1
945 6
929 2
835 7
279 4
800 2
450 9
778 7
624 10
305 1
472 5
477 10
966 8
830 7
232 3
520 3
562 3
685 9
575 9
979 6
293 10
390 6
929 1
823 1
476 1
298 1
640 10
654 9
717 1
986 5
420 7
785 2
341 7
967 1
42 3
792 1
506 5
359 5
337 9
838 1
936 10
912 3
743 2
555 8
429 5
790 10
165 6
817 1
750 5
939 1
901 6
661 8
962 5
343 8
799 6
46 5
610 10
834 1
354 8
224 9
435 1
418 10
519 10
464 4
502 5
721 1
68 9
271 2
335 6
995 10
441 3
451 6
832 8
311 5
889 1
977 9
291 1
235 5
23 4
991 3
262 3
500 5
237 5
28 1
667 7
871 5
610 10
909 4
146 10
961 10
217 2
869 8
853 5
291 6
307 3
577 1
308 3
813 2
699 5
612 10
431 4
224 10
676 4
28 1
856 10
143 4
435 1
49 4
308 9
110 1
483 2
922 2
557 10
305 10
82 9
317 1
872 9
818 1
400 4
46 10
48 6
286 4
734 6
421 2
510 8
574 1
769 2
647 10
323 7
253 7
16 10
570 2
698 5
771 5
82 8
919 5
471 6
982 10
955 5
334 8
133 9
524 9
932 3
783 7
78 1
168 3
132 7
451 8
598 4
384 3
652 5
18 10
81 3
886 6
849 4
686 4
364 3
991 1
516 9
103 10
474 2
68 6
541 3
574 4
236 5
103 4
295 1
330 4
798 3
366 6
252 1
731 6
845 2
778 1
20 2
256 5
789 5
579 3
565 4
620 8
190 5
11 6
917 8
966 2
414 7
457 8
148 7
750 1
971 10
7 8
764 10
470 1
387 6
474 7
729 10
728 8
293 9
260 3
431 1
634 4
234 5
949 7
906 3
256 10
545 6
812 2
632 4
562 2
753 4
936 3
92 1
522 4
32 10
675 7
678 5
715 3
230 1
381 4
418 4
331 2
69 8
816 1
717 8
162 7
652 2
952 6
795 3
7 10
812 9
690 3
924 6
431 1
616 8
17 10
271 8
548 5
326 1
510 10
929 6
147 2
230 4
249 4
961 1
127 2
75 9
441 6
680 5
299 2
762 1
86 8
602 1
682 5
229 4
168 6
442 2
939 7
9 3
170 10
31 7
835 4
482 4
367 4
826 8
98 5
413 1
631 2
957 10
453 2
160 6
689 1
752 4
855 4
570 1
874 4
186 5
520 6
651 10
37 1
102 10
157 5
439 2
164 1
583 10
444 4
485 10
646 5
6 5
42 10
342 3
772 3
624 8
929 5
108 3
852 2
969 4
936 6
107 3
259 5
615 2
748 4
386 8
950 4
921 8
502 8
539 9
102 10
711 1
973 3
676 3
698 4
782 7
870 5
234 7
596 4
909 1
345 9
147 8
602 2
842 3
940 3
8 3
817 7
345 6
664 8
759 4
364 2
761 10
333 2
576 3
885 4
601 3
817 3
852 10
907 1
733 3
684 5
282 4
118 9
555 7
321 3
614 2
79 5
467 4
413 1
776 6
136 3
11 7
523 9
520 7
760 10
177 5
130 8
580 5
227 8
111 4
304 10
616 8
700 7
660 6
940 7
523 2
86 7
988 9
982 5
369 7
543 4
217 7
69 10
719 7
720 8
303 7
612 1
987 6
372 1
539 9
227 6
337 2
650 9
907 3
697 7
373 2
734 3
646 7
324 10
914 8
907 8
127 2
677 8
697 9
315 8
42 5
662 3
936 1
81 10
211 5
100 5
734 8
477 7
884 5
946 2
327 9
565 3
255 5
228 8
630 1
843 5
143 9
240 4
565 3
909 8
808 5
447 1
522 5
551 1
270 5
137 9
784 10
15 10
752 2
600 10
336 9
988 10
164 2
382 5
139 7
967 10
106 3
907 10
75 3
474 1
8 9
854 1
104 7
532 6
893 9
357 8
838 3
848 7
325 2
636 9
364 8
675 7
303 1
231 4
477 3
619 5
828 1
949 6
987 4
320 9
453 6
472 9
917 7
217 5
908 10
274 5
723 9
14 7
197 1
24 9
620 9
180 4
378 8
997 3
321 4
995 6
724 2
961 5
636 8
770 4
760 9
69 8
196 2
165 8
824 6
432 4
685 9
943 2
571 4
21 9
683 6
112 4
12 10
230 7
778 1
757 10
801 6
166 10
404 5
481 7
465 4
691 1
290 3
236 1
187 4
373 3
540 4
559 4
496 3
277 5
87 1
79 6
326 6
635 1
179 9
852 6
268 9
801 2
10 7
51 10
199 3
387 1
548 8
358 4
239 2
658 1
6 2
101 1
331 3
792 9
818 6
375 9
468 3
243 8
500 8
866 10
135 5
917 8
702 9
692 10
329 8
708 3
288 4
589 1
417 6
260 10
127 9
488 9
143 3
215 5
748 1
757 1
68 2
713 5
551 7
492 6
724 4
62 4
294 4
246 2
92 5
653 4
461 7
938 6
388 5
996 6
497 2
721 10
934 7
732 6
996 5
950 10
282 7
810 3
226 1
753 2
390 8
85 6
924 4
135 7
45 4
727 2
189 10
667 4
176 2
371 8
219 2
609 5
520 2
829 8
783 3
322 5
708 4
277 9
741 7
151 6
741 7
958 6
825 1
453 8
258 8
405 5
666 4
426 8
104 2
756 5
848 7
154 3
876 1
328 7
604 6
60 1
927 2
863 1
962 4
664 5
167 10
742 9
496 4
442 7
95 8
373 4
593 3
634 6
260 5
885 3
526 9
310 3
155 9
925 6
995 9
987 1
545 10
942 5
610 5
947 10
463 9
696 5
116 9
893 8
888 10
431 2
837 7
497 10
581 6
660 1
602 9
440 5
482 9
91 3
453 5
434 1
276 1
412 9
758 9
163 929
279 539
346 852
846 109
438 291
293 600
468 450
795 515
299 487
779 544
533 568
625 977
217 537
948 617
99 506
992 642
84 225
334 855
496 260
733 49
72 775
713 406
351 734
962 559
660 325
149 278
431 801
613 289
157 949
734 963
298 78
514 152
284 781
76 944
975 840
935 848
896 209
462 133
236 985
422 761
156 526
974 756
94 113
661 816
755 960
974 678
831 278
32 741
750 795
776 363
498 154
598 737
928 750
282 621
746 823
528 960
537 167
119 170
237 183
537 791
906 775
754 973
820 700
639 365
761 158
602 265
99 177
716 229
254 526
232 896
710 546
880 361
386 928
636 216
836 870
474 92
864 585
706 84
855 312
684 867
169 369
68 642
983 390
748 132
719 528
900 527
207 708
243 115
102 285
849 618
165 325
359 819
856 81
351 937
584 671
872 173
356 456
413 475
523 447
466 181
407 284
351 733
918 902
876 234
222 224
13 737
677 216
223 267
661 474
204 521
589 759
434 374
930 936
180 190
470 551
637 659
944 232
186 194
375 505
688 117
752 676
86 790
417 428
297 181
875 519
776 248
771 87
925 599
995 482
444 360
348 134
901 354
166 712
310 990
718 927
463 365
326 496
505 192
303 19
191 88
542 200
5 130
252 999
891 200
707 543
414 79
621 931
830 46
163 200
660 133
445 101
839 363
109 689
727 411
787 815
699 747
668 246
812 890
279 444
273 371
875 402
460 631
689 104
927 95
923 379
242 369
946 570
268 822
602 472
39 598
80 974
250 542
287 532
43 729
542 262
728 503
59 297
920 43
890 805
847 865
613 678
975 801
644 333
84 590
803 776
278 166
891 260
364 627
824 284
451 183
220 700
604 246
436 138
870 61
488 219
850 967
141 652
22 903
727 1000
157 848
833 287
666 125
193 102
462 798
497 600
981 576
310 257
14 861
110 484
622 222
917 57
632 485
436 97
897 324
862 650
283 119
415 868
461 177
776 567
642 256
978 793
452 967
320 117
674 419
814 485
46 728
601 808
481 320
157 297
13 947
300 516
379 806
237 525
903 157
489 1
754 770
410 781
408 407
445 148
789 178
653 589
86 881
194 662
514 255
558 369
495 949
804 156
781 306
91 777
639 40
699 227
829 876
150 736
26 401
300 78
563 950
170 280
51 846
149 246
765 907
588 86
818 912
253 492
834 520
795 111
53 667
609 603
836 988
740 469
464 757
884 979
121 178
285 365
627 475
65 948
345 239
527 942
182 214
445 936
768 312
592 20
986 155
915 740
725 392
583 799
856 169
219 824
213 984
252 60
159 188
120 354
284 956
802 796
396 775
350 129
373 65
266 582
101 944
350 214
839 517
223 878
233 22
400 946
441 278
580 176
222 500
175 857
532 531
909 990
170 90
197 635
390 275
681 348
390 953
118 863
573 444
535 472
3 289
799 235
816 940
539 633
140 824
767 42
956 451
999 217
264 479
963 33
108 146
51 471
558 387
161 555
452 175
30 48
696 706
152 253
509 71
161 804
7 577
242 147
474 189
442 809
604 139
114 57
675 591
923 774
991 748
348 205
309 592
129 980
706 306
54 615
574 813
31 828
504 605
201 273
566 875
785 570
153 1000
54 198
511 4
308 368
986 193
658 302
588 983
974 947
727 580
632 659
314 284
181 88
548 786
768 203
464 142
129 43
95 313
394 180
136 455
638 564
813 374
191 484
959 598
486 43
726 592
981 101
205 825
784 515
6 601
966 801
158 992
269 333
256 222
704 540
168 302
391 484
285 263
481 341
439 853
791 746
487 603
878 95
188 384
295 977
654 419
78 726
46 662
783 130
161 316
934 313
327 89
898 152
947 181
444 721
970 759
625 899
475 642
251 57
558 561
99 906
814 467
563 660
309 21
75 362
786 648
862 370
567 271
617 136
343 482
979 367
831 479
647 63
33 369
208 526
487 10
397 887
911 311
236 202
503 43
77 615
580 561
783 688
110 536
834 670
146 925
488 495
937 169
409 419
228 173
17 14
719 779
382 510
694 703
350 144
798 835
867 901
130 239
663 556
143 735
922 841
439 530
416 593
404 917
703 288
280 276
980 528
266 416
581 186
194 273
97 797
989 340
375 701
379 571
132 39
151 514
815 134
127 739
392 123
926 716
320 369
979 563
42 326
926 621
992 603
966 974
891 845
888 755
456 585
336 359
600 790
53 598
844 206
967 924
239 679
362 183
591 993
595 230
610 94
869 942
458 735
201 455
117 841
495 126
236 104
930 460
669 637
112 126
851 350
44 269
877 731
69 933
423 695
626 486
666 376
845 610
223 282
577 4
67 643
279 253
866 2
967 132
931 778
388 292
471 228
580 190
519 43
303 39
222 487
995 268
726 301
936 336
954 935
565 668
960 952
572 249
739 481
817 893
395 957
200 627
724 307
50 792
894 310
855 537
606 610
878 378
460 987
724 137
548 5
426 736
339 836
735 749
160 634
154 459
608 804
216 919
750 17
679 328
488 211
413 419
403 246
295 154
736 619
389 8
579 273
661 182
446 492
59 710
975 209
915 485
246 593
514 132
381 998
271 749
679 18
510 418
68 589
744 625
860 682
488 298
293 545
688 43
441 341
338 588
102 273
942 445
617 717
356 970
588 553
555 840
722 496
720 945
437 495
802 662
989 648
524 738
517 791
381 867
503 358
846 40
899 22
769 513
928 794
272 492
139 988
544 420
973 845
389 863
555 377
337 633
188 323
938 945
913 261
111 972
576 325
953 780
407 562
7 231
377 697
960 355
352 931
812 817
44 129
588 449
605 827
792 32
931 677
358 750
401 426
562 486
283 248
593 721
660 625
398 311
844 184
2 665
801 670
962 285
297 796
652 855
591 489
209 383
871 41
986 303
155 228
175 608
940 730
793 650
678 453
873 838
404 36
726 519
945 459
497 941
263 11
466 482
803 252
714 223
721 952
977 458
888 353
392 108
811 608
321 644
777 450
605 330
280 981
483 239
624 16
117 827
401 542
818 2
441 931
142 574
352 719
159 313
243 249
177 408
749 417
415 946
188 778
519 250
870 945
488 517
847 685
674 455
219 46
649 597
185 280
499 124
613 549
913 860
245 266
473 110
932 202
19 418
505 705
350 182
667 603
463 225
929 219
119 750
631 619
299 242
515 458
359 35
565 109
689 946
874 828
360 522
659 450
213 679
526 779
280 392
782 803
768 826
251 185
445 329
880 311
798 17
847 724
803 15
207 94
445 343
308 603
158 344
550 553
47 952
276 702
351 817
901 793
299 366
666 517
73 616
583 135
882 970
110 782
336 261
678 282
471 43
893 984
530 890
984 500
600 170
999 68
381 672
70 760
798 136
403 900
417 652
266 619
641 564
909 494
872 567
471 498
592 510
962 393
416 851
907 626
338 235
273 911
965 714
59 955
228 994
216 587
344 470
741 464
535 462
487 362
136 850
943 43
554 474
792 788
616 890
416 710
685 19
712 407
71 435
229 832
360 635
103 850
614 599
823 237
286 427
924 287
937 154
315 281
714 879
441 442
933 975
865 803
179 623
756 672
376 871
560 578
156 91
593 336
697 219
435 233
102 141
522 915
763 165
530 800
965 722
426 548
132 688
598 787
434 647
101 600
121 52
132 313
727 923
118 739
266 557
290 430
47 441
284 827
389 536
920 322
553 178
933 362
175 930
4 632
255 606
847 761
