1000 214 576
586 4
713 1
851 6
31 8
796 2
43 1
812 2
130 7
325 2
196 6
362 4
457 4
445 5
786 1
814 5
807 5
232 7
336 9
586 4
510 8
476 7
429 8
852 3
37 8
29 6
655 8
560 8
261 9
357 9
20 10
103 6
798 10
119 5
142 7
736 6
990 9
404 5
681 7
478 9
373 6
243 4
106 7
170 7
378 7
108 9
931 4
317 10
912 7
476 5
838 1
173 2
351 6
901 6
356 5
309 4
11 9
311 2
580 10
511 8
231 4
864 1
763 7
401 7
555 3
519 8
934 7
951 8
429 3
441 2
299 1
365 9
973 7
265 9
797 2
793 5
481 4
883 6
62 7
224 4
959 9
785 2
120 9
444 10
792 8
542 3
938 6
101 5
754 3
752 3
966 1
675 7
603 9
846 8
66 9
712 5
299 8
404 7
777 6
790 10
334 10
113 10
137 3
232 3
934 4
280 6
6 9
987 4
51 6
403 10
472 7
404 1
416 9
328 4
593 3
48 5
908 5
502 5
612 10
708 1
195 1
217 3
981 10
326 5
154 3
382 5
961 6
395 4
409 3
985 7
781 9
714 5
954 1
476 9
703 5
665 2
619 4
23 5
580 8
945 4
783 5
519 3
123 1
53 5
976 5
311 2
715 1
623 6
287 8
169 9
494 3
446 10
373 1
371 5
681 6
359 4
659 10
814 6
133 8
981 9
787 5
532 6
795 8
421 3
835 5
862 6
630 3
272 3
807 7
589 1
52 1
672 3
468 1
186 5
570 7
876 5
175 9
45 9
796 4
103 5
989 4
218 5
250 4
50 10
603 6
842 3
438 1
930 6
253 10
979 9
657 9
912 7
776 8
695 8
968 9
703 6
368 6
98 5
120 7
843 6
928 10
76 9
564 4
523 9
777 7
252 6
765 9
928 10
138 8
838 8
482 2
154 9
337 3
40 10
7 2
538 10
701 2
88 9
326 6
133 4
135 9
467 3
434 7
112 7
545 5
914 1
229 8
149 1
117 8
208 1
971 2
390 1
894 9
923 8
844 10
325 5
478 2
748 4
167 6
14 8
429 2
378 1
181 7
365 6
479 10
230 8
174 9
158 5
570 9
702 6
460 6
446 8
689 9
487 9
481 10
925 3
273 5
187 1
829 9
746 9
135 1
117 8
389 9
908 4
221 2
178 7
53 5
937 5
121 3
145 3
367 7
765 4
590 1
160 4
714 9
149 5
848 5
302 7
195 6
768 7
783 5
631 4
626 2
359 7
400 2
997 8
80 8
679 5
987 1
682 3
823 6
818 9
772 9
229 2
201 10
102 2
620 4
775 9
965 2
487 5
320 2
229 4
871 1
835 1
656 4
952 10
583 5
115 6
939 9
51 10
741 1
202 1
343 2
72 3
207 7
262 3
803 7
110 8
564 5
381 7
692 10
629 10
847 10
926 10
706 2
811 3
869 6
278 6
4 4
171 5
460 7
960 8
273 10
553 7
955 5
946 9
269 9
208 10
554 1
455 3
116 4
268 1
392 4
617 9
533 3
508 10
914 8
576 1
714 4
396 7
778 4
662 7
443 9
447 9
521 8
784 3
37 1
900 4
1000 5
509 8
493 8
355 2
242 5
437 1
419 9
481 7
126 9
171 9
166 8
193 8
234 5
592 5
717 1
308 1
795 1
392 3
445 8
869 4
253 3
949 8
506 10
321 5
227 3
761 4
319 4
452 9
57 9
585 8
800 1
778 2
707 8
770 4
679 8
96 10
751 6
49 3
76 2
819 1
455 2
203 3
406 6
624 8
692 6
778 2
284 3
678 3
264 7
261 1
591 1
228 8
707 6
542 4
50 1
135 6
218 4
300 9
469 4
126 4
271 5
500 3
472 8
800 2
250 2
25 9
869 4
153 1
135 2
904 9
804 5
296 5
48 1
101 1
752 3
134 3
371 8
233 4
458 1
945 4
972 7
705 2
102 1
403 2
381 10
134 4
638 10
298 1
30 8
418 2
944 4
582 8
225 5
255 9
842 4
543 3
836 3
985 4
326 6
904 1
580 8
306 7
116 3
961 1
967 8
743 5
954 4
255 4
266 10
875 7
208 3
101 4
15 2
518 5
533 2
866 9
798 10
206 7
536 9
552 6
11 10
864 3
230 3
179 5
562 2
156 6
643 5
945 1
438 6
480 4
423 2
9 3
628 6
333 1
158 3
492 6
330 8
904 2
936 7
322 7
321 7
215 2
651 4
891 6
122 9
899 4
950 8
242 6
50 6
375 7
457 8
138 9
411 1
192 4
326 3
329 8
529 4
203 7
592 2
984 3
527 10
850 7
186 9
439 1
698 1
271 10
172 10
720 1
926 2
361 1
362 2
787 3
261 10
68 7
752 2
157 2
374 10
382 10
960 9
783 10
155 3
926 8
131 3
70 6
722 9
46 4
624 9
712 3
786 5
686 4
776 8
225 7
469 8
409 1
748 3
768 10
727 10
562 4
4 1
245 4
115 4
95 6
950 9
929 9
695 3
821 10
269 10
145 2
953 9
63 1
345 5
335 3
599 2
323 3
251 8
440 6
573 7
461 9
834 9
104 2
809 3
556 9
180 6
469 5
338 10
20 7
908 4
62 2
501 9
640 9
638 5
327 3
291 2
699 4
981 10
381 5
826 7
242 7
24 1
552 10
494 1
323 7
438 7
337 6
856 5
165 10
728 2
97 9
281 5
999 7
290 9
529 3
630 3
498 7
645 5
59 8
277 3
156 10
66 7
857 6
943 8
471 7
483 9
127 3
451 5
551 4
150 4
681 2
686 6
799 4
400 3
837 2
508 7
69 5
558 3
667 3
83 1
531 7
581 7
951 10
706 10
446 8
885 8
621 2
985 3
305 4
776 9
21 7
169 7
876 4
84 5
303 6
291 6
523 1
482 1
367 6
358 2
303 9
442 10
182 4
754 9
272 8
952 3
423 1
522 2
261 7
230 2
790 9
432 8
521 4
662 10
945 4
286 3
284 4
266 1
342 4
400 5
995 4
242 4
663 1
695 1
759 3
351 4
911 10
501 8
864 9
313 7
766 2
405 6
407 10
444 6
438 3
633 10
129 8
1 10
39 6
747 7
935 4
101 7
563 3
690 4
882 3
976 4
400 3
462 9
203 7
117 5
641 8
317 1
781 5
120 7
524 2
189 8
498 8
24 7
297 5
526 4
810 10
794 7
657 1
986 4
528 3
923 4
226 3
859 4
494 3
739 1
993 8
876 5
187 1
857 9
65 6
403 10
520 4
890 6
154 5
582 6
561 2
240 6
957 8
564 5
77 7
554 8
366 4
968 6
331 1
257 10
72 7
653 8
921 2
538 6
339 4
315 9
24 6
851 4
657 6
356 6
286 5
38 1
899 4
549 2
567 2
200 9
319 1
439 5
699 5
416 2
425 2
55 2
229 5
170 4
11 2
560 6
244 8
217 2
656 3
868 9
311 2
210 9
708 10
163 9
724 3
220 4
698 8
34 7
955 1
109 3
466 2
844 2
278 6
701 1
208 7
416 1
769 3
289 1
307 6
845 9
351 1
507 2
621 10
213 9
575 8
44 3
252 4
741 4
613 4
973 10
545 3
810 9
398 7
966 7
258 10
429 6
711 5
855 9
369 6
167 1
731 4
491 6
281 6
575 5
140 1
449 1
968 2
518 7
814 9
271 4
564 9
998 9
95 8
187 5
260 10
422 8
196 6
263 1
659 2
469 2
706 9
302 9
181 2
491 3
785 9
577 10
115 10
923 2
107 6
116 7
998 5
401 10
927 1
173 6
991 1
68 4
26 5
153 2
628 1
910 4
219 8
76 1
617 2
812 10
20 1
917 9
963 5
845 2
767 4
898 9
205 9
630 7
32 5
626 9
770 8
263 5
991 5
371 1
994 9
681 2
921 6
182 10
300 8
772 10
158 2
263 1
362 1
88 10
826 9
488 10
277 10
711 9
304 9
70 8
877 3
12 9
144 5
486 8
356 3
110 9
206 5
27 3
171 7
630 1
455 9
302 9
263 6
93 3
584 4
60 10
428 1
789 7
766 5
989 7
818 1
484 4
187 4
113 7
696 4
217 3
759 4
239 1
421 2
782 2
68 9
93 7
540 6
482 9
371 5
291 3
255 4
903 2
473 9
874 8
683 8
189 9
246 6
272 5
418 9
181 2
273 10
782 5
116 8
642 1
529 3
877 5
696 8
50 1
60 3
408 9
785 4
180 1
606 9
47 1
236 1
25 4
600 7
935 7
661 5
740 3
116 2
54 6
129 10
872 10
342 7
611 9
848 6
422 2
978 3
410 6
425 9
257 7
689 9
86 1
574 8
684 9
403 8
315 8
816 6
871 7
756 6
90 7
396 9
489 2
499 9
254 4
990 1
583 9
433 5
54 3
980 6
400 9
232 9
143 1
384 8
991 10
125 9
537 10
453 6
985 4
135 8
827 3
674 9
736 5
528 1
637 8
528 40
283 54
431 417
340 537
261 601
56 952
83 907
92 184
285 877
413 142
10 79
250 627
459 124
37 905
596 307
710 939
377 717
934 6
491 145
479 149
74 737
232 107
921 596
566 192
806 792
452 700
566 252
496 538
862 119
771 437
617 856
768 789
502 741
463 556
518 827
949 728
166 155
373 837
434 290
534 323
482 468
500 463
572 470
942 225
263 533
700 577
155 799
533 832
78 189
168 523
412 415
473 465
334 11
823 918
761 999
737 162
781 740
121 635
885 132
442 676
238 140
87 988
295 660
556 53
364 187
759 839
885 117
51 247
794 288
129 791
543 94
588 589
938 561
479 359
132 329
94 413
650 447
327 690
699 642
677 990
640 303
603 371
148 755
605 432
938 658
927 142
660 993
86 971
711 883
770 809
732 488
206 290
605 340
416 153
912 512
751 529
892 306
441 883
916 37
914 886
498 26
182 899
638 142
245 460
921 374
723 922
46 933
713 135
137 689
820 553
642 132
44 115
431 444
176 306
468 831
33 157
507 81
794 485
356 543
257 57
697 143
325 425
959 881
906 601
854 735
477 816
34 271
223 590
476 557
214 350
607 441
66 244
656 981
354 543
259 730
450 786
13 842
96 55
709 423
959 75
483 780
514 825
649 904
997 13
802 366
533 449
15 676
112 671
254 261
746 720
100 612
362 569
661 301
333 358
493 339
623 745
698 306
760 233
452 922
125 184
657 752
176 349
780 190
212 328
131 964
678 302
932 45
134 793
578 468
229 932
218 293
682 537
455 225
259 683
478 621
777 133
507 403
257 759
581 372
441 653
77 983
1 581
49 451
307 482
232 504
747 400
614 475
331 25
613 317
693 962
920 28
20 86
696 965
502 15
661 485
59 519
830 465
876 921
606 18
511 18
602 20
751 586
858 62
342 755
936 914
187 610
387 315
760 631
410 894
312 87
185 478
659 264
546 746
145 52
428 235
158 614
518 80
634 248
303 644
380 331
380 101
538 787
638 579
875 537
424 9
502 53
547 711
544 758
502 856
768 474
190 713
297 460
62 515
343 127
974 942
732 139
264 730
768 844
607 980
815 412
864 659
103 623
936 651
919 462
44 880
604 866
630 342
52 662
466 722
784 237
311 637
739 840
935 300
12 868
40 52
580 153
255 591
337 552
640 528
335 301
106 784
563 344
221 83
492 892
720 362
646 985
136 67
302 907
178 84
455 57
294 78
513 428
852 274
699 797
533 346
313 974
538 584
16 946
450 757
232 437
9 895
547 961
331 994
471 686
683 858
720 670
377 400
624 187
109 39
485 138
982 303
358 51
996 345
730 936
539 214
539 156
37 190
291 659
31 745
778 682
269 262
384 461
207 638
44 952
208 746
182 152
672 730
809 591
903 720
529 315
270 383
65 546
144 788
950 873
844 29
993 582
524 556
950 408
827 239
251 968
63 582
745 834
386 638
439 734
453 616
868 663
785 814
590 542
333 265
448 175
779 828
859 963
921 240
645 900
941 993
921 722
955 215
132 538
197 450
379 219
760 141
153 66
943 662
739 149
12 426
870 263
583 651
487 735
116 879
641 427
43 795
291 582
236 791
333 109
607 980
365 717
747 334
632 465
21 242
759 570
74 138
723 719
832 415
420 913
881 149
674 162
441 261
690 640
428 374
992 522
372 885
635 455
676 712
400 291
862 932
9 160
424 51
143 465
145 481
861 739
512 410
651 404
381 198
769 496
937 143
843 561
479 266
823 56
478 193
380 629
229 180
963 324
887 856
821 199
268 847
294 653
393 495
69 674
339 891
113 435
496 299
994 176
824 646
510 913
234 757
310 713
493 668
408 841
723 273
44 4
27 651
679 203
153 741
147 126
577 167
839 722
348 347
795 922
878 634
22 308
347 194
923 820
638 170
561 599
933 911
404 54
450 618
830 401
364 470
144 769
975 377
807 709
683 975
170 112
628 34
920 3
305 171
742 351
386 731
30 859
732 598
479 661
348 337
323 274
197 119
549 831
279 477
207 383
997 335
739 993
987 624
975 619
730 283
782 845
927 694
759 531
519 677
142 696
960 373
544 75
93 976
159 858
869 223
976 177
610 201
661 718
810 629
352 336
275 501
609 339
669 134
304 57
147 313
118 177
887 343
404 297
813 888
480 857
491 337
4 746
84 243
379 291
781 377
998 898
861 240
603 657
518 307
9 363
826 236
846 432
661 631
449 753
570 452
914 43
572 469
943 667
648 95
261 496
892 684
89 585
48 180
989 518
375 499
682 547
394 51
458 959
671 255
185 77
566 792
234 442
198 485
835 148
591 794
389 898
788 72
667 997
217 844
889 374
318 946
576 461
370 950
603 605
86 61
163 629
600 697
787 998
702 456
662 341
720 274
128 993
323 261
766 23
135 228
587 845
147 207
548 75
23 707
464 772
739 657
739 75
765 431
705 238
577 623
271 52
571 534
447 394
520 591
825 591
85 661
893 755
851 323
951 307
847 616
231 289
69 160
291 302
447 709
798 599
752 166
58 666
948 546
719 775
28 219
136 81
673 863
253 375
846 3
613 320
771 882
510 553
582 845
187 69
355 300
854 181
825 620
58 705
