1000 389 77
386 4
703 2
923 5
427 4
967 10
157 2
560 2
647 9
615 9
13 8
107 1
687 4
727 8
500 4
827 8
557 3
714 7
820 10
717 10
536 7
849 6
139 9
279 1
261 10
599 5
195 1
852 3
927 6
138 5
768 1
705 1
198 1
195 4
597 6
782 8
679 9
337 10
239 10
997 10
553 7
685 2
454 7
176 2
230 3
813 9
224 9
988 8
409 8
833 8
698 8
589 8
428 7
273 2
342 2
553 7
732 3
526 4
826 5
970 4
911 9
853 10
74 1
862 2
224 8
335 3
461 5
348 6
388 6
400 10
344 2
86 5
371 1
116 10
617 1
508 2
924 4
195 6
476 7
799 5
788 5
76 5
644 4
276 8
653 3
772 9
420 9
560 3
144 5
261 2
216 2
623 1
215 9
608 5
321 5
979 4
553 8
765 6
794 3
510 1
388 2
700 8
594 6
41 4
624 7
268 3
167 10
947 6
780 1
818 7
723 10
661 6
455 10
688 3
364 2
325 5
111 1
446 9
65 1
127 8
98 8
232 8
225 6
630 3
606 2
324 4
331 8
654 8
881 5
993 4
125 7
600 9
212 5
393 6
435 1
8 9
675 9
744 3
180 3
948 5
958 10
546 9
653 10
909 5
741 5
754 2
230 6
989 10
250 4
796 8
691 3
223 9
151 10
216 1
472 6
958 8
208 2
868 4
697 8
641 1
303 3
699 3
223 2
266 4
999 2
229 10
663 8
384 7
373 3
590 4
150 6
63 4
364 1
171 5
286 4
382 10
28 7
938 9
816 1
150 1
535 2
773 5
903 2
480 2
227 8
859 1
463 8
662 8
811 5
768 10
924 2
415 4
841 3
815 8
594 9
524 3
860 2
45 9
648 5
884 7
100 8
464 8
125 5
1 6
316 9
812 9
708 10
898 6
962 9
3 9
353 9
37 3
283 6
166 2
340 8
577 4
494 7
144 10
679 9
260 3
903 6
79 2
454 4
411 3
206 1
369 8
472 4
217 1
54 3
129 7
393 4
743 7
846 2
514 9
802 10
373 6
308 3
220 10
79 6
479 4
256 8
185 4
519 6
863 8
629 9
311 6
993 6
621 10
138 3
527 5
919 5
317 9
76 5
432 4
178 9
559 7
556 2
672 7
800 5
655 8
900 6
338 8
596 1
435 5
511 1
853 3
325 5
234 3
143 6
21 6
45 4
1000 6
854 5
584 4
996 1
3 1
257 2
58 5
143 9
299 5
942 5
801 9
225 10
652 1
904 10
194 10
846 2
958 5
260 1
310 5
69 8
668 10
803 6
610 8
760 3
536 6
922 2
70 8
824 4
290 9
78 3
104 10
855 9
840 3
553 9
299 2
537 10
265 10
548 1
872 5
460 2
631 3
921 5
961 7
780 9
378 4
319 5
354 7
65 8
60 3
42 9
242 2
829 4
393 8
104 5
449 7
632 1
553 5
82 7
646 6
840 4
881 10
670 9
693 5
523 7
143 2
661 1
529 1
508 6
748 5
548 1
234 10
592 3
628 3
415 2
356 5
613 10
966 8
307 6
907 1
674 5
162 3
409 1
485 8
359 4
720 2
457 7
154 1
844 4
279 8
133 3
50 8
385 10
510 9
949 7
367 1
258 3
775 2
545 2
246 1
966 7
328 8
588 1
874 7
881 1
475 10
180 5
426 5
813 8
663 3
648 8
529 5
310 5
500 7
319 4
821 6
787 3
539 3
128 10
124 10
494 7
791 9
66 9
712 5
314 5
764 2
198 1
845 1
595 4
789 9
456 9
839 10
757 4
33 8
331 3
390 2
275 6
465 6
607 8
703 1
202 2
530 3
358 1
912 2
543 6
80 6
419 1
916 1
350 9
248 6
884 4
782 8
975 1
975 5
163 3
671 10
128 6
158 9
65 9
625 2
686 7
589 6
164 3
381 3
395 1
111 2
785 1
763 1
954 10
436 9
719 7
179 2
18 7
477 9
140 3
357 5
176 7
631 3
134 3
782 9
360 8
756 9
747 9
312 6
170 8
613 1
131 4
262 2
785 7
669 3
196 10
407 2
984 8
217 9
340 9
305 4
609 1
723 6
386 10
58 1
978 7
150 4
175 5
326 10
562 2
122 8
493 3
705 6
786 5
342 2
2 4
108 10
635 9
644 6
366 4
483 8
991 7
450 10
454 1
220 10
9 9
889 9
401 3
730 10
670 2
172 6
908 10
311 9
750 1
301 3
638 8
407 9
80 7
169 10
230 1
931 4
256 7
675 4
679 10
827 3
689 2
54 6
635 10
975 7
797 4
522 3
390 5
753 2
75 2
386 2
910 9
18 9
157 4
54 6
488 1
200 1
759 8
643 9
155 1
690 8
886 7
110 4
426 6
723 7
321 4
610 4
569 4
62 9
470 1
659 4
343 8
804 2
519 3
202 3
85 3
458 1
675 3
179 3
319 7
393 4
898 10
59 2
22 4
7 4
65 9
341 4
443 9
274 10
158 2
789 2
807 1
412 6
504 7
793 6
930 9
427 6
676 9
445 9
651 3
781 8
310 6
495 5
723 6
37 1
800 9
857 6
965 6
410 1
947 7
831 1
796 7
138 1
43 3
698 6
175 3
769 7
183 3
197 8
6 10
308 8
266 2
406 9
174 10
142 5
443 8
72 10
486 9
251 3
700 4
242 10
651 3
384 7
518 3
26 8
196 3
433 4
801 6
952 7
400 6
550 10
907 10
416 4
729 6
939 1
564 6
665 9
481 8
383 2
942 7
719 3
456 5
792 6
448 3
62 6
402 3
139 8
678 7
866 4
739 10
414 3
571 9
173 4
77 5
91 4
488 5
476 8
41 9
348 5
127 1
523 1
224 7
468 1
406 5
613 2
158 6
665 10
579 1
214 1
240 7
629 2
25 2
577 2
988 9
272 2
765 1
328 6
927 10
338 9
33 1
888 6
600 2
40 7
138 6
461 5
103 2
275 1
622 2
802 4
669 2
827 3
761 6
85 5
439 9
558 5
860 10
619 5
873 9
84 8
600 8
338 10
507 9
989 9
266 5
119 5
946 7
135 1
381 5
624 8
981 2
776 8
250 2
495 8
629 2
749 6
877 1
891 10
541 5
305 10
823 8
704 2
414 8
774 7
534 2
797 9
517 1
264 3
207 8
325 3
262 1
198 8
259 6
376 10
570 4
2 2
874 4
926 9
196 3
861 2
27 6
241 4
791 3
450 10
377 8
872 4
19 6
211 2
281 7
939 7
1000 2
526 6
442 2
24 9
220 5
728 10
60 8
174 8
343 2
488 1
222 8
889 10
701 10
200 2
844 9
210 8
530 9
910 3
743 10
892 3
685 10
949 7
577 5
47 7
5 1
511 7
757 3
244 5
512 8
457 5
272 3
452 3
427 5
633 8
719 7
206 10
293 6
25 1
728 6
103 6
199 2
641 4
761 2
583 4
500 9
885 4
655 8
370 5
162 3
133 1
513 3
289 2
926 6
736 8
821 4
587 4
949 10
459 10
907 6
222 4
955 2
838 10
905 1
501 2
621 4
195 1
939 4
536 6
162 5
35 6
975 3
264 5
172 10
237 9
969 1
611 4
815 1
181 6
683 3
162 3
734 2
849 4
321 10
540 1
646 1
764 1
937 5
741 9
719 8
263 3
602 4
937 3
408 10
355 3
939 1
688 4
658 5
699 7
629 5
493 1
288 5
698 4
253 7
836 7
309 4
257 4
911 7
794 4
77 1
152 9
927 10
507 2
947 1
391 6
580 9
760 5
873 7
637 3
772 7
949 7
804 3
823 3
383 8
625 7
845 3
754 9
486 6
805 7
935 4
460 3
803 4
628 4
142 9
788 5
895 2
848 9
969 5
707 7
357 2
412 9
611 10
249 10
689 5
767 7
840 1
350 10
547 6
725 6
57 6
282 1
967 5
419 2
671 1
63 1
265 10
867 7
675 9
644 3
673 9
839 2
560 1
21 1
962 4
93 10
973 4
86 8
875 1
260 1
502 10
140 10
121 6
996 3
305 3
939 9
492 6
338 1
63 1
432 5
811 8
387 3
196 3
515 5
685 8
236 7
599 1
454 8
222 2
350 2
83 9
33 9
138 4
107 2
451 1
382 7
516 10
191 8
387 9
651 4
542 10
573 5
709 7
851 3
247 9
601 4
230 8
439 9
845 2
608 9
822 8
325 10
955 3
967 9
326 10
728 7
334 7
695 7
201 9
920 5
38 2
334 1
241 4
411 2
317 10
890 9
560 5
680 4
850 9
530 6
836 1
132 10
232 1
241 9
572 4
564 7
406 4
109 9
740 3
199 7
987 6
579 10
245 7
466 5
565 8
294 10
857 1
730 1
159 6
28 7
3 6
610 10
840 8
119 1
745 4
91 7
990 8
676 6
782 6
501 5
261 8
417 4
50 4
5 4
18 1
922 9
216 8
805 8
858 1
814 1
601 10
814 1
545 2
228 6
244 1
530 128
751 442
147 962
882 632
561 257
562 297
868 986
192 61
197 616
771 117
612 820
155 299
759 644
276 285
255 180
783 498
402 250
230 292
894 762
726 724
761 978
591 494
739 981
840 776
435 105
829 137
825 142
272 771
305 350
939 266
712 342
39 101
214 991
288 519
975 32
139 349
423 115
24 104
488 413
580 843
264 776
152 466
417 600
296 709
576 715
465 226
408 71
725 586
968 819
829 218
481 905
779 965
789 112
118 764
760 592
669 881
258 503
642 804
980 550
349 818
473 322
151 656
848 571
372 3
84 170
676 709
453 28
900 870
689 690
731 696
126 316
733 797
727 411
629 676
97 717
689 618
500 28
