1000 337 632
352 7
572 10
257 5
540 4
62 6
207 7
820 5
151 4
706 1
613 10
203 5
79 2
749 3
6 9
198 1
770 10
609 1
68 4
392 8
873 1
832 5
782 10
631 8
731 3
635 3
124 3
13 3
76 6
495 5
436 10
228 10
83 5
364 7
981 8
512 4
723 3
14 7
829 6
662 1
293 1
582 9
186 9
22 3
602 2
415 8
14 10
38 3
449 8
5 5
382 2
989 7
24 10
580 7
241 1
762 2
554 8
910 4
391 1
510 8
480 5
429 3
527 8
438 2
474 2
93 1
207 3
964 6
238 6
163 4
854 2
241 1
133 8
635 2
379 7
421 8
13 8
381 3
573 1
538 6
921 2
366 1
115 10
29 10
442 5
978 8
138 1
600 9
876 4
700 2
809 9
916 3
746 10
263 6
123 5
755 9
837 8
930 8
968 4
307 6
368 2
145 10
326 4
907 5
811 10
65 10
987 8
208 5
990 10
231 8
558 7
322 1
45 4
705 4
344 10
876 3
946 3
193 1
526 2
229 1
74 3
253 4
433 2
301 8
929 7
753 1
459 8
103 3
136 3
656 9
789 7
386 10
241 8
945 9
665 10
524 4
599 3
484 9
718 1
76 8
43 9
455 2
690 8
562 5
910 2
884 3
784 3
61 8
89 3
669 5
56 6
267 9
52 6
633 6
598 8
962 2
556 10
433 4
716 8
759 2
192 3
617 2
811 1
487 7
272 10
804 5
128 1
302 3
250 8
312 10
482 1
125 3
320 8
874 3
690 10
848 6
55 10
191 1
462 2
172 4
538 3
176 6
413 3
848 5
148 10
732 9
39 8
886 4
651 5
155 3
619 4
685 1
214 1
625 9
429 6
835 1
919 5
876 6
559 7
201 7
616 4
561 2
218 3
893 2
528 10
530 9
266 6
535 3
695 6
997 9
941 1
730 3
130 9
10 6
652 5
740 10
466 6
451 1
407 6
158 7
500 10
51 6
346 5
522 1
830 5
733 6
552 1
291 9
420 9
72 5
534 7
799 10
974 1
824 3
638 8
556 2
375 9
319 9
651 10
436 4
276 9
275 4
847 8
131 7
636 3
484 5
607 5
461 1
12 8
137 2
547 1
572 10
17 4
554 9
287 2
469 6
469 8
886 9
750 10
644 5
715 7
596 1
847 2
347 1
779 5
315 1
324 5
743 10
524 9
191 3
42 1
288 8
847 5
303 1
488 1
503 2
366 4
795 3
629 5
902 5
566 8
709 5
44 4
119 4
39 10
250 9
3 9
655 3
379 2
162 7
946 5
823 10
999 3
329 1
227 3
49 4
839 4
145 7
539 4
627 7
164 8
555 2
497 7
132 3
987 1
663 5
126 5
219 5
294 7
513 7
916 3
515 6
422 5
29 6
2 10
63 3
844 3
164 5
37 8
757 4
648 8
507 3
424 4
342 9
141 7
787 7
100 2
611 5
955 10
936 2
615 3
740 1
729 5
510 7
295 5
349 1
201 2
101 2
480 4
129 5
205 3
147 6
979 3
259 5
866 7
233 3
287 1
620 10
727 10
49 8
705 1
541 1
232 4
470 6
904 5
275 3
725 1
196 3
662 8
635 8
845 5
13 4
311 10
949 4
161 9
408 7
129 6
266 5
237 3
975 4
530 1
826 3
373 10
217 5
513 4
754 6
501 7
245 7
611 3
155 7
788 6
5 6
97 10
774 4
117 4
848 6
79 1
56 7
990 1
256 5
45 2
544 9
600 3
510 1
886 10
702 4
999 6
387 6
249 1
918 9
924 8
675 1
67 2
583 6
248 4
288 5
421 2
283 4
628 8
505 4
283 4
560 5
572 1
964 10
871 8
277 7
237 10
527 5
429 5
465 10
456 7
614 1
929 9
496 3
839 2
756 10
566 7
100 3
582 8
493 8
952 2
944 5
933 1
201 4
844 10
172 4
669 3
98 2
386 5
182 8
243 8
795 4
296 10
864 3
299 10
324 2
48 10
873 2
174 7
719 2
577 1
292 6
376 10
779 5
294 9
666 2
319 1
101 3
215 9
544 5
453 1
122 7
21 4
271 1
456 4
475 8
398 6
733 9
679 5
603 2
360 2
78 7
476 6
11 9
414 5
326 9
43 10
973 9
675 4
625 7
618 9
745 6
262 5
241 8
240 6
331 4
555 9
586 8
667 4
951 4
688 4
757 9
19 2
81 9
905 5
959 1
631 10
192 6
276 1
205 1
578 5
275 7
246 1
872 8
310 10
188 9
463 9
934 6
380 8
4 7
843 8
718 9
980 10
471 9
897 1
518 8
703 3
563 9
213 2
974 6
894 6
578 9
236 4
987 3
669 5
972 2
802 4
475 3
709 1
645 8
420 3
729 6
623 5
88 2
172 3
466 4
537 9
710 6
438 4
620 10
463 2
777 3
509 2
563 2
486 3
60 5
724 2
150 9
675 4
174 2
354 1
806 9
546 8
782 5
129 8
85 2
479 10
842 7
832 2
390 3
546 7
239 6
61 4
171 2
372 5
524 5
249 1
905 5
648 6
269 7
403 7
482 2
502 7
703 7
689 2
432 7
65 10
869 5
833 3
582 8
348 7
837 6
141 8
415 10
626 8
975 5
783 2
402 3
143 1
964 4
538 10
68 7
461 5
644 5
636 8
913 2
497 7
611 7
52 5
922 5
598 1
59 3
468 5
252 6
985 6
801 3
56 2
891 3
582 9
277 4
410 7
684 1
810 2
674 3
151 6
595 8
299 10
746 3
697 8
777 2
388 2
814 6
497 10
507 8
51 8
394 5
456 4
132 3
58 1
326 7
669 2
479 7
735 7
995 8
436 8
74 10
176 7
340 8
735 8
852 7
980 4
585 1
791 3
894 7
623 7
874 1
407 6
49 1
904 10
573 6
417 10
838 9
731 8
606 6
415 9
67 10
58 8
409 6
993 7
94 10
735 7
614 10
35 6
715 2
880 1
955 1
731 5
271 4
728 6
318 9
43 5
521 2
83 1
788 9
207 3
789 1
786 10
632 7
775 3
747 1
618 3
421 10
786 8
120 9
181 3
758 10
440 10
55 10
460 4
126 5
61 5
158 4
66 6
151 3
640 10
927 4
743 1
290 6
942 10
277 6
564 9
165 8
223 3
676 3
472 4
349 5
410 5
297 6
335 5
800 1
657 9
422 2
217 1
554 3
499 7
548 8
735 5
212 7
298 9
932 8
651 1
419 7
496 3
824 7
735 1
953 10
372 9
653 10
466 4
39 8
745 9
684 3
775 7
850 6
791 8
267 9
3 3
686 3
764 8
299 3
989 6
797 2
767 2
442 7
996 2
82 1
119 1
81 10
118 4
18 6
687 2
730 2
211 1
57 3
384 5
944 6
393 6
200 5
707 1
555 7
692 10
585 4
572 8
312 9
945 1
360 4
755 6
482 4
669 3
281 9
430 7
768 6
748 9
941 10
418 2
875 9
621 10
850 7
266 6
570 8
341 9
8 2
562 10
493 9
338 2
563 5
794 8
422 6
606 7
661 2
767 2
664 2
134 7
377 10
467 1
46 9
630 2
573 3
643 2
810 5
676 10
63 6
928 4
553 9
735 10
642 8
813 10
242 6
130 6
222 5
955 1
456 8
826 4
316 4
293 8
86 2
412 5
117 1
798 1
950 9
574 5
829 3
821 7
303 2
791 8
280 9
49 5
496 6
775 3
10 6
802 8
376 3
304 7
90 4
694 5
654 10
310 4
952 5
907 5
771 1
655 9
348 3
839 9
52 4
943 1
101 6
836 8
800 5
717 5
668 6
252 6
978 3
952 3
445 6
584 8
554 3
246 8
868 8
578 9
995 10
265 1
830 4
891 4
809 9
388 7
93 1
435 4
655 2
21 5
531 4
5 2
259 9
870 3
748 6
288 5
522 4
227 10
209 3
516 10
663 5
539 4
834 1
895 10
735 8
212 7
124 1
485 9
587 5
777 8
539 7
43 1
130 1
637 10
512 3
44 8
724 8
687 3
370 3
377 4
143 2
376 6
172 8
150 1
236 10
649 4
624 6
720 3
151 1
144 1
79 3
447 6
238 3
554 9
554 5
413 8
692 2
376 7
975 3
305 4
213 10
769 3
732 9
41 2
691 7
94 3
279 10
591 9
641 4
301 4
134 10
836 2
933 8
828 9
35 3
849 6
759 6
535 9
814 5
516 2
670 2
193 8
765 9
146 4
586 1
433 5
549 4
350 1
30 10
666 3
347 8
384 9
1 7
154 4
410 9
362 1
966 9
39 5
283 2
306 8
790 6
573 1
998 3
732 9
267 8
870 8
414 6
962 8
649 7
29 7
346 4
97 3
189 8
196 2
950 4
43 3
510 5
177 3
733 1
738 8
964 4
725 5
565 5
623 8
630 6
401 2
812 2
406 7
712 2
62 4
42 6
212 5
716 3
423 7
493 7
326 10
249 8
326 4
718 2
630 8
23 8
333 1
504 975
730 30
867 31
138 193
936 229
373 806
69 338
697 791
250 28
975 885
612 850
896 152
528 436
246 744
950 410
577 24
894 81
111 788
768 500
32 899
97 174
188 155
663 620
63 170
237 61
890 716
625 824
678 520
581 246
756 658
940 759
481 818
639 61
956 708
46 750
392 153
350 1
27 191
333 948
199 847
674 893
599 428
397 667
236 709
523 959
991 179
584 762
846 199
846 227
459 839
113 849
14 968
671 54
657 691
340 149
658 627
606 92
744 741
644 4
336 351
924 757
679 994
550 182
932 572
184 665
274 211
782 790
573 909
955 771
779 838
203 376
293 119
423 973
744 826
898 187
118 46
742 979
197 713
635 559
875 741
232 955
124 416
793 650
9 214
658 834
726 625
40 423
902 227
528 741
674 529
259 448
155 968
450 739
334 979
388 430
75 919
505 586
31 336
181 392
387 401
120 918
31 498
583 208
486 871
670 525
439 354
8 305
62 282
969 174
378 797
552 881
326 833
471 610
11 10
623 670
853 765
139 779
279 758
997 755
42 278
255 443
673 320
425 753
118 175
215 105
503 153
931 660
507 211
343 718
99 61
707 325
867 462
679 726
714 510
320 472
412 49
674 756
424 630
959 80
674 536
790 120
653 158
947 283
875 565
361 33
105 541
79 694
311 181
371 625
622 164
197 989
518 457
441 64
222 881
128 219
492 153
334 640
565 742
553 734
241 678
202 642
133 622
572 245
286 827
960 607
743 914
368 547
718 398
64 707
8 106
499 430
429 781
532 190
837 648
362 149
317 761
157 96
998 910
425 381
964 190
808 687
275 642
744 7
192 915
645 637
984 670
702 157
470 551
344 615
572 699
832 330
597 770
624 299
666 693
47 506
190 856
541 159
564 407
594 560
48 981
841 535
430 557
876 270
582 116
159 406
174 715
274 817
874 384
30 738
817 45
788 686
753 652
840 102
159 983
161 475
253 851
662 275
378 429
539 821
985 406
130 632
126 890
35 160
687 276
423 840
295 208
892 764
799 673
783 671
112 75
49 907
638 296
485 311
10 353
291 485
714 5
499 339
638 22
209 107
152 653
787 428
771 369
360 385
549 90
582 834
206 675
353 824
532 501
987 260
597 509
940 414
812 748
542 10
839 16
27 83
284 74
395 143
635 454
193 477
580 425
991 483
273 703
635 83
379 397
765 121
936 934
806 896
224 776
229 665
980 137
689 846
892 767
167 876
339 146
708 572
380 385
976 375
309 198
197 224
689 394
130 254
262 1
86 320
981 176
348 150
201 268
482 350
491 874
934 23
555 601
734 150
372 681
963 529
126 896
896 165
639 983
691 358
190 660
298 749
27 125
347 388
972 542
919 404
237 321
45 881
374 450
464 696
965 889
52 77
900 141
923 76
13 583
502 138
540 423
244 292
221 135
165 770
412 636
35 715
518 458
488 927
339 720
905 138
782 552
436 914
919 236
948 868
532 953
47 457
272 636
72 923
668 808
735 79
17 516
30 286
13 347
235 383
717 822
295 47
641 245
62 959
646 966
586 885
596 461
292 103
716 346
962 59
74 877
320 202
514 890
777 688
604 297
919 927
288 474
424 770
629 762
925 528
569 180
164 343
477 971
832 579
427 121
385 351
793 52
484 908
917 416
511 703
421 778
719 907
67 406
716 9
35 580
324 950
529 806
790 526
585 428
963 705
241 210
129 652
730 310
338 543
701 12
970 211
165 353
975 993
696 929
99 208
191 119
149 988
859 289
983 93
307 321
43 126
615 446
779 908
632 393
287 853
469 14
793 135
159 403
801 180
576 382
293 815
176 940
633 390
380 589
87 805
327 492
721 658
239 346
2 415
419 564
662 431
677 171
450 496
224 371
912 179
699 541
427 852
94 615
365 292
219 969
358 648
884 815
16 444
928 168
595 849
147 209
578 919
465 499
171 296
512 875
94 427
884 549
276 405
330 137
222 558
645 233
717 602
28 212
456 198
387 531
663 53
832 669
273 475
862 479
54 51
404 751
819 276
741 379
368 455
137 975
683 215
12 110
505 147
525 71
72 824
967 718
154 135
865 421
486 273
318 98
116 338
869 820
717 97
758 956
769 170
699 305
270 775
647 411
846 927
142 608
946 979
676 101
169 924
117 304
302 179
301 59
45 316
254 219
291 323
167 527
76 218
521 480
401 687
648 573
57 25
996 686
70 511
257 656
200 226
485 267
768 259
14 80
3 289
332 443
816 408
161 687
710 126
606 589
757 53
761 320
902 364
381 368
243 792
177 403
7 777
666 246
700 78
745 953
116 353
183 282
282 394
378 267
487 222
299 566
212 574
420 780
624 749
555 660
512 578
12 308
216 10
613 823
624 737
784 739
245 347
837 288
561 653
498 315
313 557
468 958
670 388
701 278
998 19
304 376
912 970
951 271
737 188
985 409
339 126
935 126
983 636
625 519
470 27
32 104
682 642
737 587
916 387
815 745
929 20
507 794
557 854
453 980
626 349
455 640
542 78
109 948
572 164
632 19
408 569
575 286
716 366
14 165
26 947
909 516
605 566
295 372
735 844
570 696
630 28
55 728
717 360
544 143
261 425
534 284
458 208
158 856
23 730
270 253
550 208
281 696
808 652
237 842
13 295
783 671
56 894
488 537
965 216
743 984
536 387
210 140
430 912
135 305
335 215
296 752
124 116
931 5
594 6
965 473
776 943
987 58
603 533
629 39
890 363
462 506
960 591
347 629
316 313
210 309
222 248
934 166
164 350
808 446
105 946
602 263
315 971
826 409
767 312
274 333
32 368
465 759
346 943
677 459
591 11
111 583
994 344
118 13
645 139
699 308
399 478
439 825
