1000 674 0
624 6
370 6
196 5
806 9
707 3
617 7
937 3
528 3
995 4
296 10
136 7
886 3
895 8
267 1
397 9
34 6
450 6
626 6
378 8
334 1
106 3
724 2
120 1
941 6
324 1
34 10
415 10
986 3
753 1
118 3
70 8
462 3
676 8
935 9
886 7
286 5
914 3
695 2
820 8
610 7
612 5
85 6
106 9
602 8
15 7
457 4
180 8
40 4
163 4
56 4
739 8
15 10
183 8
627 8
657 1
622 7
807 4
975 3
960 8
406 6
165 4
882 1
990 8
811 4
119 5
831 4
786 5
937 2
962 10
552 1
15 8
374 4
943 5
413 3
456 5
900 5
297 8
538 10
319 2
682 6
620 1
860 1
388 6
732 5
802 1
732 4
231 6
900 2
245 7
481 8
71 1
919 6
631 9
751 3
995 7
901 10
473 9
108 2
424 10
314 1
797 6
387 5
5 10
60 9
185 7
533 4
429 4
62 8
900 4
691 6
81 5
806 2
750 1
53 5
56 4
466 7
693 9
953 6
840 8
93 4
622 8
790 3
793 10
953 5
809 9
251 2
682 9
436 10
871 4
676 1
500 1
117 2
638 8
431 6
680 9
554 8
908 7
350 1
561 10
239 9
294 4
515 9
872 4
574 3
757 4
86 10
485 9
760 6
29 1
445 1
661 6
563 6
727 2
765 7
469 10
926 9
119 4
891 10
160 7
985 5
470 6
34 10
591 6
93 8
130 4
387 2
887 6
325 9
248 10
921 10
511 6
299 2
776 8
87 2
13 8
495 2
753 6
675 8
61 4
838 4
767 7
772 7
930 6
254 6
467 6
339 6
617 6
359 2
69 6
667 6
234 5
115 1
172 4
384 4
609 7
886 5
184 4
426 6
629 5
145 10
566 5
907 6
250 9
359 10
280 2
396 10
304 8
292 5
628 5
581 8
68 10
226 9
954 2
359 1
547 2
541 5
556 5
876 3
828 9
693 7
231 9
389 10
285 5
565 1
753 4
843 8
704 6
819 10
132 3
294 7
661 7
615 5
713 6
993 5
689 7
529 2
338 2
110 10
285 2
654 10
10 10
102 2
341 2
204 6
872 5
139 9
411 1
690 6
51 2
374 4
358 6
811 10
130 3
726 5
95 7
713 9
302 6
279 1
592 6
799 6
754 2
416 5
468 9
475 1
652 8
482 10
967 10
946 8
443 4
567 4
155 2
210 4
784 3
243 3
131 4
551 10
176 1
558 8
301 1
251 7
100 9
557 7
103 6
625 3
191 7
429 3
267 4
853 8
476 1
889 5
229 3
134 7
180 8
654 10
593 9
31 8
182 7
605 7
322 9
155 4
516 9
160 6
224 8
775 10
650 2
442 2
612 5
857 4
764 5
219 9
916 3
914 7
146 4
344 5
715 5
277 8
383 3
39 6
705 6
490 4
159 4
416 8
650 4
293 3
645 6
421 5
296 2
237 4
934 3
305 2
1000 5
486 8
192 10
676 4
189 7
92 6
969 3
939 5
851 2
901 6
332 6
813 6
173 10
263 2
355 5
578 3
721 9
158 2
41 3
455 7
407 4
173 1
987 9
906 3
597 3
587 4
330 8
694 4
517 7
301 5
416 2
765 9
740 6
726 1
882 9
925 10
846 4
470 8
581 5
260 4
964 1
827 4
12 8
619 4
724 4
439 4
929 2
519 1
296 4
443 9
859 6
67 10
683 6
765 4
483 7
323 6
125 2
877 9
971 5
530 6
820 4
356 9
975 9
660 3
61 3
165 5
948 7
832 9
165 9
617 6
794 7
396 2
409 3
580 6
988 1
331 4
868 2
276 6
792 1
28 6
852 8
675 10
191 7
752 9
443 2
84 4
375 9
57 2
408 1
862 1
656 10
868 2
617 9
903 10
445 7
441 1
314 5
824 7
662 8
337 8
601 9
436 9
471 10
134 4
759 6
646 3
535 3
756 2
393 8
292 10
419 8
395 3
229 2
436 2
438 6
230 5
565 2
10 4
263 4
338 5
562 4
492 10
931 5
183 7
594 4
770 7
480 2
410 9
871 5
318 5
857 2
503 3
512 4
808 10
598 4
193 7
277 1
3 3
906 5
601 3
301 8
925 7
664 10
213 10
128 3
384 3
204 2
542 2
416 10
612 9
769 8
639 5
479 1
575 6
773 10
958 10
543 7
375 4
287 6
815 8
92 3
194 6
571 9
903 3
946 1
996 2
249 5
823 4
825 10
389 10
572 1
842 9
399 4
335 4
10 8
619 2
540 10
77 9
204 2
108 2
664 5
520 9
894 4
996 10
902 2
487 6
166 8
4 5
788 8
388 9
167 10
502 5
795 4
971 8
903 5
170 6
970 6
637 5
459 3
398 1
291 2
326 10
572 2
413 8
432 9
485 5
57 7
912 5
807 10
958 4
482 2
527 1
662 9
432 6
564 3
399 10
851 5
504 4
26 3
383 6
63 9
189 7
512 1
189 9
90 8
779 3
36 10
503 7
11 9
587 3
573 3
236 5
918 10
361 4
736 4
176 1
497 8
443 10
451 7
629 4
86 8
507 2
901 10
21 10
424 10
22 4
522 2
847 7
421 2
695 7
462 5
256 8
486 4
571 6
792 6
80 9
774 1
639 1
550 4
869 2
806 3
987 3
180 8
497 2
25 8
353 8
272 8
300 2
188 2
180 1
518 10
706 8
864 2
761 6
112 7
33 1
788 10
952 2
368 2
992 10
212 1
38 8
342 8
549 5
38 6
442 10
892 1
901 3
348 9
434 7
322 1
305 6
586 2
824 1
409 6
57 10
150 9
422 10
260 1
161 3
368 10
865 1
324 7
298 4
982 7
122 6
966 2
179 3
327 10
132 1
538 2
16 2
22 7
752 10
222 8
784 2
800 8
176 1
538 9
552 10
698 2
166 6
173 7
766 2
573 3
745 6
293 4
108 10
42 5
114 4
120 6
544 7
909 7
795 1
795 5
393 10
920 9
810 8
450 9
410 4
687 3
67 9
380 8
495 3
363 10
219 8
564 4
83 7
225 9
215 6
168 7
871 1
947 5
234 10
149 3
553 6
532 6
987 7
53 8
267 8
855 2
814 3
264 5
626 4
882 9
231 2
886 5
877 10
240 6
630 3
961 8
669 3
641 5
169 4
152 8
617 10
536 1
679 6
490 5
919 7
714 8
731 6
290 5
431 7
746 6
846 6
25 4
575 8
528 10
994 4
578 7
646 8
199 9
139 9
548 2
606 6
867 8
524 10
469 2
196 1
599 6
793 2
594 7
283 2
975 5
867 7
286 3
17 1
313 3
762 7
238 3
484 10
857 4
681 6
932 8
762 6
770 5
122 2
994 4
278 10
510 5
569 3
374 4
119 7
454 3
391 6
415 1
208 7
410 2
120 4
902 4
522 4
507 5
196 3
948 2
436 2
680 1
648 3
416 7
551 8
708 10
912 9
273 10
216 1
295 3
587 7
427 2
60 10
593 8
53 1
749 9
640 4
231 8
69 6
811 1
117 8
922 5
320 10
731 6
462 2
606 10
987 10
793 3
852 9
846 2
530 9
506 1
960 5
623 5
314 3
573 7
621 9
179 7
352 3
154 6
355 9
217 4
170 7
927 1
469 1
562 5
244 4
483 6
534 5
313 6
270 8
186 4
500 2
924 2
128 8
207 1
131 9
647 4
201 2
141 9
801 4
788 2
248 3
940 1
485 10
640 5
805 10
827 8
496 6
32 2
288 10
245 7
201 9
129 4
263 7
401 9
401 1
131 4
819 9
497 5
579 7
368 6
963 8
437 2
5 1
41 3
478 7
942 3
636 4
664 6
118 9
580 8
980 5
62 10
476 6
907 8
647 3
206 3
77 8
396 9
377 8
271 9
891 1
925 7
885 6
709 7
291 3
345 8
509 2
854 2
850 7
244 1
61 2
93 2
644 4
146 8
637 8
625 6
293 5
483 8
35 7
648 3
830 5
200 7
507 4
501 7
53 1
536 9
336 8
635 6
797 3
907 2
350 4
110 8
38 10
285 10
637 2
67 3
222 7
288 9
862 9
753 1
444 5
579 6
424 10
900 5
22 4
415 9
491 1
857 5
659 5
679 3
244 1
790 9
513 2
180 9
642 5
92 6
222 4
203 6
106 8
243 4
233 1
776 7
627 6
161 5
350 8
745 2
667 6
697 3
768 3
52 5
876 6
892 4
596 5
568 8
821 7
341 6
950 5
128 8
859 8
811 5
611 1
160 8
594 7
178 4
809 1
489 6
630 9
307 6
788 10
983 10
409 7
44 10
52 4
318 10
367 4
68 7
947 6
543 3
688 2
564 3
35 10
778 1
985 6
135 3
491 2
400 7
517 10
591 10
40 9
227 6
306 9
345 6
281 5
804 3
932 6
148 4
816 10
585 7
111 8
988 4
837 10
844 10
294 8
38 1
859 5
267 6
187 7
114 1
57 8
269 7
554 3
298 6
875 10
