1000 342 630
455 8
981 1
143 1
291 6
584 6
319 10
546 2
14 7
890 10
895 3
479 10
544 3
480 3
820 8
773 9
157 4
936 9
937 10
66 5
535 6
191 10
886 5
322 3
306 7
628 4
203 3
197 5
534 6
252 6
539 3
391 3
36 5
317 6
642 1
601 2
663 8
410 6
648 7
854 2
907 1
57 9
895 10
453 8
390 9
594 10
707 6
472 7
932 6
542 5
240 8
520 5
895 8
585 8
206 10
174 7
619 9
831 10
699 2
682 4
573 4
139 6
142 6
203 2
943 2
990 10
985 5
821 3
305 7
163 9
739 8
488 2
906 5
987 3
205 2
621 8
376 1
341 6
938 4
104 2
200 10
127 5
751 7
523 6
400 2
7 7
255 1
707 3
378 6
639 8
24 7
307 6
324 3
95 6
416 5
762 10
187 2
602 3
927 7
388 2
716 5
106 4
663 9
854 5
603 10
151 7
287 8
504 6
329 5
910 3
479 2
583 6
160 7
952 1
728 3
303 2
191 10
770 4
597 9
522 5
854 2
105 2
123 1
591 9
961 2
776 1
926 3
190 6
193 5
750 9
181 8
287 6
826 8
68 4
784 5
34 1
612 7
916 3
663 5
345 8
984 9
146 8
193 1
151 9
800 5
188 10
663 3
164 8
39 1
636 3
668 5
806 1
192 4
434 1
212 10
66 6
98 1
901 6
14 8
289 9
392 6
225 3
583 7
991 9
836 9
903 7
91 10
807 5
891 8
595 2
358 3
956 6
113 3
57 3
345 5
172 8
29 8
126 9
436 1
776 2
598 8
83 3
240 4
403 8
388 9
657 1
528 7
653 8
241 4
804 6
654 6
553 7
780 1
331 3
986 10
178 8
619 9
525 6
49 4
58 6
355 2
158 2
509 7
52 6
263 2
127 6
158 1
335 7
382 5
961 1
123 6
64 1
481 2
221 1
994 1
283 1
968 3
986 3
670 6
954 3
583 8
997 10
602 5
55 3
907 3
749 9
809 10
537 7
906 7
888 2
364 7
867 6
902 1
414 3
576 10
182 2
200 2
509 1
143 3
86 5
287 1
495 4
228 8
47 10
459 2
822 5
930 1
22 9
458 4
883 3
586 2
128 7
996 1
631 4
828 8
554 6
446 7
435 3
345 10
311 3
405 9
560 1
320 1
731 6
712 7
578 1
1000 6
659 10
581 6
23 10
980 3
67 8
148 6
459 1
844 5
805 7
249 6
504 7
420 3
698 7
367 9
972 4
151 8
91 9
462 2
308 4
94 4
687 6
167 5
11 9
261 2
364 3
955 2
296 10
150 9
529 5
11 7
388 3
365 6
187 4
304 10
548 9
186 7
838 4
741 4
533 10
246 2
256 2
684 3
866 8
715 2
43 9
813 9
823 5
642 7
993 8
482 4
368 2
242 5
449 7
729 5
392 3
42 6
153 7
19 9
552 10
240 9
563 3
941 1
581 2
143 3
915 2
989 6
652 9
77 9
468 8
882 6
33 6
457 8
564 8
652 4
622 1
947 9
843 2
507 2
498 8
811 1
209 2
620 6
435 7
667 6
889 10
239 10
685 5
840 6
640 1
229 4
398 4
901 5
726 3
388 7
984 7
627 5
693 5
712 1
520 8
530 9
412 6
989 4
9 3
442 1
387 9
535 6
616 8
305 4
154 9
573 8
505 3
101 7
138 4
366 9
26 1
14 3
294 3
493 10
855 9
140 5
796 4
13 3
257 7
43 9
954 9
350 6
131 5
163 10
309 2
349 6
265 8
603 4
963 9
289 10
590 9
476 4
882 6
382 5
525 8
520 3
417 10
399 4
939 9
113 2
466 7
329 9
384 4
371 5
254 10
160 9
956 3
328 1
764 6
550 2
704 2
371 9
205 4
938 3
931 7
81 6
177 2
866 4
143 6
184 2
25 10
841 4
870 2
207 5
279 3
984 2
213 10
685 10
363 9
831 9
921 8
662 10
792 5
133 2
855 3
858 2
600 2
610 1
840 8
474 8
456 2
138 6
777 4
297 1
275 8
413 3
51 5
18 9
711 2
864 10
913 9
255 2
970 6
427 6
826 4
956 1
243 6
321 6
717 6
293 1
339 6
637 8
557 2
564 9
160 5
160 9
567 5
819 10
123 5
817 10
822 3
430 9
717 9
269 8
856 5
339 6
330 5
993 6
489 6
545 6
658 8
774 6
388 10
324 5
312 4
387 10
275 4
842 1
486 9
260 7
809 10
73 8
91 10
211 7
311 1
11 8
992 5
664 7
597 8
141 6
868 8
388 9
366 6
783 9
47 3
917 4
927 6
902 9
900 3
687 1
898 3
971 8
68 3
719 8
104 7
604 9
365 5
665 10
864 6
200 3
230 9
874 2
148 1
444 8
607 8
425 7
257 3
937 3
694 3
47 3
232 5
999 10
841 10
900 3
502 8
571 3
39 8
100 4
622 7
510 6
742 7
531 4
333 1
469 8
492 8
348 1
133 2
264 8
264 7
130 3
8 2
629 1
418 8
698 10
503 2
465 5
584 8
927 6
426 8
199 5
613 2
417 5
382 10
495 5
160 4
475 7
649 10
321 1
477 2
339 2
132 5
114 10
425 6
590 10
919 6
948 5
729 1
460 10
762 6
698 2
369 3
929 2
836 1
539 8
13 7
570 7
888 1
112 5
77 6
342 10
234 9
877 6
753 4
605 5
399 2
568 4
819 7
209 5
915 4
875 5
469 7
208 8
12 5
637 7
627 5
909 4
418 2
528 7
42 1
740 3
15 8
375 6
835 9
286 1
887 8
321 6
843 9
630 7
409 8
390 10
131 7
431 7
770 7
767 2
210 2
194 10
774 7
452 4
817 8
794 10
894 5
429 1
937 6
30 3
894 7
597 2
305 5
669 3
533 10
213 1
281 8
861 6
625 3
778 5
510 9
777 4
279 9
131 4
987 10
324 7
91 8
713 8
554 9
313 9
866 8
550 4
598 6
471 5
664 10
924 4
561 6
979 8
642 1
247 9
788 10
762 10
134 5
593 4
271 3
759 1
583 7
758 4
697 10
930 4
264 8
570 1
678 7
786 1
505 8
975 10
711 4
930 1
457 8
845 3
794 2
296 10
493 8
204 9
436 9
775 1
77 5
262 6
623 7
562 2
700 4
413 1
572 4
809 4
563 6
436 9
555 6
707 8
128 8
425 9
603 6
163 6
417 2
408 9
603 9
351 3
740 6
463 9
781 5
702 7
631 3
226 2
848 9
855 5
393 7
804 2
789 10
671 1
655 7
592 1
487 10
938 8
374 4
59 5
819 1
736 3
212 5
559 8
135 9
273 9
340 2
626 3
152 2
428 8
860 6
186 9
845 1
57 5
323 9
416 2
988 3
702 8
447 10
630 5
248 4
274 3
920 9
84 2
88 9
988 3
898 7
96 6
192 3
305 5
292 2
894 1
340 1
385 2
408 7
779 9
326 7
217 2
229 6
324 9
637 9
977 1
656 10
224 1
726 4
47 5
169 3
898 10
708 1
569 6
488 7
437 1
500 5
92 2
23 2
132 5
638 5
330 8
767 5
856 9
844 6
893 3
171 4
554 2
888 3
915 2
641 3
532 8
941 10
687 5
856 7
873 3
601 8
485 9
72 9
297 6
134 6
317 9
334 6
840 9
562 4
183 6
438 8
93 9
636 5
891 7
171 2
810 10
199 9
223 10
564 6
753 2
753 7
672 9
633 2
390 4
738 8
68 3
50 1
878 8
327 1
759 1
138 5
909 6
849 5
160 7
540 3
969 3
55 8
330 2
256 10
521 8
842 9
811 7
359 1
309 8
381 4
323 9
762 1
955 10
370 9
307 1
77 9
340 7
360 4
551 4
649 4
260 9
210 2
770 4
712 9
458 1
686 1
569 8
747 2
637 4
73 8
584 6
577 5
978 1
286 8
665 5
433 2
125 6
107 6
366 4
368 7
307 3
759 2
466 1
195 9
423 9
84 3
614 10
256 5
226 9
135 4
687 3
677 5
840 6
731 4
962 8
916 9
655 8
147 5
867 9
252 2
763 3
613 6
574 6
176 5
567 3
244 1
951 10
584 8
720 8
424 9
305 3
777 8
593 4
496 2
529 4
548 9
252 7
387 1
714 2
429 4
762 3
334 6
687 9
380 10
79 4
654 4
200 9
138 2
607 1
837 8
978 6
428 5
734 9
108 1
774 6
952 1
898 7
906 5
299 4
809 5
624 6
913 1
235 1
903 1
235 6
508 4
958 6
980 4
429 8
130 9
671 1
674 7
258 4
147 10
323 1
925 2
62 4
566 7
113 1
531 6
839 6
443 7
538 7
538 7
918 10
209 3
128 1
227 7
102 5
250 1
241 10
197 8
7 8
730 2
721 4
907 5
466 10
454 4
109 9
914 8
345 6
374 3
471 8
998 9
61 5
437 1
69 8
27 4
178 10
511 1
744 3
391 2
948 7
25 8
534 4
139 639
38 245
678 409
488 743
58 407
281 770
946 363
637 275
491 643
238 675
672 580
467 523
74 117
75 954
653 997
110 590
807 213
519 369
771 520
114 997
456 68
464 27
118 209
265 785
212 644
887 503
66 535
885 579
316 324
582 180
577 255
753 17
992 279
201 85
188 838
942 832
786 758
230 204
958 144
702 297
147 924
196 903
444 149
149 318
365 144
417 675
304 982
689 129
338 198
56 204
723 196
276 754
270 697
25 433
120 271
607 841
622 640
695 503
143 637
98 384
653 205
10 543
699 520
931 817
446 822
793 959
360 688
389 500
718 88
96 56
184 609
816 587
992 923
678 1
550 915
995 548
500 884
447 685
232 276
392 538
37 30
536 628
856 142
915 784
972 408
52 190
124 597
237 493
579 484
414 5
361 72
162 374
87 497
316 216
621 489
332 546
546 410
234 85
718 980
443 328
551 930
169 502
426 983
165 114
893 59
296 156
529 968
910 672
590 231
868 284
672 388
205 480
787 490
935 379
255 738
279 198
852 279
128 829
214 619
478 781
771 846
630 548
239 508
97 792
75 861
77 743
53 530
108 995
564 202
216 761
208 748
598 115
664 593
286 158
531 948
738 429
178 127
478 749
912 170
159 153
401 911
550 448
601 383
306 625
474 996
741 215
424 580
238 107
607 466
917 833
279 948
351 951
249 917
807 681
378 581
361 205
186 525
692 729
322 14
940 959
294 184
756 86
910 425
772 909
23 313
155 214
343 73
20 711
729 546
348 6
965 2
422 816
110 904
500 182
250 306
114 7
474 537
875 542
891 1
877 472
545 591
294 236
349 835
437 947
72 197
564 183
79 451
747 7
615 942
988 583
906 166
96 19
261 795
181 655
250 85
772 216
435 703
167 482
157 457
296 203
459 48
375 479
391 210
524 57
787 790
80 225
489 178
702 708
238 385
780 604
822 597
771 777
831 570
375 662
595 503
672 878
342 429
703 833
105 922
890 943
843 58
319 461
491 798
118 80
299 773
961 130
784 122
155 232
457 851
369 552
257 347
125 529
328 304
135 368
39 716
657 796
56 459
951 399
920 833
793 224
407 636
874 437
804 329
77 801
976 39
959 658
445 485
250 304
630 285
271 462
222 148
43 816
349 368
645 21
544 573
273 48
514 971
26 253
454 786
895 671
598 77
719 493
596 847
378 884
310 188
139 512
63 170
621 506
772 920
724 176
641 780
956 682
612 917
583 572
248 858
164 286
61 230
144 797
667 836
57 936
747 62
395 265
95 156
978 154
602 792
171 781
414 593
11 852
901 873
405 281
928 956
464 870
805 867
61 15
49 449
689 347
281 97
413 930
80 55
605 823
604 311
564 732
195 982
578 880
198 729
375 460
378 932
588 820
154 413
665 761
349 724
341 669
185 416
957 260
901 923
574 374
42 490
295 938
443 78
97 989
550 39
463 935
236 1
304 876
671 889
123 928
620 496
57 306
458 420
88 557
774 153
205 366
345 389
757 799
995 418
167 443
383 304
387 523
762 182
81 216
921 532
787 942
561 971
708 889
185 150
853 162
772 920
927 185
599 72
969 986
585 457
493 701
348 67
509 36
797 980
266 916
188 992
161 369
77 702
193 8
484 658
209 805
929 664
503 539
813 172
498 235
496 223
511 798
324 861
631 2
231 757
788 128
455 145
567 439
22 748
57 955
376 72
181 587
552 541
612 266
21 155
951 875
865 242
268 322
663 20
341 924
830 827
256 456
873 953
119 62
573 396
907 908
304 721
135 718
960 464
42 919
848 969
513 396
799 269
727 428
354 633
268 678
863 356
655 672
440 866
302 462
553 17
504 457
626 466
803 208
653 162
983 883
250 886
19 136
639 553
188 137
466 957
580 926
654 61
786 564
167 867
611 297
229 122
122 336
851 702
584 508
982 768
89 346
418 521
772 791
14 109
526 641
103 995
891 500
686 32
513 848
362 844
656 433
997 727
451 201
278 511
296 162
142 31
846 675
766 438
362 961
463 214
968 751
986 513
35 278
426 651
954 202
480 166
365 7
63 315
672 636
860 643
649 568
361 974
60 28
665 844
273 595
149 216
696 252
507 215
108 229
349 977
244 219
723 347
360 280
974 438
276 138
642 304
549 656
549 350
361 110
312 744
965 943
41 694
431 683
269 781
650 625
512 830
584 922
143 425
814 627
303 247
562 780
384 811
334 231
301 670
719 316
322 716
523 796
539 271
147 328
108 91
15 289
530 910
434 380
307 785
874 666
475 981
416 372
782 500
754 649
778 629
190 691
850 248
463 529
873 475
994 476
375 657
580 133
781 223
227 71
873 835
550 501
792 167
430 116
666 825
646 880
900 493
714 592
588 56
332 974
227 77
988 613
291 6
328 801
94 606
936 4
902 557
507 515
143 757
85 631
555 94
1 52
278 145
355 972
819 961
551 970
123 403
866 36
49 64
643 50
657 304
106 639
723 243
34 722
599 567
152 499
500 762
216 291
746 87
686 429
860 377
94 151
748 390
927 717
86 726
527 509
699 206
829 932
127 467
895 294
71 303
574 926
262 478
470 61
285 990
498 60
881 477
318 762
712 884
898 675
838 489
718 145
925 332
217 930
480 296
158 435
80 30
307 300
973 582
383 976
674 460
6 199
73 886
213 139
742 212
52 455
986 892
891 724
243 962
454 884
796 88
251 866
96 592
374 443
117 354
442 781
852 125
78 728
630 580
585 1
520 921
658 497
529 644
889 49
943 201
447 641
218 545
818 306
196 445
180 749
453 48
785 331
549 329
904 815
206 363
386 619
465 539
58 366
990 992
49 702
499 149
117 282
339 110
291 846
