19
98
1 2 395
1 4 652
1 7 81
1 8 936
1 13 918
1 16 313
2 4 606
2 5 950
2 6 857
2 7 204
2 8 438
2 10 874
2 11 762
2 16 857
2 20 381
3 4 443
3 5 132
3 6 552
3 7 84
3 11 137
3 12 919
3 13 176
3 14 512
3 16 80
3 17 262
3 18 358
3 19 6
4 5 265
4 6 862
4 10 188
4 11 287
4 14 920
4 16 843
4 17 365
4 18 191
5 6 188
5 8 304
5 13 851
5 17 323
5 18 125
5 19 843
6 7 690
6 8 913
6 9 622
6 10 517
6 11 13
6 12 960
6 13 642
6 14 721
6 16 554
6 18 561
6 19 498
6 20 643
7 10 477
7 14 168
7 17 967
7 18 984
7 19 742
7 20 478
8 9 90
8 10 426
8 11 797
8 14 495
8 15 340
8 19 557
9 11 644
9 12 595
9 13 572
9 15 140
9 20 285
10 12 196
10 13 427
10 16 822
10 19 139
11 14 964
11 16 652
11 17 907
11 20 541
12 14 961
12 15 808
12 18 627
12 20 995
13 14 680
13 17 640
13 18 790
13 19 529
14 15 677
14 16 758
14 17 880
14 19 496
14 20 675
15 17 255
15 20 310
17 18 925
17 19 387
18 19 131
18 20 281
19 20 399
