22
120
1 3 83
1 4 79
1 7 146
1 15 762
1 16 684
1 17 185
1 19 737
1 20 947
1 21 537
1 23 709
2 6 259
2 8 234
2 9 130
2 10 864
2 12 651
2 13 444
2 15 327
2 18 265
2 22 940
3 5 505
3 6 144
3 7 236
3 10 363
3 11 321
3 13 675
3 14 891
3 17 681
3 18 837
3 19 145
3 21 70
3 22 31
4 9 334
4 12 140
4 17 750
4 18 246
4 19 657
4 20 696
4 23 252
5 7 409
5 9 573
5 10 697
5 13 506
5 14 66
5 15 931
5 19 696
5 23 947
6 7 583
6 9 604
6 10 267
6 16 226
6 17 897
7 9 992
7 12 878
7 16 820
7 17 870
7 18 90
7 19 672
7 23 947
8 9 670
8 12 780
8 13 224
8 14 519
8 15 586
8 17 933
8 18 411
8 19 117
8 21 215
9 11 67
9 12 864
9 13 689
9 14 432
9 18 161
9 19 99
9 21 876
9 23 621
10 11 305
10 12 683
10 14 590
10 17 807
10 18 622
10 19 740
10 21 420
11 12 618
11 14 935
11 18 202
11 23 514
12 13 235
12 14 108
12 18 659
12 19 215
12 20 220
12 21 103
12 23 48
13 16 540
13 17 443
13 20 773
13 22 491
13 23 895
14 16 866
14 17 656
14 23 710
15 17 895
15 18 836
15 19 972
15 20 80
15 21 991
15 22 519
16 17 789
16 18 258
16 21 609
16 23 804
17 20 580
18 19 175
18 20 771
18 21 735
19 20 512
19 22 813
19 23 145
20 21 531
20 22 827
