58
27
0
7
82
42
50
35
9
37
34
22
53
64
5
42
30
67
20
5
34
47
10
39
13
77
38
66
31
11
21
18
54
5
17
20
10
4
64
43
27
66
3
60
57
39
41
48
11
28
51
27
17
8
39
54
31
5
6
43
15
94
45
56
73
84
13
85
3
4
2
9
28
58
33
53
12
0
5
12
11
39
5
68
0
50
0
11
53
6
13
41
13
10
70
61
15
76
12
12
60
10
26
13
8
80
38
51
60
80
16
3
14
8
14
33
85
51
15
9
8
46
27
9
42
60
4
20
28
22
5
9
5
21
39
9
3
34
23
57
1
1
34
7
8
4
37
26
22
73
9
61
17
22
6
74
12
26
43
32
33
2
25
29
64
10
79
1
62
38
43
1
79
21
4
0
43
14
0
3
2
6
13
58
12
56
50
4
92
48
51
54
28
50
17
21
9
5
23
31
32
32
6
7
2
29
20
12
21
31
2
7
1
67
76
51
40
49
16
42
78
27
49
38
29
50
49
18
24
18
11
21
77
41
35
83
20
95
17
67
58
63
57
45
18
53
37
62
6
72
30
37
18
2
31
8
1
53
4
27
21
60
42
83
11
4
8
86
51
53
29
39
14
10
29
38
32
85
30
40
42
60
18
84
57
9
5
25
53
3
48
29
53
30
20
36
16
55
45
85
21
48
29
9
5
43
28
22
49
36
33
10
8
8
33
16
5
26
16
70
32
16
47
75
30
78
28
23
49
16
83
41
4
24
52
21
7
4
38
74
0
64
28
23
35
6
84
18
28
37
24
35
82
44
77
5
67
33
19
20
8
13
19
42
15
45
9
83
18
14
35
9
22
13
3
53
39
43
21
24
10
1
4
48
25
38
49
40
48
67
4
65
48
56
5
12
8
37
13
13
44
40
69
48
15
32
23
30
73
8
25
36
69
17
41
46
50
24
3
72
5
14
23
23
14
27
43
8
23
15
4
53
0
41
10
34
48
3
13
70
19
28
30
25
64
53
63
41
50
49
1
22
2
2
11
65
14
4
27
60
11
27
10
34
26
22
77
39
12
29
24
19
14
26
38
1
60
20
13
17
16
5
9
25
10
62
40
52
22
40
6
5
58
54
48
56
20
58
79
35
16
39
8
19
32
9
53
40
76
20
4
40
17
44
3
51
38
15
56
2
43
63
17
67
52
41
12
3
47
6
11
9
32
13
69
14
40
26
12
13
32
54
34
48
27
33
14
17
1
23
60
48
24
71
13
21
0
64
12
0
78
96
23
57
0
32
12
74
8
7
25
22
45
34
24
76
8
14
21
27
76
13
21
28
3
3
23
36
30
9
36
49
19
78
50
45
58
60
12
19
63
30
0
9
3
10
20
6
16
55
42
52
17
29
24
47
10
38
38
84
37
7
27
33
48
17
57
37
62
28
39
8
58
9
2
25
25
27
80
10
25
1
24
36
0
44
23
20
48
5
16
67
25
58
66
83
14
12
53
25
21
50
14
26
15
2
1
43
14
27
79
2
39
16
47
6
85
32
50
28
2
46
70
67
28
47
60
56
44
8
61
44
34
74
13
13
52
14
61
34
16
0
53
55
6
8
58
22
65
48
9
3
50
19
16
42
26
48
2
68
5
0
18
42
32
87
11
40
23
12
80
38
6
8
55
42
30
13
9
51
30
12
3
28
30
14
49
41
46
26
64
24
46
6
34
65
8
44
1
23
37
10
24
23
3
54
65
55
5
4
12
36
32
47
53
32
44
23
38
73
22
36
13
48
89
49
9
31
40
91
52
29
27
76
11
65
46
47
57
42
36
31
91
78
28
37
2
17
17
42
79
72
53
6
45
3
23
29
17
54
8
48
26
15
17
30
33
27
58
14
19
2
36
24
55
45
61
62
55
32
39
29
45
9
32
24
40
35
41
14
23
89
60
47
3
20
42
70
9
54
68
31
6
15
25
32
18
26
12
26
81
44
17
23
29
16
72
27
23
23
66
22
15
10
1
14
15
39
14
59
61
8
19
43
7
12
17
30
86
16
8
