99 100 123
00101000000110100100100010001110001110001010000100000100001100101110000110001010001000000100001100001110000000000000000100101010001100000100001000001100010100000100001110000000000001001010100100101100
00101110000100101100001000000010000010000110101110000110001010101100101100000100000000001110010100001100001000100000000100000110000000001110001000001010100100001110010110011100100110001100101110001100
00000000001100001000000010001100001100101000100000000010101100000100001100000010001010001110100000101000101000010110000010001100001110001100000000000000001010001100000100001010000000010010000100000110
00000100001110001010100000000110000010000100101000000100110000001110101100000100000100001100000110001100001010101110000110001000100100001110000110000110001100001110000100001010000110100100000100101010
00100010001110001100101100100110110000101100000110001000001100001000000100100110000110001100000000000110000001000010000000001100000100001000000100000010000010000110011100000110000000001100001100000010
10000000001110001010000110001110000000000010001010000000001000001110001100000100001000101000001000001100100100101110001110000111001110101000001000001100000100001111001010000000101000000110000000001101
00000100000010001100001000100000000110101110001000001000001000000110001010000110001100001100000100000110001010001110001000001000000100000110000010000010000000001010100100000010000110000000000000000100
10101010000000101110100100000100001100001000001110101110000100001100100100100100001100001100000100011010000010101010000010001100001110000100100000011000001100100011000010011010100000000000001100001100
00000010000000001110001000010100000100000110001110000110001100001100100000100110001100000100001100000000001000001110010100001110001100000100001100000110011100001100100100101100001100000000001100000010
00000110000110101100000000000100000000100100001000000100001010000100000100001110101100101000000000101010000110011000100000001000001100001010001100001110000100000110001100000010011110000000001100000110
00000110000000001100000100001110001000001000001000001101001110000111010010001000001010101100000100011001000100001010001100000110001000001100001110001110000110101010101100011110000100101100110010001101
00101000001000001100000000000110000100000000000000000000001000000000001100101110000100001000001110000000001100001000000100011100100100000100000000000110001110001000001000001110001011001100000100100000
00101100010000000000000000001010101110010110100010100110001110000010000100001100000010101000000110000000001110101000000010101010000100001110001000001000101000001000000100101101001110000100001100001000
10001110000010101000001000100110100000001110001100000110000100000100001010000010001000001110001000100000001000000100011100000000001110101110000100100100100110000100000100000110000100001100100000100000
10111000101010000110000111000110001010001000000100001100000010100000000000011110011100100110001100101100001000100000001100000000000000001000000110001100101000101100000010101000001111001010000100000000
00000000100010101100001010101010001000000000011100001110001110001000000000001010000000100110011100100010001000000110000010000010101010101010000100001100010100000010001000001000001010101010000000000100
00000000001010001100111000000100001000000010000010010000000010100110001000011010101000101100100010001110000100101010001000000110000000000010001000000000000000000100000000001110001100100100001000101100
00001000000100000000110100101000001110001110000010011000100010100110001110000110100100101000001000001010000010101010101010101100000000000010100100101010000110000000100110000000010010000100001100000010
00000110001010000110000100100000000100000100000010011110000000001000001010000010001010100110101000001010000100000100000100000110101100000000101000000111001010001110000010001000001010001100101000000010
00001010000010001010100000000000001100010100001100000100001110001010000000100000001100001010000000000100001100100010000100001110111010000000001010011010001000100100101000000100100000000100000010001100
00101010000000000011100000100110001000000100000000101010000100000000001000100000001000000000011000101100100000001110001100000110001000000000001110001100001000001010001000001110100010101010000110001100
10001000000110001100001010001100000010001010101010001000110000000000000100101100001000010010001100001000001100100010001000001010000110101110001010001000000100100000001110000000101000100000101010000010
00000000000110000000001100001100100000001100001110001000001000000000001000000000101100000000001000001000001110001000000100100000000110001000000100000000001100101010101110100000000000110100010100000110
00000010001000001100001100100100100110001110100100001100001100001010001110100000000110001100000000100100000110100110000010111000001010100000000000001010100000000010000111101000000010001100101100000010
00000000000000000000010100001000100000000010001000100000000000101100001110000000000010000000000000001100101000001010001110001110000000101010001100000110000010000100001000000100101010000000001000101110
00001010001110011100000000001010001100001100001010100010001100001010010110001100100000000100000100101100001100101110000000101110100000000100001100001110001100001100001010001010000000001000000010001010
10100000001100001110001100101110001100101000000100101010000000001010000010001110001000000100101010000100100000101010001110001100001100000111001110000100001110001110101100000000001100001100000000110010
00011110001110001010101010000000001010100000000101000000000100000000100110000000000100001100001100000010000000101100001100100110101110000100000000001010001010100110001000000100101010001010000000001001
00000100000000000100001100000000001110011100001110000110000000000100101100000100001100000100001010001100101000001110001000011000001100100000001100100010000100001100000100000000101100100000001000000110
10001000000100001100100010110000000010001100000000000100001000100100000010101000101000001000001100101010000110000100000100001110011110001110001000100000101000001000001000101110101010000000101100000110
00100010010100101000000110001010001100101100000100101100001110010110101000000000100100001000001010100100000000000100000010001000000110000110001010100100001000010100001110001100001110001000000100001110
10000100000100000010001000001010101010000100100010001000001000001010001100000000000100101000000000100000001100000010000000000010101100001100101110101100100000101110001100000100000100100100001110000000
10100100000000000110001100100010000100001000001110000100001000011110100100101000000100000110000100001000101010001110101100000000100010001000000000001000000000001100001100101100100010001000001010000010
10001100000010000110100110001000100010000010000000000010000000001110101000011100000000000010001010001100100000101100001010000100000110100100001110000100001000000110100100000100000100001110101000000010
10100000000000001000000000000000000100000100001100001100100000100110000000000000001010000100000000001000100011001100000010001000001110010111010100001100001111000010100100000010000100000100000000001100
00000000000000000000001100000110111100001010000100001000000100000110010000000010001110001110001010001110001110001110001110000101000010000100000100101000001000001111000100001100100010001110001010000100
10100000001100000100000000000100001110000010000000101100000000000110001100000110100110101000101110000110100100000000000100000000100010100100000100000010001010001000001100000110001110100110001100101010
10000110000000001100001100100010001110000100001010000110110000000100100000001011100100001000001100001110100000100100000110010110100000100000001000000100001010101110011000001100011000101111100100100110
00000100000110000010000100000010000100001110000110001100000110100000001010000100000010001100000100000000001100001000110110101110100000001010100000000000001000000110001100101010001100101000101000001010
10001000001110000000101110000110001010100110001110100010000100000000000100001110001100101000010110100110001110001110001110000100000000001100100100010000001000000100001100001000010010000100001000000100
00000010001110000010100100001010011100000100000010000100000110000100001010000100000100101100001100001100000110101100000100000000100100001000001110000100101100000100001100001100100100001100100000000100
00000000001010000110001110000110001101000010011110001010100100001000000010100000001010000000000000000010001000000010000000000100000101100100001000000100001000001010001000101010001100001010101010001100
00001010100110100100001110000110001100000110000101001110001010000110011111101000110100001100000100001000100100010110001100001110001110000100000000101100000000100100101100001000000100101010000010011100
00001110101110001110000100101010001000000110001100000100000000000000001000000110100110100100100100000100001010000010000100000110100100000100001010001110011110001010001100000000000100000110101000001100
00000010100100100100000110000010100010001100001110101100000010001010001110011110000100101110000100001000100100001000001000000010001110001100000000000100000000001110111110001100001010000100001001000010
10000100000100001110101010001100000110001110101110001100001100110010100010000100000010000110100000001100001100001100001000001000101110000110001100001100000000000000011110001100100010001000001100001000
00001010000100001000100000100100000000000100001100000100100010001000000110001000000110101100000100001110001010000100011100101100000110001100001000000000001100000110001000000100001000000100000000100000
00000010001110010100000000000100001000001100001011000000000110001000001010000100100110001110001100001000011010000000001110000000100110000100001000100000101000001010001010000100000000101010000000001110
10000010001100001110101000100100011000001000001100001010100110000000001010011100101110001110101000101010101000101010000110001010100110000100000100001010001110010010101000101000000100100110001100001010
11111111111111111111111111111111111111111111111111111111111111111111111111111111111111111111111111110000000000000100101000000000100100001110000110001010001000001100000000001110101000000110001010000100
00001110001100001100000100000110000010001000000100011100001100011000001110100010100000011000001100000100101100000100001110000110001010000000001000101000001110100000000110000100000010000000000100001100
00001110000101001010000010000000100010001010000000101100000001001000100100000100001010000010001000000000001010000100001110101100000110001110000010001100001000001100000010100000001010011100010000001100
00001000000000101010001110000010000110000010100100001100000000000010001000000110000110010110000100000000000100000000000100010100101110001100000000001000100010001100101000001110001000100100000110001000
00001110000011000110101110000100001110001100001010001100000010001000110010001100101000100000000100000110000010101100101001100100001000001100000100001101001100000000001010100100000110001110000000000000
10000000101100000000000100001100101000000110000110001000001100000010101000101100000011101010000000000110001000000110101100100010000010001100000000000010000100001000000101100010010100000010000110001100
00001010000100101110100000100001001100000010001000001000001000000100000000000000100110001010001100001010011000000000000110000000000010000110001100001000100100000100000010001100101100100000000110001000
00001000001000000100001100000100001110100100001100001010001000001000001010101100010100111100000100000100000000011000000010001000100100000110001010000100001000000100001100001110001010000110000100001100
00000110001100000110100010000010000000100100000010001110100100001110101100001100001010101010000010000010001100001000000100000100000010001110001100000110001100001100001100101010011110000010101100000010
00000000000100011100000110000000001010101010000010000100101000000100001100001000100000000000000010001000011010001110010010000100000100001100101010000010101110101000000100001101000110000010000100001110
10100000001000001001000000000000000110001110100110001110001010000110001010000110101100001010000110000100000100001100100000010000001100101010000100000100001000001000000110001100001100001010000100001000
10101000000000101110101100001010001110000000000000001110000010000000000010101100000000100000001000001010101100001000000010101100101100001000100100001100100000000100001100100000000100001010110100001000
00100000000010100010001000000110000110000000101110000110101000100100000010000100001010010000001110001000001100100110001000001110000010000110101000001010000010101100100110000110100000001000100010000110
10000110001000101000000010000110001110100000000000011110101100000000000000000110001000011000100100100110101110001110001100001000000000101100000000101100000000001100001010001000100000101010000000000100
00101100001000100110001100001100001100100000110110001000000100000000100110000100000000000110000000000100000000000010001110111100100110001100001000001100000100001110101000101000000110001100000010000000
10001000001010000000001110001100100000000110001110100000000010000010000110001000011100000010001100001000000100100100000110111000000110000100000110001100101110000100000100000000101110001010101100001000
00000010001100001110100110001000001100001100000000100010101100001110001110000010100010100100001011101110100110101000001100001101101000000100001100001110001100101111001100000000101000011000000100000100
10001100000100111000000111001100101110000110101000000110100101001000000110100000001010001100100000001110000000001000001010101100001100000100001100010110000110001000000100010000011101001010001110001100
10100100001010000100000100100010001110101100101001001000001100101000000000011000101100011000000100000000110000000111000100000000100011100000100100000100000100000000001100101100001100101110100000101110
10101100000110001110001000001100000000000000000110000110011000001000001000001000000100001000101000001110000100010100000010001100001000001110000000000110001100000000001000100000100110001110001000000010
00000100101110101100100000000000010000000110011000101010111010000000001010001100001100000010100100001010001100100100000000001110101100000110000000100100100000000110011100001100000100000010000100011110
10000100010000000100001000001110100100000100100000111100000110000000101100000110101010001110010100001111001100101000000110101110001000000100000100001010000100100000000100100000000010000000000000100010
10101000101010001110100010001010001100001100001000000100101110101110100110001010101110001100001100001100100100000000001000001000000100101100000110001100100110100000001010001100000100001000100010000010
10001100001000000000001000000100011100000100101100100010001100000100101000001000001110001100001110000100001000000100101010000110000110001010001110001110001100001010101000011000010000101110000000001110
00000010001000000100000110001000101000001000000000001010000110101000000000101100100000001000001110101010100000001000001000001010000100001100000101000010111000001100100100100000001000001000000100000000
10000000101000001000001100000110001100000000001000001100100010001010101100001100000100100110000010000100000010101100000100001100001010001100001110000110110010100000100000001010000110000000101100001100
01001100000110000000000100011100001000000010000100100110001100000100001000100000001100001110100110001110001110001110100000101100100000000000100100001100001000000010001010001001000100001010001100001010
10000000000110001100000000001000001000000010001010001100100110001100000011001100000110001000100000000010000110001100100100000100000100000100001100000110001000000100101100101000000000001000001100000000
10010100101000001000001110001100001010100100101000101000111010001000000110001110000110001000001100001100001000001000000010000010000100011000001100101110000110100010001100010100101110000100000010110100
10100110001100011100000010000000000010010000001100000100010000001110001100000100000000001100001000101010000100000100001110001110001100000110001010011010001100101100100000001100000100000101000000001010
10010010000100001000000100001100001110001100001100101000101110101110010100001000100100000100100010110100011100000100100110101100010100010000101000000100011100000000001100001000101100001100101000001000
00001100000100001110001100001000000110001100011100101100000000100100000000000110000010001100011100001100000010000110001100101010101010000100101000000110001110011100001010001100000100001000001000001000
10001000000100000000001000001110000000100110110100010110001100000000001100001000111110001100101000001110100100001110001110001010100000101000000100000000000010100000000100001100000100000110010110001100
00010010100000001100001010001000000100000110000010000010011010000110100100000110100100101110100000010100001100000100001100101000101110101000001100101000000100001010101110000000000000000100000010000100
00001000000100001110000000001110000000001010101110000101000010001110001000100000001010000000100010001000000010001010001100001100000000001010000000001010000000001000000000001110000010011010001110010000
10001100000110001100000000000100000000100100101000001010000000110110000000101000101010001010000110000100001110001000001110000100000110001100101010000000001010001110111000001000001100001000001100001110
00001110000011001110001000110000100100001110100000001000000010101100001100000100000100001100000000000000000100000100000100001110000110110110000100100100001010011000100001000000001100000010000100000110
00001000001000000000001000001100100100000100001110001110100100000110001010000110100010001100000100001000010100000100000001000110001000101100001010101010100010001100000000001110001110000010001000000110
00001100000000001110001100101000111110000000001000001010000100001010001000001000001100101100001000000100011100001100001110001010001100000100001100000100000010000100001000100100000000000000000000000100
10001110110000101110000000001000000100001100001100100010000100101111101110101000000000100000000110000000001000001010001000000000001100000010100100001010101010110000001000001010000100001110001110000000
00101110001000000000000100001100000010100000000000001010000010011000000110001110000000000010100100100100001100001010000000000001001100000000000110000110000000101110100100000011100100001000011011001100
10000110100000001100001100000000001100001000000100000010001011010010100010101110001101000100000100001100100010001100000010101100001100001110101100001010001100001110101000110100101000000000001100001000
00000100001100001010000010001010000100000000000010100100000100001000000100101000001100001000000000000100001000011010101100101000001110000000100100001000000100100000001100001110010110000000001000000000
10101100000110001010001100101000000100000010001000000100000000000100010110000000000010100000000100100100001100101000001000000100001100000000000110000100100000000110001000001100000000000110000000101000
00001000000100000010101100001000001110000100001010100000011101001010101000000100001000001010111100001000011010001010001100000000100110000000011010100110000100001100001100001000001110000000001100000100
10011110101010011000101100001010100100000100000100000010001110001000100100100110001100001011011010000010000100001000100110001000001010000000000000101000000101101000001000001000001000000100101100001110
00001000000110000000000010001101001110111100000000001100000100000000101110000100000100001110100000100110001101000100001000101010000000011110001100000110001110101010001000101000001100001000000100101100
10000010101010000010000100100100000100001100000100010000001010000110000110010000101000001000001100000010000100011100000110000100101000000100101100001110001110001100000000001010001100110100000110001100
00000110010010100000010100001100100100001010111010001100000010000010000110100100000100000010000010001100000100001100001000000100000110000100001000001110001010001100000100000100001000001000000110000010
00000100000100001000001000000110000010100100100100100110001100000100101000000100000010000100000100000100000100000100000110001010001000101100000100000000000100001100101110001010000100001000100100000100
