71 60 21
010100100111111000100000100000110010010000010000100110110000010000110001010000010000000110011100110000111101110000110000
110100110100100110011100110000010100010100111101110000110100110000110000111100100100111110110100011000010111110100110100
100000110000110100110110010110010100011000110000010000110010111100100000110100110100100110111000010100111100110000010000
110100110100010100101100110100110111110100010000010100110010110001010100110100100000110110110000011010110000110100110100
110000000000110000110100101100100100110000101100011100110010110100110100110110110010110000110100010100110100010000100000
111000111010111100100100110100110100101100110000110100011100010100000000110110110000100000100100101000110100110101100000
110000110101100110100100010110010000110011110000101100110100110000110100110000111000100110110100110000110100001101101000
110100110000000100100110110010000000010100110000110100110100010000110000110101110000010100101011110001110000110110010000
110000010010111000010000111001110110110000110100110000111010111000111010111000110001110100110100110100010000110100111000
110100100100110100110000110000100100010100110001110000101100010000110010100100110100011000010100010100111000010100110010
110100010000000000110100110100110101100100110100000000000101100000110100010110110000111100110100110001010100110000010100
010110010000100010110010010001110100111110010110110110110000010101110000010100011100010000110100010100111000110100110110
110001110100000101110100110000000000110000110110110010110000110100010100010000110100110100010110100100110010110000010000
110000110001010100010100010000110010110000110000110000111000010100110000111100000000100100110000110000110000011100111100
110100010000000100000000000100110100001100100100110100110000110000010010010100010000010010110000100001000100110000010100
110010110000110000110100110000100100110100111100110100010000100100111000010000111000110000110000110100010000110100100100
111000110110110000110100110000110110010100110001010100011110010100010100101000111000110000111000110100110110110010111000
111001110100110000100000110100010000110100100100101100110001011000010010110000110000110010110000110010110110110100110010
111100110001000001110000110010110000110100011000110100010100110100011100110001111100111000011100110100100000000100110100
110000110000111010111101110000110100010100111000111100100000011100110110100000110100011000101100100001110000111100010010
000100010100010000000010100100010100010000110000110000010100110000111100110100110000110110000000010100110110110100011001
110110000100110010000110110000110000011010010000110110010000100100010100110110100000110000110000111000110000010100110000
110110100010110110110011110100100000010010010000010100010100110000111000010110010100010111110100111000010100110000011110
010010110000010010010101110010110000010000010000010100110000101100110100110000110000100100010000111000100100110100110100
111001110000110100010000010100110100110000000000010100110100110000100100010110110000010100110000110101110010110100010110
110000010000010010100000010001110110111000111100110100111000110001110011100000110100110110110010110100100101010010101000
110100010100110100111100110100000110100000110100110000110110110000110000000000110000101000110110111000010100110100110100
110010100100110101111000110110111000110100110100110000111001111100100100001100110000110001110100110000010010111001110100
000101110110110100110000110011111000110000110000110110111100110100110000010010110000110100110100110000110000110000110000
110100110000000100110100100000110100110000110000110000010100110000010000110000010000110000100000001000110001100000111010
110010100000010100010000100100100001111100011000100010110000000000111001110000010100100000110000010000110000111100101000
100100110100010010010000010010110100110000110101010000011010110100110000010100110000110101010100110110110000111100101100
110100110100111100100100111100010100110100010000110000000101110110010110110100011100110000110110110100111100110000111000
110100110010110000110100110000010000110000011000010001110101110000110100110000111100110000110000111100000111110000110010
111100100110100100110000110100110000110110001000110000100000110101110100110000110000100000010000110000111100110100110000
111111111111111111111111111111111111111111111111111111111111110111111110110100110100000000111010110001110000110101110000
110101011100110000110100010000011000111000110000110100111000110100011000110000110001111100111001110001111100110100101000
101100000000010100110010110100100000110000110100000000110010111100010110110010100110110101111000011100110000101100110010
110010000000100100110100110100010000011000110100011010110110010000111100110100100001110000010100110000010100110000111100
100110100101110100110001110100101101111000110001111100110100110110110010110100110100100100010100010110010100110100010010
100000110100111100110100111100010000110000110000110100111000010010111100010000110001100100110100110100111100110100000100
110100111100111000100000010100100100110000100000110110110000110100100100110010110100110000010000010110011010110010010100
010000110010100000110100111100111000110100110001110000110001110100110000111010010000110010010100111100111000011100110100
010100010000111000010000110001110000110000010000000000110110100100000000010000100100110010010100100000110000010000111100
110100011100110100110100110010110100010000010000110100100100010010000100100000110000000100110100000000110100100100010000
110000110100110100010000110010110100010100000100010100111100010000110000110100011100110001110100001000110000110100110010
110000110010110001010100110100110000110000010100111100111100010000111110111100101000100110110000111110111000110001110100
110000110000110000110000110000100110010100110100111000110100110100110000100100010110110100110000110100110100000000010100
010101110100101001110000010100100000110010110000111100000000110100110000010100010110010000110000110101110010111100111100
010100110001110000111110011100110101110100111110111001110100110000110000011110111000111000011010110001111010111000010001
110101110100110110110000010100110000000000010100110100110001110100100000010010110100100000110110110010110000010000110000
110100110000000000110100110000010000110100110000110100010000110000010110110000110000100101110100110000110001110000111000
110110110100110000110100010111100000110101110110110100111100101000010010110010000100110001011100010000010000010000100100
110101110010100000010100010000010100110000110101110100111110110001110101110100110100110100110010110101010110010100110000
111100000100110101110100110100110100110100100000110000010010110000110000110100100100000000110000110000011100110101011010
011000111000110100010000010110110000110010100001000000010100110100010100100100101000110100111101110100110000110100010100
011010100100000000110000110100010000111000100000010100110000100001111100110100010000110010011100010000110110011000100101
101000110000110010110100111000100000110000110000010000010100110110011100000000111100111100100100110000110100110000010010
010011111100110000010100100100110100100000011000011100010000110100010100111100010100110010111101100000110000010010110100
110000110000111111010100110100110001110000110100111100010100010101010110111010110010110100010100010100110000110100110101
110110010000110100010100011100010010111000100000111000110110110100100100111000110001110000110000110000110010110000010100
110100111000110000000000110000010110110100110000110100011000110101011100100100010010011000110000110000111110010000110000
110001010010010100110010011100111000100000110100110100110110111110110100100100111100010100110010010110010111110000010100
010000100010110110110100010100110100110000110000110100010000110100010100110000010000010100110000110000011100110110110100
110000010000111000110100110000110100010010110000010010110000010100110000110100011101111000010100011000010000111100010100
110000111100010000011011110010010010000100010000110010100000111100010110110000110000111100110000110100110110110100010010
110000100000110000010000110000110000110000111001010000010100000110101101110100110100111000110000110100110000010000111000
010110110010010110010100110000110100100100110101110000111100100000101000100100110111010000010110110000110110010000110100
100100011100110100000000110100000100111000010100110100110000100100110101110010010100110100110000101100100000010000110000
110110111010110000111100110000000010110000110100110100110010010100110100100100010000110001100000110110010100110100000100
110000010000110100010000100100110100110100010110110010100000110100110100110000010000110110110110110000000100111100110110
