31 15 6
011011001011001000001111000010
011000001011011110011100111001
011000001010100010000001000011
111110001101001011001010111000
001010011011001101001011011001
011000001000011001011010000001
011111011111011110110011001001
001100011100101100001001011001
001111001011011001011001011001
011010001001010010011000011011
000111001011001000001000011011
011001001000111000111000011010
001011001110011011111000011011
001011011011101100001010001101
001011101100001000001001011111
111111111111111001001111001010
101011011010001001001001111011
000011001000001010010101101001
101000110101001101101011011000
001000011010001110001011001101
101001111001001110001100001010
001101110110001111011011000001
101110001001011101111010011011
011000001010001001111111011001
001001101010101000001010011010
011110011000011010010010011011
110000011111001010010000011010
110010001000101010011100101011
001000011111011011100011110001
011111011011001011101000101011
011110101110011010011110011010
