1000 20 5
16507 16857
10383 16341
15654 19965
3477 8498
1039 12093
2327 7174
6902 7553
253 9969
4169 13818
773 4744
1519 5384
13950 17617
1041 11894
16290 22609
3362 10677
15040 22736
4081 17812
2217 12983
7269 23026
7152 20372
2991 6496
6339 6347
683 3402
11140 12185
2631 3175
14826 16307
931 1254
7200 18330
6859 9737
3966 18386
184 206
1951 2143
12177 16763
2230 2673
1155 2877
16538 21176
25 478
2095 2153
6544 7900
138 3459
773 8801
2426 7078
10770 17190
7462 11400
1638 3497
17982 20490
2055 19884
1977 4599
11840 12752
7821 8891
6734 11596
234 3385
11544 24119
3102 8442
14755 14948
9679 9895
2009 19810
14060 18801
952 3656
18491 21512
9112 16446
3982 4575
253 255
154 21491
15181 24808
12 22020
1701 16845
21416 24340
3533 3847
10135 12868
16618 23127
931 1185
11380 13121
778 2900
4460 8827
19991 24215
19023 21321
9392 12712
2371 2733
580 12923
2522 4996
4317 6199
3049 9608
7022 17311
2305 20301
6741 16044
4445 4727
6461 10691
17199 24631
16383 18200
581 1627
13842 22509
9068 12540
2021 19306
1652 2178
7194 9288
6721 13749
10630 15522
6863 16819
838 950
3048 20917
1345 18841
10584 11382
1092 1823
2317 15174
3743 10631
9982 17508
1087 6527
5153 9656
2996 8873
123 9163
13224 24827
641 14725
5945 11683
2228 2248
2730 3928
15266 17794
28 4334
3378 15345
5037 11313
14655 22875
7332 19836
211 1000
10428 12151
6615 11929
18062 18885
13219 24199
17288 18349
8177 10187
9540 18781
13682 16474
193 2901
20561 22542
1043 15093
255 267
18228 20110
950 17590
15352 17133
17606 18926
2116 6735
22923 24960
2892 7048
2312 2895
2587 20043
14747 19690
2323 18124
720 19599
1129 8314
8720 9049
14635 17647
9608 11377
5373 7700
544 4352
6114 24870
1260 10568
14308 14605
1120 7062
4788 20535
14840 16368
1449 2325
3793 22643
478 6581
3129 5033
13305 14824
584 19786
1811 9146
7278 8373
9255 17133
2436 3070
13996 19838
3696 8034
351 945
12358 23608
16970 24287
15256 19083
4594 24296
461 4863
13650 18987
5435 24849
15853 17623
862 4135
12292 19583
13078 15710
651 1241
9503 15128
12079 16861
18828 20734
5850 7501
620 13601
912 3667
6271 6864
7475 14371
5197 15714
3253 4566
12411 17196
3549 5497
4120 21938
5101 9282
166 2432
7290 12276
193 1326
12563 15318
7046 10027
1649 12890
10340 16397
5793 21461
682 2459
23 219
2064 2689
3311 11144
16107 23040
7548 7937
13683 13998
12870 22540
3301 4295
5485 11877
11514 17458
3246 18924
839 14525
5699 20071
11938 22231
9972 14525
4251 16944
1432 14836
2682 9205
1468 1880
6008 7178
3550 17991
519 11659
112 2896
6452 10085
17345 18546
5104 7963
10069 23330
349 16613
1993 5186
21790 21970
12642 17737
984 3786
19770 24200
9863 11284
14713 18820
11902 17044
6974 10352
1514 6618
1673 22562
396 728
4182 20558
8687 11543
4140 8633
182 622
3946 7746
8886 8934
1175 1939
4246 22571
8077 14914
512 6959
5076 7775
6260 12125
12031 18697
3831 5409
8042 22328
1623 14757
5303 16556
1406 22535
9413 16020
218 698
895 2176
2224 2284
98 1575
6023 10857
20176 24337
3039 16094
9735 14813
2842 3142
13812 14266
1543 4977
111 329
5144 5788
2818 12749
40 13042
1125 4216
788 3205
1167 3098
362 2161
2053 21844
7717 11078
17084 24067
5541 16587
1446 3187
3574 4984
5562 6596
10633 17087
1806 14765
8555 23136
17061 17246
4622 6606
5170 6199
345 1100
1963 9592
4939 8338
11102 22889
6725 18756
8206 12183
3682 20332
390 417
3161 4947
13358 18093
6814 13338
19647 24134
7756 18518
3245 14098
9773 15336
2776 14732
7152 8979
370 1461
11428 17766
4471 16010
513 5295
2825 15484
5274 8990
14658 17576
7121 15395
381 705
6154 10813
4350 7071
15254 15998
20065 23709
1554 4988
7829 11490
854 12157
5899 8615
1433 2905
3806 17056
8133 21374
11770 19405
691 2864
5147 7694
2126 2875
6563 6755
4665 16473
1987 2345
3404 13934
4899 18396
13143 15367
674 24312
16075 19847
823 10071
501 8952
1009 6821
1094 6702
1660 14952
191 1308
1099 5787
5791 10649
5343 10890
2845 3277
2222 7041
12301 23672
8061 8483
135 5077
5866 12448
20280 23279
1496 17306
4286 5434
7590 17003
11093 16401
7811 17715
6138 8232
23069 24574
303 720
1384 8935
3020 4054
10017 10537
18666 24852
11845 20984
5627 14929
15711 23790
7347 15056
5010 8851
8249 11252
3122 23136
167 22147
10098 18668
4131 5604
453 14167
8592 22438
1553 20603
5522 6335
5881 9974
1792 4298
11260 16270
351 5868
18 28
144 12743
5277 7567
10310 19026
1855 3143
3307 4059
2012 2348
9745 13585
5864 9933
7911 9716
2052 12464
2789 10582
13696 23445
787 813
6047 6791
15590 16717
1 51
20299 21257
14401 23401
14180 15424
178 4577
228 21712
4409 9698
4225 5496
3537 7811
5956 8479
6608 8488
4491 5234
16483 23876
5749 18376
7891 12977
2041 8859
1981 5799
441 570
3191 13333
2933 19966
4596 10246
2947 6111
1355 3041
391 1476
1044 2478
670 2372
5392 6641
10207 10393
1488 9775
4813 9796
10943 11349
3196 23742
3374 9623
5820 10423
676 2847
11167 19759
7375 18388
1528 5976
98 17879
8405 11263
6127 7825
2718 8322
5478 17983
3623 12826
4698 11722
277 17184
1301 22476
426 2621
1895 1957
2135 2371
242 11227
3042 23288
14469 24708
8395 10526
14601 17665
6734 9543
1435 10749
2124 9729
5316 10182
383 7865
390 10159
11019 11443
14987 20853
9040 11484
81 231
2835 21222
1342 9749
16108 17675
5125 6827
11971 20016
13765 21112
7800 10332
13428 16164
2113 12404
1419 4236
589 5589
9730 11984
13042 13763
22007 24931
3213 15563
971 23670
18683 23356
4588 17418
7271 14101
1209 6047
4107 8298
8258 10669
2041 16264
1373 5113
15787 17727
1061 1402
7997 13054
4988 20352
5151 6841
4790 20958
16591 22618
11383 19361
10563 11112
2605 4207
5537 24907
3729 17203
1778 8041
9428 11284
5791 6010
3901 9094
2185 7065
14495 22294
9552 11789
12757 15883
7423 9978
190 539
6122 10229
276 554
3106 4648
4591 10932
6241 21825
5405 7808
7832 8295
3760 6739
26 7384
20950 21616
8701 9991
8670 14037
1790 4195
2619 2951
3682 7491
242 3200
3611 4517
4064 21146
1204 9799
11886 12064
6645 12801
16014 19856
9926 19329
11973 19850
3392 5178
1834 5640
2599 6481
17067 17540
631 21978
5119 5827
8785 9472
11252 11374
19872 24463
1141 2665
9159 9727
8461 18402
3025 3432
7826 16886
943 17387
16061 23594
764 2318
6504 9922
1605 16892
9390 9587
3657 9342
8917 15753
8015 19841
16682 24797
2821 7882
8357 14373
3110 5671
5950 8635
3959 4339
5634 7958
2751 4636
2641 2676
1634 5549
8714 11838
17748 24352
15597 16155
4386 21114
1031 3638
841 846
13263 17820
86 4712
8010 20108
3062 6262
3492 14705
1021 7275
5144 7281
2531 21110
16502 21609
2007 16465
668 4227
11147 13983
8536 15645
6461 15143
746 14659
4103 11988
1108 10234
12727 22331
1218 6737
4610 6657
11848 24092
1923 8307
1839 18532
13388 14231
2735 13486
8418 13011
12526 17407
903 3776
1984 3544
7305 7354
926 3811
1246 8526
6366 15269
39 59
1080 3250
4055 5947
13747 16383
5622 12125
2420 14254
8994 9150
2509 13004
4111 24432
8248 17755
2591 9231
4559 22412
2813 6698
10085 18990
12436 14079
162 12794
12728 19495
5287 17331
19418 24797
9885 10518
20364 21649
9332 24850
9203 15710
8838 11499
9286 21948
4987 18568
11210 15564
11038 11152
1466 2461
8587 12879
8588 17131
15290 24776
2011 8777
2533 24024
10792 20466
19461 21768
6846 7224
5607 7057
4721 11238
2166 18943
2147 2372
10287 11987
10901 21634
3046 14809
11680 17237
1830 7005
3193 4411
12133 18692
4232 18227
8870 16375
4124 11157
1915 20473
2902 3151
1815 6764
769 23217
1215 3941
7819 16568
1354 5431
6060 12845
10026 23192
1728 1956
6012 9932
1321 3814
6167 13457
19234 24356
4397 23110
2939 3211
2312 4005
10335 14015
9547 14609
884 22816
7639 22793
7768 15197
3148 9780
15762 20291
657 2005
271 3469
9246 18311
4123 4977
14428 21228
786 9173
1393 3846
4312 9639
16740 23086
8722 11141
865 17986
11630 12681
2875 4211
13700 17231
1074 7522
12975 15761
8046 18845
24166 24443
1420 1423
1201 1995
10295 16457
6924 15531
1145 4448
1764 17581
2906 15622
2038 2447
11274 16615
13798 23496
17 41
1488 16692
2444 6813
4576 18839
15560 24175
466 1209
1749 2356
21959 22798
7569 21664
2702 11677
10372 16773
3915 6639
4541 11012
261 2197
828 1993
436 17008
7752 13218
8111 14499
4942 11423
1562 7706
4562 5191
7490 18301
1476 9114
713 4747
5687 12357
8252 21642
2850 4681
9719 21380
12024 18157
2310 11429
1422 15606
15205 16242
5955 6733
1667 7959
16149 20378
21 9473
19484 24060
8343 8521
2771 3692
8903 10753
8530 9629
2085 21709
841 13913
165 15576
2330 23538
8765 19001
2504 9591
12750 20071
1033 1539
14205 21968
1246 6062
2257 3136
2551 10148
6492 14567
8663 23964
6790 19826
9277 11459
12545 21655
1780 6743
3404 8656
4949 23512
22443 24368
607 677
10633 24310
13990 14910
9073 10067
17191 22652
12046 17671
12867 15384
550 16343
148 3123
6964 18277
2697 12691
1800 12708
9772 9900
2903 6309
4296 6014
16696 16834
8496 10651
1501 13436
6525 8352
14997 17917
2509 4606
1812 2056
6664 9897
1926 14177
17714 18018
6302 7066
3932 6767
12404 12889
13127 17208
4465 7006
8588 9101
4460 11774
6103 11677
10572 12850
3773 21633
1477 5517
65 14788
1107 3124
22102 23272
1424 3281
461 2404
3169 20646
451 1811
4428 9180
139 539
13299 18536
6286 9446
7426 11980
1559 5313
4851 22566
13146 24919
1301 3345
3828 16264
1085 18247
98 2268
2950 8579
10455 22820
4302 10294
1803 18163
5312 7816
3695 5783
5273 10387
5585 8341
4887 19553
6355 15547
10160 15715
9498 24676
3401 5718
4829 17494
3124 19535
14128 20425
4653 11207
5086 10565
1319 3567
15077 16544
1836 5179
2035 2517
21229 21783
1780 16607
4 2693
86 172
5515 6271
8609 21809
3857 14577
5504 9644
6549 9646
18155 19780
1216 21116
15780 21421
6006 8162
18047 18719
1132 3873
15775 24321
3995 5425
4511 10742
20260 22670
1358 5920
3170 16368
8324 17457
2396 3474
869 5289
10295 14322
8615 14151
7185 18894
2721 8843
138 1396
4636 18060
8446 11638
2096 8308
17694 24602
30 12087
8040 9754
1859 7990
6232 21172
2370 20193
7167 8488
7465 19899
589 6050
15882 17133
5889 11929
16664 22745
285 2451
631 5119
15605 23552
2092 4709
538 3523
6346 19678
6277 18783
20158 23777
141 3326
2072 5156
4758 17976
2383 4354
7079 21718
181 4534
12663 21835
138 334
2599 7216
2372 3122
2632 4632
13605 20265
4387 6808
342 462
538 21401
37 2980
7672 7758
825 15468
17791 21980
3459 9534
7714 19535
9277 23632
7560 15883
8042 15579
16 461
4658 13332
1144 1591
1457 11662
594 4950
5782 18295
3541 15036
2008 2434
19346 21652
19129 19280
525 10943
2541 12429
2934 22269
1307 13003
8664 11443
98 1442
3846 12235
3526 4774
1018 16902
9229 14513
12175 14876
2130 23595
7547 19425
9738 12872
2782 3663
1249 3394
3661 16102
1499 9050
876 3246
16299 17412
2925 3180
5251 6443
4276 12607
15151 22734
1 10
5816 19802
21913 23685
1752 1992
2308 12858
8229 22686
6798 22152
19 7542
5346 6397
3473 12674
2835 11699
14898 15484
3527 5106
11451 13131
1289 6566
7605 12644
20402 22853
2290 17621
703 3071
24396 24561
2113 6073
7533 13859
7088 7740
9070 12667
1417 3227
1350 20155
492 1052
3117 9772
12485 15436
7535 24163
951 14020
1979 21617
