100
452 4153 4584
7655 6549 6010
7199 9759 4085
8102 6360 2210
5344 8278 920
4857 4992 4447
869 7331 7098
4087 6724 5383
3735 1607 8234
3770 6246 9043
9728 2377 2763
8052 1962 4823
8088 3675 2800
1251 4515 2833
1582 9521 4699
3030 4508 1539
151 9232 905
3929 1474 9383
2691 4764 8908
1539 1911 589
4300 8078 3661
436 8080 4957
4263 6072 7343
6493 7026 172
3625 8625 440
6665 1471 6132
6142 9943 1392
1776 6503 2178
3293 7837 4182
444 8980 3009
8477 7878 4829
127 5839 5591
8218 2694 4367
4549 3805 669
4651 9144 8267
8500 1792 6673
4566 858 5947
9447 9357 4045
1247 8741 9623
3543 5423 2308
7133 677 4992
9684 1818 3857
3342 1986 7647
2370 1561 5434
7122 3188 4355
317 2954 3760
5899 9608 8045
6266 2955 3963
7345 1288 5125
2313 7689 1379
4549 9774 4207
7486 9920 7084
4405 3714 2153
8295 3497 8374
1535 5938 7096
1817 8725 5376
9851 3988 4429
2563 1127 7191
5105 1930 1314
2033 4533 3621
4873 7002 3598
1792 8696 4662
3134 8187 6886
9925 7165 7725
5550 8376 6389
5302 3687 5107
4253 5536 8781
7050 459 9662
8183 4254 9241
6321 9874 8091
2272 5423 8713
6853 8518 6841
6751 1710 5912
8134 8713 8502
2175 8015 6247
3325 4627 4801
7012 2385 1339
1541 7225 9092
8468 2063 8745
3855 1114 4640
4295 4553 7550
2506 6903 8150
9159 2934 2179
6416 938 9097
4495 1235 9887
1435 685 7455
1160 7737 7342
3764 4289 3669
316 4542 4345
7951 7500 8175
5381 8922 8500
9792 5980 1692
7294 8896 9282
7612 6444 4849
2302 278 3995
5695 1911 4783
6616 8280 7306
9447 5107 136
1313 1728 848
6108 5383 2546
