53
539 8180 2685
8001 7498 6845
1845 5332 3669
4614 1887 4689
1962 2458 7289
4049 7666 1413
3666 1163 5477
2081 7160 9911
8094 1995 3145
3173 7483 6318
1576 8960 2401
9832 8832 9017
8275 702 8403
1609 8025 8974
5254 2723 4929
5277 1210 2390
1126 7702 1222
5359 7842 7318
2835 7828 5943
5307 3718 4465
7900 7170 4591
2430 4768 1991
7402 1613 4268
7211 1086 2816
8560 1895 9757
8090 2815 3945
676 9954 8168
9250 1840 8705
5149 3213 1533
9542 6191 7655
4678 3727 8292
8536 3351 495
9457 2482 1276
8938 4968 2578
4668 1572 2128
6398 4253 3821
4523 1738 5813
6119 9433 8023
9103 7866 4467
3861 7481 4941
2020 3702 3088
5005 2644 9082
4936 7300 937
2412 9739 6171
23 3789 7829
31 3241 3787
9004 9978 4116
7711 5653 4794
8223 9270 3001
1536 3022 4138
8814 3443 4269
6391 7410 9378
95 3255 5329
