100
4988 6363 3289
9458 6971 5151
8059 9841 3401
9213 4571 6547
3437 773 3553
8802 8619 2116
6868 5609 9892
5093 6910 2096
6205 8489 5302
2394 5775 8716
8249 5764 3608
1805 8381 5201
1381 7172 5438
220 8265 6112
633 8057 3788
506 2043 9995
6337 9694 869
2031 3390 5995
905 1614 2062
1840 6069 4663
1074 3981 3335
9586 7733 2752
897 7524 6007
6845 3941 528
4308 6572 2831
1901 4056 1088
1079 5411 2636
7531 2932 2604
6830 2554 2923
9930 5317 9227
2226 9901 1350
4761 9165 3002
9179 7032 3716
9575 340 376
8343 3386 8384
3615 23 1108
3147 5795 787
4427 8160 7593
6641 3991 7281
8865 7191 6931
9155 5313 830
2156 585 9721
2820 158 2417
5752 6124 6534
4028 4750 7325
946 5004 8542
2469 5742 5123
3683 197 954
6207 5129 1984
4888 1968 9807
1844 2034 4412
3041 348 2505
7918 3308 284
9729 4575 3299
3814 5612 6873
7736 3472 4892
6335 939 1840
2896 9200 9589
7250 3433 2734
8667 5357 6020
8273 1036 8921
4188 9584 3635
652 9058 7645
5751 6448 4921
5437 7343 8882
6051 8836 7880
3277 6438 2199
8669 1209 6695
9753 4132 8788
4836 6354 18
9560 146 3735
8991 4368 1875
822 6600 3020
6954 9218 3058
5111 3473 7443
8836 9835 9123
31 4514 7141
6330 76 7879
5058 8294 6311
3714 563 2666
8333 4273 3803
2054 6046 894
8037 3104 1934
9724 135 8366
7246 7021 8975
7654 5689 2009
1583 8134 733
7749 9367 4844
5101 2997 9275
5882 3561 514
7232 8960 2597
9805 3698 8564
3058 4746 3687
5419 4383 9075
6089 2496 1492
5212 9651 4265
7929 4376 5444
8419 1369 8476
8169 1790 66
6731 1153 4676
