89
6273 3883 6357
2145 7126 9519
7868 8731 7074
3672 7332 2696
5902 1689 1101
1389 5774 8982
6665 1938 8260
526 2042 7598
2935 8231 4479
623 8639 1634
5807 8400 1006
9891 4282 2048
2337 5544 5267
9208 2426 3012
5601 5241 1428
7301 8986 9555
8355 876 2248
6271 1309 9181
4806 964 8030
7773 6204 7677
7865 6528 9037
2944 8745 8905
7130 6031 5264
6721 1290 7114
6457 3414 7507
7620 4372 1262
4917 9443 7017
529 3393 2254
1799 994 3094
628 8024 8852
817 5201 9566
4437 513 4584
1304 8752 7781
7243 5398 9256
711 5070 6022
7897 1905 2863
3639 6848 9019
432 2404 9908
3684 6551 6801
60 1132 6476
6099 6129 5378
7241 7727 4026
7312 7462 3156
537 5521 862
2386 134 2212
5228 5630 7767
9058 1032 3290
3114 324 6432
7815 4260 3109
7858 3539 1255
7054 7927 3094
2548 8354 4875
1486 9742 5420
256 1427 8651
6042 4100 6032
7123 8379 9271
7449 2604 636
9221 2543 4899
6771 5883 9205
2114 8064 6901
9395 238 2900
3929 7505 9333
9614 6213 5139
1813 9729 6171
5902 761 1443
6199 6295 8772
5704 8415 1302
276 9712 1555
5772 2822 5204
1759 5188 5282
1350 6437 1907
3447 4617 2963
5482 5990 439
6394 8138 6249
4036 2945 9021
7821 228 8432
3292 4410 4587
3404 4667 6927
768 9190 2506
3282 1373 1562
7030 8853 2174
1254 8769 8104
2055 3040 832
306 3512 7591
5091 4841 1045
2849 5881 4060
7308 4102 7294
4148 9333 4516
2680 6986 9692
