58
9505 9731 4035
2722 949 3321
317 8161 160
8788 1348 4963
8172 7728 4731
6727 8400 1802
9206 6832 3665
2238 4041 4782
4790 7194 7733
9081 1867 2457
3363 3367 1777
3434 436 5008
8074 8916 5567
7895 1801 9573
6843 3641 4362
6660 9218 7901
6021 8892 766
1047 6128 7964
2157 4905 3674
5682 4184 9768
9256 8172 695
8419 2055 5144
6761 6374 7915
4664 4441 59
7121 6420 975
7152 2970 8941
6750 5797 4722
8740 2888 1913
1032 1847 796
6327 2457 706
8524 5924 4122
1901 1272 5566
2154 2686 5889
9968 9963 6769
1715 7273 2975
2349 2600 8528
2901 7847 7454
9793 5148 3314
9155 6093 5448
7983 4186 8933
4321 6928 7812
1597 446 2311
2172 8952 6544
7167 7105 970
3865 2217 6067
1689 3872 8663
1980 7830 8217
2434 361 3801
598 7862 9557
2283 6600 1249
460 2142 106
7293 514 7864
7369 3847 9382
7254 2355 2975
6103 6591 9425
8777 85 4990
1980 4947 784
2152 8134 7539
