100
7653 9065 3674
5759 349 1417
6266 5253 2336
3263 1694 6539
5272 9325 3186
1343 3199 4388
5105 1167 9560
2805 2344 3641
5804 5859 9027
5394 2649 2463
3859 8188 7601
1147 1969 7517
4838 3829 5598
5397 6028 4302
8459 1565 3201
6948 1129 9802
7245 3607 7309
8605 8136 9097
3292 7924 5489
8350 5498 6178
527 619 3397
4275 3055 8736
7688 5855 9542
3893 6055 5471
899 8903 1361
8924 1047 5421
9619 2483 9872
3084 7575 194
6654 1047 2263
1006 2573 4878
7357 9932 3381
4289 3681 9957
5829 9656 3711
3922 3953 7814
2410 8095 3803
86 9255 1647
7717 8019 8779
8765 1724 4787
9487 2597 2183
2749 3485 2772
238 105 1664
703 5193 2140
1789 9379 395
5016 9322 6897
7719 2579 3344
5421 9252 9155
2405 9797 7270
3797 7643 2557
6099 3963 3033
4509 1948 9081
5091 2641 9323
6973 6886 9567
5105 8618 3706
1215 3882 9204
214 1991 642
5955 1445 9132
9410 5692 2479
466 8926 7594
4149 2302 8955
9142 4609 6657
3331 5701 9121
9561 8324 6708
2893 4636 7410
3951 4323 8673
6072 9889 8486
8445 2683 6491
3203 443 4103
7562 2551 7781
7057 28 5140
970 8902 2134
7016 1798 3871
9047 1521 2013
3390 8814 963
1048 1562 4149
7439 9491 9405
8022 2642 7533
3957 3515 9020
101 808 913
7103 2896 1193
7500 6368 6067
7209 8029 9461
4721 1260 6340
2143 8008 8330
1079 3782 975
2167 1002 5757
5937 8980 7836
7594 2560 4736
7140 3200 8381
4661 171 2023
3999 6021 2190
2490 9626 7801
5202 7560 2247
3350 5583 4746
5089 4607 9570
5439 3621 8991
2083 886 4813
2547 6844 4657
8860 5450 8258
3955 5093 8454
8046 4605 6309
