45
2724 1762 3877
371 1380 6412
457 2299 8036
4110 7645 4887
9979 7703 9295
2984 6873 103
396 1219 7787
3786 6466 345
9796 8161 2253
118 9241 265
7087 5425 9254
6754 6724 4883
9637 7671 4027
3635 7685 4934
3336 4541 1052
1049 5852 4509
6251 5981 5901
5161 8883 2675
402 9570 4188
4187 6400 9282
9013 7894 3989
8328 8789 4753
4494 3476 5611
4082 6222 2400
6014 6820 2663
4029 9543 2745
455 7757 1710
9619 6968 753
7420 4723 9862
5093 3478 1750
3435 8915 1261
8537 9136 8327
3146 3584 67
9296 8792 1852
1816 1215 9875
2788 4484 6381
4357 6065 3229
2105 3894 2982
7181 4660 468
4023 9072 6801
851 5512 418
3064 9969 860
9607 9565 6794
4354 2729 7525
8827 7964 9488
