24 18
7511 27008 16020 11734 27667 3344 16469 2332 18652 863 9925 17670 17653 23756 4899 32424 26512 4176 
28207 21395 12202 19561 24348 11400 23062 10154 11717 9555 12336 11916 27709 5181 14691 31609 19289 10284 
13512 26453 11361 32122 18880 26819 10650 19619 18547 31820 3867 12086 27180 31743 21244 14947 14871 3073 
29018 27344 21553 13508 11170 22487 13359 28465 29892 4768 8224 1472 30856 7074 12632 25045 4710 10967 
20759 8061 21272 17113 423 3480 24749 24465 20057 12771 19283 31127 5130 26817 26042 18757 24961 25565 
9967 9191 21988 28798 18690 31636 30566 21040 241 10186 16608 6196 5955 10365 22031 16606 6545 24044 
12094 26946 2121 6430 29850 10420 14553 21354 3282 19752 31828 4393 29691 6206 23497 10813 17207 20874 
22969 11157 18210 11226 14789 27464 17199 18995 22077 29797 12340 26905 30575 4824 27353 14816 6530 25408 
9003 4454 6976 2884 15361 81 25193 20186 28175 27375 20016 12004 15480 30642 28727 19565 13375 8175 
27433 31197 30344 6963 13513 11201 21419 7148 5587 2221 4401 28586 20647 25345 4033 19678 18761 31739 
10933 2064 10571 29340 28958 32022 23501 30816 11446 702 20192 20571 27036 31091 22800 20610 29496 3554 
1688 6462 9934 10305 1307 3176 9739 13781 12562 24706 20267 1599 30340 3920 19326 2122 20663 16383 
4107 3631 14810 4963 30339 32121 15307 3342 2509 5291 11515 12344 8419 28908 23962 30348 25588 13986 
11070 30212 14403 22977 2541 24365 16592 13176 16796 5917 23393 2167 23480 14882 31672 18518 24927 25469 
30052 16122 6936 21781 7749 26805 25713 28889 19354 15252 18398 2806 13886 29545 9451 0 31833 21899 
1961 32695 13429 2202 1763 9625 10545 2913 22706 29234 32021 23695 4295 4732 10073 23171 11879 17822 
11258 4696 2132 2061 11884 24962 13663 16852 29329 25682 495 31596 6820 20798 24377 6881 9109 1832 
1555 31584 23076 14411 28788 6073 12867 23374 7100 10100 12111 21804 32617 18190 25945 23169 16354 99 
8166 15904 23204 10763 4347 22296 7105 4311 8334 29891 27352 2943 10389 22474 9639 11107 5003 14638 
10015 5246 5031 31950 32193 6709 10732 11637 28390 15008 2311 20077 18159 1947 4797 31483 30959 27410 
3352 18887 27298 28039 2030 31631 23610 4828 1316 6490 20137 11250 22126 3314 31457 26107 11110 25385 
1404 20950 31714 10978 29733 28132 15377 6708 20945 4884 20047 24823 1325 3166 18195 32334 21956 32173 
1962 26905 3072 1130 31853 24181 23574 6331 7915 6381 17012 28142 27378 4012 27581 16432 10051 27622 
15116 32747 10594 19393 2816 616 12902 8547 23039 14859 7520 9124 6079 29135 31445 1109 28153 865 
18 1
12590 
24396 
386 
20930 
0 
405 
20583 
1067 
2326 
21976 
14347 
26897 
4401 
20513 
25222 
3478 
19364 
19351 
1
