22 19
12133 21095 21769 28826 24436 12636 17882 21536 21556 13737 29888 16338 31300 5890 14299 25059 2674 15488 7748 
15197 14231 22807 22185 17570 25047 14627 11675 6588 4001 31013 13661 19180 32041 29951 8405 4558 3113 7862 
30608 7590 18282 8129 31988 31735 30276 6107 16358 8006 26162 2919 22270 15072 30571 5342 23476 4739 6687 
13008 31834 17229 20720 13610 3827 25506 32720 15091 32117 29820 26682 681 12765 21298 19510 20117 22390 12085 
2511 2971 21025 5794 32136 30817 18860 17195 28981 2806 15629 22476 15940 25390 17736 7390 31100 20555 21027 
15509 8283 20667 16193 26013 2025 12704 7167 6706 14233 8741 5123 3107 26214 5296 13889 20792 27136 19577 
2658 0 25542 15955 14663 8711 5101 9003 10868 18469 5260 7384 331 18141 9610 8051 7780 26981 28643 
10234 5093 7710 4949 12452 26278 19718 12443 16211 3152 23441 31807 15972 17013 27268 15041 22019 8003 21570 
30697 30954 3028 10959 3615 29694 19314 8322 20343 11313 16956 13836 11685 3283 10405 25759 9457 22628 9440 
28544 30161 12252 13029 3069 29129 9165 31111 9625 17976 30129 1371 9112 5150 27884 31513 2109 30922 13252 
26514 18341 5315 16183 7135 10042 4801 1155 17669 20547 21380 2154 5180 27629 13740 23255 31123 16212 12420 
11235 30658 21702 16566 5423 10833 26628 17449 3773 2498 4621 28909 21161 5243 22479 16950 152 22511 2380 
17715 11863 5519 5255 30039 20727 3121 28228 21864 1600 22944 23892 23973 13010 6129 18644 15568 3650 1703 
26772 2539 27252 17835 31737 20913 20336 31812 6670 20200 14114 26984 17464 20224 31785 17001 15228 18935 21948 
11389 17725 12173 31135 28741 26507 9719 2170 7310 1229 4871 12709 29867 3522 16134 9571 32213 7003 4537 
16836 21577 25081 18587 21357 4420 13867 8241 27392 8726 27825 29576 22482 19653 17020 15686 10234 29784 30737 
32007 19564 24005 26570 7937 32547 23075 29607 10237 20905 9388 30827 16299 13606 16835 6153 25011 27095 19216 
20123 21514 5984 7373 303 15737 24766 4156 20234 31292 14832 12702 11734 26233 27136 2015 21554 15956 10374 
8692 31063 7862 10975 5597 24754 12840 12401 10081 30978 15707 25926 24519 25309 25465 16572 6201 2195 20118 
30462 24981 31337 29352 30244 4441 9844 7921 1580 5561 24190 32337 29714 12120 27687 14212 10985 26183 29812 
690 646 2638 11785 32708 10420 11684 29404 30181 31487 28680 16433 23207 26649 27769 29718 13680 18125 7443 
10205 10941 4662 20542 22072 31207 27470 16093 10998 15407 4743 11878 24455 21020 27834 13980 867 11458 6246 
10 24
19772 20765 2089 7737 14878 7953 18617 2147 21119 27507 16687 2950 10597 28137 16265 15101 21694 13488 13085 17409 18367 18028 2641 21532 
7316 17235 27667 15246 27354 705 13559 3716 3285 25545 13089 16078 31017 18095 24187 19791 19257 6462 9933 1628 7807 6554 27223 11978 
29329 10014 20220 26483 1145 21811 22848 0 15668 22606 25991 16273 24566 15854 11540 22245 5905 7931 21190 29684 11015 15667 27734 6306 
30458 5188 16477 148 5844 4464 19667 2660 28259 13452 26823 22530 15009 20981 14796 8202 2936 6719 13995 15714 15145 23817 6836 25613 
20505 16363 4638 24649 16017 1481 3467 6251 13020 18554 27083 3372 11027 5446 18505 15918 31858 32537 19357 4867 28504 3837 10928 4032 
17037 28664 7998 1763 17339 27552 1941 15600 10641 25119 15579 29612 22239 28095 32170 1775 12466 27213 1156 4342 5921 9114 30087 12300 
22051 31133 16852 13182 10324 29683 212 27311 28869 16478 9780 10722 30333 6945 6392 17505 15104 27030 5385 22270 6353 25600 32751 17316 
10543 29609 28449 3801 26266 12294 6498 12348 3760 20723 22550 19104 5790 18892 2790 30300 31390 10210 22912 2940 373 20669 15252 1690 
19808 19921 12823 9318 7664 24728 22165 27612 28173 2665 1421 1976 566 4801 28780 4592 23670 23851 20837 30508 7638 3051 28635 25255 
27370 21132 18063 5175 2320 12164 23999 26817 15810 32200 31863 21369 15515 8374 20517 18965 23568 18147 22621 11359 24628 17149 32543 29667 
1
