11 12
25821 31778 1265 11141 19596 17875 15782 21359 16867 17635 16237 25216 
15291 16524 30526 21375 7792 3985 29893 19553 1723 24999 22167 18979 
5888 29260 426 26233 19076 20094 9866 23137 12179 11443 3636 1856 
29196 26256 9989 23056 27110 19146 3954 21671 27068 22517 18847 23354 
2401 30042 5726 29737 12452 29341 29887 4567 9711 24879 4531 25824 
12941 9923 23223 16017 27596 22734 4975 22739 17513 6254 19727 23930 
5225 12206 32742 19231 20573 20343 28370 4715 11675 20386 19910 13997 
3542 26755 4370 8852 8026 19201 16196 17806 23142 5458 28715 5294 
3339 16209 16136 0 17017 25709 27679 308 32716 9005 21133 31795 
32348 19646 24545 25184 10323 30619 29598 27573 14739 26584 8282 26229 
31346 29855 9553 12463 5669 5818 16505 22295 19469 22357 20833 14517 
17 5
12028 9495 30036 25636 24228 
17472 23453 19110 24844 31789 
21489 31663 20410 8204 4675 
17503 6017 2685 26816 9631 
22716 30763 3008 3297 21491 
31830 28231 30297 2177 14577 
32745 27339 17448 20070 21121 
17546 24493 16321 7723 2222 
23909 21158 32259 9139 3190 
20131 17738 8399 25742 0 
29127 14903 3615 5922 1526 
3146 14709 23927 31179 23211 
31190 29739 15525 6194 483 
24337 2916 6578 5434 27655 
21474 8551 10342 17992 32738 
11454 13402 22996 6109 24675 
18378 2051 13520 26983 2844 
0
