20 16
21786 2670 17169 14896 9330 14479 11673 31589 635 22232 2934 13627 11785 28419 22635 22659 
5170 18524 5460 3775 11296 4277 21030 31786 14182 13014 7541 5512 21632 25508 8377 15883 
9748 5281 22992 6071 22144 13173 30228 25905 4996 20833 29682 17303 2369 9641 12906 29079 
5919 13053 12758 3431 2552 10045 11318 7012 1634 18765 26471 17367 26936 13000 447 30373 
30891 13884 1016 2563 23165 8798 7610 32566 14811 2526 9259 30624 16821 32299 14004 6258 
12061 16242 7417 17685 32648 9054 8117 18614 21306 29835 27435 19446 19668 21508 30585 8394 
2979 2306 29850 20595 9161 2176 5399 28165 8424 20508 6308 18239 7050 24261 7082 3116 
23579 22820 30271 12708 15252 18984 14495 31325 17416 20893 22836 18636 15490 9116 1903 14633 
24592 920 18542 852 23308 11088 19733 29348 13013 16042 10430 31852 31189 23061 21027 22634 
1299 27695 13912 10862 17307 14400 27187 31895 28075 23226 8353 26673 1891 28005 6450 4618 
19827 24923 22013 30301 21201 26499 9164 10808 13540 18311 2964 26908 29485 8157 18728 16598 
6953 4147 4000 795 9687 650 3961 24452 8442 13911 1330 250 7476 6657 18227 15276 
6129 4886 13754 3809 25625 15274 6850 19270 19669 2445 4131 30514 4955 8323 28153 10137 
4986 18786 6532 30039 21802 25428 5970 18739 580 17692 22401 2096 11607 17204 25717 9872 
10396 3328 31254 5247 27528 12722 29722 15135 1397 30389 11337 19545 1286 4575 16136 1745 
24087 30590 18231 14353 7883 14126 6633 22692 24055 800 9690 31627 22869 9510 31224 26812 
20659 10532 3890 16505 11845 14456 1804 31895 15691 3603 1448 30623 3048 30978 15843 10801 
24161 22035 930 22476 1683 25674 12220 23068 32395 28733 19987 31345 6295 32278 25535 9369 
16939 14850 317 7134 20887 29553 19171 11115 27641 17961 9697 21520 7800 22539 32256 16135 
31520 20446 25410 21757 0 31474 17032 5968 11328 30902 9285 29509 17433 28747 27308 20749 
24 13
30941 29225 10141 12423 19153 32311 4130 9795 29869 25909 20273 31087 13322 
30737 7411 2757 20225 16370 27049 5133 157 18784 14120 19552 8426 32356 
30805 5205 25959 17442 30874 29417 31964 18569 30476 9875 14602 17630 9267 
2039 13822 30853 12847 8857 10252 14584 21736 11568 29486 12835 18036 3887 
10230 24880 6640 29951 20312 2856 5986 32323 20892 21679 27970 22730 6057 
23897 23609 25149 18138 9329 1742 26787 27367 17903 22393 4283 20531 10129 
19899 2411 2610 30048 10459 30661 8043 22330 14436 3533 28399 7949 4869 
20106 21369 3600 4053 25491 20759 10782 20207 1077 30209 6205 11243 19161 
22458 679 30788 31390 18979 24506 29830 17318 166 17119 29398 30015 14508 
21905 27182 1796 27669 20126 19287 17493 32516 21467 21839 12145 5813 15160 
26555 14130 20266 11814 28922 866 16754 27520 30752 13597 1627 10675 22537 
30015 21428 7828 21821 7545 6356 266 7092 10235 14401 28520 13630 22897 
1745 106 12378 18828 25943 383 15316 20066 23338 3045 30408 25067 22418 
15731 10715 26482 28373 22175 17772 24093 30441 2028 12921 24136 1347 17589 
19083 17317 19874 24332 14760 19719 30812 4919 26993 25969 1663 15094 1317 
31954 30312 20703 24246 19383 10378 6942 30721 10034 22204 6359 25408 5740 
4455 2213 7222 29457 9598 19890 11012 31792 22562 15891 7459 17378 29750 
17047 7466 5896 30325 0 16330 17241 11561 10782 14038 30370 31256 12403 
2522 24598 11592 2335 19308 26668 2678 12043 27728 19955 3154 5097 29335 
13941 17291 19940 7662 16598 7397 1776 29380 15146 30887 10030 2058 17381 
11251 8065 198 5906 18549 23928 19708 32118 5430 30360 16687 12814 15797 
499 16245 29079 11322 25107 15709 26276 10064 4402 5856 30392 30368 9184 
1958 17110 6584 17051 28858 26187 22944 15885 21148 4633 29047 6933 8784 
19871 24179 2352 2518 30204 9352 26160 28938 10139 28160 15060 3948 20641 
1
