10000 10000
4999
4 4
8 8
12 12
16 16
20 20
24 24
28 28
32 32
36 36
40 40
44 44
48 48
52 52
56 56
60 60
64 64
68 68
72 72
76 76
80 80
84 84
88 88
92 92
96 96
100 100
104 104
108 108
112 112
116 116
120 120
124 124
128 128
132 132
136 136
140 140
144 144
148 148
152 152
156 156
160 160
164 164
168 168
172 172
176 176
180 180
184 184
188 188
192 192
196 196
200 200
204 204
208 208
212 212
216 216
220 220
224 224
228 228
232 232
236 236
240 240
244 244
248 248
252 252
256 256
260 260
264 264
268 268
272 272
276 276
280 280
284 284
288 288
292 292
296 296
300 300
304 304
308 308
312 312
316 316
320 320
324 324
328 328
332 332
336 336
340 340
344 344
348 348
352 352
356 356
360 360
364 364
368 368
372 372
376 376
380 380
384 384
388 388
392 392
396 396
400 400
404 404
408 408
412 412
416 416
420 420
424 424
428 428
432 432
436 436
440 440
444 444
448 448
452 452
456 456
460 460
464 464
468 468
472 472
476 476
480 480
484 484
488 488
492 492
496 496
500 500
504 504
508 508
512 512
516 516
520 520
524 524
528 528
532 532
536 536
540 540
544 544
548 548
552 552
556 556
560 560
564 564
568 568
572 572
576 576
580 580
584 584
588 588
592 592
596 596
600 600
604 604
608 608
612 612
616 616
620 620
624 624
628 628
632 632
636 636
640 640
644 644
648 648
652 652
656 656
660 660
664 664
668 668
672 672
676 676
680 680
684 684
688 688
692 692
696 696
700 700
704 704
708 708
712 712
716 716
720 720
724 724
728 728
732 732
736 736
740 740
744 744
748 748
752 752
756 756
760 760
764 764
768 768
772 772
776 776
780 780
784 784
788 788
792 792
796 796
800 800
804 804
808 808
812 812
816 816
820 820
824 824
828 828
832 832
836 836
840 840
844 844
848 848
852 852
856 856
860 860
864 864
868 868
872 872
876 876
880 880
884 884
888 888
892 892
896 896
900 900
904 904
908 908
912 912
916 916
920 920
924 924
928 928
932 932
936 936
940 940
944 944
948 948
952 952
956 956
960 960
964 964
968 968
972 972
976 976
980 980
984 984
988 988
992 992
996 996
1000 1000
1004 1004
1008 1008
1012 1012
1016 1016
1020 1020
1024 1024
1028 1028
1032 1032
1036 1036
1040 1040
1044 1044
1048 1048
1052 1052
1056 1056
1060 1060
1064 1064
1068 1068
1072 1072
1076 1076
1080 1080
1084 1084
1088 1088
1092 1092
1096 1096
1100 1100
1104 1104
1108 1108
1112 1112
1116 1116
1120 1120
1124 1124
1128 1128
1132 1132
1136 1136
1140 1140
1144 1144
1148 1148
1152 1152
1156 1156
1160 1160
1164 1164
1168 1168
1172 1172
1176 1176
1180 1180
1184 1184
1188 1188
1192 1192
1196 1196
1200 1200
1204 1204
1208 1208
1212 1212
1216 1216
1220 1220
1224 1224
1228 1228
1232 1232
1236 1236
1240 1240
1244 1244
1248 1248
1252 1252
1256 1256
1260 1260
1264 1264
1268 1268
1272 1272
1276 1276
1280 1280
1284 1284
1288 1288
1292 1292
1296 1296
1300 1300
1304 1304
1308 1308
1312 1312
1316 1316
1320 1320
1324 1324
1328 1328
1332 1332
1336 1336
1340 1340
1344 1344
1348 1348
1352 1352
1356 1356
1360 1360
1364 1364
1368 1368
1372 1372
1376 1376
1380 1380
1384 1384
1388 1388
1392 1392
1396 1396
1400 1400
1404 1404
1408 1408
1412 1412
1416 1416
1420 1420
1424 1424
1428 1428
1432 1432
1436 1436
1440 1440
1444 1444
1448 1448
1452 1452
1456 1456
1460 1460
1464 1464
1468 1468
1472 1472
1476 1476
1480 1480
1484 1484
1488 1488
1492 1492
1496 1496
1500 1500
1504 1504
1508 1508
1512 1512
1516 1516
1520 1520
1524 1524
1528 1528
1532 1532
1536 1536
1540 1540
1544 1544
1548 1548
1552 1552
1556 1556
1560 1560
1564 1564
1568 1568
1572 1572
1576 1576
1580 1580
1584 1584
1588 1588
1592 1592
1596 1596
1600 1600
1604 1604
1608 1608
1612 1612
1616 1616
1620 1620
1624 1624
1628 1628
1632 1632
1636 1636
1640 1640
1644 1644
1648 1648
1652 1652
1656 1656
1660 1660
1664 1664
1668 1668
1672 1672
1676 1676
1680 1680
1684 1684
1688 1688
1692 1692
1696 1696
1700 1700
1704 1704
1708 1708
1712 1712
1716 1716
1720 1720
1724 1724
1728 1728
1732 1732
1736 1736
1740 1740
1744 1744
1748 1748
1752 1752
1756 1756
1760 1760
1764 1764
1768 1768
1772 1772
1776 1776
1780 1780
1784 1784
1788 1788
1792 1792
1796 1796
1800 1800
1804 1804
1808 1808
1812 1812
1816 1816
1820 1820
1824 1824
1828 1828
1832 1832
1836 1836
1840 1840
1844 1844
1848 1848
1852 1852
1856 1856
1860 1860
1864 1864
1868 1868
1872 1872
1876 1876
1880 1880
1884 1884
1888 1888
1892 1892
1896 1896
1900 1900
1904 1904
1908 1908
1912 1912
1916 1916
1920 1920
1924 1924
1928 1928
1932 1932
1936 1936
1940 1940
1944 1944
1948 1948
1952 1952
1956 1956
1960 1960
1964 1964
1968 1968
1972 1972
1976 1976
1980 1980
1984 1984
1988 1988
1992 1992
1996 1996
2000 2000
2004 2004
2008 2008
2012 2012
2016 2016
2020 2020
2024 2024
2028 2028
2032 2032
2036 2036
2040 2040
2044 2044
2048 2048
2052 2052
2056 2056
2060 2060
2064 2064
2068 2068
2072 2072
2076 2076
2080 2080
2084 2084
2088 2088
2092 2092
2096 2096
2100 2100
2104 2104
2108 2108
2112 2112
2116 2116
2120 2120
2124 2124
2128 2128
2132 2132
2136 2136
2140 2140
2144 2144
2148 2148
2152 2152
2156 2156
2160 2160
2164 2164
2168 2168
2172 2172
2176 2176
2180 2180
2184 2184
2188 2188
2192 2192
2196 2196
2200 2200
2204 2204
2208 2208
2212 2212
2216 2216
2220 2220
2224 2224
2228 2228
2232 2232
2236 2236
2240 2240
2244 2244
2248 2248
2252 2252
2256 2256
2260 2260
2264 2264
2268 2268
2272 2272
2276 2276
2280 2280
2284 2284
2288 2288
2292 2292
2296 2296
2300 2300
2304 2304
2308 2308
2312 2312
2316 2316
2320 2320
2324 2324
2328 2328
2332 2332
2336 2336
2340 2340
2344 2344
2348 2348
2352 2352
2356 2356
2360 2360
2364 2364
2368 2368
2372 2372
2376 2376
2380 2380
2384 2384
2388 2388
2392 2392
2396 2396
2400 2400
2404 2404
2408 2408
2412 2412
2416 2416
2420 2420
2424 2424
2428 2428
2432 2432
2436 2436
2440 2440
2444 2444
2448 2448
2452 2452
2456 2456
2460 2460
2464 2464
2468 2468
2472 2472
2476 2476
2480 2480
2484 2484
2488 2488
2492 2492
2496 2496
2500 2500
2504 2504
2508 2508
2512 2512
2516 2516
2520 2520
2524 2524
2528 2528
2532 2532
2536 2536
2540 2540
2544 2544
2548 2548
2552 2552
2556 2556
2560 2560
2564 2564
2568 2568
2572 2572
2576 2576
2580 2580
2584 2584
2588 2588
2592 2592
2596 2596
2600 2600
2604 2604
2608 2608
2612 2612
2616 2616
2620 2620
2624 2624
2628 2628
2632 2632
2636 2636
2640 2640
2644 2644
2648 2648
2652 2652
2656 2656
2660 2660
2664 2664
2668 2668
2672 2672
2676 2676
2680 2680
2684 2684
2688 2688
2692 2692
2696 2696
2700 2700
2704 2704
2708 2708
2712 2712
2716 2716
2720 2720
2724 2724
2728 2728
2732 2732
2736 2736
2740 2740
2744 2744
2748 2748
2752 2752
2756 2756
2760 2760
2764 2764
2768 2768
2772 2772
2776 2776
2780 2780
2784 2784
2788 2788
2792 2792
2796 2796
2800 2800
2804 2804
2808 2808
2812 2812
2816 2816
2820 2820
2824 2824
2828 2828
2832 2832
2836 2836
2840 2840
2844 2844
2848 2848
2852 2852
2856 2856
2860 2860
2864 2864
2868 2868
2872 2872
2876 2876
2880 2880
2884 2884
2888 2888
2892 2892
2896 2896
2900 2900
2904 2904
2908 2908
2912 2912
2916 2916
2920 2920
2924 2924
2928 2928
2932 2932
2936 2936
2940 2940
2944 2944
2948 2948
2952 2952
2956 2956
2960 2960
2964 2964
2968 2968
2972 2972
2976 2976
2980 2980
2984 2984
2988 2988
2992 2992
2996 2996
3000 3000
3004 3004
3008 3008
3012 3012
3016 3016
3020 3020
3024 3024
3028 3028
3032 3032
3036 3036
3040 3040
3044 3044
3048 3048
3052 3052
3056 3056
3060 3060
3064 3064
3068 3068
3072 3072
3076 3076
3080 3080
3084 3084
3088 3088
3092 3092
3096 3096
3100 3100
3104 3104
3108 3108
3112 3112
3116 3116
3120 3120
3124 3124
3128 3128
3132 3132
3136 3136
3140 3140
3144 3144
3148 3148
3152 3152
3156 3156
3160 3160
3164 3164
3168 3168
3172 3172
3176 3176
3180 3180
3184 3184
3188 3188
3192 3192
3196 3196
3200 3200
3204 3204
3208 3208
3212 3212
3216 3216
3220 3220
3224 3224
3228 3228
3232 3232
3236 3236
3240 3240
3244 3244
3248 3248
3252 3252
3256 3256
3260 3260
3264 3264
3268 3268
3272 3272
3276 3276
3280 3280
3284 3284
3288 3288
3292 3292
3296 3296
3300 3300
3304 3304
3308 3308
3312 3312
3316 3316
3320 3320
3324 3324
3328 3328
3332 3332
3336 3336
3340 3340
3344 3344
3348 3348
3352 3352
3356 3356
3360 3360
3364 3364
3368 3368
3372 3372
3376 3376
3380 3380
3384 3384
3388 3388
3392 3392
3396 3396
3400 3400
3404 3404
3408 3408
3412 3412
3416 3416
3420 3420
3424 3424
3428 3428
3432 3432
3436 3436
3440 3440
3444 3444
3448 3448
3452 3452
3456 3456
3460 3460
3464 3464
3468 3468
3472 3472
3476 3476
3480 3480
3484 3484
3488 3488
3492 3492
3496 3496
3500 3500
3504 3504
3508 3508
3512 3512
3516 3516
3520 3520
3524 3524
3528 3528
3532 3532
3536 3536
3540 3540
3544 3544
3548 3548
3552 3552
3556 3556
3560 3560
3564 3564
3568 3568
3572 3572
3576 3576
3580 3580
3584 3584
3588 3588
3592 3592
3596 3596
3600 3600
3604 3604
3608 3608
3612 3612
3616 3616
3620 3620
3624 3624
3628 3628
3632 3632
3636 3636
3640 3640
3644 3644
3648 3648
3652 3652
3656 3656
3660 3660
3664 3664
3668 3668
3672 3672
3676 3676
3680 3680
3684 3684
3688 3688
3692 3692
3696 3696
3700 3700
3704 3704
3708 3708
3712 3712
3716 3716
3720 3720
3724 3724
3728 3728
3732 3732
3736 3736
3740 3740
3744 3744
3748 3748
3752 3752
3756 3756
3760 3760
3764 3764
3768 3768
3772 3772
3776 3776
3780 3780
3784 3784
3788 3788
3792 3792
3796 3796
3800 3800
3804 3804
3808 3808
3812 3812
3816 3816
3820 3820
3824 3824
3828 3828
3832 3832
3836 3836
3840 3840
3844 3844
3848 3848
3852 3852
3856 3856
3860 3860
3864 3864
3868 3868
3872 3872
3876 3876
3880 3880
3884 3884
3888 3888
3892 3892
3896 3896
3900 3900
3904 3904
3908 3908
3912 3912
3916 3916
3920 3920
3924 3924
3928 3928
3932 3932
3936 3936
3940 3940
3944 3944
3948 3948
3952 3952
3956 3956
3960 3960
3964 3964
3968 3968
3972 3972
3976 3976
3980 3980
3984 3984
3988 3988
3992 3992
3996 3996
4000 4000
4004 4004
4008 4008
4012 4012
4016 4016
4020 4020
4024 4024
4028 4028
4032 4032
4036 4036
4040 4040
4044 4044
4048 4048
4052 4052
4056 4056
4060 4060
4064 4064
4068 4068
4072 4072
4076 4076
4080 4080
4084 4084
4088 4088
4092 4092
4096 4096
4100 4100
4104 4104
4108 4108
4112 4112
4116 4116
4120 4120
4124 4124
4128 4128
4132 4132
4136 4136
4140 4140
4144 4144
4148 4148
4152 4152
4156 4156
4160 4160
4164 4164
4168 4168
4172 4172
4176 4176
4180 4180
4184 4184
4188 4188
4192 4192
4196 4196
4200 4200
4204 4204
4208 4208
4212 4212
4216 4216
4220 4220
4224 4224
4228 4228
4232 4232
4236 4236
4240 4240
4244 4244
4248 4248
4252 4252
4256 4256
4260 4260
4264 4264
4268 4268
4272 4272
4276 4276
4280 4280
4284 4284
4288 4288
4292 4292
4296 4296
4300 4300
4304 4304
4308 4308
4312 4312
4316 4316
4320 4320
4324 4324
4328 4328
4332 4332
4336 4336
4340 4340
4344 4344
4348 4348
4352 4352
4356 4356
4360 4360
4364 4364
4368 4368
4372 4372
4376 4376
4380 4380
4384 4384
4388 4388
4392 4392
4396 4396
4400 4400
4404 4404
4408 4408
4412 4412
4416 4416
4420 4420
4424 4424
4428 4428
4432 4432
4436 4436
4440 4440
4444 4444
4448 4448
4452 4452
4456 4456
4460 4460
4464 4464
4468 4468
4472 4472
4476 4476
4480 4480
4484 4484
4488 4488
4492 4492
4496 4496
4500 4500
4504 4504
4508 4508
4512 4512
4516 4516
4520 4520
4524 4524
4528 4528
4532 4532
4536 4536
4540 4540
4544 4544
4548 4548
4552 4552
4556 4556
4560 4560
4564 4564
4568 4568
4572 4572
4576 4576
4580 4580
4584 4584
4588 4588
4592 4592
4596 4596
4600 4600
4604 4604
4608 4608
4612 4612
4616 4616
4620 4620
4624 4624
4628 4628
4632 4632
4636 4636
4640 4640
4644 4644
4648 4648
4652 4652
4656 4656
4660 4660
4664 4664
4668 4668
4672 4672
4676 4676
4680 4680
4684 4684
4688 4688
4692 4692
4696 4696
4700 4700
4704 4704
4708 4708
4712 4712
4716 4716
4720 4720
4724 4724
4728 4728
4732 4732
4736 4736
4740 4740
4744 4744
4748 4748
4752 4752
4756 4756
4760 4760
4764 4764
4768 4768
4772 4772
4776 4776
4780 4780
4784 4784
4788 4788
4792 4792
4796 4796
4800 4800
4804 4804
4808 4808
4812 4812
4816 4816
4820 4820
4824 4824
4828 4828
4832 4832
4836 4836
4840 4840
4844 4844
4848 4848
4852 4852
4856 4856
4860 4860
4864 4864
4868 4868
4872 4872
4876 4876
4880 4880
4884 4884
4888 4888
4892 4892
4896 4896
4900 4900
4904 4904
4908 4908
4912 4912
4916 4916
4920 4920
4924 4924
4928 4928
4932 4932
4936 4936
4940 4940
4944 4944
4948 4948
4952 4952
4956 4956
4960 4960
4964 4964
4968 4968
4972 4972
4976 4976
4980 4980
4984 4984
4988 4988
4992 4992
4996 4996
5000 5000
5004 5004
5008 5008
5012 5012
5016 5016
5020 5020
5024 5024
5028 5028
5032 5032
5036 5036
5040 5040
5044 5044
5048 5048
5052 5052
5056 5056
5060 5060
5064 5064
5068 5068
5072 5072
5076 5076
5080 5080
5084 5084
5088 5088
5092 5092
5096 5096
5100 5100
5104 5104
5108 5108
5112 5112
5116 5116
5120 5120
5124 5124
5128 5128
5132 5132
5136 5136
5140 5140
5144 5144
5148 5148
5152 5152
5156 5156
5160 5160
5164 5164
5168 5168
5172 5172
5176 5176
5180 5180
5184 5184
5188 5188
5192 5192
5196 5196
5200 5200
5204 5204
5208 5208
5212 5212
5216 5216
5220 5220
5224 5224
5228 5228
5232 5232
5236 5236
5240 5240
5244 5244
5248 5248
5252 5252
5256 5256
5260 5260
5264 5264
5268 5268
5272 5272
5276 5276
5280 5280
5284 5284
5288 5288
5292 5292
5296 5296
5300 5300
5304 5304
5308 5308
5312 5312
5316 5316
5320 5320
5324 5324
5328 5328
5332 5332
5336 5336
5340 5340
5344 5344
5348 5348
5352 5352
5356 5356
5360 5360
5364 5364
5368 5368
5372 5372
5376 5376
5380 5380
5384 5384
5388 5388
5392 5392
5396 5396
5400 5400
5404 5404
5408 5408
5412 5412
5416 5416
5420 5420
5424 5424
5428 5428
5432 5432
5436 5436
5440 5440
5444 5444
5448 5448
5452 5452
5456 5456
5460 5460
5464 5464
5468 5468
5472 5472
5476 5476
5480 5480
5484 5484
5488 5488
5492 5492
5496 5496
5500 5500
5504 5504
5508 5508
5512 5512
5516 5516
5520 5520
5524 5524
5528 5528
5532 5532
5536 5536
5540 5540
5544 5544
5548 5548
5552 5552
5556 5556
5560 5560
5564 5564
5568 5568
5572 5572
5576 5576
5580 5580
5584 5584
5588 5588
5592 5592
5596 5596
5600 5600
5604 5604
5608 5608
5612 5612
5616 5616
5620 5620
5624 5624
5628 5628
5632 5632
5636 5636
5640 5640
5644 5644
5648 5648
5652 5652
5656 5656
5660 5660
5664 5664
5668 5668
5672 5672
5676 5676
5680 5680
5684 5684
5688 5688
5692 5692
5696 5696
5700 5700
5704 5704
5708 5708
5712 5712
5716 5716
5720 5720
5724 5724
5728 5728
5732 5732
5736 5736
5740 5740
5744 5744
5748 5748
5752 5752
5756 5756
5760 5760
5764 5764
5768 5768
5772 5772
5776 5776
5780 5780
5784 5784
5788 5788
5792 5792
5796 5796
5800 5800
5804 5804
5808 5808
5812 5812
5816 5816
5820 5820
5824 5824
5828 5828
5832 5832
5836 5836
5840 5840
5844 5844
5848 5848
5852 5852
5856 5856
5860 5860
5864 5864
5868 5868
5872 5872
5876 5876
5880 5880
5884 5884
5888 5888
5892 5892
5896 5896
5900 5900
5904 5904
5908 5908
5912 5912
5916 5916
5920 5920
5924 5924
5928 5928
5932 5932
5936 5936
5940 5940
5944 5944
5948 5948
5952 5952
5956 5956
5960 5960
5964 5964
5968 5968
5972 5972
5976 5976
5980 5980
5984 5984
5988 5988
5992 5992
5996 5996
6000 6000
6004 6004
6008 6008
6012 6012
6016 6016
6020 6020
6024 6024
6028 6028
6032 6032
6036 6036
6040 6040
6044 6044
6048 6048
6052 6052
6056 6056
6060 6060
6064 6064
6068 6068
6072 6072
6076 6076
6080 6080
6084 6084
6088 6088
6092 6092
6096 6096
6100 6100
6104 6104
6108 6108
6112 6112
6116 6116
6120 6120
6124 6124
6128 6128
6132 6132
6136 6136
6140 6140
6144 6144
6148 6148
6152 6152
6156 6156
6160 6160
6164 6164
6168 6168
6172 6172
6176 6176
6180 6180
6184 6184
6188 6188
6192 6192
6196 6196
6200 6200
6204 6204
6208 6208
6212 6212
6216 6216
6220 6220
6224 6224
6228 6228
6232 6232
6236 6236
6240 6240
6244 6244
6248 6248
6252 6252
6256 6256
6260 6260
6264 6264
6268 6268
6272 6272
6276 6276
6280 6280
6284 6284
6288 6288
6292 6292
6296 6296
6300 6300
6304 6304
6308 6308
6312 6312
6316 6316
6320 6320
6324 6324
6328 6328
6332 6332
6336 6336
6340 6340
6344 6344
6348 6348
6352 6352
6356 6356
6360 6360
6364 6364
6368 6368
6372 6372
6376 6376
6380 6380
6384 6384
6388 6388
6392 6392
6396 6396
6400 6400
6404 6404
6408 6408
6412 6412
6416 6416
6420 6420
6424 6424
6428 6428
6432 6432
6436 6436
6440 6440
6444 6444
6448 6448
6452 6452
6456 6456
6460 6460
6464 6464
6468 6468
6472 6472
6476 6476
6480 6480
6484 6484
6488 6488
6492 6492
6496 6496
6500 6500
6504 6504
6508 6508
6512 6512
6516 6516
6520 6520
6524 6524
6528 6528
6532 6532
6536 6536
6540 6540
6544 6544
6548 6548
6552 6552
6556 6556
6560 6560
6564 6564
6568 6568
6572 6572
6576 6576
6580 6580
6584 6584
6588 6588
6592 6592
6596 6596
6600 6600
6604 6604
6608 6608
6612 6612
6616 6616
6620 6620
6624 6624
6628 6628
6632 6632
6636 6636
6640 6640
6644 6644
6648 6648
6652 6652
6656 6656
6660 6660
6664 6664
6668 6668
6672 6672
6676 6676
6680 6680
6684 6684
6688 6688
6692 6692
6696 6696
6700 6700
6704 6704
6708 6708
6712 6712
6716 6716
6720 6720
6724 6724
6728 6728
6732 6732
6736 6736
6740 6740
6744 6744
6748 6748
6752 6752
6756 6756
6760 6760
6764 6764
6768 6768
6772 6772
6776 6776
6780 6780
6784 6784
6788 6788
6792 6792
6796 6796
6800 6800
6804 6804
6808 6808
6812 6812
6816 6816
6820 6820
6824 6824
6828 6828
6832 6832
6836 6836
6840 6840
6844 6844
6848 6848
6852 6852
6856 6856
6860 6860
6864 6864
6868 6868
6872 6872
6876 6876
6880 6880
6884 6884
6888 6888
6892 6892
6896 6896
6900 6900
6904 6904
6908 6908
6912 6912
6916 6916
6920 6920
6924 6924
6928 6928
6932 6932
6936 6936
6940 6940
6944 6944
6948 6948
6952 6952
6956 6956
6960 6960
6964 6964
6968 6968
6972 6972
6976 6976
6980 6980
6984 6984
6988 6988
6992 6992
6996 6996
7000 7000
7004 7004
7008 7008
7012 7012
7016 7016
7020 7020
7024 7024
7028 7028
7032 7032
7036 7036
7040 7040
7044 7044
7048 7048
7052 7052
7056 7056
7060 7060
7064 7064
7068 7068
7072 7072
7076 7076
7080 7080
7084 7084
7088 7088
7092 7092
7096 7096
7100 7100
7104 7104
7108 7108
7112 7112
7116 7116
7120 7120
7124 7124
7128 7128
7132 7132
7136 7136
7140 7140
7144 7144
7148 7148
7152 7152
7156 7156
7160 7160
7164 7164
7168 7168
7172 7172
7176 7176
7180 7180
7184 7184
7188 7188
7192 7192
7196 7196
7200 7200
7204 7204
7208 7208
7212 7212
7216 7216
7220 7220
7224 7224
7228 7228
7232 7232
7236 7236
7240 7240
7244 7244
7248 7248
7252 7252
7256 7256
7260 7260
7264 7264
7268 7268
7272 7272
7276 7276
7280 7280
7284 7284
7288 7288
7292 7292
7296 7296
7300 7300
7304 7304
7308 7308
7312 7312
7316 7316
7320 7320
7324 7324
7328 7328
7332 7332
7336 7336
7340 7340
7344 7344
7348 7348
7352 7352
7356 7356
7360 7360
7364 7364
7368 7368
7372 7372
7376 7376
7380 7380
7384 7384
7388 7388
7392 7392
7396 7396
7400 7400
7404 7404
7408 7408
7412 7412
7416 7416
7420 7420
7424 7424
7428 7428
7432 7432
7436 7436
7440 7440
7444 7444
7448 7448
7452 7452
7456 7456
7460 7460
7464 7464
7468 7468
7472 7472
7476 7476
7480 7480
7484 7484
7488 7488
7492 7492
7496 7496
7500 7500
7504 7504
7508 7508
7512 7512
7516 7516
7520 7520
7524 7524
7528 7528
7532 7532
7536 7536
7540 7540
7544 7544
7548 7548
7552 7552
7556 7556
7560 7560
7564 7564
7568 7568
7572 7572
7576 7576
7580 7580
7584 7584
7588 7588
7592 7592
7596 7596
7600 7600
7604 7604
7608 7608
7612 7612
7616 7616
7620 7620
7624 7624
7628 7628
7632 7632
7636 7636
7640 7640
7644 7644
7648 7648
7652 7652
7656 7656
7660 7660
7664 7664
7668 7668
7672 7672
7676 7676
7680 7680
7684 7684
7688 7688
7692 7692
7696 7696
7700 7700
7704 7704
7708 7708
7712 7712
7716 7716
7720 7720
7724 7724
7728 7728
7732 7732
7736 7736
7740 7740
7744 7744
7748 7748
7752 7752
7756 7756
7760 7760
7764 7764
7768 7768
7772 7772
7776 7776
7780 7780
7784 7784
7788 7788
7792 7792
7796 7796
7800 7800
7804 7804
7808 7808
7812 7812
7816 7816
7820 7820
7824 7824
7828 7828
7832 7832
7836 7836
7840 7840
7844 7844
7848 7848
7852 7852
7856 7856
7860 7860
7864 7864
7868 7868
7872 7872
7876 7876
7880 7880
7884 7884
7888 7888
7892 7892
7896 7896
7900 7900
7904 7904
7908 7908
7912 7912
7916 7916
7920 7920
7924 7924
7928 7928
7932 7932
7936 7936
7940 7940
7944 7944
7948 7948
7952 7952
7956 7956
7960 7960
7964 7964
7968 7968
7972 7972
7976 7976
7980 7980
7984 7984
7988 7988
7992 7992
7996 7996
8000 8000
8004 8004
8008 8008
8012 8012
8016 8016
8020 8020
8024 8024
8028 8028
8032 8032
8036 8036
8040 8040
8044 8044
8048 8048
8052 8052
8056 8056
8060 8060
8064 8064
8068 8068
8072 8072
8076 8076
8080 8080
8084 8084
8088 8088
8092 8092
8096 8096
8100 8100
8104 8104
8108 8108
8112 8112
8116 8116
8120 8120
8124 8124
8128 8128
8132 8132
8136 8136
8140 8140
8144 8144
8148 8148
8152 8152
8156 8156
8160 8160
8164 8164
8168 8168
8172 8172
8176 8176
8180 8180
8184 8184
8188 8188
8192 8192
8196 8196
8200 8200
8204 8204
8208 8208
8212 8212
8216 8216
8220 8220
8224 8224
8228 8228
8232 8232
8236 8236
8240 8240
8244 8244
8248 8248
8252 8252
8256 8256
8260 8260
8264 8264
8268 8268
8272 8272
8276 8276
8280 8280
8284 8284
8288 8288
8292 8292
8296 8296
8300 8300
8304 8304
8308 8308
8312 8312
8316 8316
8320 8320
8324 8324
8328 8328
8332 8332
8336 8336
8340 8340
8344 8344
8348 8348
8352 8352
8356 8356
8360 8360
8364 8364
8368 8368
8372 8372
8376 8376
8380 8380
8384 8384
8388 8388
8392 8392
8396 8396
8400 8400
8404 8404
8408 8408
8412 8412
8416 8416
8420 8420
8424 8424
8428 8428
8432 8432
8436 8436
8440 8440
8444 8444
8448 8448
8452 8452
8456 8456
8460 8460
8464 8464
8468 8468
8472 8472
8476 8476
8480 8480
8484 8484
8488 8488
8492 8492
8496 8496
8500 8500
8504 8504
8508 8508
8512 8512
8516 8516
8520 8520
8524 8524
8528 8528
8532 8532
8536 8536
8540 8540
8544 8544
8548 8548
8552 8552
8556 8556
8560 8560
8564 8564
8568 8568
8572 8572
8576 8576
8580 8580
8584 8584
8588 8588
8592 8592
8596 8596
8600 8600
8604 8604
8608 8608
8612 8612
8616 8616
8620 8620
8624 8624
8628 8628
8632 8632
8636 8636
8640 8640
8644 8644
8648 8648
8652 8652
8656 8656
8660 8660
8664 8664
8668 8668
8672 8672
8676 8676
8680 8680
8684 8684
8688 8688
8692 8692
8696 8696
8700 8700
8704 8704
8708 8708
8712 8712
8716 8716
8720 8720
8724 8724
8728 8728
8732 8732
8736 8736
8740 8740
8744 8744
8748 8748
8752 8752
8756 8756
8760 8760
8764 8764
8768 8768
8772 8772
8776 8776
8780 8780
8784 8784
8788 8788
8792 8792
8796 8796
8800 8800
8804 8804
8808 8808
8812 8812
8816 8816
8820 8820
8824 8824
8828 8828
8832 8832
8836 8836
8840 8840
8844 8844
8848 8848
8852 8852
8856 8856
8860 8860
8864 8864
8868 8868
8872 8872
8876 8876
8880 8880
8884 8884
8888 8888
8892 8892
8896 8896
8900 8900
8904 8904
8908 8908
8912 8912
8916 8916
8920 8920
8924 8924
8928 8928
8932 8932
8936 8936
8940 8940
8944 8944
8948 8948
8952 8952
8956 8956
8960 8960
8964 8964
8968 8968
8972 8972
8976 8976
8980 8980
8984 8984
8988 8988
8992 8992
8996 8996
9000 9000
9004 9004
9008 9008
9012 9012
9016 9016
9020 9020
9024 9024
9028 9028
9032 9032
9036 9036
9040 9040
9044 9044
9048 9048
9052 9052
9056 9056
9060 9060
9064 9064
9068 9068
9072 9072
9076 9076
9080 9080
9084 9084
9088 9088
9092 9092
9096 9096
9100 9100
9104 9104
9108 9108
9112 9112
9116 9116
9120 9120
9124 9124
9128 9128
9132 9132
9136 9136
9140 9140
9144 9144
9148 9148
9152 9152
9156 9156
9160 9160
9164 9164
9168 9168
9172 9172
9176 9176
9180 9180
9184 9184
9188 9188
9192 9192
9196 9196
9200 9200
9204 9204
9208 9208
9212 9212
9216 9216
9220 9220
9224 9224
9228 9228
9232 9232
9236 9236
9240 9240
9244 9244
9248 9248
9252 9252
9256 9256
9260 9260
9264 9264
9268 9268
9272 9272
9276 9276
9280 9280
9284 9284
9288 9288
9292 9292
9296 9296
9300 9300
9304 9304
9308 9308
9312 9312
9316 9316
9320 9320
9324 9324
9328 9328
9332 9332
9336 9336
9340 9340
9344 9344
9348 9348
9352 9352
9356 9356
9360 9360
9364 9364
9368 9368
9372 9372
9376 9376
9380 9380
9384 9384
9388 9388
9392 9392
9396 9396
9400 9400
9404 9404
9408 9408
9412 9412
9416 9416
9420 9420
9424 9424
9428 9428
9432 9432
9436 9436
9440 9440
9444 9444
9448 9448
9452 9452
9456 9456
9460 9460
9464 9464
9468 9468
9472 9472
9476 9476
9480 9480
9484 9484
9488 9488
9492 9492
9496 9496
9500 9500
9504 9504
9508 9508
9512 9512
9516 9516
9520 9520
9524 9524
9528 9528
9532 9532
9536 9536
9540 9540
9544 9544
9548 9548
9552 9552
9556 9556
9560 9560
9564 9564
9568 9568
9572 9572
9576 9576
9580 9580
9584 9584
9588 9588
9592 9592
9596 9596
9600 9600
9604 9604
9608 9608
9612 9612
9616 9616
9620 9620
9624 9624
9628 9628
9632 9632
9636 9636
9640 9640
9644 9644
9648 9648
9652 9652
9656 9656
9660 9660
9664 9664
9668 9668
9672 9672
9676 9676
9680 9680
9684 9684
9688 9688
9692 9692
9696 9696
9700 9700
9704 9704
9708 9708
9712 9712
9716 9716
9720 9720
9724 9724
9728 9728
9732 9732
9736 9736
9740 9740
9744 9744
9748 9748
9752 9752
9756 9756
9760 9760
9764 9764
9768 9768
9772 9772
9776 9776
9780 9780
9784 9784
9788 9788
9792 9792
9796 9796
9800 9800
9804 9804
9808 9808
9812 9812
9816 9816
9820 9820
9824 9824
9828 9828
9832 9832
9836 9836
9840 9840
9844 9844
9848 9848
9852 9852
9856 9856
9860 9860
9864 9864
9868 9868
9872 9872
9876 9876
9880 9880
9884 9884
9888 9888
9892 9892
9896 9896
9900 9900
9904 9904
9908 9908
9912 9912
9916 9916
9920 9920
9924 9924
9928 9928
9932 9932
9936 9936
9940 9940
9944 9944
9948 9948
9952 9952
9956 9956
9960 9960
9964 9964
9968 9968
9972 9972
9976 9976
9980 9980
9984 9984
9988 9988
9992 9992
9996 9996
10000 10000
4 9996
8 9992
12 9988
16 9984
20 9980
24 9976
28 9972
32 9968
36 9964
40 9960
44 9956
48 9952
52 9948
56 9944
60 9940
64 9936
68 9932
72 9928
76 9924
80 9920
84 9916
88 9912
92 9908
96 9904
100 9900
104 9896
108 9892
112 9888
116 9884
120 9880
124 9876
128 9872
132 9868
136 9864
140 9860
144 9856
148 9852
152 9848
156 9844
160 9840
164 9836
168 9832
172 9828
176 9824
180 9820
184 9816
188 9812
192 9808
196 9804
200 9800
204 9796
208 9792
212 9788
216 9784
220 9780
224 9776
228 9772
232 9768
236 9764
240 9760
244 9756
248 9752
252 9748
256 9744
260 9740
264 9736
268 9732
272 9728
276 9724
280 9720
284 9716
288 9712
292 9708
296 9704
300 9700
304 9696
308 9692
312 9688
316 9684
320 9680
324 9676
328 9672
332 9668
336 9664
340 9660
344 9656
348 9652
352 9648
356 9644
360 9640
364 9636
368 9632
372 9628
376 9624
380 9620
384 9616
388 9612
392 9608
396 9604
400 9600
404 9596
408 9592
412 9588
416 9584
420 9580
424 9576
428 9572
432 9568
436 9564
440 9560
444 9556
448 9552
452 9548
456 9544
460 9540
464 9536
468 9532
472 9528
476 9524
480 9520
484 9516
488 9512
492 9508
496 9504
500 9500
504 9496
508 9492
512 9488
516 9484
520 9480
524 9476
528 9472
532 9468
536 9464
540 9460
544 9456
548 9452
552 9448
556 9444
560 9440
564 9436
568 9432
572 9428
576 9424
580 9420
584 9416
588 9412
592 9408
596 9404
600 9400
604 9396
608 9392
612 9388
616 9384
620 9380
624 9376
628 9372
632 9368
636 9364
640 9360
644 9356
648 9352
652 9348
656 9344
660 9340
664 9336
668 9332
672 9328
676 9324
680 9320
684 9316
688 9312
692 9308
696 9304
700 9300
704 9296
708 9292
712 9288
716 9284
720 9280
724 9276
728 9272
732 9268
736 9264
740 9260
744 9256
748 9252
752 9248
756 9244
760 9240
764 9236
768 9232
772 9228
776 9224
780 9220
784 9216
788 9212
792 9208
796 9204
800 9200
804 9196
808 9192
812 9188
816 9184
820 9180
824 9176
828 9172
832 9168
836 9164
840 9160
844 9156
848 9152
852 9148
856 9144
860 9140
864 9136
868 9132
872 9128
876 9124
880 9120
884 9116
888 9112
892 9108
896 9104
900 9100
904 9096
908 9092
912 9088
916 9084
920 9080
924 9076
928 9072
932 9068
936 9064
940 9060
944 9056
948 9052
952 9048
956 9044
960 9040
964 9036
968 9032
972 9028
976 9024
980 9020
984 9016
988 9012
992 9008
996 9004
1000 9000
1004 8996
1008 8992
1012 8988
1016 8984
1020 8980
1024 8976
1028 8972
1032 8968
1036 8964
1040 8960
1044 8956
1048 8952
1052 8948
1056 8944
1060 8940
1064 8936
1068 8932
1072 8928
1076 8924
1080 8920
1084 8916
1088 8912
1092 8908
1096 8904
1100 8900
1104 8896
1108 8892
1112 8888
1116 8884
1120 8880
1124 8876
1128 8872
1132 8868
1136 8864
1140 8860
1144 8856
1148 8852
1152 8848
1156 8844
1160 8840
1164 8836
1168 8832
1172 8828
1176 8824
1180 8820
1184 8816
1188 8812
1192 8808
1196 8804
1200 8800
1204 8796
1208 8792
1212 8788
1216 8784
1220 8780
1224 8776
1228 8772
1232 8768
1236 8764
1240 8760
1244 8756
1248 8752
1252 8748
1256 8744
1260 8740
1264 8736
1268 8732
1272 8728
1276 8724
1280 8720
1284 8716
1288 8712
1292 8708
1296 8704
1300 8700
1304 8696
1308 8692
1312 8688
1316 8684
1320 8680
1324 8676
1328 8672
1332 8668
1336 8664
1340 8660
1344 8656
1348 8652
1352 8648
1356 8644
1360 8640
1364 8636
1368 8632
1372 8628
1376 8624
1380 8620
1384 8616
1388 8612
1392 8608
1396 8604
1400 8600
1404 8596
1408 8592
1412 8588
1416 8584
1420 8580
1424 8576
1428 8572
1432 8568
1436 8564
1440 8560
1444 8556
1448 8552
1452 8548
1456 8544
1460 8540
1464 8536
1468 8532
1472 8528
1476 8524
1480 8520
1484 8516
1488 8512
1492 8508
1496 8504
1500 8500
1504 8496
1508 8492
1512 8488
1516 8484
1520 8480
1524 8476
1528 8472
1532 8468
1536 8464
1540 8460
1544 8456
1548 8452
1552 8448
1556 8444
1560 8440
1564 8436
1568 8432
1572 8428
1576 8424
1580 8420
1584 8416
1588 8412
1592 8408
1596 8404
1600 8400
1604 8396
1608 8392
1612 8388
1616 8384
1620 8380
1624 8376
1628 8372
1632 8368
1636 8364
1640 8360
1644 8356
1648 8352
1652 8348
1656 8344
1660 8340
1664 8336
1668 8332
1672 8328
1676 8324
1680 8320
1684 8316
1688 8312
1692 8308
1696 8304
1700 8300
1704 8296
1708 8292
1712 8288
1716 8284
1720 8280
1724 8276
1728 8272
1732 8268
1736 8264
1740 8260
1744 8256
1748 8252
1752 8248
1756 8244
1760 8240
1764 8236
1768 8232
1772 8228
1776 8224
1780 8220
1784 8216
1788 8212
1792 8208
1796 8204
1800 8200
1804 8196
1808 8192
1812 8188
1816 8184
1820 8180
1824 8176
1828 8172
1832 8168
1836 8164
1840 8160
1844 8156
1848 8152
1852 8148
1856 8144
1860 8140
1864 8136
1868 8132
1872 8128
1876 8124
1880 8120
1884 8116
1888 8112
1892 8108
1896 8104
1900 8100
1904 8096
1908 8092
1912 8088
1916 8084
1920 8080
1924 8076
1928 8072
1932 8068
1936 8064
1940 8060
1944 8056
1948 8052
1952 8048
1956 8044
1960 8040
1964 8036
1968 8032
1972 8028
1976 8024
1980 8020
1984 8016
1988 8012
1992 8008
1996 8004
2000 8000
2004 7996
2008 7992
2012 7988
2016 7984
2020 7980
2024 7976
2028 7972
2032 7968
2036 7964
2040 7960
2044 7956
2048 7952
2052 7948
2056 7944
2060 7940
2064 7936
2068 7932
2072 7928
2076 7924
2080 7920
2084 7916
2088 7912
2092 7908
2096 7904
2100 7900
2104 7896
2108 7892
2112 7888
2116 7884
2120 7880
2124 7876
2128 7872
2132 7868
2136 7864
2140 7860
2144 7856
2148 7852
2152 7848
2156 7844
2160 7840
2164 7836
2168 7832
2172 7828
2176 7824
2180 7820
2184 7816
2188 7812
2192 7808
2196 7804
2200 7800
2204 7796
2208 7792
2212 7788
2216 7784
2220 7780
2224 7776
2228 7772
2232 7768
2236 7764
2240 7760
2244 7756
2248 7752
2252 7748
2256 7744
2260 7740
2264 7736
2268 7732
2272 7728
2276 7724
2280 7720
2284 7716
2288 7712
2292 7708
2296 7704
2300 7700
2304 7696
2308 7692
2312 7688
2316 7684
2320 7680
2324 7676
2328 7672
2332 7668
2336 7664
2340 7660
2344 7656
2348 7652
2352 7648
2356 7644
2360 7640
2364 7636
2368 7632
2372 7628
2376 7624
2380 7620
2384 7616
2388 7612
2392 7608
2396 7604
2400 7600
2404 7596
2408 7592
2412 7588
2416 7584
2420 7580
2424 7576
2428 7572
2432 7568
2436 7564
2440 7560
2444 7556
2448 7552
2452 7548
2456 7544
2460 7540
2464 7536
2468 7532
2472 7528
2476 7524
2480 7520
2484 7516
2488 7512
2492 7508
2496 7504
2500 7500
2504 7496
2508 7492
2512 7488
2516 7484
2520 7480
2524 7476
2528 7472
2532 7468
2536 7464
2540 7460
2544 7456
2548 7452
2552 7448
2556 7444
2560 7440
2564 7436
2568 7432
2572 7428
2576 7424
2580 7420
2584 7416
2588 7412
2592 7408
2596 7404
2600 7400
2604 7396
2608 7392
2612 7388
2616 7384
2620 7380
2624 7376
2628 7372
2632 7368
2636 7364
2640 7360
2644 7356
2648 7352
2652 7348
2656 7344
2660 7340
2664 7336
2668 7332
2672 7328
2676 7324
2680 7320
2684 7316
2688 7312
2692 7308
2696 7304
2700 7300
2704 7296
2708 7292
2712 7288
2716 7284
2720 7280
2724 7276
2728 7272
2732 7268
2736 7264
2740 7260
2744 7256
2748 7252
2752 7248
2756 7244
2760 7240
2764 7236
2768 7232
2772 7228
2776 7224
2780 7220
2784 7216
2788 7212
2792 7208
2796 7204
2800 7200
2804 7196
2808 7192
2812 7188
2816 7184
2820 7180
2824 7176
2828 7172
2832 7168
2836 7164
2840 7160
2844 7156
2848 7152
2852 7148
2856 7144
2860 7140
2864 7136
2868 7132
2872 7128
2876 7124
2880 7120
2884 7116
2888 7112
2892 7108
2896 7104
2900 7100
2904 7096
2908 7092
2912 7088
2916 7084
2920 7080
2924 7076
2928 7072
2932 7068
2936 7064
2940 7060
2944 7056
2948 7052
2952 7048
2956 7044
2960 7040
2964 7036
2968 7032
2972 7028
2976 7024
2980 7020
2984 7016
2988 7012
2992 7008
2996 7004
3000 7000
3004 6996
3008 6992
3012 6988
3016 6984
3020 6980
3024 6976
3028 6972
3032 6968
3036 6964
3040 6960
3044 6956
3048 6952
3052 6948
3056 6944
3060 6940
3064 6936
3068 6932
3072 6928
3076 6924
3080 6920
3084 6916
3088 6912
3092 6908
3096 6904
3100 6900
3104 6896
3108 6892
3112 6888
3116 6884
3120 6880
3124 6876
3128 6872
3132 6868
3136 6864
3140 6860
3144 6856
3148 6852
3152 6848
3156 6844
3160 6840
3164 6836
3168 6832
3172 6828
3176 6824
3180 6820
3184 6816
3188 6812
3192 6808
3196 6804
3200 6800
3204 6796
3208 6792
3212 6788
3216 6784
3220 6780
3224 6776
3228 6772
3232 6768
3236 6764
3240 6760
3244 6756
3248 6752
3252 6748
3256 6744
3260 6740
3264 6736
3268 6732
3272 6728
3276 6724
3280 6720
3284 6716
3288 6712
3292 6708
3296 6704
3300 6700
3304 6696
3308 6692
3312 6688
3316 6684
3320 6680
3324 6676
3328 6672
3332 6668
3336 6664
3340 6660
3344 6656
3348 6652
3352 6648
3356 6644
3360 6640
3364 6636
3368 6632
3372 6628
3376 6624
3380 6620
3384 6616
3388 6612
3392 6608
3396 6604
3400 6600
3404 6596
3408 6592
3412 6588
3416 6584
3420 6580
3424 6576
3428 6572
3432 6568
3436 6564
3440 6560
3444 6556
3448 6552
3452 6548
3456 6544
3460 6540
3464 6536
3468 6532
3472 6528
3476 6524
3480 6520
3484 6516
3488 6512
3492 6508
3496 6504
3500 6500
3504 6496
3508 6492
3512 6488
3516 6484
3520 6480
3524 6476
3528 6472
3532 6468
3536 6464
3540 6460
3544 6456
3548 6452
3552 6448
3556 6444
3560 6440
3564 6436
3568 6432
3572 6428
3576 6424
3580 6420
3584 6416
3588 6412
3592 6408
3596 6404
3600 6400
3604 6396
3608 6392
3612 6388
3616 6384
3620 6380
3624 6376
3628 6372
3632 6368
3636 6364
3640 6360
3644 6356
3648 6352
3652 6348
3656 6344
3660 6340
3664 6336
3668 6332
3672 6328
3676 6324
3680 6320
3684 6316
3688 6312
3692 6308
3696 6304
3700 6300
3704 6296
3708 6292
3712 6288
3716 6284
3720 6280
3724 6276
3728 6272
3732 6268
3736 6264
3740 6260
3744 6256
3748 6252
3752 6248
3756 6244
3760 6240
3764 6236
3768 6232
3772 6228
3776 6224
3780 6220
3784 6216
3788 6212
3792 6208
3796 6204
3800 6200
3804 6196
3808 6192
3812 6188
3816 6184
3820 6180
3824 6176
3828 6172
3832 6168
3836 6164
3840 6160
3844 6156
3848 6152
3852 6148
3856 6144
3860 6140
3864 6136
3868 6132
3872 6128
3876 6124
3880 6120
3884 6116
3888 6112
3892 6108
3896 6104
3900 6100
3904 6096
3908 6092
3912 6088
3916 6084
3920 6080
3924 6076
3928 6072
3932 6068
3936 6064
3940 6060
3944 6056
3948 6052
3952 6048
3956 6044
3960 6040
3964 6036
3968 6032
3972 6028
3976 6024
3980 6020
3984 6016
3988 6012
3992 6008
3996 6004
4000 6000
4004 5996
4008 5992
4012 5988
4016 5984
4020 5980
4024 5976
4028 5972
4032 5968
4036 5964
4040 5960
4044 5956
4048 5952
4052 5948
4056 5944
4060 5940
4064 5936
4068 5932
4072 5928
4076 5924
4080 5920
4084 5916
4088 5912
4092 5908
4096 5904
4100 5900
4104 5896
4108 5892
4112 5888
4116 5884
4120 5880
4124 5876
4128 5872
4132 5868
4136 5864
4140 5860
4144 5856
4148 5852
4152 5848
4156 5844
4160 5840
4164 5836
4168 5832
4172 5828
4176 5824
4180 5820
4184 5816
4188 5812
4192 5808
4196 5804
4200 5800
4204 5796
4208 5792
4212 5788
4216 5784
4220 5780
4224 5776
4228 5772
4232 5768
4236 5764
4240 5760
4244 5756
4248 5752
4252 5748
4256 5744
4260 5740
4264 5736
4268 5732
4272 5728
4276 5724
4280 5720
4284 5716
4288 5712
4292 5708
4296 5704
4300 5700
4304 5696
4308 5692
4312 5688
4316 5684
4320 5680
4324 5676
4328 5672
4332 5668
4336 5664
4340 5660
4344 5656
4348 5652
4352 5648
4356 5644
4360 5640
4364 5636
4368 5632
4372 5628
4376 5624
4380 5620
4384 5616
4388 5612
4392 5608
4396 5604
4400 5600
4404 5596
4408 5592
4412 5588
4416 5584
4420 5580
4424 5576
4428 5572
4432 5568
4436 5564
4440 5560
4444 5556
4448 5552
4452 5548
4456 5544
4460 5540
4464 5536
4468 5532
4472 5528
4476 5524
4480 5520
4484 5516
4488 5512
4492 5508
4496 5504
4500 5500
4504 5496
4508 5492
4512 5488
4516 5484
4520 5480
4524 5476
4528 5472
4532 5468
4536 5464
4540 5460
4544 5456
4548 5452
4552 5448
4556 5444
4560 5440
4564 5436
4568 5432
4572 5428
4576 5424
4580 5420
4584 5416
4588 5412
4592 5408
4596 5404
4600 5400
4604 5396
4608 5392
4612 5388
4616 5384
4620 5380
4624 5376
4628 5372
4632 5368
4636 5364
4640 5360
4644 5356
4648 5352
4652 5348
4656 5344
4660 5340
4664 5336
4668 5332
4672 5328
4676 5324
4680 5320
4684 5316
4688 5312
4692 5308
4696 5304
4700 5300
4704 5296
4708 5292
4712 5288
4716 5284
4720 5280
4724 5276
4728 5272
4732 5268
4736 5264
4740 5260
4744 5256
4748 5252
4752 5248
4756 5244
4760 5240
4764 5236
4768 5232
4772 5228
4776 5224
4780 5220
4784 5216
4788 5212
4792 5208
4796 5204
4800 5200
4804 5196
4808 5192
4812 5188
4816 5184
4820 5180
4824 5176
4828 5172
4832 5168
4836 5164
4840 5160
4844 5156
4848 5152
4852 5148
4856 5144
4860 5140
4864 5136
4868 5132
4872 5128
4876 5124
4880 5120
4884 5116
4888 5112
4892 5108
4896 5104
4900 5100
4904 5096
4908 5092
4912 5088
4916 5084
4920 5080
4924 5076
4928 5072
4932 5068
4936 5064
4940 5060
4944 5056
4948 5052
4952 5048
4956 5044
4960 5040
4964 5036
4968 5032
4972 5028
4976 5024
4980 5020
4984 5016
4988 5012
4992 5008
4996 5004
5004 4996
5008 4992
5012 4988
5016 4984
5020 4980
5024 4976
5028 4972
5032 4968
5036 4964
5040 4960
5044 4956
5048 4952
5052 4948
5056 4944
5060 4940
5064 4936
5068 4932
5072 4928
5076 4924
5080 4920
5084 4916
5088 4912
5092 4908
5096 4904
5100 4900
5104 4896
5108 4892
5112 4888
5116 4884
5120 4880
5124 4876
5128 4872
5132 4868
5136 4864
5140 4860
5144 4856
5148 4852
5152 4848
5156 4844
5160 4840
5164 4836
5168 4832
5172 4828
5176 4824
5180 4820
5184 4816
5188 4812
5192 4808
5196 4804
5200 4800
5204 4796
5208 4792
5212 4788
5216 4784
5220 4780
5224 4776
5228 4772
5232 4768
5236 4764
5240 4760
5244 4756
5248 4752
5252 4748
5256 4744
5260 4740
5264 4736
5268 4732
5272 4728
5276 4724
5280 4720
5284 4716
5288 4712
5292 4708
5296 4704
5300 4700
5304 4696
5308 4692
5312 4688
5316 4684
5320 4680
5324 4676
5328 4672
5332 4668
5336 4664
5340 4660
5344 4656
5348 4652
5352 4648
5356 4644
5360 4640
5364 4636
5368 4632
5372 4628
5376 4624
5380 4620
5384 4616
5388 4612
5392 4608
5396 4604
5400 4600
5404 4596
5408 4592
5412 4588
5416 4584
5420 4580
5424 4576
5428 4572
5432 4568
5436 4564
5440 4560
5444 4556
5448 4552
5452 4548
5456 4544
5460 4540
5464 4536
5468 4532
5472 4528
5476 4524
5480 4520
5484 4516
5488 4512
5492 4508
5496 4504
5500 4500
5504 4496
5508 4492
5512 4488
5516 4484
5520 4480
5524 4476
5528 4472
5532 4468
5536 4464
5540 4460
5544 4456
5548 4452
5552 4448
5556 4444
5560 4440
5564 4436
5568 4432
5572 4428
5576 4424
5580 4420
5584 4416
5588 4412
5592 4408
5596 4404
5600 4400
5604 4396
5608 4392
5612 4388
5616 4384
5620 4380
5624 4376
5628 4372
5632 4368
5636 4364
5640 4360
5644 4356
5648 4352
5652 4348
5656 4344
5660 4340
5664 4336
5668 4332
5672 4328
5676 4324
5680 4320
5684 4316
5688 4312
5692 4308
5696 4304
5700 4300
5704 4296
5708 4292
5712 4288
5716 4284
5720 4280
5724 4276
5728 4272
5732 4268
5736 4264
5740 4260
5744 4256
5748 4252
5752 4248
5756 4244
5760 4240
5764 4236
5768 4232
5772 4228
5776 4224
5780 4220
5784 4216
5788 4212
5792 4208
5796 4204
5800 4200
5804 4196
5808 4192
5812 4188
5816 4184
5820 4180
5824 4176
5828 4172
5832 4168
5836 4164
5840 4160
5844 4156
5848 4152
5852 4148
5856 4144
5860 4140
5864 4136
5868 4132
5872 4128
5876 4124
5880 4120
5884 4116
5888 4112
5892 4108
5896 4104
5900 4100
5904 4096
5908 4092
5912 4088
5916 4084
5920 4080
5924 4076
5928 4072
5932 4068
5936 4064
5940 4060
5944 4056
5948 4052
5952 4048
5956 4044
5960 4040
5964 4036
5968 4032
5972 4028
5976 4024
5980 4020
5984 4016
5988 4012
5992 4008
5996 4004
6000 4000
6004 3996
6008 3992
6012 3988
6016 3984
6020 3980
6024 3976
6028 3972
6032 3968
6036 3964
6040 3960
6044 3956
6048 3952
6052 3948
6056 3944
6060 3940
6064 3936
6068 3932
6072 3928
6076 3924
6080 3920
6084 3916
6088 3912
6092 3908
6096 3904
6100 3900
6104 3896
6108 3892
6112 3888
6116 3884
6120 3880
6124 3876
6128 3872
6132 3868
6136 3864
6140 3860
6144 3856
6148 3852
6152 3848
6156 3844
6160 3840
6164 3836
6168 3832
6172 3828
6176 3824
6180 3820
6184 3816
6188 3812
6192 3808
6196 3804
6200 3800
6204 3796
6208 3792
6212 3788
6216 3784
6220 3780
6224 3776
6228 3772
6232 3768
6236 3764
6240 3760
6244 3756
6248 3752
6252 3748
6256 3744
6260 3740
6264 3736
6268 3732
6272 3728
6276 3724
6280 3720
6284 3716
6288 3712
6292 3708
6296 3704
6300 3700
6304 3696
6308 3692
6312 3688
6316 3684
6320 3680
6324 3676
6328 3672
6332 3668
6336 3664
6340 3660
6344 3656
6348 3652
6352 3648
6356 3644
6360 3640
6364 3636
6368 3632
6372 3628
6376 3624
6380 3620
6384 3616
6388 3612
6392 3608
6396 3604
6400 3600
6404 3596
6408 3592
6412 3588
6416 3584
6420 3580
6424 3576
6428 3572
6432 3568
6436 3564
6440 3560
6444 3556
6448 3552
6452 3548
6456 3544
6460 3540
6464 3536
6468 3532
6472 3528
6476 3524
6480 3520
6484 3516
6488 3512
6492 3508
6496 3504
6500 3500
6504 3496
6508 3492
6512 3488
6516 3484
6520 3480
6524 3476
6528 3472
6532 3468
6536 3464
6540 3460
6544 3456
6548 3452
6552 3448
6556 3444
6560 3440
6564 3436
6568 3432
6572 3428
6576 3424
6580 3420
6584 3416
6588 3412
6592 3408
6596 3404
6600 3400
6604 3396
6608 3392
6612 3388
6616 3384
6620 3380
6624 3376
6628 3372
6632 3368
6636 3364
6640 3360
6644 3356
6648 3352
6652 3348
6656 3344
6660 3340
6664 3336
6668 3332
6672 3328
6676 3324
6680 3320
6684 3316
6688 3312
6692 3308
6696 3304
6700 3300
6704 3296
6708 3292
6712 3288
6716 3284
6720 3280
6724 3276
6728 3272
6732 3268
6736 3264
6740 3260
6744 3256
6748 3252
6752 3248
6756 3244
6760 3240
6764 3236
6768 3232
6772 3228
6776 3224
6780 3220
6784 3216
6788 3212
6792 3208
6796 3204
6800 3200
6804 3196
6808 3192
6812 3188
6816 3184
6820 3180
6824 3176
6828 3172
6832 3168
6836 3164
6840 3160
6844 3156
6848 3152
6852 3148
6856 3144
6860 3140
6864 3136
6868 3132
6872 3128
6876 3124
6880 3120
6884 3116
6888 3112
6892 3108
6896 3104
6900 3100
6904 3096
6908 3092
6912 3088
6916 3084
6920 3080
6924 3076
6928 3072
6932 3068
6936 3064
6940 3060
6944 3056
6948 3052
6952 3048
6956 3044
6960 3040
6964 3036
6968 3032
6972 3028
6976 3024
6980 3020
6984 3016
6988 3012
6992 3008
6996 3004
7000 3000
7004 2996
7008 2992
7012 2988
7016 2984
7020 2980
7024 2976
7028 2972
7032 2968
7036 2964
7040 2960
7044 2956
7048 2952
7052 2948
7056 2944
7060 2940
7064 2936
7068 2932
7072 2928
7076 2924
7080 2920
7084 2916
7088 2912
7092 2908
7096 2904
7100 2900
7104 2896
7108 2892
7112 2888
7116 2884
7120 2880
7124 2876
7128 2872
7132 2868
7136 2864
7140 2860
7144 2856
7148 2852
7152 2848
7156 2844
7160 2840
7164 2836
7168 2832
7172 2828
7176 2824
7180 2820
7184 2816
7188 2812
7192 2808
7196 2804
7200 2800
7204 2796
7208 2792
7212 2788
7216 2784
7220 2780
7224 2776
7228 2772
7232 2768
7236 2764
7240 2760
7244 2756
7248 2752
7252 2748
7256 2744
7260 2740
7264 2736
7268 2732
7272 2728
7276 2724
7280 2720
7284 2716
7288 2712
7292 2708
7296 2704
7300 2700
7304 2696
7308 2692
7312 2688
7316 2684
7320 2680
7324 2676
7328 2672
7332 2668
7336 2664
7340 2660
7344 2656
7348 2652
7352 2648
7356 2644
7360 2640
7364 2636
7368 2632
7372 2628
7376 2624
7380 2620
7384 2616
7388 2612
7392 2608
7396 2604
7400 2600
7404 2596
7408 2592
7412 2588
7416 2584
7420 2580
7424 2576
7428 2572
7432 2568
7436 2564
7440 2560
7444 2556
7448 2552
7452 2548
7456 2544
7460 2540
7464 2536
7468 2532
7472 2528
7476 2524
7480 2520
7484 2516
7488 2512
7492 2508
7496 2504
7500 2500
7504 2496
7508 2492
7512 2488
7516 2484
7520 2480
7524 2476
7528 2472
7532 2468
7536 2464
7540 2460
7544 2456
7548 2452
7552 2448
7556 2444
7560 2440
7564 2436
7568 2432
7572 2428
7576 2424
7580 2420
7584 2416
7588 2412
7592 2408
7596 2404
7600 2400
7604 2396
7608 2392
7612 2388
7616 2384
7620 2380
7624 2376
7628 2372
7632 2368
7636 2364
7640 2360
7644 2356
7648 2352
7652 2348
7656 2344
7660 2340
7664 2336
7668 2332
7672 2328
7676 2324
7680 2320
7684 2316
7688 2312
7692 2308
7696 2304
7700 2300
7704 2296
7708 2292
7712 2288
7716 2284
7720 2280
7724 2276
7728 2272
7732 2268
7736 2264
7740 2260
7744 2256
7748 2252
7752 2248
7756 2244
7760 2240
7764 2236
7768 2232
7772 2228
7776 2224
7780 2220
7784 2216
7788 2212
7792 2208
7796 2204
7800 2200
7804 2196
7808 2192
7812 2188
7816 2184
7820 2180
7824 2176
7828 2172
7832 2168
7836 2164
7840 2160
7844 2156
7848 2152
7852 2148
7856 2144
7860 2140
7864 2136
7868 2132
7872 2128
7876 2124
7880 2120
7884 2116
7888 2112
7892 2108
7896 2104
7900 2100
7904 2096
7908 2092
7912 2088
7916 2084
7920 2080
7924 2076
7928 2072
7932 2068
7936 2064
7940 2060
7944 2056
7948 2052
7952 2048
7956 2044
7960 2040
7964 2036
7968 2032
7972 2028
7976 2024
7980 2020
7984 2016
7988 2012
7992 2008
7996 2004
8000 2000
8004 1996
8008 1992
8012 1988
8016 1984
8020 1980
8024 1976
8028 1972
8032 1968
8036 1964
8040 1960
8044 1956
8048 1952
8052 1948
8056 1944
8060 1940
8064 1936
8068 1932
8072 1928
8076 1924
8080 1920
8084 1916
8088 1912
8092 1908
8096 1904
8100 1900
8104 1896
8108 1892
8112 1888
8116 1884
8120 1880
8124 1876
8128 1872
8132 1868
8136 1864
8140 1860
8144 1856
8148 1852
8152 1848
8156 1844
8160 1840
8164 1836
8168 1832
8172 1828
8176 1824
8180 1820
8184 1816
8188 1812
8192 1808
8196 1804
8200 1800
8204 1796
8208 1792
8212 1788
8216 1784
8220 1780
8224 1776
8228 1772
8232 1768
8236 1764
8240 1760
8244 1756
8248 1752
8252 1748
8256 1744
8260 1740
8264 1736
8268 1732
8272 1728
8276 1724
8280 1720
8284 1716
8288 1712
8292 1708
8296 1704
8300 1700
8304 1696
8308 1692
8312 1688
8316 1684
8320 1680
8324 1676
8328 1672
8332 1668
8336 1664
8340 1660
8344 1656
8348 1652
8352 1648
8356 1644
8360 1640
8364 1636
8368 1632
8372 1628
8376 1624
8380 1620
8384 1616
8388 1612
8392 1608
8396 1604
8400 1600
8404 1596
8408 1592
8412 1588
8416 1584
8420 1580
8424 1576
8428 1572
8432 1568
8436 1564
8440 1560
8444 1556
8448 1552
8452 1548
8456 1544
8460 1540
8464 1536
8468 1532
8472 1528
8476 1524
8480 1520
8484 1516
8488 1512
8492 1508
8496 1504
8500 1500
8504 1496
8508 1492
8512 1488
8516 1484
8520 1480
8524 1476
8528 1472
8532 1468
8536 1464
8540 1460
8544 1456
8548 1452
8552 1448
8556 1444
8560 1440
8564 1436
8568 1432
8572 1428
8576 1424
8580 1420
8584 1416
8588 1412
8592 1408
8596 1404
8600 1400
8604 1396
8608 1392
8612 1388
8616 1384
8620 1380
8624 1376
8628 1372
8632 1368
8636 1364
8640 1360
8644 1356
8648 1352
8652 1348
8656 1344
8660 1340
8664 1336
8668 1332
8672 1328
8676 1324
8680 1320
8684 1316
8688 1312
8692 1308
8696 1304
8700 1300
8704 1296
8708 1292
8712 1288
8716 1284
8720 1280
8724 1276
8728 1272
8732 1268
8736 1264
8740 1260
8744 1256
8748 1252
8752 1248
8756 1244
8760 1240
8764 1236
8768 1232
8772 1228
8776 1224
8780 1220
8784 1216
8788 1212
8792 1208
8796 1204
8800 1200
8804 1196
8808 1192
8812 1188
8816 1184
8820 1180
8824 1176
8828 1172
8832 1168
8836 1164
8840 1160
8844 1156
8848 1152
8852 1148
8856 1144
8860 1140
8864 1136
8868 1132
8872 1128
8876 1124
8880 1120
8884 1116
8888 1112
8892 1108
8896 1104
8900 1100
8904 1096
8908 1092
8912 1088
8916 1084
8920 1080
8924 1076
8928 1072
8932 1068
8936 1064
8940 1060
8944 1056
8948 1052
8952 1048
8956 1044
8960 1040
8964 1036
8968 1032
8972 1028
8976 1024
8980 1020
8984 1016
8988 1012
8992 1008
8996 1004
9000 1000
9004 996
9008 992
9012 988
9016 984
9020 980
9024 976
9028 972
9032 968
9036 964
9040 960
9044 956
9048 952
9052 948
9056 944
9060 940
9064 936
9068 932
9072 928
9076 924
9080 920
9084 916
9088 912
9092 908
9096 904
9100 900
9104 896
9108 892
9112 888
9116 884
9120 880
9124 876
9128 872
9132 868
9136 864
9140 860
9144 856
9148 852
9152 848
9156 844
9160 840
9164 836
9168 832
9172 828
9176 824
9180 820
9184 816
9188 812
9192 808
9196 804
9200 800
9204 796
9208 792
9212 788
9216 784
9220 780
9224 776
9228 772
9232 768
9236 764
9240 760
9244 756
9248 752
9252 748
9256 744
9260 740
9264 736
9268 732
9272 728
9276 724
9280 720
9284 716
9288 712
9292 708
9296 704
9300 700
9304 696
9308 692
9312 688
9316 684
9320 680
9324 676
9328 672
9332 668
9336 664
9340 660
9344 656
9348 652
9352 648
9356 644
9360 640
9364 636
9368 632
9372 628
9376 624
9380 620
9384 616
9388 612
9392 608
9396 604
9400 600
9404 596
9408 592
9412 588
9416 584
9420 580
9424 576
9428 572
9432 568
9436 564
9440 560
9444 556
9448 552
9452 548
9456 544
9460 540
9464 536
9468 532
9472 528
9476 524
9480 520
9484 516
9488 512
9492 508
9496 504
9500 500
9504 496
9508 492
9512 488
9516 484
9520 480
9524 476
9528 472
9532 468
9536 464
9540 460
9544 456
9548 452
9552 448
9556 444
9560 440
9564 436
9568 432
9572 428
9576 424
9580 420
9584 416
9588 412
9592 408
9596 404
9600 400
9604 396
9608 392
9612 388
9616 384
9620 380
9624 376
9628 372
9632 368
9636 364
9640 360
9644 356
9648 352
9652 348
9656 344
9660 340
9664 336
9668 332
9672 328
9676 324
9680 320
9684 316
9688 312
9692 308
9696 304
9700 300
9704 296
9708 292
9712 288
9716 284
9720 280
9724 276
9728 272
9732 268
9736 264
9740 260
9744 256
9748 252
9752 248
9756 244
9760 240
9764 236
9768 232
9772 228
9776 224
9780 220
9784 216
9788 212
9792 208
9796 204
9800 200
9804 196
9808 192
9812 188
9816 184
9820 180
9824 176
9828 172
9832 168
9836 164
9840 160
9844 156
9848 152
9852 148
9856 144
9860 140
9864 136
9868 132
9872 128
9876 124
9880 120
9884 116
9888 112
9892 108
9896 104
9900 100
9904 96
9908 92
9912 88
9916 84
9920 80
9924 76
9928 72
9932 68
9936 64
9940 60
9944 56
9948 52
9952 48
9956 44
9960 40
9964 36
9968 32
9972 28
9976 24
9980 20
9984 16
9988 12
9992 8
9996 4
10000 0
