10000 10000
5000
2 2
4 4
6 6
8 8
10 10
12 12
14 14
16 16
18 18
20 20
22 22
24 24
26 26
28 28
30 30
32 32
34 34
36 36
38 38
40 40
42 42
44 44
46 46
48 48
50 50
52 52
54 54
56 56
58 58
60 60
62 62
64 64
66 66
68 68
70 70
72 72
74 74
76 76
78 78
80 80
82 82
84 84
86 86
88 88
90 90
92 92
94 94
96 96
98 98
100 100
102 102
104 104
106 106
108 108
110 110
112 112
114 114
116 116
118 118
120 120
122 122
124 124
126 126
128 128
130 130
132 132
134 134
136 136
138 138
140 140
142 142
144 144
146 146
148 148
150 150
152 152
154 154
156 156
158 158
160 160
162 162
164 164
166 166
168 168
170 170
172 172
174 174
176 176
178 178
180 180
182 182
184 184
186 186
188 188
190 190
192 192
194 194
196 196
198 198
200 200
202 202
204 204
206 206
208 208
210 210
212 212
214 214
216 216
218 218
220 220
222 222
224 224
226 226
228 228
230 230
232 232
234 234
236 236
238 238
240 240
242 242
244 244
246 246
248 248
250 250
252 252
254 254
256 256
258 258
260 260
262 262
264 264
266 266
268 268
270 270
272 272
274 274
276 276
278 278
280 280
282 282
284 284
286 286
288 288
290 290
292 292
294 294
296 296
298 298
300 300
302 302
304 304
306 306
308 308
310 310
312 312
314 314
316 316
318 318
320 320
322 322
324 324
326 326
328 328
330 330
332 332
334 334
336 336
338 338
340 340
342 342
344 344
346 346
348 348
350 350
352 352
354 354
356 356
358 358
360 360
362 362
364 364
366 366
368 368
370 370
372 372
374 374
376 376
378 378
380 380
382 382
384 384
386 386
388 388
390 390
392 392
394 394
396 396
398 398
400 400
402 402
404 404
406 406
408 408
410 410
412 412
414 414
416 416
418 418
420 420
422 422
424 424
426 426
428 428
430 430
432 432
434 434
436 436
438 438
440 440
442 442
444 444
446 446
448 448
450 450
452 452
454 454
456 456
458 458
460 460
462 462
464 464
466 466
468 468
470 470
472 472
474 474
476 476
478 478
480 480
482 482
484 484
486 486
488 488
490 490
492 492
494 494
496 496
498 498
500 500
502 502
504 504
506 506
508 508
510 510
512 512
514 514
516 516
518 518
520 520
522 522
524 524
526 526
528 528
530 530
532 532
534 534
536 536
538 538
540 540
542 542
544 544
546 546
548 548
550 550
552 552
554 554
556 556
558 558
560 560
562 562
564 564
566 566
568 568
570 570
572 572
574 574
576 576
578 578
580 580
582 582
584 584
586 586
588 588
590 590
592 592
594 594
596 596
598 598
600 600
602 602
604 604
606 606
608 608
610 610
612 612
614 614
616 616
618 618
620 620
622 622
624 624
626 626
628 628
630 630
632 632
634 634
636 636
638 638
640 640
642 642
644 644
646 646
648 648
650 650
652 652
654 654
656 656
658 658
660 660
662 662
664 664
666 666
668 668
670 670
672 672
674 674
676 676
678 678
680 680
682 682
684 684
686 686
688 688
690 690
692 692
694 694
696 696
698 698
700 700
702 702
704 704
706 706
708 708
710 710
712 712
714 714
716 716
718 718
720 720
722 722
724 724
726 726
728 728
730 730
732 732
734 734
736 736
738 738
740 740
742 742
744 744
746 746
748 748
750 750
752 752
754 754
756 756
758 758
760 760
762 762
764 764
766 766
768 768
770 770
772 772
774 774
776 776
778 778
780 780
782 782
784 784
786 786
788 788
790 790
792 792
794 794
796 796
798 798
800 800
802 802
804 804
806 806
808 808
810 810
812 812
814 814
816 816
818 818
820 820
822 822
824 824
826 826
828 828
830 830
832 832
834 834
836 836
838 838
840 840
842 842
844 844
846 846
848 848
850 850
852 852
854 854
856 856
858 858
860 860
862 862
864 864
866 866
868 868
870 870
872 872
874 874
876 876
878 878
880 880
882 882
884 884
886 886
888 888
890 890
892 892
894 894
896 896
898 898
900 900
902 902
904 904
906 906
908 908
910 910
912 912
914 914
916 916
918 918
920 920
922 922
924 924
926 926
928 928
930 930
932 932
934 934
936 936
938 938
940 940
942 942
944 944
946 946
948 948
950 950
952 952
954 954
956 956
958 958
960 960
962 962
964 964
966 966
968 968
970 970
972 972
974 974
976 976
978 978
980 980
982 982
984 984
986 986
988 988
990 990
992 992
994 994
996 996
998 998
1000 1000
1002 1002
1004 1004
1006 1006
1008 1008
1010 1010
1012 1012
1014 1014
1016 1016
1018 1018
1020 1020
1022 1022
1024 1024
1026 1026
1028 1028
1030 1030
1032 1032
1034 1034
1036 1036
1038 1038
1040 1040
1042 1042
1044 1044
1046 1046
1048 1048
1050 1050
1052 1052
1054 1054
1056 1056
1058 1058
1060 1060
1062 1062
1064 1064
1066 1066
1068 1068
1070 1070
1072 1072
1074 1074
1076 1076
1078 1078
1080 1080
1082 1082
1084 1084
1086 1086
1088 1088
1090 1090
1092 1092
1094 1094
1096 1096
1098 1098
1100 1100
1102 1102
1104 1104
1106 1106
1108 1108
1110 1110
1112 1112
1114 1114
1116 1116
1118 1118
1120 1120
1122 1122
1124 1124
1126 1126
1128 1128
1130 1130
1132 1132
1134 1134
1136 1136
1138 1138
1140 1140
1142 1142
1144 1144
1146 1146
1148 1148
1150 1150
1152 1152
1154 1154
1156 1156
1158 1158
1160 1160
1162 1162
1164 1164
1166 1166
1168 1168
1170 1170
1172 1172
1174 1174
1176 1176
1178 1178
1180 1180
1182 1182
1184 1184
1186 1186
1188 1188
1190 1190
1192 1192
1194 1194
1196 1196
1198 1198
1200 1200
1202 1202
1204 1204
1206 1206
1208 1208
1210 1210
1212 1212
1214 1214
1216 1216
1218 1218
1220 1220
1222 1222
1224 1224
1226 1226
1228 1228
1230 1230
1232 1232
1234 1234
1236 1236
1238 1238
1240 1240
1242 1242
1244 1244
1246 1246
1248 1248
1250 1250
1252 1252
1254 1254
1256 1256
1258 1258
1260 1260
1262 1262
1264 1264
1266 1266
1268 1268
1270 1270
1272 1272
1274 1274
1276 1276
1278 1278
1280 1280
1282 1282
1284 1284
1286 1286
1288 1288
1290 1290
1292 1292
1294 1294
1296 1296
1298 1298
1300 1300
1302 1302
1304 1304
1306 1306
1308 1308
1310 1310
1312 1312
1314 1314
1316 1316
1318 1318
1320 1320
1322 1322
1324 1324
1326 1326
1328 1328
1330 1330
1332 1332
1334 1334
1336 1336
1338 1338
1340 1340
1342 1342
1344 1344
1346 1346
1348 1348
1350 1350
1352 1352
1354 1354
1356 1356
1358 1358
1360 1360
1362 1362
1364 1364
1366 1366
1368 1368
1370 1370
1372 1372
1374 1374
1376 1376
1378 1378
1380 1380
1382 1382
1384 1384
1386 1386
1388 1388
1390 1390
1392 1392
1394 1394
1396 1396
1398 1398
1400 1400
1402 1402
1404 1404
1406 1406
1408 1408
1410 1410
1412 1412
1414 1414
1416 1416
1418 1418
1420 1420
1422 1422
1424 1424
1426 1426
1428 1428
1430 1430
1432 1432
1434 1434
1436 1436
1438 1438
1440 1440
1442 1442
1444 1444
1446 1446
1448 1448
1450 1450
1452 1452
1454 1454
1456 1456
1458 1458
1460 1460
1462 1462
1464 1464
1466 1466
1468 1468
1470 1470
1472 1472
1474 1474
1476 1476
1478 1478
1480 1480
1482 1482
1484 1484
1486 1486
1488 1488
1490 1490
1492 1492
1494 1494
1496 1496
1498 1498
1500 1500
1502 1502
1504 1504
1506 1506
1508 1508
1510 1510
1512 1512
1514 1514
1516 1516
1518 1518
1520 1520
1522 1522
1524 1524
1526 1526
1528 1528
1530 1530
1532 1532
1534 1534
1536 1536
1538 1538
1540 1540
1542 1542
1544 1544
1546 1546
1548 1548
1550 1550
1552 1552
1554 1554
1556 1556
1558 1558
1560 1560
1562 1562
1564 1564
1566 1566
1568 1568
1570 1570
1572 1572
1574 1574
1576 1576
1578 1578
1580 1580
1582 1582
1584 1584
1586 1586
1588 1588
1590 1590
1592 1592
1594 1594
1596 1596
1598 1598
1600 1600
1602 1602
1604 1604
1606 1606
1608 1608
1610 1610
1612 1612
1614 1614
1616 1616
1618 1618
1620 1620
1622 1622
1624 1624
1626 1626
1628 1628
1630 1630
1632 1632
1634 1634
1636 1636
1638 1638
1640 1640
1642 1642
1644 1644
1646 1646
1648 1648
1650 1650
1652 1652
1654 1654
1656 1656
1658 1658
1660 1660
1662 1662
1664 1664
1666 1666
1668 1668
1670 1670
1672 1672
1674 1674
1676 1676
1678 1678
1680 1680
1682 1682
1684 1684
1686 1686
1688 1688
1690 1690
1692 1692
1694 1694
1696 1696
1698 1698
1700 1700
1702 1702
1704 1704
1706 1706
1708 1708
1710 1710
1712 1712
1714 1714
1716 1716
1718 1718
1720 1720
1722 1722
1724 1724
1726 1726
1728 1728
1730 1730
1732 1732
1734 1734
1736 1736
1738 1738
1740 1740
1742 1742
1744 1744
1746 1746
1748 1748
1750 1750
1752 1752
1754 1754
1756 1756
1758 1758
1760 1760
1762 1762
1764 1764
1766 1766
1768 1768
1770 1770
1772 1772
1774 1774
1776 1776
1778 1778
1780 1780
1782 1782
1784 1784
1786 1786
1788 1788
1790 1790
1792 1792
1794 1794
1796 1796
1798 1798
1800 1800
1802 1802
1804 1804
1806 1806
1808 1808
1810 1810
1812 1812
1814 1814
1816 1816
1818 1818
1820 1820
1822 1822
1824 1824
1826 1826
1828 1828
1830 1830
1832 1832
1834 1834
1836 1836
1838 1838
1840 1840
1842 1842
1844 1844
1846 1846
1848 1848
1850 1850
1852 1852
1854 1854
1856 1856
1858 1858
1860 1860
1862 1862
1864 1864
1866 1866
1868 1868
1870 1870
1872 1872
1874 1874
1876 1876
1878 1878
1880 1880
1882 1882
1884 1884
1886 1886
1888 1888
1890 1890
1892 1892
1894 1894
1896 1896
1898 1898
1900 1900
1902 1902
1904 1904
1906 1906
1908 1908
1910 1910
1912 1912
1914 1914
1916 1916
1918 1918
1920 1920
1922 1922
1924 1924
1926 1926
1928 1928
1930 1930
1932 1932
1934 1934
1936 1936
1938 1938
1940 1940
1942 1942
1944 1944
1946 1946
1948 1948
1950 1950
1952 1952
1954 1954
1956 1956
1958 1958
1960 1960
1962 1962
1964 1964
1966 1966
1968 1968
1970 1970
1972 1972
1974 1974
1976 1976
1978 1978
1980 1980
1982 1982
1984 1984
1986 1986
1988 1988
1990 1990
1992 1992
1994 1994
1996 1996
1998 1998
2000 2000
2002 2002
2004 2004
2006 2006
2008 2008
2010 2010
2012 2012
2014 2014
2016 2016
2018 2018
2020 2020
2022 2022
2024 2024
2026 2026
2028 2028
2030 2030
2032 2032
2034 2034
2036 2036
2038 2038
2040 2040
2042 2042
2044 2044
2046 2046
2048 2048
2050 2050
2052 2052
2054 2054
2056 2056
2058 2058
2060 2060
2062 2062
2064 2064
2066 2066
2068 2068
2070 2070
2072 2072
2074 2074
2076 2076
2078 2078
2080 2080
2082 2082
2084 2084
2086 2086
2088 2088
2090 2090
2092 2092
2094 2094
2096 2096
2098 2098
2100 2100
2102 2102
2104 2104
2106 2106
2108 2108
2110 2110
2112 2112
2114 2114
2116 2116
2118 2118
2120 2120
2122 2122
2124 2124
2126 2126
2128 2128
2130 2130
2132 2132
2134 2134
2136 2136
2138 2138
2140 2140
2142 2142
2144 2144
2146 2146
2148 2148
2150 2150
2152 2152
2154 2154
2156 2156
2158 2158
2160 2160
2162 2162
2164 2164
2166 2166
2168 2168
2170 2170
2172 2172
2174 2174
2176 2176
2178 2178
2180 2180
2182 2182
2184 2184
2186 2186
2188 2188
2190 2190
2192 2192
2194 2194
2196 2196
2198 2198
2200 2200
2202 2202
2204 2204
2206 2206
2208 2208
2210 2210
2212 2212
2214 2214
2216 2216
2218 2218
2220 2220
2222 2222
2224 2224
2226 2226
2228 2228
2230 2230
2232 2232
2234 2234
2236 2236
2238 2238
2240 2240
2242 2242
2244 2244
2246 2246
2248 2248
2250 2250
2252 2252
2254 2254
2256 2256
2258 2258
2260 2260
2262 2262
2264 2264
2266 2266
2268 2268
2270 2270
2272 2272
2274 2274
2276 2276
2278 2278
2280 2280
2282 2282
2284 2284
2286 2286
2288 2288
2290 2290
2292 2292
2294 2294
2296 2296
2298 2298
2300 2300
2302 2302
2304 2304
2306 2306
2308 2308
2310 2310
2312 2312
2314 2314
2316 2316
2318 2318
2320 2320
2322 2322
2324 2324
2326 2326
2328 2328
2330 2330
2332 2332
2334 2334
2336 2336
2338 2338
2340 2340
2342 2342
2344 2344
2346 2346
2348 2348
2350 2350
2352 2352
2354 2354
2356 2356
2358 2358
2360 2360
2362 2362
2364 2364
2366 2366
2368 2368
2370 2370
2372 2372
2374 2374
2376 2376
2378 2378
2380 2380
2382 2382
2384 2384
2386 2386
2388 2388
2390 2390
2392 2392
2394 2394
2396 2396
2398 2398
2400 2400
2402 2402
2404 2404
2406 2406
2408 2408
2410 2410
2412 2412
2414 2414
2416 2416
2418 2418
2420 2420
2422 2422
2424 2424
2426 2426
2428 2428
2430 2430
2432 2432
2434 2434
2436 2436
2438 2438
2440 2440
2442 2442
2444 2444
2446 2446
2448 2448
2450 2450
2452 2452
2454 2454
2456 2456
2458 2458
2460 2460
2462 2462
2464 2464
2466 2466
2468 2468
2470 2470
2472 2472
2474 2474
2476 2476
2478 2478
2480 2480
2482 2482
2484 2484
2486 2486
2488 2488
2490 2490
2492 2492
2494 2494
2496 2496
2498 2498
2500 2500
2502 2502
2504 2504
2506 2506
2508 2508
2510 2510
2512 2512
2514 2514
2516 2516
2518 2518
2520 2520
2522 2522
2524 2524
2526 2526
2528 2528
2530 2530
2532 2532
2534 2534
2536 2536
2538 2538
2540 2540
2542 2542
2544 2544
2546 2546
2548 2548
2550 2550
2552 2552
2554 2554
2556 2556
2558 2558
2560 2560
2562 2562
2564 2564
2566 2566
2568 2568
2570 2570
2572 2572
2574 2574
2576 2576
2578 2578
2580 2580
2582 2582
2584 2584
2586 2586
2588 2588
2590 2590
2592 2592
2594 2594
2596 2596
2598 2598
2600 2600
2602 2602
2604 2604
2606 2606
2608 2608
2610 2610
2612 2612
2614 2614
2616 2616
2618 2618
2620 2620
2622 2622
2624 2624
2626 2626
2628 2628
2630 2630
2632 2632
2634 2634
2636 2636
2638 2638
2640 2640
2642 2642
2644 2644
2646 2646
2648 2648
2650 2650
2652 2652
2654 2654
2656 2656
2658 2658
2660 2660
2662 2662
2664 2664
2666 2666
2668 2668
2670 2670
2672 2672
2674 2674
2676 2676
2678 2678
2680 2680
2682 2682
2684 2684
2686 2686
2688 2688
2690 2690
2692 2692
2694 2694
2696 2696
2698 2698
2700 2700
2702 2702
2704 2704
2706 2706
2708 2708
2710 2710
2712 2712
2714 2714
2716 2716
2718 2718
2720 2720
2722 2722
2724 2724
2726 2726
2728 2728
2730 2730
2732 2732
2734 2734
2736 2736
2738 2738
2740 2740
2742 2742
2744 2744
2746 2746
2748 2748
2750 2750
2752 2752
2754 2754
2756 2756
2758 2758
2760 2760
2762 2762
2764 2764
2766 2766
2768 2768
2770 2770
2772 2772
2774 2774
2776 2776
2778 2778
2780 2780
2782 2782
2784 2784
2786 2786
2788 2788
2790 2790
2792 2792
2794 2794
2796 2796
2798 2798
2800 2800
2802 2802
2804 2804
2806 2806
2808 2808
2810 2810
2812 2812
2814 2814
2816 2816
2818 2818
2820 2820
2822 2822
2824 2824
2826 2826
2828 2828
2830 2830
2832 2832
2834 2834
2836 2836
2838 2838
2840 2840
2842 2842
2844 2844
2846 2846
2848 2848
2850 2850
2852 2852
2854 2854
2856 2856
2858 2858
2860 2860
2862 2862
2864 2864
2866 2866
2868 2868
2870 2870
2872 2872
2874 2874
2876 2876
2878 2878
2880 2880
2882 2882
2884 2884
2886 2886
2888 2888
2890 2890
2892 2892
2894 2894
2896 2896
2898 2898
2900 2900
2902 2902
2904 2904
2906 2906
2908 2908
2910 2910
2912 2912
2914 2914
2916 2916
2918 2918
2920 2920
2922 2922
2924 2924
2926 2926
2928 2928
2930 2930
2932 2932
2934 2934
2936 2936
2938 2938
2940 2940
2942 2942
2944 2944
2946 2946
2948 2948
2950 2950
2952 2952
2954 2954
2956 2956
2958 2958
2960 2960
2962 2962
2964 2964
2966 2966
2968 2968
2970 2970
2972 2972
2974 2974
2976 2976
2978 2978
2980 2980
2982 2982
2984 2984
2986 2986
2988 2988
2990 2990
2992 2992
2994 2994
2996 2996
2998 2998
3000 3000
3002 3002
3004 3004
3006 3006
3008 3008
3010 3010
3012 3012
3014 3014
3016 3016
3018 3018
3020 3020
3022 3022
3024 3024
3026 3026
3028 3028
3030 3030
3032 3032
3034 3034
3036 3036
3038 3038
3040 3040
3042 3042
3044 3044
3046 3046
3048 3048
3050 3050
3052 3052
3054 3054
3056 3056
3058 3058
3060 3060
3062 3062
3064 3064
3066 3066
3068 3068
3070 3070
3072 3072
3074 3074
3076 3076
3078 3078
3080 3080
3082 3082
3084 3084
3086 3086
3088 3088
3090 3090
3092 3092
3094 3094
3096 3096
3098 3098
3100 3100
3102 3102
3104 3104
3106 3106
3108 3108
3110 3110
3112 3112
3114 3114
3116 3116
3118 3118
3120 3120
3122 3122
3124 3124
3126 3126
3128 3128
3130 3130
3132 3132
3134 3134
3136 3136
3138 3138
3140 3140
3142 3142
3144 3144
3146 3146
3148 3148
3150 3150
3152 3152
3154 3154
3156 3156
3158 3158
3160 3160
3162 3162
3164 3164
3166 3166
3168 3168
3170 3170
3172 3172
3174 3174
3176 3176
3178 3178
3180 3180
3182 3182
3184 3184
3186 3186
3188 3188
3190 3190
3192 3192
3194 3194
3196 3196
3198 3198
3200 3200
3202 3202
3204 3204
3206 3206
3208 3208
3210 3210
3212 3212
3214 3214
3216 3216
3218 3218
3220 3220
3222 3222
3224 3224
3226 3226
3228 3228
3230 3230
3232 3232
3234 3234
3236 3236
3238 3238
3240 3240
3242 3242
3244 3244
3246 3246
3248 3248
3250 3250
3252 3252
3254 3254
3256 3256
3258 3258
3260 3260
3262 3262
3264 3264
3266 3266
3268 3268
3270 3270
3272 3272
3274 3274
3276 3276
3278 3278
3280 3280
3282 3282
3284 3284
3286 3286
3288 3288
3290 3290
3292 3292
3294 3294
3296 3296
3298 3298
3300 3300
3302 3302
3304 3304
3306 3306
3308 3308
3310 3310
3312 3312
3314 3314
3316 3316
3318 3318
3320 3320
3322 3322
3324 3324
3326 3326
3328 3328
3330 3330
3332 3332
3334 3334
3336 3336
3338 3338
3340 3340
3342 3342
3344 3344
3346 3346
3348 3348
3350 3350
3352 3352
3354 3354
3356 3356
3358 3358
3360 3360
3362 3362
3364 3364
3366 3366
3368 3368
3370 3370
3372 3372
3374 3374
3376 3376
3378 3378
3380 3380
3382 3382
3384 3384
3386 3386
3388 3388
3390 3390
3392 3392
3394 3394
3396 3396
3398 3398
3400 3400
3402 3402
3404 3404
3406 3406
3408 3408
3410 3410
3412 3412
3414 3414
3416 3416
3418 3418
3420 3420
3422 3422
3424 3424
3426 3426
3428 3428
3430 3430
3432 3432
3434 3434
3436 3436
3438 3438
3440 3440
3442 3442
3444 3444
3446 3446
3448 3448
3450 3450
3452 3452
3454 3454
3456 3456
3458 3458
3460 3460
3462 3462
3464 3464
3466 3466
3468 3468
3470 3470
3472 3472
3474 3474
3476 3476
3478 3478
3480 3480
3482 3482
3484 3484
3486 3486
3488 3488
3490 3490
3492 3492
3494 3494
3496 3496
3498 3498
3500 3500
3502 3502
3504 3504
3506 3506
3508 3508
3510 3510
3512 3512
3514 3514
3516 3516
3518 3518
3520 3520
3522 3522
3524 3524
3526 3526
3528 3528
3530 3530
3532 3532
3534 3534
3536 3536
3538 3538
3540 3540
3542 3542
3544 3544
3546 3546
3548 3548
3550 3550
3552 3552
3554 3554
3556 3556
3558 3558
3560 3560
3562 3562
3564 3564
3566 3566
3568 3568
3570 3570
3572 3572
3574 3574
3576 3576
3578 3578
3580 3580
3582 3582
3584 3584
3586 3586
3588 3588
3590 3590
3592 3592
3594 3594
3596 3596
3598 3598
3600 3600
3602 3602
3604 3604
3606 3606
3608 3608
3610 3610
3612 3612
3614 3614
3616 3616
3618 3618
3620 3620
3622 3622
3624 3624
3626 3626
3628 3628
3630 3630
3632 3632
3634 3634
3636 3636
3638 3638
3640 3640
3642 3642
3644 3644
3646 3646
3648 3648
3650 3650
3652 3652
3654 3654
3656 3656
3658 3658
3660 3660
3662 3662
3664 3664
3666 3666
3668 3668
3670 3670
3672 3672
3674 3674
3676 3676
3678 3678
3680 3680
3682 3682
3684 3684
3686 3686
3688 3688
3690 3690
3692 3692
3694 3694
3696 3696
3698 3698
3700 3700
3702 3702
3704 3704
3706 3706
3708 3708
3710 3710
3712 3712
3714 3714
3716 3716
3718 3718
3720 3720
3722 3722
3724 3724
3726 3726
3728 3728
3730 3730
3732 3732
3734 3734
3736 3736
3738 3738
3740 3740
3742 3742
3744 3744
3746 3746
3748 3748
3750 3750
3752 3752
3754 3754
3756 3756
3758 3758
3760 3760
3762 3762
3764 3764
3766 3766
3768 3768
3770 3770
3772 3772
3774 3774
3776 3776
3778 3778
3780 3780
3782 3782
3784 3784
3786 3786
3788 3788
3790 3790
3792 3792
3794 3794
3796 3796
3798 3798
3800 3800
3802 3802
3804 3804
3806 3806
3808 3808
3810 3810
3812 3812
3814 3814
3816 3816
3818 3818
3820 3820
3822 3822
3824 3824
3826 3826
3828 3828
3830 3830
3832 3832
3834 3834
3836 3836
3838 3838
3840 3840
3842 3842
3844 3844
3846 3846
3848 3848
3850 3850
3852 3852
3854 3854
3856 3856
3858 3858
3860 3860
3862 3862
3864 3864
3866 3866
3868 3868
3870 3870
3872 3872
3874 3874
3876 3876
3878 3878
3880 3880
3882 3882
3884 3884
3886 3886
3888 3888
3890 3890
3892 3892
3894 3894
3896 3896
3898 3898
3900 3900
3902 3902
3904 3904
3906 3906
3908 3908
3910 3910
3912 3912
3914 3914
3916 3916
3918 3918
3920 3920
3922 3922
3924 3924
3926 3926
3928 3928
3930 3930
3932 3932
3934 3934
3936 3936
3938 3938
3940 3940
3942 3942
3944 3944
3946 3946
3948 3948
3950 3950
3952 3952
3954 3954
3956 3956
3958 3958
3960 3960
3962 3962
3964 3964
3966 3966
3968 3968
3970 3970
3972 3972
3974 3974
3976 3976
3978 3978
3980 3980
3982 3982
3984 3984
3986 3986
3988 3988
3990 3990
3992 3992
3994 3994
3996 3996
3998 3998
4000 4000
4002 4002
4004 4004
4006 4006
4008 4008
4010 4010
4012 4012
4014 4014
4016 4016
4018 4018
4020 4020
4022 4022
4024 4024
4026 4026
4028 4028
4030 4030
4032 4032
4034 4034
4036 4036
4038 4038
4040 4040
4042 4042
4044 4044
4046 4046
4048 4048
4050 4050
4052 4052
4054 4054
4056 4056
4058 4058
4060 4060
4062 4062
4064 4064
4066 4066
4068 4068
4070 4070
4072 4072
4074 4074
4076 4076
4078 4078
4080 4080
4082 4082
4084 4084
4086 4086
4088 4088
4090 4090
4092 4092
4094 4094
4096 4096
4098 4098
4100 4100
4102 4102
4104 4104
4106 4106
4108 4108
4110 4110
4112 4112
4114 4114
4116 4116
4118 4118
4120 4120
4122 4122
4124 4124
4126 4126
4128 4128
4130 4130
4132 4132
4134 4134
4136 4136
4138 4138
4140 4140
4142 4142
4144 4144
4146 4146
4148 4148
4150 4150
4152 4152
4154 4154
4156 4156
4158 4158
4160 4160
4162 4162
4164 4164
4166 4166
4168 4168
4170 4170
4172 4172
4174 4174
4176 4176
4178 4178
4180 4180
4182 4182
4184 4184
4186 4186
4188 4188
4190 4190
4192 4192
4194 4194
4196 4196
4198 4198
4200 4200
4202 4202
4204 4204
4206 4206
4208 4208
4210 4210
4212 4212
4214 4214
4216 4216
4218 4218
4220 4220
4222 4222
4224 4224
4226 4226
4228 4228
4230 4230
4232 4232
4234 4234
4236 4236
4238 4238
4240 4240
4242 4242
4244 4244
4246 4246
4248 4248
4250 4250
4252 4252
4254 4254
4256 4256
4258 4258
4260 4260
4262 4262
4264 4264
4266 4266
4268 4268
4270 4270
4272 4272
4274 4274
4276 4276
4278 4278
4280 4280
4282 4282
4284 4284
4286 4286
4288 4288
4290 4290
4292 4292
4294 4294
4296 4296
4298 4298
4300 4300
4302 4302
4304 4304
4306 4306
4308 4308
4310 4310
4312 4312
4314 4314
4316 4316
4318 4318
4320 4320
4322 4322
4324 4324
4326 4326
4328 4328
4330 4330
4332 4332
4334 4334
4336 4336
4338 4338
4340 4340
4342 4342
4344 4344
4346 4346
4348 4348
4350 4350
4352 4352
4354 4354
4356 4356
4358 4358
4360 4360
4362 4362
4364 4364
4366 4366
4368 4368
4370 4370
4372 4372
4374 4374
4376 4376
4378 4378
4380 4380
4382 4382
4384 4384
4386 4386
4388 4388
4390 4390
4392 4392
4394 4394
4396 4396
4398 4398
4400 4400
4402 4402
4404 4404
4406 4406
4408 4408
4410 4410
4412 4412
4414 4414
4416 4416
4418 4418
4420 4420
4422 4422
4424 4424
4426 4426
4428 4428
4430 4430
4432 4432
4434 4434
4436 4436
4438 4438
4440 4440
4442 4442
4444 4444
4446 4446
4448 4448
4450 4450
4452 4452
4454 4454
4456 4456
4458 4458
4460 4460
4462 4462
4464 4464
4466 4466
4468 4468
4470 4470
4472 4472
4474 4474
4476 4476
4478 4478
4480 4480
4482 4482
4484 4484
4486 4486
4488 4488
4490 4490
4492 4492
4494 4494
4496 4496
4498 4498
4500 4500
4502 4502
4504 4504
4506 4506
4508 4508
4510 4510
4512 4512
4514 4514
4516 4516
4518 4518
4520 4520
4522 4522
4524 4524
4526 4526
4528 4528
4530 4530
4532 4532
4534 4534
4536 4536
4538 4538
4540 4540
4542 4542
4544 4544
4546 4546
4548 4548
4550 4550
4552 4552
4554 4554
4556 4556
4558 4558
4560 4560
4562 4562
4564 4564
4566 4566
4568 4568
4570 4570
4572 4572
4574 4574
4576 4576
4578 4578
4580 4580
4582 4582
4584 4584
4586 4586
4588 4588
4590 4590
4592 4592
4594 4594
4596 4596
4598 4598
4600 4600
4602 4602
4604 4604
4606 4606
4608 4608
4610 4610
4612 4612
4614 4614
4616 4616
4618 4618
4620 4620
4622 4622
4624 4624
4626 4626
4628 4628
4630 4630
4632 4632
4634 4634
4636 4636
4638 4638
4640 4640
4642 4642
4644 4644
4646 4646
4648 4648
4650 4650
4652 4652
4654 4654
4656 4656
4658 4658
4660 4660
4662 4662
4664 4664
4666 4666
4668 4668
4670 4670
4672 4672
4674 4674
4676 4676
4678 4678
4680 4680
4682 4682
4684 4684
4686 4686
4688 4688
4690 4690
4692 4692
4694 4694
4696 4696
4698 4698
4700 4700
4702 4702
4704 4704
4706 4706
4708 4708
4710 4710
4712 4712
4714 4714
4716 4716
4718 4718
4720 4720
4722 4722
4724 4724
4726 4726
4728 4728
4730 4730
4732 4732
4734 4734
4736 4736
4738 4738
4740 4740
4742 4742
4744 4744
4746 4746
4748 4748
4750 4750
4752 4752
4754 4754
4756 4756
4758 4758
4760 4760
4762 4762
4764 4764
4766 4766
4768 4768
4770 4770
4772 4772
4774 4774
4776 4776
4778 4778
4780 4780
4782 4782
4784 4784
4786 4786
4788 4788
4790 4790
4792 4792
4794 4794
4796 4796
4798 4798
4800 4800
4802 4802
4804 4804
4806 4806
4808 4808
4810 4810
4812 4812
4814 4814
4816 4816
4818 4818
4820 4820
4822 4822
4824 4824
4826 4826
4828 4828
4830 4830
4832 4832
4834 4834
4836 4836
4838 4838
4840 4840
4842 4842
4844 4844
4846 4846
4848 4848
4850 4850
4852 4852
4854 4854
4856 4856
4858 4858
4860 4860
4862 4862
4864 4864
4866 4866
4868 4868
4870 4870
4872 4872
4874 4874
4876 4876
4878 4878
4880 4880
4882 4882
4884 4884
4886 4886
4888 4888
4890 4890
4892 4892
4894 4894
4896 4896
4898 4898
4900 4900
4902 4902
4904 4904
4906 4906
4908 4908
4910 4910
4912 4912
4914 4914
4916 4916
4918 4918
4920 4920
4922 4922
4924 4924
4926 4926
4928 4928
4930 4930
4932 4932
4934 4934
4936 4936
4938 4938
4940 4940
4942 4942
4944 4944
4946 4946
4948 4948
4950 4950
4952 4952
4954 4954
4956 4956
4958 4958
4960 4960
4962 4962
4964 4964
4966 4966
4968 4968
4970 4970
4972 4972
4974 4974
4976 4976
4978 4978
4980 4980
4982 4982
4984 4984
4986 4986
4988 4988
4990 4990
4992 4992
4994 4994
4996 4996
4998 4998
5000 5000
5002 5002
5004 5004
5006 5006
5008 5008
5010 5010
5012 5012
5014 5014
5016 5016
5018 5018
5020 5020
5022 5022
5024 5024
5026 5026
5028 5028
5030 5030
5032 5032
5034 5034
5036 5036
5038 5038
5040 5040
5042 5042
5044 5044
5046 5046
5048 5048
5050 5050
5052 5052
5054 5054
5056 5056
5058 5058
5060 5060
5062 5062
5064 5064
5066 5066
5068 5068
5070 5070
5072 5072
5074 5074
5076 5076
5078 5078
5080 5080
5082 5082
5084 5084
5086 5086
5088 5088
5090 5090
5092 5092
5094 5094
5096 5096
5098 5098
5100 5100
5102 5102
5104 5104
5106 5106
5108 5108
5110 5110
5112 5112
5114 5114
5116 5116
5118 5118
5120 5120
5122 5122
5124 5124
5126 5126
5128 5128
5130 5130
5132 5132
5134 5134
5136 5136
5138 5138
5140 5140
5142 5142
5144 5144
5146 5146
5148 5148
5150 5150
5152 5152
5154 5154
5156 5156
5158 5158
5160 5160
5162 5162
5164 5164
5166 5166
5168 5168
5170 5170
5172 5172
5174 5174
5176 5176
5178 5178
5180 5180
5182 5182
5184 5184
5186 5186
5188 5188
5190 5190
5192 5192
5194 5194
5196 5196
5198 5198
5200 5200
5202 5202
5204 5204
5206 5206
5208 5208
5210 5210
5212 5212
5214 5214
5216 5216
5218 5218
5220 5220
5222 5222
5224 5224
5226 5226
5228 5228
5230 5230
5232 5232
5234 5234
5236 5236
5238 5238
5240 5240
5242 5242
5244 5244
5246 5246
5248 5248
5250 5250
5252 5252
5254 5254
5256 5256
5258 5258
5260 5260
5262 5262
5264 5264
5266 5266
5268 5268
5270 5270
5272 5272
5274 5274
5276 5276
5278 5278
5280 5280
5282 5282
5284 5284
5286 5286
5288 5288
5290 5290
5292 5292
5294 5294
5296 5296
5298 5298
5300 5300
5302 5302
5304 5304
5306 5306
5308 5308
5310 5310
5312 5312
5314 5314
5316 5316
5318 5318
5320 5320
5322 5322
5324 5324
5326 5326
5328 5328
5330 5330
5332 5332
5334 5334
5336 5336
5338 5338
5340 5340
5342 5342
5344 5344
5346 5346
5348 5348
5350 5350
5352 5352
5354 5354
5356 5356
5358 5358
5360 5360
5362 5362
5364 5364
5366 5366
5368 5368
5370 5370
5372 5372
5374 5374
5376 5376
5378 5378
5380 5380
5382 5382
5384 5384
5386 5386
5388 5388
5390 5390
5392 5392
5394 5394
5396 5396
5398 5398
5400 5400
5402 5402
5404 5404
5406 5406
5408 5408
5410 5410
5412 5412
5414 5414
5416 5416
5418 5418
5420 5420
5422 5422
5424 5424
5426 5426
5428 5428
5430 5430
5432 5432
5434 5434
5436 5436
5438 5438
5440 5440
5442 5442
5444 5444
5446 5446
5448 5448
5450 5450
5452 5452
5454 5454
5456 5456
5458 5458
5460 5460
5462 5462
5464 5464
5466 5466
5468 5468
5470 5470
5472 5472
5474 5474
5476 5476
5478 5478
5480 5480
5482 5482
5484 5484
5486 5486
5488 5488
5490 5490
5492 5492
5494 5494
5496 5496
5498 5498
5500 5500
5502 5502
5504 5504
5506 5506
5508 5508
5510 5510
5512 5512
5514 5514
5516 5516
5518 5518
5520 5520
5522 5522
5524 5524
5526 5526
5528 5528
5530 5530
5532 5532
5534 5534
5536 5536
5538 5538
5540 5540
5542 5542
5544 5544
5546 5546
5548 5548
5550 5550
5552 5552
5554 5554
5556 5556
5558 5558
5560 5560
5562 5562
5564 5564
5566 5566
5568 5568
5570 5570
5572 5572
5574 5574
5576 5576
5578 5578
5580 5580
5582 5582
5584 5584
5586 5586
5588 5588
5590 5590
5592 5592
5594 5594
5596 5596
5598 5598
5600 5600
5602 5602
5604 5604
5606 5606
5608 5608
5610 5610
5612 5612
5614 5614
5616 5616
5618 5618
5620 5620
5622 5622
5624 5624
5626 5626
5628 5628
5630 5630
5632 5632
5634 5634
5636 5636
5638 5638
5640 5640
5642 5642
5644 5644
5646 5646
5648 5648
5650 5650
5652 5652
5654 5654
5656 5656
5658 5658
5660 5660
5662 5662
5664 5664
5666 5666
5668 5668
5670 5670
5672 5672
5674 5674
5676 5676
5678 5678
5680 5680
5682 5682
5684 5684
5686 5686
5688 5688
5690 5690
5692 5692
5694 5694
5696 5696
5698 5698
5700 5700
5702 5702
5704 5704
5706 5706
5708 5708
5710 5710
5712 5712
5714 5714
5716 5716
5718 5718
5720 5720
5722 5722
5724 5724
5726 5726
5728 5728
5730 5730
5732 5732
5734 5734
5736 5736
5738 5738
5740 5740
5742 5742
5744 5744
5746 5746
5748 5748
5750 5750
5752 5752
5754 5754
5756 5756
5758 5758
5760 5760
5762 5762
5764 5764
5766 5766
5768 5768
5770 5770
5772 5772
5774 5774
5776 5776
5778 5778
5780 5780
5782 5782
5784 5784
5786 5786
5788 5788
5790 5790
5792 5792
5794 5794
5796 5796
5798 5798
5800 5800
5802 5802
5804 5804
5806 5806
5808 5808
5810 5810
5812 5812
5814 5814
5816 5816
5818 5818
5820 5820
5822 5822
5824 5824
5826 5826
5828 5828
5830 5830
5832 5832
5834 5834
5836 5836
5838 5838
5840 5840
5842 5842
5844 5844
5846 5846
5848 5848
5850 5850
5852 5852
5854 5854
5856 5856
5858 5858
5860 5860
5862 5862
5864 5864
5866 5866
5868 5868
5870 5870
5872 5872
5874 5874
5876 5876
5878 5878
5880 5880
5882 5882
5884 5884
5886 5886
5888 5888
5890 5890
5892 5892
5894 5894
5896 5896
5898 5898
5900 5900
5902 5902
5904 5904
5906 5906
5908 5908
5910 5910
5912 5912
5914 5914
5916 5916
5918 5918
5920 5920
5922 5922
5924 5924
5926 5926
5928 5928
5930 5930
5932 5932
5934 5934
5936 5936
5938 5938
5940 5940
5942 5942
5944 5944
5946 5946
5948 5948
5950 5950
5952 5952
5954 5954
5956 5956
5958 5958
5960 5960
5962 5962
5964 5964
5966 5966
5968 5968
5970 5970
5972 5972
5974 5974
5976 5976
5978 5978
5980 5980
5982 5982
5984 5984
5986 5986
5988 5988
5990 5990
5992 5992
5994 5994
5996 5996
5998 5998
6000 6000
6002 6002
6004 6004
6006 6006
6008 6008
6010 6010
6012 6012
6014 6014
6016 6016
6018 6018
6020 6020
6022 6022
6024 6024
6026 6026
6028 6028
6030 6030
6032 6032
6034 6034
6036 6036
6038 6038
6040 6040
6042 6042
6044 6044
6046 6046
6048 6048
6050 6050
6052 6052
6054 6054
6056 6056
6058 6058
6060 6060
6062 6062
6064 6064
6066 6066
6068 6068
6070 6070
6072 6072
6074 6074
6076 6076
6078 6078
6080 6080
6082 6082
6084 6084
6086 6086
6088 6088
6090 6090
6092 6092
6094 6094
6096 6096
6098 6098
6100 6100
6102 6102
6104 6104
6106 6106
6108 6108
6110 6110
6112 6112
6114 6114
6116 6116
6118 6118
6120 6120
6122 6122
6124 6124
6126 6126
6128 6128
6130 6130
6132 6132
6134 6134
6136 6136
6138 6138
6140 6140
6142 6142
6144 6144
6146 6146
6148 6148
6150 6150
6152 6152
6154 6154
6156 6156
6158 6158
6160 6160
6162 6162
6164 6164
6166 6166
6168 6168
6170 6170
6172 6172
6174 6174
6176 6176
6178 6178
6180 6180
6182 6182
6184 6184
6186 6186
6188 6188
6190 6190
6192 6192
6194 6194
6196 6196
6198 6198
6200 6200
6202 6202
6204 6204
6206 6206
6208 6208
6210 6210
6212 6212
6214 6214
6216 6216
6218 6218
6220 6220
6222 6222
6224 6224
6226 6226
6228 6228
6230 6230
6232 6232
6234 6234
6236 6236
6238 6238
6240 6240
6242 6242
6244 6244
6246 6246
6248 6248
6250 6250
6252 6252
6254 6254
6256 6256
6258 6258
6260 6260
6262 6262
6264 6264
6266 6266
6268 6268
6270 6270
6272 6272
6274 6274
6276 6276
6278 6278
6280 6280
6282 6282
6284 6284
6286 6286
6288 6288
6290 6290
6292 6292
6294 6294
6296 6296
6298 6298
6300 6300
6302 6302
6304 6304
6306 6306
6308 6308
6310 6310
6312 6312
6314 6314
6316 6316
6318 6318
6320 6320
6322 6322
6324 6324
6326 6326
6328 6328
6330 6330
6332 6332
6334 6334
6336 6336
6338 6338
6340 6340
6342 6342
6344 6344
6346 6346
6348 6348
6350 6350
6352 6352
6354 6354
6356 6356
6358 6358
6360 6360
6362 6362
6364 6364
6366 6366
6368 6368
6370 6370
6372 6372
6374 6374
6376 6376
6378 6378
6380 6380
6382 6382
6384 6384
6386 6386
6388 6388
6390 6390
6392 6392
6394 6394
6396 6396
6398 6398
6400 6400
6402 6402
6404 6404
6406 6406
6408 6408
6410 6410
6412 6412
6414 6414
6416 6416
6418 6418
6420 6420
6422 6422
6424 6424
6426 6426
6428 6428
6430 6430
6432 6432
6434 6434
6436 6436
6438 6438
6440 6440
6442 6442
6444 6444
6446 6446
6448 6448
6450 6450
6452 6452
6454 6454
6456 6456
6458 6458
6460 6460
6462 6462
6464 6464
6466 6466
6468 6468
6470 6470
6472 6472
6474 6474
6476 6476
6478 6478
6480 6480
6482 6482
6484 6484
6486 6486
6488 6488
6490 6490
6492 6492
6494 6494
6496 6496
6498 6498
6500 6500
6502 6502
6504 6504
6506 6506
6508 6508
6510 6510
6512 6512
6514 6514
6516 6516
6518 6518
6520 6520
6522 6522
6524 6524
6526 6526
6528 6528
6530 6530
6532 6532
6534 6534
6536 6536
6538 6538
6540 6540
6542 6542
6544 6544
6546 6546
6548 6548
6550 6550
6552 6552
6554 6554
6556 6556
6558 6558
6560 6560
6562 6562
6564 6564
6566 6566
6568 6568
6570 6570
6572 6572
6574 6574
6576 6576
6578 6578
6580 6580
6582 6582
6584 6584
6586 6586
6588 6588
6590 6590
6592 6592
6594 6594
6596 6596
6598 6598
6600 6600
6602 6602
6604 6604
6606 6606
6608 6608
6610 6610
6612 6612
6614 6614
6616 6616
6618 6618
6620 6620
6622 6622
6624 6624
6626 6626
6628 6628
6630 6630
6632 6632
6634 6634
6636 6636
6638 6638
6640 6640
6642 6642
6644 6644
6646 6646
6648 6648
6650 6650
6652 6652
6654 6654
6656 6656
6658 6658
6660 6660
6662 6662
6664 6664
6666 6666
6668 6668
6670 6670
6672 6672
6674 6674
6676 6676
6678 6678
6680 6680
6682 6682
6684 6684
6686 6686
6688 6688
6690 6690
6692 6692
6694 6694
6696 6696
6698 6698
6700 6700
6702 6702
6704 6704
6706 6706
6708 6708
6710 6710
6712 6712
6714 6714
6716 6716
6718 6718
6720 6720
6722 6722
6724 6724
6726 6726
6728 6728
6730 6730
6732 6732
6734 6734
6736 6736
6738 6738
6740 6740
6742 6742
6744 6744
6746 6746
6748 6748
6750 6750
6752 6752
6754 6754
6756 6756
6758 6758
6760 6760
6762 6762
6764 6764
6766 6766
6768 6768
6770 6770
6772 6772
6774 6774
6776 6776
6778 6778
6780 6780
6782 6782
6784 6784
6786 6786
6788 6788
6790 6790
6792 6792
6794 6794
6796 6796
6798 6798
6800 6800
6802 6802
6804 6804
6806 6806
6808 6808
6810 6810
6812 6812
6814 6814
6816 6816
6818 6818
6820 6820
6822 6822
6824 6824
6826 6826
6828 6828
6830 6830
6832 6832
6834 6834
6836 6836
6838 6838
6840 6840
6842 6842
6844 6844
6846 6846
6848 6848
6850 6850
6852 6852
6854 6854
6856 6856
6858 6858
6860 6860
6862 6862
6864 6864
6866 6866
6868 6868
6870 6870
6872 6872
6874 6874
6876 6876
6878 6878
6880 6880
6882 6882
6884 6884
6886 6886
6888 6888
6890 6890
6892 6892
6894 6894
6896 6896
6898 6898
6900 6900
6902 6902
6904 6904
6906 6906
6908 6908
6910 6910
6912 6912
6914 6914
6916 6916
6918 6918
6920 6920
6922 6922
6924 6924
6926 6926
6928 6928
6930 6930
6932 6932
6934 6934
6936 6936
6938 6938
6940 6940
6942 6942
6944 6944
6946 6946
6948 6948
6950 6950
6952 6952
6954 6954
6956 6956
6958 6958
6960 6960
6962 6962
6964 6964
6966 6966
6968 6968
6970 6970
6972 6972
6974 6974
6976 6976
6978 6978
6980 6980
6982 6982
6984 6984
6986 6986
6988 6988
6990 6990
6992 6992
6994 6994
6996 6996
6998 6998
7000 7000
7002 7002
7004 7004
7006 7006
7008 7008
7010 7010
7012 7012
7014 7014
7016 7016
7018 7018
7020 7020
7022 7022
7024 7024
7026 7026
7028 7028
7030 7030
7032 7032
7034 7034
7036 7036
7038 7038
7040 7040
7042 7042
7044 7044
7046 7046
7048 7048
7050 7050
7052 7052
7054 7054
7056 7056
7058 7058
7060 7060
7062 7062
7064 7064
7066 7066
7068 7068
7070 7070
7072 7072
7074 7074
7076 7076
7078 7078
7080 7080
7082 7082
7084 7084
7086 7086
7088 7088
7090 7090
7092 7092
7094 7094
7096 7096
7098 7098
7100 7100
7102 7102
7104 7104
7106 7106
7108 7108
7110 7110
7112 7112
7114 7114
7116 7116
7118 7118
7120 7120
7122 7122
7124 7124
7126 7126
7128 7128
7130 7130
7132 7132
7134 7134
7136 7136
7138 7138
7140 7140
7142 7142
7144 7144
7146 7146
7148 7148
7150 7150
7152 7152
7154 7154
7156 7156
7158 7158
7160 7160
7162 7162
7164 7164
7166 7166
7168 7168
7170 7170
7172 7172
7174 7174
7176 7176
7178 7178
7180 7180
7182 7182
7184 7184
7186 7186
7188 7188
7190 7190
7192 7192
7194 7194
7196 7196
7198 7198
7200 7200
7202 7202
7204 7204
7206 7206
7208 7208
7210 7210
7212 7212
7214 7214
7216 7216
7218 7218
7220 7220
7222 7222
7224 7224
7226 7226
7228 7228
7230 7230
7232 7232
7234 7234
7236 7236
7238 7238
7240 7240
7242 7242
7244 7244
7246 7246
7248 7248
7250 7250
7252 7252
7254 7254
7256 7256
7258 7258
7260 7260
7262 7262
7264 7264
7266 7266
7268 7268
7270 7270
7272 7272
7274 7274
7276 7276
7278 7278
7280 7280
7282 7282
7284 7284
7286 7286
7288 7288
7290 7290
7292 7292
7294 7294
7296 7296
7298 7298
7300 7300
7302 7302
7304 7304
7306 7306
7308 7308
7310 7310
7312 7312
7314 7314
7316 7316
7318 7318
7320 7320
7322 7322
7324 7324
7326 7326
7328 7328
7330 7330
7332 7332
7334 7334
7336 7336
7338 7338
7340 7340
7342 7342
7344 7344
7346 7346
7348 7348
7350 7350
7352 7352
7354 7354
7356 7356
7358 7358
7360 7360
7362 7362
7364 7364
7366 7366
7368 7368
7370 7370
7372 7372
7374 7374
7376 7376
7378 7378
7380 7380
7382 7382
7384 7384
7386 7386
7388 7388
7390 7390
7392 7392
7394 7394
7396 7396
7398 7398
7400 7400
7402 7402
7404 7404
7406 7406
7408 7408
7410 7410
7412 7412
7414 7414
7416 7416
7418 7418
7420 7420
7422 7422
7424 7424
7426 7426
7428 7428
7430 7430
7432 7432
7434 7434
7436 7436
7438 7438
7440 7440
7442 7442
7444 7444
7446 7446
7448 7448
7450 7450
7452 7452
7454 7454
7456 7456
7458 7458
7460 7460
7462 7462
7464 7464
7466 7466
7468 7468
7470 7470
7472 7472
7474 7474
7476 7476
7478 7478
7480 7480
7482 7482
7484 7484
7486 7486
7488 7488
7490 7490
7492 7492
7494 7494
7496 7496
7498 7498
7500 7500
7502 7502
7504 7504
7506 7506
7508 7508
7510 7510
7512 7512
7514 7514
7516 7516
7518 7518
7520 7520
7522 7522
7524 7524
7526 7526
7528 7528
7530 7530
7532 7532
7534 7534
7536 7536
7538 7538
7540 7540
7542 7542
7544 7544
7546 7546
7548 7548
7550 7550
7552 7552
7554 7554
7556 7556
7558 7558
7560 7560
7562 7562
7564 7564
7566 7566
7568 7568
7570 7570
7572 7572
7574 7574
7576 7576
7578 7578
7580 7580
7582 7582
7584 7584
7586 7586
7588 7588
7590 7590
7592 7592
7594 7594
7596 7596
7598 7598
7600 7600
7602 7602
7604 7604
7606 7606
7608 7608
7610 7610
7612 7612
7614 7614
7616 7616
7618 7618
7620 7620
7622 7622
7624 7624
7626 7626
7628 7628
7630 7630
7632 7632
7634 7634
7636 7636
7638 7638
7640 7640
7642 7642
7644 7644
7646 7646
7648 7648
7650 7650
7652 7652
7654 7654
7656 7656
7658 7658
7660 7660
7662 7662
7664 7664
7666 7666
7668 7668
7670 7670
7672 7672
7674 7674
7676 7676
7678 7678
7680 7680
7682 7682
7684 7684
7686 7686
7688 7688
7690 7690
7692 7692
7694 7694
7696 7696
7698 7698
7700 7700
7702 7702
7704 7704
7706 7706
7708 7708
7710 7710
7712 7712
7714 7714
7716 7716
7718 7718
7720 7720
7722 7722
7724 7724
7726 7726
7728 7728
7730 7730
7732 7732
7734 7734
7736 7736
7738 7738
7740 7740
7742 7742
7744 7744
7746 7746
7748 7748
7750 7750
7752 7752
7754 7754
7756 7756
7758 7758
7760 7760
7762 7762
7764 7764
7766 7766
7768 7768
7770 7770
7772 7772
7774 7774
7776 7776
7778 7778
7780 7780
7782 7782
7784 7784
7786 7786
7788 7788
7790 7790
7792 7792
7794 7794
7796 7796
7798 7798
7800 7800
7802 7802
7804 7804
7806 7806
7808 7808
7810 7810
7812 7812
7814 7814
7816 7816
7818 7818
7820 7820
7822 7822
7824 7824
7826 7826
7828 7828
7830 7830
7832 7832
7834 7834
7836 7836
7838 7838
7840 7840
7842 7842
7844 7844
7846 7846
7848 7848
7850 7850
7852 7852
7854 7854
7856 7856
7858 7858
7860 7860
7862 7862
7864 7864
7866 7866
7868 7868
7870 7870
7872 7872
7874 7874
7876 7876
7878 7878
7880 7880
7882 7882
7884 7884
7886 7886
7888 7888
7890 7890
7892 7892
7894 7894
7896 7896
7898 7898
7900 7900
7902 7902
7904 7904
7906 7906
7908 7908
7910 7910
7912 7912
7914 7914
7916 7916
7918 7918
7920 7920
7922 7922
7924 7924
7926 7926
7928 7928
7930 7930
7932 7932
7934 7934
7936 7936
7938 7938
7940 7940
7942 7942
7944 7944
7946 7946
7948 7948
7950 7950
7952 7952
7954 7954
7956 7956
7958 7958
7960 7960
7962 7962
7964 7964
7966 7966
7968 7968
7970 7970
7972 7972
7974 7974
7976 7976
7978 7978
7980 7980
7982 7982
7984 7984
7986 7986
7988 7988
7990 7990
7992 7992
7994 7994
7996 7996
7998 7998
8000 8000
8002 8002
8004 8004
8006 8006
8008 8008
8010 8010
8012 8012
8014 8014
8016 8016
8018 8018
8020 8020
8022 8022
8024 8024
8026 8026
8028 8028
8030 8030
8032 8032
8034 8034
8036 8036
8038 8038
8040 8040
8042 8042
8044 8044
8046 8046
8048 8048
8050 8050
8052 8052
8054 8054
8056 8056
8058 8058
8060 8060
8062 8062
8064 8064
8066 8066
8068 8068
8070 8070
8072 8072
8074 8074
8076 8076
8078 8078
8080 8080
8082 8082
8084 8084
8086 8086
8088 8088
8090 8090
8092 8092
8094 8094
8096 8096
8098 8098
8100 8100
8102 8102
8104 8104
8106 8106
8108 8108
8110 8110
8112 8112
8114 8114
8116 8116
8118 8118
8120 8120
8122 8122
8124 8124
8126 8126
8128 8128
8130 8130
8132 8132
8134 8134
8136 8136
8138 8138
8140 8140
8142 8142
8144 8144
8146 8146
8148 8148
8150 8150
8152 8152
8154 8154
8156 8156
8158 8158
8160 8160
8162 8162
8164 8164
8166 8166
8168 8168
8170 8170
8172 8172
8174 8174
8176 8176
8178 8178
8180 8180
8182 8182
8184 8184
8186 8186
8188 8188
8190 8190
8192 8192
8194 8194
8196 8196
8198 8198
8200 8200
8202 8202
8204 8204
8206 8206
8208 8208
8210 8210
8212 8212
8214 8214
8216 8216
8218 8218
8220 8220
8222 8222
8224 8224
8226 8226
8228 8228
8230 8230
8232 8232
8234 8234
8236 8236
8238 8238
8240 8240
8242 8242
8244 8244
8246 8246
8248 8248
8250 8250
8252 8252
8254 8254
8256 8256
8258 8258
8260 8260
8262 8262
8264 8264
8266 8266
8268 8268
8270 8270
8272 8272
8274 8274
8276 8276
8278 8278
8280 8280
8282 8282
8284 8284
8286 8286
8288 8288
8290 8290
8292 8292
8294 8294
8296 8296
8298 8298
8300 8300
8302 8302
8304 8304
8306 8306
8308 8308
8310 8310
8312 8312
8314 8314
8316 8316
8318 8318
8320 8320
8322 8322
8324 8324
8326 8326
8328 8328
8330 8330
8332 8332
8334 8334
8336 8336
8338 8338
8340 8340
8342 8342
8344 8344
8346 8346
8348 8348
8350 8350
8352 8352
8354 8354
8356 8356
8358 8358
8360 8360
8362 8362
8364 8364
8366 8366
8368 8368
8370 8370
8372 8372
8374 8374
8376 8376
8378 8378
8380 8380
8382 8382
8384 8384
8386 8386
8388 8388
8390 8390
8392 8392
8394 8394
8396 8396
8398 8398
8400 8400
8402 8402
8404 8404
8406 8406
8408 8408
8410 8410
8412 8412
8414 8414
8416 8416
8418 8418
8420 8420
8422 8422
8424 8424
8426 8426
8428 8428
8430 8430
8432 8432
8434 8434
8436 8436
8438 8438
8440 8440
8442 8442
8444 8444
8446 8446
8448 8448
8450 8450
8452 8452
8454 8454
8456 8456
8458 8458
8460 8460
8462 8462
8464 8464
8466 8466
8468 8468
8470 8470
8472 8472
8474 8474
8476 8476
8478 8478
8480 8480
8482 8482
8484 8484
8486 8486
8488 8488
8490 8490
8492 8492
8494 8494
8496 8496
8498 8498
8500 8500
8502 8502
8504 8504
8506 8506
8508 8508
8510 8510
8512 8512
8514 8514
8516 8516
8518 8518
8520 8520
8522 8522
8524 8524
8526 8526
8528 8528
8530 8530
8532 8532
8534 8534
8536 8536
8538 8538
8540 8540
8542 8542
8544 8544
8546 8546
8548 8548
8550 8550
8552 8552
8554 8554
8556 8556
8558 8558
8560 8560
8562 8562
8564 8564
8566 8566
8568 8568
8570 8570
8572 8572
8574 8574
8576 8576
8578 8578
8580 8580
8582 8582
8584 8584
8586 8586
8588 8588
8590 8590
8592 8592
8594 8594
8596 8596
8598 8598
8600 8600
8602 8602
8604 8604
8606 8606
8608 8608
8610 8610
8612 8612
8614 8614
8616 8616
8618 8618
8620 8620
8622 8622
8624 8624
8626 8626
8628 8628
8630 8630
8632 8632
8634 8634
8636 8636
8638 8638
8640 8640
8642 8642
8644 8644
8646 8646
8648 8648
8650 8650
8652 8652
8654 8654
8656 8656
8658 8658
8660 8660
8662 8662
8664 8664
8666 8666
8668 8668
8670 8670
8672 8672
8674 8674
8676 8676
8678 8678
8680 8680
8682 8682
8684 8684
8686 8686
8688 8688
8690 8690
8692 8692
8694 8694
8696 8696
8698 8698
8700 8700
8702 8702
8704 8704
8706 8706
8708 8708
8710 8710
8712 8712
8714 8714
8716 8716
8718 8718
8720 8720
8722 8722
8724 8724
8726 8726
8728 8728
8730 8730
8732 8732
8734 8734
8736 8736
8738 8738
8740 8740
8742 8742
8744 8744
8746 8746
8748 8748
8750 8750
8752 8752
8754 8754
8756 8756
8758 8758
8760 8760
8762 8762
8764 8764
8766 8766
8768 8768
8770 8770
8772 8772
8774 8774
8776 8776
8778 8778
8780 8780
8782 8782
8784 8784
8786 8786
8788 8788
8790 8790
8792 8792
8794 8794
8796 8796
8798 8798
8800 8800
8802 8802
8804 8804
8806 8806
8808 8808
8810 8810
8812 8812
8814 8814
8816 8816
8818 8818
8820 8820
8822 8822
8824 8824
8826 8826
8828 8828
8830 8830
8832 8832
8834 8834
8836 8836
8838 8838
8840 8840
8842 8842
8844 8844
8846 8846
8848 8848
8850 8850
8852 8852
8854 8854
8856 8856
8858 8858
8860 8860
8862 8862
8864 8864
8866 8866
8868 8868
8870 8870
8872 8872
8874 8874
8876 8876
8878 8878
8880 8880
8882 8882
8884 8884
8886 8886
8888 8888
8890 8890
8892 8892
8894 8894
8896 8896
8898 8898
8900 8900
8902 8902
8904 8904
8906 8906
8908 8908
8910 8910
8912 8912
8914 8914
8916 8916
8918 8918
8920 8920
8922 8922
8924 8924
8926 8926
8928 8928
8930 8930
8932 8932
8934 8934
8936 8936
8938 8938
8940 8940
8942 8942
8944 8944
8946 8946
8948 8948
8950 8950
8952 8952
8954 8954
8956 8956
8958 8958
8960 8960
8962 8962
8964 8964
8966 8966
8968 8968
8970 8970
8972 8972
8974 8974
8976 8976
8978 8978
8980 8980
8982 8982
8984 8984
8986 8986
8988 8988
8990 8990
8992 8992
8994 8994
8996 8996
8998 8998
9000 9000
9002 9002
9004 9004
9006 9006
9008 9008
9010 9010
9012 9012
9014 9014
9016 9016
9018 9018
9020 9020
9022 9022
9024 9024
9026 9026
9028 9028
9030 9030
9032 9032
9034 9034
9036 9036
9038 9038
9040 9040
9042 9042
9044 9044
9046 9046
9048 9048
9050 9050
9052 9052
9054 9054
9056 9056
9058 9058
9060 9060
9062 9062
9064 9064
9066 9066
9068 9068
9070 9070
9072 9072
9074 9074
9076 9076
9078 9078
9080 9080
9082 9082
9084 9084
9086 9086
9088 9088
9090 9090
9092 9092
9094 9094
9096 9096
9098 9098
9100 9100
9102 9102
9104 9104
9106 9106
9108 9108
9110 9110
9112 9112
9114 9114
9116 9116
9118 9118
9120 9120
9122 9122
9124 9124
9126 9126
9128 9128
9130 9130
9132 9132
9134 9134
9136 9136
9138 9138
9140 9140
9142 9142
9144 9144
9146 9146
9148 9148
9150 9150
9152 9152
9154 9154
9156 9156
9158 9158
9160 9160
9162 9162
9164 9164
9166 9166
9168 9168
9170 9170
9172 9172
9174 9174
9176 9176
9178 9178
9180 9180
9182 9182
9184 9184
9186 9186
9188 9188
9190 9190
9192 9192
9194 9194
9196 9196
9198 9198
9200 9200
9202 9202
9204 9204
9206 9206
9208 9208
9210 9210
9212 9212
9214 9214
9216 9216
9218 9218
9220 9220
9222 9222
9224 9224
9226 9226
9228 9228
9230 9230
9232 9232
9234 9234
9236 9236
9238 9238
9240 9240
9242 9242
9244 9244
9246 9246
9248 9248
9250 9250
9252 9252
9254 9254
9256 9256
9258 9258
9260 9260
9262 9262
9264 9264
9266 9266
9268 9268
9270 9270
9272 9272
9274 9274
9276 9276
9278 9278
9280 9280
9282 9282
9284 9284
9286 9286
9288 9288
9290 9290
9292 9292
9294 9294
9296 9296
9298 9298
9300 9300
9302 9302
9304 9304
9306 9306
9308 9308
9310 9310
9312 9312
9314 9314
9316 9316
9318 9318
9320 9320
9322 9322
9324 9324
9326 9326
9328 9328
9330 9330
9332 9332
9334 9334
9336 9336
9338 9338
9340 9340
9342 9342
9344 9344
9346 9346
9348 9348
9350 9350
9352 9352
9354 9354
9356 9356
9358 9358
9360 9360
9362 9362
9364 9364
9366 9366
9368 9368
9370 9370
9372 9372
9374 9374
9376 9376
9378 9378
9380 9380
9382 9382
9384 9384
9386 9386
9388 9388
9390 9390
9392 9392
9394 9394
9396 9396
9398 9398
9400 9400
9402 9402
9404 9404
9406 9406
9408 9408
9410 9410
9412 9412
9414 9414
9416 9416
9418 9418
9420 9420
9422 9422
9424 9424
9426 9426
9428 9428
9430 9430
9432 9432
9434 9434
9436 9436
9438 9438
9440 9440
9442 9442
9444 9444
9446 9446
9448 9448
9450 9450
9452 9452
9454 9454
9456 9456
9458 9458
9460 9460
9462 9462
9464 9464
9466 9466
9468 9468
9470 9470
9472 9472
9474 9474
9476 9476
9478 9478
9480 9480
9482 9482
9484 9484
9486 9486
9488 9488
9490 9490
9492 9492
9494 9494
9496 9496
9498 9498
9500 9500
9502 9502
9504 9504
9506 9506
9508 9508
9510 9510
9512 9512
9514 9514
9516 9516
9518 9518
9520 9520
9522 9522
9524 9524
9526 9526
9528 9528
9530 9530
9532 9532
9534 9534
9536 9536
9538 9538
9540 9540
9542 9542
9544 9544
9546 9546
9548 9548
9550 9550
9552 9552
9554 9554
9556 9556
9558 9558
9560 9560
9562 9562
9564 9564
9566 9566
9568 9568
9570 9570
9572 9572
9574 9574
9576 9576
9578 9578
9580 9580
9582 9582
9584 9584
9586 9586
9588 9588
9590 9590
9592 9592
9594 9594
9596 9596
9598 9598
9600 9600
9602 9602
9604 9604
9606 9606
9608 9608
9610 9610
9612 9612
9614 9614
9616 9616
9618 9618
9620 9620
9622 9622
9624 9624
9626 9626
9628 9628
9630 9630
9632 9632
9634 9634
9636 9636
9638 9638
9640 9640
9642 9642
9644 9644
9646 9646
9648 9648
9650 9650
9652 9652
9654 9654
9656 9656
9658 9658
9660 9660
9662 9662
9664 9664
9666 9666
9668 9668
9670 9670
9672 9672
9674 9674
9676 9676
9678 9678
9680 9680
9682 9682
9684 9684
9686 9686
9688 9688
9690 9690
9692 9692
9694 9694
9696 9696
9698 9698
9700 9700
9702 9702
9704 9704
9706 9706
9708 9708
9710 9710
9712 9712
9714 9714
9716 9716
9718 9718
9720 9720
9722 9722
9724 9724
9726 9726
9728 9728
9730 9730
9732 9732
9734 9734
9736 9736
9738 9738
9740 9740
9742 9742
9744 9744
9746 9746
9748 9748
9750 9750
9752 9752
9754 9754
9756 9756
9758 9758
9760 9760
9762 9762
9764 9764
9766 9766
9768 9768
9770 9770
9772 9772
9774 9774
9776 9776
9778 9778
9780 9780
9782 9782
9784 9784
9786 9786
9788 9788
9790 9790
9792 9792
9794 9794
9796 9796
9798 9798
9800 9800
9802 9802
9804 9804
9806 9806
9808 9808
9810 9810
9812 9812
9814 9814
9816 9816
9818 9818
9820 9820
9822 9822
9824 9824
9826 9826
9828 9828
9830 9830
9832 9832
9834 9834
9836 9836
9838 9838
9840 9840
9842 9842
9844 9844
9846 9846
9848 9848
9850 9850
9852 9852
9854 9854
9856 9856
9858 9858
9860 9860
9862 9862
9864 9864
9866 9866
9868 9868
9870 9870
9872 9872
9874 9874
9876 9876
9878 9878
9880 9880
9882 9882
9884 9884
9886 9886
9888 9888
9890 9890
9892 9892
9894 9894
9896 9896
9898 9898
9900 9900
9902 9902
9904 9904
9906 9906
9908 9908
9910 9910
9912 9912
9914 9914
9916 9916
9918 9918
9920 9920
9922 9922
9924 9924
9926 9926
9928 9928
9930 9930
9932 9932
9934 9934
9936 9936
9938 9938
9940 9940
9942 9942
9944 9944
9946 9946
9948 9948
9950 9950
9952 9952
9954 9954
9956 9956
9958 9958
9960 9960
9962 9962
9964 9964
9966 9966
9968 9968
9970 9970
9972 9972
9974 9974
9976 9976
9978 9978
9980 9980
9982 9982
9984 9984
9986 9986
9988 9988
9990 9990
9992 9992
9994 9994
9996 9996
9998 9998
10000 10000
