10000 10000
5000
9710 997
3016 9679
8404 4755
3393 9917
2207 8577
4687 5921
5065 4473
4595 6659
3399 6631
5104 6267
9723 5721
7120 9191
5239 4346
2876 5310
6969 4547
874 9917
4495 6751
434 9419
40 3615
852 3299
4662 4884
6315 3707
4844 1320
6333 6407
1410 3321
1380 1847
2587 7443
790 2548
970 2649
1622 3710
197 2786
4134 1107
1578 4426
7886 1668
2161 4700
3006 7173
7406 4881
3188 4428
5228 2373
5224 4108
8353 7141
2949 7189
6992 6853
9337 5456
674 462
3839 9061
9002 9698
9024 5003
9450 8333
525 5163
1722 691
9351 3561
9020 423
4104 7486
1023 6051
1418 2797
7413 5849
8281 5410
4805 5144
7281 7227
5664 7672
2693 7997
4614 4988
9097 7008
1402 3177
9342 9146
3626 4486
5272 9017
6704 57
85 6202
9920 9709
6112 7255
3893 4775
8879 6832
7756 8689
4161 4607
5960 9197
6894 7793
7379 6263
4411 8841
923 7226
9365 5887
3837 720
1837 5070
4644 3750
1542 3739
1286 7838
2817 6890
9743 9900
2580 4026
3702 1683
2479 2477
3428 4886
5476 5920
4253 656
9602 9979
4734 3682
4603 5449
5607 5899
6217 2566
7017 1443
6837 4123
7293 9949
5915 4752
8632 2525
6631 7995
5309 5257
5507 2640
3039 3113
3681 5139
9272 4676
4305 5377
407 6681
6749 2011
3061 4018
6888 3869
2500 3667
1326 6723
9919 8859
7138 1434
2781 7951
606 3866
4244 3032
232 9096
7537 2731
5466 7522
8756 5306
3975 9538
9376 2703
4049 8225
4019 19
4153 3299
4199 8145
2492 1582
8589 8436
7159 3062
8842 5992
1826 1601
3147 2961
9884 9945
4287 7758
8286 1375
3796 3609
8319 736
3223 9497
2752 8616
2344 287
7786 543
6239 5892
7889 4274
8866 5738
8598 7452
4661 1949
5086 5306
4066 166
8550 3322
2916 1318
193 9333
8875 2256
3686 7890
3504 3717
2255 2999
4059 1622
3298 1700
2449 5038
731 6504
7675 439
8907 3796
6308 394
1042 2124
3095 850
4192 7596
1872 9353
7348 7308
9467 8851
8412 8198
1363 7407
4140 7051
4283 652
5150 6017
8701 5268
2360 2427
190 3992
3678 839
5132 1691
8318 6717
1731 8243
8248 28
8745 239
3352 6046
9647 8981
5056 4816
1559 3353
5497 929
7860 9196
2354 5801
25 2061
937 2882
479 4836
4246 2053
9711 8935
8272 1792
3490 8919
7602 8515
5081 721
8700 8033
9868 6499
9287 9124
1449 8536
2747 7029
6306 9061
8599 2768
7073 1391
4037 3443
1309 6028
6448 4954
2454 1820
4401 7709
8959 7921
4215 8067
3345 5313
4338 4588
694 7695
1452 9301
5907 2677
3478 5522
5363 5796
2748 5176
4231 5866
1650 7971
5818 4963
3174 8500
8810 47
1973 1196
3620 2217
2133 1107
2324 4894
9629 5979
6597 4847
2528 6280
1152 7872
2397 1577
786 898
4254 7027
3422 20
4123 3532
6089 1044
3136 5428
2880 8171
3401 266
6468 231
3723 3130
6144 2379
9893 9169
8538 9612
254 8808
5563 3121
4423 9881
4315 4539
9943 7785
7495 7146
1957 7011
7886 9619
5950 160
1361 387
1591 551
3757 5752
463 8920
660 5044
9912 3702
3592 8436
8901 7317
591 1695
250 9464
506 8608
7416 2827
2944 1819
8884 2695
9318 5944
4546 5567
379 6172
6021 5036
7746 164
3161 7166
6113 8046
4929 6134
5591 7396
967 7863
1883 6699
7291 9001
3367 7480
3666 4000
6036 258
7369 7967
5644 7536
9877 8703
2975 5077
7838 6105
389 3294
8964 5387
5066 8797
3945 2931
3210 2662
3832 4674
5943 3583
8710 6270
7304 7155
5571 1781
5605 7199
1989 2761
4729 1452
520 4857
6119 3969
1756 287
6938 7715
4650 5392
5845 9355
7552 4402
2761 5429
4430 5851
7677 6983
9026 4830
8418 4728
1531 1367
9116 323
7563 7801
1308 9270
6593 2648
388 2105
3964 877
9049 1548
1371 853
679 3442
8678 5510
566 298
1652 1128
573 3633
8172 7618
5934 4903
6812 9389
6428 1690
5730 1723
393 8647
4291 4046
3129 968
5939 3456
788 7888
9378 6961
9890 6633
7327 3863
5425 2729
8576 7432
1528 3622
4518 4875
6009 9348
9139 3721
494 3561
3574 8385
8409 9757
7874 3843
3982 2160
8232 6676
1508 2688
1834 9146
4249 3059
2396 7451
3260 6144
6612 8379
9678 8450
6543 6131
9565 9485
4438 3114
2694 7083
8550 786
2516 3791
8526 4229
6438 2000
1280 2987
6226 5732
5781 4895
1298 5852
6675 1245
5892 5084
3752 7566
3524 8094
1701 3191
5715 2958
8429 5066
4821 1802
41 9561
5437 1998
331 6928
4191 9061
9074 6803
8467 7492
2577 2671
7977 7310
8952 6949
6462 6704
2935 3481
9717 7193
9185 2635
577 3443
8996 4641
9520 7863
6006 8877
2636 7343
8647 3694
7762 5606
883 5118
2218 5537
7289 3411
5373 4140
1625 3941
6619 9170
3399 8992
4569 1039
2193 95
84 5286
6498 2869
6946 1958
5167 3024
2648 3006
7402 5115
1994 7583
6251 3326
5002 4161
3359 3117
9433 2442
690 5732
7316 2889
6207 5994
7851 1445
6612 4159
6975 1945
1585 9487
2944 7197
2460 3230
7940 1779
1942 3408
299 7430
5085 2487
7957 6285
8791 8901
2129 6227
647 8786
9212 595
6619 9279
1093 6011
8979 9228
3747 9451
1010 8586
4632 7911
2539 3514
9815 2279
4293 3244
7151 7437
2552 3963
7226 4892
9339 2839
4010 5181
4843 7501
9692 6189
6335 8088
6792 5084
3508 8465
8577 4443
7940 1072
4012 7260
5964 9321
9296 5677
2554 6622
4072 7543
3484 2339
6954 222
6431 1933
8170 6672
4956 6967
9289 9648
8101 767
1160 5962
5862 7372
2641 7149
322 5448
6041 7059
8877 9188
2733 4275
185 4176
6502 546
1123 8679
1853 7354
6289 4754
8121 1152
2352 6094
2265 8256
479 3878
9658 1509
8687 3275
6275 257
9137 6545
9856 7471
994 6896
7374 8624
4307 5499
7716 7913
3340 5654
4706 3377
449 8392
7929 4936
202 7305
7436 3846
4370 5860
7036 1136
8058 8150
1624 5444
2041 5200
5233 7141
124 4440
7019 6970
1480 19
1425 3569
1791 695
3074 1398
8621 7660
4063 5663
5862 6943
7731 6721
120 7165
451 9106
1728 5664
3254 9700
8377 6804
1330 8429
930 8437
8928 2300
9525 4774
9974 9708
425 9101
671 2341
5317 5472
682 9850
9545 4107
6682 1244
7636 5648
6935 343
1382 2465
8623 7955
854 7078
1578 2617
2522 1174
9854 7392
4141 3679
2028 9836
3341 5555
8049 393
1245 4027
6898 9289
9809 5796
2305 9703
6936 4802
7122 579
8270 4705
663 2217
2989 8046
4940 8593
1589 3119
1350 5822
434 4724
999 1623
8461 9619
7290 844
3236 4676
4413 1259
2342 5559
4765 8468
5142 9582
9447 8680
3084 1716
8726 7929
7731 6546
4038 8129
4878 3764
6240 6333
1761 1734
1006 5072
5623 3537
712 1291
1487 8568
5151 6357
1690 264
2748 5199
5210 6989
5452 6794
1761 669
6973 5335
9287 5738
5937 3051
4763 3658
8642 5861
4962 6456
9922 5109
2050 1730
4826 4991
8503 2357
2626 5001
7357 3349
6020 7676
7267 6754
1457 7862
5174 5934
165 1708
2313 9679
8141 1989
4221 7582
8415 1806
3554 389
8981 7104
9364 9739
8675 7711
2488 4467
4932 2018
6920 6400
5148 5090
7820 172
8216 792
6625 694
9883 1966
7610 6813
9271 6979
2584 6565
8213 1521
4631 6132
8634 6044
3116 3461
5453 1309
8018 9287
9419 4275
2694 5210
8825 4543
5533 4153
2350 3675
5796 6388
1839 8993
5626 8594
9394 2848
8461 6163
6450 5403
4086 8566
4716 1728
861 5216
8521 7515
6421 1816
729 7251
8722 7050
2681 1202
8653 5822
6113 1015
6042 5008
338 8317
641 1843
7810 8535
2858 298
6537 5480
9381 9448
6728 6091
7583 9245
4748 2821
1834 243
4052 3567
4055 74
4971 3509
6519 1798
490 846
1440 8411
751 6800
101 1102
2144 671
9179 6060
1162 2622
7255 3257
4739 4205
3546 1875
2993 3467
2390 7278
3285 7320
6254 6664
5679 5248
8680 7154
7658 6968
539 7720
2599 9860
1101 8565
2753 5193
9122 5510
4985 1428
137 6598
2928 6313
8367 7570
6251 2054
7034 8533
8831 7974
8437 2073
8519 2576
4481 6300
5539 8169
957 7672
561 8904
3485 1327
3097 7971
126 8984
5860 1257
4744 4911
4147 8522
7576 6595
4609 2027
6262 3724
6626 3104
4911 5778
6317 1370
2669 4085
7773 2756
8943 6468
7939 6729
6361 4668
7907 4850
8371 7748
9017 5712
5645 3097
8364 3131
4264 9870
80 6244
924 7698
9221 534
7294 3213
9000 5625
271 5966
9975 2065
1992 4436
5630 1399
6931 3765
8764 617
7083 8942
3865 1016
4860 2537
1494 8302
8261 3625
9499 5743
6125 2334
6879 6122
4362 404
5124 7424
1277 5972
5233 5448
1782 1798
1419 7432
8551 3231
2050 7980
2332 5842
4557 1016
2522 3543
5985 7399
4388 3250
738 3222
1378 7788
697 4436
3450 8732
8239 4563
6437 633
5592 8264
3243 5497
7111 2139
9284 5279
3205 907
7823 6394
491 2967
3027 2829
6048 3589
7946 6073
878 9940
6850 2269
217 6622
8135 4687
6346 2540
2621 2915
5632 1309
345 6536
4703 64
4653 7405
4322 1086
3251 3262
188 5918
2820 345
3388 2236
9333 4405
6765 1467
9921 7528
7585 450
4719 534
4735 3689
4198 9394
6422 968
3397 5535
4379 4197
5706 5485
3434 7396
9346 3997
6244 7020
3655 2231
4803 8138
103 4461
7275 2467
2598 5821
4148 3136
4322 2740
3773 5000
8790 3707
2900 9221
2722 1255
7519 6423
5972 6565
7798 8993
5508 3534
7201 4223
5890 4305
5326 6289
3844 4615
5166 2668
298 4942
6568 2220
4634 6059
1536 3115
2744 6454
8972 9044
34 3612
1947 9510
1751 1672
8481 2580
441 3263
8834 6548
5118 933
472 5576
4963 6373
6268 5136
5969 6768
5715 4598
1501 5130
3887 7711
517 5735
2836 2274
8468 3020
9491 4879
7769 8891
5092 2818
8791 6522
635 5115
9724 665
3060 8300
9662 4330
5539 5999
2308 2351
1857 556
43 8086
1136 1616
1392 2035
9783 7201
3745 3648
2022 3680
773 917
2933 29
4274 9070
2899 6331
999 5720
2279 5136
3346 456
5661 8788
512 1355
1109 7379
4031 3504
9946 8383
9211 166
2263 3330
390 3089
1595 3225
397 7027
1889 9357
6609 448
4150 5883
1719 7050
6038 3743
2245 6130
2648 8279
4855 7125
2798 712
4140 8217
1622 8607
1887 2686
1541 2082
9328 9600
9800 5339
6181 9690
5924 966
3745 8354
8353 9945
6426 8969
309 9290
1954 8420
4192 553
1315 5699
9775 9974
1568 9696
6020 4434
8988 9016
5484 9453
5400 1560
2981 3056
8958 7521
7154 7215
7193 5436
1678 5549
1239 1517
7526 9986
9836 5572
1175 4260
7556 9850
5196 3286
3017 7022
5143 6086
6692 9264
178 5142
2130 3449
7886 781
398 2521
9734 2330
5910 1500
9396 8719
3877 2095
2651 4187
534 7942
7053 3992
4198 132
4585 6652
2222 6166
2507 5740
5465 6971
2750 7289
9085 3286
7374 4659
5284 9096
7986 6461
1285 2230
9160 7600
5521 8753
7967 5590
1844 5823
8260 4991
3575 3998
5385 7448
1955 1742
2018 2812
7560 5012
2351 7265
9291 4934
7390 9953
4730 7112
1158 2866
1028 9888
9966 9657
4186 6253
1439 4842
5242 1566
7603 4573
4157 6781
2660 9261
8659 105
2740 406
1207 2908
4123 213
7944 3482
47 9857
2710 1579
5854 5784
6189 9840
7340 141
4872 4517
2995 1126
6023 9995
8226 8601
1491 5910
739 3925
1208 4136
3819 5599
4950 1982
5243 5416
2374 72
1200 1456
8829 9855
117 3210
2555 7069
7254 6978
7605 6598
3663 2214
3544 9478
8315 4420
298 7197
3505 4879
4050 7741
3586 7927
1143 9559
1750 4737
4088 9896
9855 491
7683 8922
7873 1736
2372 5609
5763 3526
9067 2967
9568 3963
1287 5482
5776 7804
7673 4
6719 6194
497 6510
882 3747
8941 9944
4173 3432
7433 224
9561 9551
6280 5619
4598 1892
6693 133
2155 3866
6551 1888
3013 2484
8331 7011
2780 130
4615 1943
1155 2783
7306 9991
3396 2659
7191 2681
2070 5617
794 1498
5493 2833
5865 1439
2164 2605
2033 3841
6798 7909
9206 8324
3772 3459
6330 4720
8985 9274
30 7680
9754 176
7156 8936
9151 3064
3340 2858
6495 9656
3995 6330
7420 8651
1562 2034
3304 6889
8297 1132
7907 858
9455 5608
1702 6769
1269 6047
1824 7776
5831 6057
4340 7732
3934 1608
301 3551
8022 510
4598 5991
3846 4881
1733 1811
7245 6997
9432 4960
9871 7917
7574 5747
3894 4591
5700 4644
1278 2352
149 5869
255 5206
4281 6914
6730 7423
1957 7640
1871 657
8215 9639
4137 2819
2106 361
3192 9998
4756 8271
594 26
8922 9818
5574 1335
9437 1554
7242 1478
4122 1749
5389 7666
7278 3349
9608 7432
9513 988
2488 2791
2088 9161
4689 6503
8547 5541
1297 9808
8027 1118
9561 9153
8033 3292
6483 5033
4855 3304
3866 1392
4942 1111
8607 5859
3469 4526
658 5260
8384 6952
1066 8167
9942 6716
8465 5119
8692 3006
1884 3536
1971 2634
6718 1727
7807 9617
6341 7415
448 9886
7152 5975
3399 4078
2102 7071
2496 8108
6457 9475
3129 2055
6859 664
3829 4852
9223 4652
9042 6371
1860 2679
8446 8431
164 904
6373 6999
5094 6747
115 9557
610 2707
2799 8630
4278 182
7191 8792
8961 504
208 4470
44 3601
7255 6345
4243 719
5305 2268
3449 8051
8663 4724
3776 4825
4666 684
8686 7981
1680 6561
8326 8114
6084 193
9815 3241
5726 7060
9923 5709
1922 9232
6892 4968
942 8321
6203 9990
5692 1447
9120 2203
6143 9016
1833 9554
7095 5398
6487 8663
6254 9857
9733 4095
9663 4566
4381 3647
6251 9460
1574 8123
881 1238
2481 4936
4822 4658
4901 4769
4880 9313
6378 1853
7782 699
5431 6683
7260 4047
7405 1158
4763 5920
7762 9924
9014 5869
9185 365
8053 7840
559 8551
6889 6544
7314 7726
3172 8769
1970 5445
8436 3246
938 7484
7430 8793
804 4786
3804 7400
165 2683
7650 1469
3668 2966
9090 310
5005 9049
8842 7207
660 8310
5130 6737
8591 8521
8654 6764
2325 5730
4054 9279
9262 2402
8637 3626
7558 143
1315 6126
8148 1913
7980 5263
1992 846
7623 2017
9802 1826
2864 9210
382 5194
2211 8791
7344 7823
4258 3539
4711 7128
5263 8188
344 133
6404 7961
5358 842
7368 7406
2219 8305
9885 5597
5739 6929
9483 9701
9949 6369
8107 4513
6063 3611
2231 2248
4456 2090
8635 904
3319 9209
345 7508
919 8813
3255 8692
208 5948
429 1758
105 5928
4264 4412
7466 8094
1830 7441
5554 8027
1632 5316
7091 7653
8963 4852
4100 4155
40 6123
8571 7578
9402 4088
9179 8463
3361 1568
5007 203
7527 3935
7296 7302
9527 2710
737 4388
4737 5766
8108 1670
6256 6559
6903 5364
3982 9205
6007 1307
9535 159
6473 9504
3264 2600
1862 3734
9872 1467
7519 9903
6722 1948
7532 3925
9694 9385
4147 2893
7875 7468
9939 1628
6625 8797
1738 4010
7225 8381
6503 9832
7017 1176
1147 5836
5925 888
7153 1411
4683 9916
8774 1194
7978 6654
9330 2257
4135 4645
1724 4519
3255 2743
2210 7262
968 9482
5120 4887
2983 732
2511 9338
3896 8139
8460 1057
2169 9777
1012 9187
1207 8207
8679 1526
8893 2981
508 6108
1075 6076
4982 6139
1007 2001
5930 146
6359 661
6518 8342
9024 5413
3663 2575
5098 2655
2092 979
5863 8360
947 2384
6651 3128
1865 959
8663 6326
5111 8043
3217 4435
1533 4659
7162 4795
2339 3207
2899 6397
6398 4990
4048 830
8600 2788
1349 8473
7465 8839
6064 4112
7875 5595
3581 4475
2227 3172
6703 2157
2361 7097
789 503
5978 1699
1848 1812
6223 5727
6774 6131
9557 1429
4363 3843
3976 1527
2026 8235
9635 9662
1211 7165
49 9713
3006 5034
9652 5034
8829 4605
5847 5595
4885 3794
3577 2822
3083 1000
186 5502
99 9936
1865 1984
8698 4158
658 8943
9079 3305
5536 930
8475 9160
5428 7070
8256 7073
4956 7585
761 9353
6099 381
7474 1324
8376 2514
9853 4755
7567 1479
6956 2506
4530 8878
9458 1217
4024 1759
8892 3876
7800 3891
8954 431
4994 3123
1483 7948
3355 5218
2707 7551
857 7161
4966 2371
3209 2917
9795 6855
7598 5412
5744 7385
6614 5158
4438 8926
4497 9917
7214 4809
1924 6399
9707 5790
5259 1363
3678 6208
6169 2679
6879 9300
4965 9333
4138 7850
639 4228
1137 1023
4601 537
8133 1987
8567 7553
3312 620
8920 4503
952 7245
8065 5553
2479 5740
3381 948
3765 7547
672 3896
8172 9879
634 5494
6981 9793
8757 8802
2946 6089
7769 1211
2047 1606
3428 9598
7158 9685
8763 7109
2045 5834
3018 444
4558 4702
301 7869
7261 5834
3605 9325
7258 5247
9309 1542
3498 3052
6776 1503
6728 7382
2049 1638
7006 2169
1633 2298
7300 9368
2652 7839
5261 435
2453 8796
2695 2372
6070 1531
5967 1580
5773 4435
2158 5409
2922 7467
9819 2725
7998 975
1758 3182
5387 8541
3729 538
8556 3313
2088 2197
2468 4630
8894 8597
8300 6370
7192 804
2287 2489
3401 6119
4128 4091
585 5864
5858 8423
1158 6485
7570 377
1513 9812
354 4729
493 9315
8874 9276
1924 7549
7051 9788
2152 8252
2254 4118
7775 2904
6458 5689
5506 2887
1207 2881
6376 5316
3272 2838
6924 7471
8237 8116
698 5805
4198 6475
7484 3126
6633 4734
7454 7533
3220 1840
4087 6462
8737 6943
7126 4469
9697 6854
7211 8858
1381 9926
1309 2339
4415 1633
2361 1910
8569 1820
526 4948
7233 293
1991 538
4969 5552
8709 2023
2042 5224
9047 415
5343 2011
9015 5065
1785 4122
981 1830
1861 2603
5592 4112
7246 3600
937 827
6076 2754
13 6274
8890 6333
4678 9606
2910 2344
462 8611
1326 4171
6669 4050
7326 3292
3266 5155
7000 8926
6985 8404
665 1522
1769 7397
5699 8459
4386 3201
9286 816
8194 8659
1342 4541
791 2858
4954 2815
3205 4233
3479 7864
3493 198
6038 3930
9425 2826
8633 8322
8412 5148
4481 3104
6913 5230
400 1119
6396 7162
8430 7579
7191 9607
7000 5557
1742 9996
3066 7715
7666 6147
1804 6486
1170 424
5693 54
5328 8256
3762 8802
6442 2804
2141 2385
3770 8653
8731 537
2720 6767
6233 2971
3950 5614
7393 2365
9642 1490
6050 9939
3415 1656
3917 7634
8538 6971
486 6531
8497 9147
4002 9309
8600 9210
8281 8641
1419 3986
9961 2133
2870 2197
9920 3744
955 2139
1111 9745
3253 3717
2348 2931
4907 3610
4729 5373
7831 7228
5129 2946
284 6025
3964 8377
373 5082
8616 1780
9354 680
2016 755
5671 7080
7909 2901
5694 1924
7514 7211
4524 7843
1776 5900
6060 5680
7628 9321
3794 6204
9880 3860
2122 1442
1141 5495
5690 6300
4711 9622
5077 6885
668 1395
429 1755
8323 9243
393 8884
1335 4736
8225 1384
5333 8391
336 7937
4366 4575
4258 8710
5264 3991
6915 3826
6437 3647
1405 4465
7328 8846
9327 9450
677 8931
3307 8456
11 7275
5801 8152
4916 8250
2944 435
6335 422
756 4345
3310 331
5248 8395
7384 9247
92 7138
5502 7554
2584 5602
2616 9306
7728 804
1091 9866
441 3161
5918 8817
3340 6355
7702 8573
9753 8096
7073 9397
6834 9456
8203 8832
7252 7840
9 6182
31 6763
9135 8806
6726 5444
3537 8118
5454 4252
9904 7850
8450 2829
6710 7817
2573 2781
7241 7366
6450 2755
5163 2347
6534 6662
6179 2217
9990 7162
3404 174
5785 7174
8461 2147
9380 7760
1334 4479
3106 3886
9828 4246
5323 3057
6959 858
5861 258
5129 8832
353 9190
5985 186
4753 4106
1091 8670
985 554
2191 5167
4361 2179
4740 3791
8345 2034
9149 6056
9 9814
9140 7905
793 2399
6730 6145
5271 6653
6122 2408
1077 2211
3499 9454
4271 4000
1237 2763
1976 912
7322 8285
6552 7484
5425 7987
1502 8042
3635 4339
3295 3516
9425 3362
1472 9465
9066 9279
2298 6273
9568 9470
5144 6676
7665 2651
1048 4054
4392 291
7775 9501
3602 2970
9547 2719
1029 1530
9050 6485
6035 8037
3682 4228
2848 4773
4433 1712
5630 8747
341 3331
4641 8686
2611 3870
4936 9586
1836 6923
8649 486
4642 9847
7129 923
5672 2626
7820 7560
3560 5408
9884 3720
5449 2622
4886 1322
8197 698
349 9335
3084 9330
766 6212
6294 6997
9149 5164
4787 6590
4381 129
7897 228
5657 9583
5086 4881
491 5680
946 8594
5632 6063
7236 2159
8190 4032
9232 6
6952 8955
6148 3110
2293 6772
5565 517
1047 7187
1630 7080
5088 625
1477 9412
3459 280
4398 1165
229 5369
8715 8233
4499 8542
2745 8498
4742 9935
266 4224
3920 393
2469 5464
4973 505
6437 2254
1451 7340
7809 1877
7426 223
9438 7315
8203 4177
7985 2492
3688 6125
9449 7571
62 6624
1181 1790
1573 9017
8854 2476
9228 2060
3599 5047
6177 4148
3878 5743
2178 201
6076 9008
8062 981
9429 482
5114 783
9854 4599
5784 4810
1753 2707
1126 3443
7232 2053
8066 8668
3472 328
7829 5044
3556 264
1040 7815
6640 7363
4324 7019
9124 6679
6781 1506
8403 7286
3249 5982
7643 2234
1027 8376
7645 8689
2651 6180
5453 4859
2743 5107
1127 8194
2132 844
571 206
8440 5109
3399 6914
7401 423
9815 6406
7845 3893
922 9681
5907 675
9138 7855
5911 908
5823 4542
1693 7815
3456 7119
9394 8963
3878 3201
8797 666
2400 9692
3943 9485
1533 1963
9313 5538
7542 280
3586 8951
7895 4248
877 1256
3580 9369
5487 6579
4957 3585
2858 8722
1197 2975
7863 1163
5544 9360
5927 2647
3728 3829
192 2263
9840 5840
6315 2529
874 1251
3287 5479
7816 1049
6146 1382
3729 4924
583 2756
6688 9158
8120 79
7679 7378
9770 7015
2628 6006
2294 3422
7920 2010
6804 6239
3058 8655
3675 3260
1524 3445
6655 9952
3071 9714
4910 8134
1436 5998
2085 319
8273 710
7699 9475
2249 4435
7239 5830
5880 6952
3391 770
8909 1222
7404 4087
5463 2458
7808 2487
3992 3671
9681 6234
2154 4851
3089 6464
8948 8608
2326 6977
6014 835
9476 4703
3720 982
6168 1734
2170 3309
5340 728
6877 2908
56 9092
8687 6757
7320 9574
5589 9239
5622 6252
2529 6199
6861 6220
2071 8210
1383 9192
9637 2345
643 1927
6550 3337
1643 3559
9457 467
5347 310
5258 5452
347 7170
6632 8119
6538 2149
3198 5157
3478 8747
6911 2030
4209 7697
2243 3620
6578 701
406 4396
7823 7075
8263 2158
6210 8325
9911 3641
898 4498
5699 7078
8959 5506
8538 6220
3611 4057
7606 7810
9069 4508
2082 4962
1636 839
5746 6475
1878 8345
7871 746
9215 6274
8614 1221
7863 9343
4854 6631
2509 9892
1234 7091
3274 5166
9817 3403
9506 9270
1539 8467
4661 4857
8114 4438
7880 2672
1846 5712
7092 4898
908 2998
2489 2801
512 6007
1904 6810
9619 1168
1856 3021
8649 7672
2134 1602
1888 8175
5569 9964
6893 9301
2919 8228
3664 5217
7414 3131
3418 1340
9689 2698
2637 1850
527 4311
5507 7970
6393 5912
9431 3680
6584 3486
3319 4185
5662 6349
3253 21
8182 1266
7762 5529
520 7275
7752 1181
5705 5377
2021 7033
2027 5336
7285 5773
3560 1296
8686 3092
3968 237
4416 319
1593 5893
5047 7596
3522 9609
2582 9190
2 2412
8729 656
5794 4297
2172 9212
8629 910
6647 1590
9794 8676
9919 9119
7965 909
4635 7224
8249 9588
3120 4094
3397 4247
4538 8354
720 7284
4141 1155
3655 1508
8526 5803
1623 6395
1380 8709
6583 2148
4784 1443
7678 4372
6305 2139
3111 7758
7823 5223
391 1364
2999 6879
7390 493
3384 9016
6836 3435
7116 5375
2971 41
2443 2449
138 6516
1990 759
6811 5880
8155 4950
9528 2075
7263 9154
4167 833
5869 4336
647 4974
7183 7010
6794 8228
1428 6266
2345 8673
2863 5268
9057 947
881 6728
664 8681
6827 1377
7703 289
4621 2887
3578 145
9532 2188
7417 5851
9654 592
6971 2504
8582 4776
6641 8317
3735 3406
9154 1398
6993 9978
789 1351
2208 8154
9795 4257
3164 6889
9659 9192
3827 3001
6568 4589
6398 8783
4470 1376
1604 1092
6823 3695
2846 6951
7021 3416
8435 2994
8476 8194
3484 4494
5334 4799
4538 402
9054 3551
6353 5021
353 2050
3470 1459
9380 7458
2018 9742
7992 4773
5059 8525
6285 5133
8835 8084
7620 2796
2913 424
9482 891
1234 2317
4262 5634
3792 3510
771 1875
3514 3162
9138 2773
3524 2067
1335 5169
5847 8333
7846 3030
1497 3265
2453 1369
533 4258
4726 311
2972 7441
3732 9215
7542 9896
7714 4575
9297 8709
3971 5872
6087 2607
8065 1664
1973 5734
9748 7941
7380 5411
2043 4389
7900 241
9266 5123
2060 8080
5543 1218
5661 8222
8372 2000
5638 832
1179 2450
4480 8152
814 5155
8766 9958
632 8547
2230 9331
4442 8240
1656 8009
2318 959
1287 2841
3122 3624
4430 7425
5545 7610
6598 8763
9520 1541
8454 6482
3584 8972
5161 3593
8527 6736
8495 3097
6926 3523
4624 7063
2128 684
9233 7373
2079 6282
5098 8722
9435 8936
6747 1950
4626 1627
7316 2727
7808 2886
9303 4468
3768 5665
8219 4398
6689 3666
7238 1259
4620 3757
7616 3825
2335 203
3750 7766
4606 1078
591 7011
6645 2524
6817 2826
8058 7837
433 6208
2213 8663
9480 5397
6299 8203
4853 9793
9658 124
5913 7425
1208 6375
9674 7016
6022 2091
2457 5303
9710 3146
9712 5197
7371 2261
7169 1747
3057 2110
9776 3214
8077 1207
6452 9456
1312 2882
6821 5329
1711 3153
875 1732
612 4384
838 9113
7129 6340
3453 2321
4342 9907
9361 8720
9115 1676
779 7343
7724 9103
5545 2434
2399 528
7758 9612
4371 9854
2898 452
2214 8088
6107 381
2445 1013
1278 5755
7998 4301
6769 3910
6939 167
2077 1347
8129 9002
1895 8999
4755 3879
5852 3822
6682 1976
9748 2249
4733 6874
5203 8237
804 3849
7871 1602
2538 2591
2286 9862
577 5770
3603 1372
4184 6911
1549 2558
3413 6571
3290 1468
4775 63
9939 7076
1400 3334
4675 7765
411 2055
9772 5751
6792 8241
7205 3245
803 3162
8340 5413
298 8317
3672 8871
6856 1802
891 5537
3952 1531
3252 6176
8994 3049
6335 3797
2118 430
4000 1343
9265 6267
967 775
623 3715
6794 1940
9559 840
178 1222
8860 4627
8904 5435
3056 7459
5358 9991
6703 2667
8994 4667
5958 6637
8441 6496
5265 8978
2172 421
8203 1060
6241 5592
2412 5026
4227 2295
9046 3115
2756 7191
2899 1801
6544 6377
8816 1816
8006 3319
8566 2896
628 3738
4910 6432
7635 5113
2870 9132
6878 3653
3235 1084
2552 6304
3450 7608
4138 5070
4852 1856
2808 5261
4605 6266
4310 4118
4925 7136
3208 7162
9416 2203
2477 2569
9359 4351
7690 5041
7738 7341
4952 3059
6375 7540
6984 9002
7326 8241
3350 7520
5195 6966
3339 1659
714 135
1869 756
3179 3056
7240 1433
5311 8104
6077 1778
8544 476
6819 6556
4605 4612
7858 5169
1931 8354
7397 6647
641 4203
1971 3792
4339 2621
2353 4414
5555 739
336 3928
9769 9117
9883 4531
9914 9602
6828 1811
1092 4999
7344 3806
5215 2407
1227 3732
8904 9566
9740 6594
7416 7943
4673 380
8831 1932
5883 1862
1672 4676
1977 1037
4326 8590
5923 733
2435 6589
1115 356
514 2058
3407 9987
1183 3046
7611 6765
8575 3675
4892 3345
3671 7794
669 8458
2034 9034
6192 627
9151 7561
907 2778
5866 3483
2594 5887
8925 2947
7526 9988
11 1469
205 8319
6229 9645
4724 4079
5877 8254
1587 2556
3889 4725
4154 340
355 5247
6412 6814
2369 833
3353 2735
3011 1683
2829 2957
4061 6649
7973 337
8779 6340
7861 4831
1464 7049
3371 6403
7457 835
2972 7831
8499 7250
1806 5027
7196 7660
2311 495
2316 2419
1169 1159
259 3127
9655 8554
4310 7129
1111 4380
806 9703
843 2844
3909 7919
5568 5507
8791 3440
1029 6439
9599 651
2052 9001
7321 1505
8222 5890
1576 7438
4595 8795
1857 9709
2151 363
6569 5275
952 2444
3925 1328
6555 257
2621 3959
2875 9907
5969 8602
150 5457
5029 6165
2332 6554
8276 9545
2965 9714
7469 1137
5882 2070
4489 7780
9398 1842
4990 5520
8139 5042
4511 349
7546 1679
4187 5122
1561 2326
6094 8986
5638 3158
7453 1428
6044 2384
2092 8005
2899 7995
505 9141
7852 3756
9689 9204
4397 8576
6636 7544
2881 693
643 2624
617 8338
7840 8897
6528 4148
9575 6137
265 4270
8489 393
6230 9826
7939 1320
3087 3161
3555 6441
1402 6072
9827 6290
4743 5744
4248 219
5298 7560
7558 275
2870 8505
5617 1088
8206 7287
5661 9866
7933 3312
5235 6358
2661 7487
1520 7163
2424 2650
482 603
4026 5420
1486 383
6637 5112
6553 2255
2661 3643
632 8791
213 3158
3875 1397
691 3300
2253 7450
7819 8851
321 2484
8512 3938
613 963
988 6031
3027 7262
2606 4453
806 9703
1225 4384
1729 6395
6283 4517
3940 5563
6098 3677
2573 8082
6908 6732
9464 4441
1861 1425
905 5135
536 6348
5400 535
7908 7859
4385 1079
9651 1808
793 5492
4707 703
4247 4189
369 7099
8504 2671
7423 3341
807 4810
7318 6950
506 197
2260 890
9307 9076
478 3478
2452 412
5492 9269
3553 1085
8990 2517
2457 6923
7992 5453
7748 9653
6367 5188
4666 963
7204 4088
29 2536
5576 6632
2007 663
8036 2820
659 3354
9422 7195
918 2446
8369 5300
9588 8075
2720 5143
201 8404
6209 4764
7968 2186
2638 3416
941 4270
8029 5329
9566 2046
7299 700
9720 3815
4569 5690
2961 6855
7025 5270
3724 9867
9766 326
198 8629
8379 8923
5083 7258
5722 404
2992 5916
6359 5262
9132 784
20 7111
1420 5718
1461 7569
3567 8178
1354 5913
1591 3473
3587 9946
6429 1461
1649 7458
6835 5823
6203 1035
9085 4712
3522 3727
9339 8453
4319 8472
3204 5632
1775 5053
5452 6845
74 137
6766 9310
9258 1511
1329 6497
6563 6452
7595 9041
4184 5419
725 864
9859 5122
3834 7570
578 8871
4936 3021
3402 1750
8973 4255
3785 1655
4025 9192
7769 5020
2272 4953
7285 1903
7814 8562
8608 4037
1789 7939
7233 7108
2668 2758
1736 7559
8631 8720
3803 3146
6071 4018
824 8087
8259 7206
9629 3489
8711 4264
9942 1764
971 5093
5808 1311
7660 9078
6469 2724
1203 5066
4927 9833
4078 342
8007 1804
43 8431
9954 1854
1041 9677
5797 9117
3414 5240
7903 8047
2526 6056
6914 9385
192 5624
2066 8494
667 4267
3244 1710
4776 1470
1593 3558
5202 6111
6169 1595
2565 7628
4895 7324
3450 341
8060 8428
4428 8545
9710 9110
3985 1555
5512 9242
839 4606
5740 5434
6337 8011
9013 2037
7435 8106
4495 2399
1175 4608
3725 5167
9464 8167
5509 267
4991 1145
8363 666
1617 1359
1971 3861
9613 8728
3291 5248
1873 7810
5592 6488
6087 8160
112 4871
7739 9560
8148 5945
4172 997
5917 218
5241 5575
1469 6038
1781 9999
1155 2137
6311 6573
2367 3936
1473 6840
3332 7730
8189 2797
7898 5999
2678 940
9951 7049
7643 825
3153 9193
4835 9466
4233 6748
1498 7275
836 5959
1935 3501
5625 7751
7310 4950
7210 9821
9646 7601
812 2054
7119 8771
1522 9505
1459 2456
8897 2485
7268 7041
5505 1550
3790 7370
562 9892
5033 2445
2544 4951
128 8554
1206 4832
8089 2277
2953 3123
9660 9619
6003 1951
8158 2663
9552 7433
7283 2646
3839 9668
5749 5122
3354 3334
7377 9444
9152 6593
6388 5228
4262 444
9501 2242
1267 796
7459 5550
1997 4510
7972 8898
8885 3050
8080 5831
9083 8216
6130 643
9287 8514
3407 9388
8728 5379
2622 9064
3148 9937
5144 9904
8194 6965
5283 7629
2065 6304
6098 4475
164 769
2969 7893
2373 2422
254 2984
2061 2791
668 8327
8304 9346
3885 4796
6140 8196
1792 3411
3265 4136
529 3868
1983 555
50 6860
4613 6625
9430 4830
9994 3839
1553 3955
4614 9879
9968 1149
6973 2204
3946 4252
1977 2698
9097 2078
8899 6202
7160 6861
9199 8940
1650 8324
7175 6988
3129 7649
5797 9400
7687 2879
201 6711
2621 343
1619 8400
442 771
5006 9378
8530 3777
9374 2035
5015 2152
6704 998
9800 5372
1443 2419
5566 8914
7921 2484
9844 2263
1972 5882
4334 5091
6049 4153
1948 8318
8044 5850
9314 9610
8004 213
2996 3637
8589 8755
93 3050
8413 3249
8821 3369
1719 6266
7663 2701
4857 791
6935 9985
8764 7439
890 2490
8870 9050
8071 1841
645 6343
3903 190
4059 6940
9067 514
4273 1698
1754 5724
6793 5922
5184 7155
6902 9911
5397 5028
4954 4023
5776 2601
2888 9576
458 2234
4117 675
3553 7183
7207 606
4479 4776
8838 4236
9136 8038
5843 2121
415 4534
3540 8155
6351 1738
1238 840
1933 531
6184 7043
6750 2545
495 2802
1814 7071
321 8927
3722 7076
8696 536
1089 7922
3224 8159
9954 9014
6986 816
6026 4247
7350 1677
7940 9384
3108 6216
470 4743
8745 9067
4828 7843
9065 9023
7948 6196
3267 2649
7763 7846
9503 8100
2979 1436
5169 9219
6051 5056
1574 1820
9108 8149
8938 7979
9085 1695
8825 3002
7179 6670
7692 5702
4392 7706
933 2210
2169 491
5497 2355
5442 6434
7955 2731
7204 1945
3380 353
6931 7364
1632 489
3889 3904
210 5483
1712 7185
5844 8100
3454 8291
302 5768
8588 8172
7859 3737
6119 8038
9246 6261
2193 3305
3605 6221
4182 9404
7491 4215
4019 4428
1981 8818
2125 4810
2390 3312
1116 9278
6484 3270
2322 6623
4670 502
9301 1117
4549 6662
4665 3782
1408 5411
1542 7458
1133 5971
8755 6542
9718 3075
1953 1419
8945 651
413 7403
6876 9245
139 5161
7328 9700
7342 4510
1214 5783
8127 7893
718 9795
4332 5339
7641 1620
3036 6925
6112 2385
4684 1946
2695 3384
4778 7218
3732 4237
5245 7671
9889 7240
2129 2482
4482 5856
8209 9052
4508 360
3133 2630
294 1256
9209 251
2049 8375
937 5987
5011 9720
7054 7696
2032 7656
9550 6594
3347 4775
1912 7817
5208 6015
6183 5081
5544 8264
297 9462
8483 3121
7951 9808
9450 3576
8028 6682
1029 3921
258 8640
8376 2234
8619 8183
6626 7233
1870 3831
7562 9455
897 4223
8758 7958
3634 8973
7581 5136
84 6014
9362 8412
5106 3140
1703 5557
4875 1406
1366 2534
8575 2047
1648 5239
5076 8823
9701 3661
9135 9982
4547 3231
9281 6193
6566 6274
8008 8045
3222 6816
989 9463
4358 6790
4353 3252
6888 1479
8897 4487
8400 5756
7540 6857
6520 3013
9351 8330
2761 2532
2955 5441
6782 9009
5826 1094
3449 2636
8925 7545
2547 6413
5184 4639
8598 9435
2623 1463
479 6330
2370 3915
9172 3619
4130 6393
7457 8697
422 403
6663 929
3847 7309
8219 2640
6789 4816
3861 9760
671 8918
1751 133
9224 7952
9370 5728
8449 2226
6992 4093
648 9765
5672 4105
5389 2428
1748 5446
5646 9475
3748 9113
1136 1106
2819 5312
4885 4334
3450 6573
556 9540
2997 6398
892 3550
8067 3037
8736 3394
646 1364
9406 3101
2309 7740
1498 111
9313 2809
3681 7700
5685 1432
6174 2909
3840 4118
2287 6839
6290 975
5539 2728
2407 8346
2772 5734
6202 5795
7994 4501
6248 9011
8994 5595
1406 9936
7200 9640
3959 4399
9279 4492
9565 8129
764 9636
1772 9247
5891 5595
3243 6394
7536 4621
897 8469
3289 3948
3059 3560
2874 8242
2127 3323
103 8410
4278 4488
48 1999
6561 5497
4732 5558
2213 424
7861 5828
8706 5273
1090 3743
4727 8525
5108 9299
7126 4253
4554 8370
4307 5061
8108 4189
6949 4220
1135 6434
4211 4021
9273 5002
2964 5001
2921 9633
5670 689
416 7001
4111 996
6679 9461
7474 6722
8623 683
6518 237
9601 5401
5166 5303
8941 9394
355 5963
9767 1490
7562 8927
5269 7629
4689 4475
2112 917
4602 985
9581 7419
6186 7215
7858 4588
7753 3649
1505 6334
6702 7303
1215 9165
9581 3570
1973 5682
7065 5599
7790 1047
2566 1318
1083 9080
3708 4130
5880 5972
47 5074
5905 3420
4930 6454
4516 9966
3132 3565
963 5499
6088 4988
877 4068
2385 3833
9315 6349
5962 6741
7972 5526
9445 8747
4683 4787
910 7732
9163 9787
7640 9985
9231 6113
2851 1410
2456 6331
5429 507
175 1299
752 6009
8836 7401
4336 5653
9375 5506
5615 8320
9084 3309
4397 2665
2818 1376
9174 883
7495 1951
5015 8910
5545 8162
6165 2902
1432 2493
2289 3493
6877 3729
7203 2011
3371 2346
7063 8149
6959 2470
8446 8668
1033 3239
1591 130
121 8323
6060 7541
2520 2552
6005 6523
5199 1771
6341 9008
9070 2260
9400 1224
8663 934
96 1992
4154 4995
2012 4800
1564 3068
334 3353
7569 6633
7305 5667
9984 3114
1056 7304
8347 9626
233 5723
6637 4559
9174 1940
8369 3146
8458 6717
9243 878
1717 5949
5715 7597
7008 4427
1813 3959
1614 8505
6438 5970
487 3581
7248 9746
44 8199
6443 3196
6624 2942
4254 7981
8032 2541
4855 8690
5914 1933
3626 7536
5942 3169
7177 4366
4039 4872
9683 5905
3414 7642
1968 7550
9433 8202
7217 4127
2241 1185
151 4571
8246 4226
3092 1991
9431 2549
3385 8213
7517 6781
3821 3962
4213 6254
5982 8493
782 3850
8857 2406
660 1112
328 3664
2565 1989
2833 2926
7336 1474
1931 1017
1221 3161
6888 4036
7671 4960
8392 4695
7378 9038
1920 1683
4178 2640
4358 7766
3305 5434
251 880
439 3079
6815 6376
401 3912
5293 5901
3360 8725
1419 9591
3822 9020
8848 9336
7163 5270
3053 9075
6332 6749
1785 1467
4075 6256
9697 528
335 3433
7437 5474
5731 2763
1576 8551
1694 6427
1548 8686
3726 5897
890 5079
5288 380
1286 6515
7685 8518
9902 7955
8256 3646
5591 6884
3771 9364
7888 5001
6499 1475
4063 2103
8689 9297
7470 6811
2850 1180
1435 5784
3961 3334
7773 7171
5812 4203
8153 1455
3677 1253
8136 536
4045 3769
771 2743
5852 9615
6982 5241
8721 9034
1087 1800
2232 8529
3385 1241
8258 8937
3601 1364
7401 4614
2782 1065
9376 1649
3073 5806
6219 1248
6462 7247
6828 2720
3567 6295
9350 1027
9076 8632
6398 9156
9212 6185
8100 6056
101 7670
9472 1050
5463 8126
3646 924
4746 8924
3875 6519
6338 7425
2111 8695
8285 5250
6154 2199
5546 1355
6075 5393
4828 3982
9976 6991
7872 8855
8422 780
1039 7760
2086 7550
4788 5483
7506 5144
8987 4036
1281 2825
4875 5981
2778 6966
4506 5402
2899 6753
8622 1215
2864 449
839 7200
7275 1258
3740 3344
2034 9429
5213 6059
6602 4893
4829 1559
8550 2584
379 8602
6978 3027
790 9886
6297 3439
9945 2724
6620 4592
8246 9530
9085 1319
5946 174
6287 4004
4899 759
5984 4209
2754 1780
9382 5622
7929 3911
8634 7158
4005 7477
3613 6722
3641 486
7913 9545
4674 5818
1690 3359
8519 6573
3561 4133
727 977
7327 7179
9378 5235
9227 7495
7242 2288
5921 6248
3165 5302
4869 6358
9000 7445
7492 6077
7659 5346
2759 4870
1810 1325
6576 850
7853 7251
6517 9723
2430 753
3072 9124
9153 4767
6030 5493
7836 2827
8281 1858
7544 3709
7297 4881
1477 6901
541 885
3474 1652
6304 7656
6370 4451
8413 7259
908 8054
4578 5743
103 9842
7854 7090
2307 8926
1739 8232
5627 7250
5054 7137
5143 5809
7843 1758
3992 9193
5984 5899
4651 1370
6574 759
7033 2268
2467 6903
9576 3716
2353 8877
7885 3986
1271 6501
3383 5681
5690 1672
5992 7586
1611 2406
1385 6779
8379 3927
5492 1898
5500 2790
1338 7458
3699 1009
8943 3628
897 5269
3623 8327
5542 8859
2794 6491
5148 3514
272 7512
425 1146
9556 4587
2588 5970
626 746
2990 5148
9665 5293
9998 5038
9112 9779
1900 3592
5491 2536
7818 4786
7916 3832
4926 8586
6646 185
7278 4168
968 9815
5422 7260
3820 9785
3130 5844
8875 4389
2628 3363
3373 235
4289 7486
3030 613
9568 345
6662 354
5410 8973
1647 97
9362 8424
890 459
748 3625
1993 1266
9303 1876
3177 3380
9405 6333
3426 7187
8690 175
2497 1470
8664 2658
2084 8036
6805 3407
2729 2927
2391 8158
7601 632
9362 7868
1260 4416
568 5565
5816 9129
1497 4627
6833 1654
2106 2477
4757 3691
7342 4042
595 7649
7342 8112
6046 3104
466 4406
6613 5235
8126 4034
5356 6634
8684 3154
9071 3170
1186 2420
3177 4644
7560 1184
8999 9424
8075 9319
6045 7479
1498 8656
1858 9171
4836 9613
977 5467
3967 9905
8307 3280
8267 5262
4171 1802
1086 3440
9135 7988
2854 3141
6491 6825
40 4753
8072 5254
9917 5372
322 784
2052 1505
4956 6558
4773 2805
5495 4657
8677 8810
5850 9832
2054 1827
2520 4663
1760 4656
8290 4631
3361 2703
7835 5007
1333 9678
8015 5663
2213 9652
2346 8439
4511 3631
6464 5459
4567 7827
333 8286
3847 777
6188 5062
9142 7447
7841 5946
9526 9471
4065 6233
4511 8426
3081 4640
8550 6022
4729 7284
9115 5944
1415 9618
5709 357
1942 7741
7235 5429
2900 2078
6144 2347
5172 8169
6911 4653
2688 4440
5452 5643
5275 6623
5157 17
460 795
3206 3643
8768 1578
4993 1576
7290 8594
3600 4542
228 1896
5998 229
7906 6918
3709 9063
1289 2137
8884 6814
4922 8325
9958 1815
2022 1651
7134 6016
8554 5951
7546 4361
3869 9948
9863 3886
3138 8293
6819 2347
2453 4105
8790 9966
6841 8153
4361 6275
7388 8719
5374 6383
5715 1115
229 4498
344 4315
4799 423
1036 266
6076 5482
3856 163
7552 985
5926 9542
8883 9797
1783 5976
3803 3699
7275 2813
1929 4977
2758 8712
5543 2258
1148 6992
6899 2833
8767 4542
6311 3511
3106 4374
6050 330
4050 2780
9347 430
1664 1381
9455 6208
7966 8350
2832 8665
8532 8664
1597 1757
281 6712
1731 119
8832 5135
2655 2677
3736 3776
8930 8157
5827 2044
1211 7436
3861 341
6363 234
2625 7129
4445 121
8442 8321
4492 8816
1687 9418
9055 1397
9922 7196
6517 1242
1492 8967
2535 7004
19 5133
5134 4816
9042 3624
903 6772
5078 1703
1603 7451
980 9637
3709 6324
4112 1949
5922 157
9792 7131
5971 1396
4978 6827
1721 898
1730 9466
2783 6105
4768 387
2541 977
5328 5794
7508 2419
8072 1745
1677 7375
8755 1089
2600 2318
7081 3466
6788 3811
9108 1729
9070 5334
6819 1058
7750 4428
7154 3364
1057 514
7533 7769
1454 3325
591 927
6327 4013
4403 8343
7590 2642
1593 5435
3314 8681
651 9813
8385 3946
7076 9051
6371 6518
599 8451
6199 1327
9191 3866
7958 2899
510 7154
5691 6061
5932 124
2356 3744
9434 4012
1362 8236
5165 2088
4694 9993
7149 5717
9873 1768
6614 5561
2147 7002
7359 5271
7260 1801
7553 9783
2176 2812
6333 5076
6882 1842
5321 1251
5977 9859
5731 272
4362 4754
3045 2433
4006 5342
7701 6338
4227 8715
3085 741
8291 4184
4819 3850
9699 2705
8789 923
8886 190
6149 8033
5392 7858
1113 142
6896 5981
9889 3197
3402 6152
7127 2121
3408 2501
7985 3624
3417 391
8783 627
564 8748
6801 850
8591 1782
5375 6581
6668 3022
8808 1029
9697 2697
5262 4398
9009 7627
1567 6683
667 4760
5202 5735
7563 9178
5517 8518
4343 1601
3010 2413
3095 6834
8622 3837
1029 5650
4900 2645
4736 9734
2416 7503
448 7599
7037 627
7642 3015
6326 7808
9349 6080
6346 339
6743 7090
9710 480
8751 1482
4928 1544
8343 25
2032 351
4928 1110
5479 9189
1832 4661
9114 5555
9986 4025
9398 4218
7970 7033
5363 1666
8080 6133
8050 7055
7093 3743
7806 5436
5338 8860
2867 9900
3848 8499
7121 3306
5761 5489
2026 4550
9346 468
3675 6370
5272 486
8608 5428
9303 3635
7305 970
2209 3901
795 9347
2413 8929
1900 1381
2516 5667
8234 1228
8946 10000
4699 2683
8599 2281
6788 8023
36 4732
7224 4339
1156 6529
5358 3407
5967 9163
3173 6023
113 9821
1025 9322
4803 1295
8582 3219
1078 8523
5406 6241
901 4349
7699 1451
8442 3462
5375 4975
1994 822
3836 5834
1684 7592
9702 2365
6211 3925
6137 120
4930 8317
6235 5542
5715 9068
5806 7305
1526 5345
1780 20
7814 899
3190 9301
5312 9446
1662 5968
1570 406
3557 7561
8396 843
397 5489
3299 9485
8729 4
8950 7152
1235 8869
375 9158
4453 6025
2843 8484
3050 8931
3142 4204
2049 3090
5397 1916
7862 8047
6431 3055
8453 3881
4930 3406
8171 1624
5103 4972
2703 2496
9074 1912
5583 9598
5834 3588
8670 7943
9022 6411
4670 5242
42 7438
4927 5712
4715 9814
87 523
7591 4687
5959 8327
6706 8252
2297 2821
1433 1911
9964 7661
8643 3386
337 2820
3187 7387
5126 1478
7869 3682
5628 1617
9581 2518
8002 9516
46 2558
8432 6592
9167 7370
2602 5195
9524 1983
5559 3103
5487 3730
3707 1628
5797 7699
4878 8212
3367 9028
6270 6522
2893 8181
4471 4048
8224 937
8104 3931
4895 9178
6874 559
8147 1715
5974 5523
6910 8197
4249 8786
551 860
6644 5970
5883 7384
3338 1403
9916 6739
7627 4038
9829 1191
9787 1402
8401 4950
6787 1611
2523 7306
3310 3596
2280 5761
1298 4737
6759 8814
9743 662
7895 944
9967 5393
3240 3620
2723 6812
5290 5964
7128 1958
4185 3980
2977 6442
8040 7918
7172 3448
6948 981
1388 6702
2674 8183
9930 9093
4148 576
6370 4636
789 2752
9683 4117
7194 587
4694 8974
8955 5247
9148 5671
4712 9399
1703 7500
7087 2801
858 7586
6426 5701
2934 1390
6796 1376
8159 1043
5911 5297
5975 1356
5559 3299
7306 3058
9107 7933
6167 5197
4448 7649
5179 5598
1452 8654
1458 8025
647 5733
3281 8977
6769 9931
5186 5811
9178 9350
9151 3859
9797 6753
5804 8292
3694 9818
8246 9652
4150 7736
8232 2807
7606 9613
7268 8629
4194 2272
3330 6123
2579 8922
9880 1432
9263 491
2106 3459
7670 6618
5307 1016
5712 3586
1620 3392
9732 7339
9330 7310
2525 5572
5271 7828
1134 668
4924 1480
8552 631
215 2975
2972 8855
1614 8509
4976 9044
9995 5419
9863 5650
4206 7612
7530 8525
6786 2069
9469 3674
6907 5400
8875 958
1944 5183
2353 9786
5441 8307
8578 4101
3199 8124
842 6790
8458 663
3582 9811
6295 9747
6437 1555
7306 2780
3415 5821
8400 5377
9231 3699
5536 2006
5489 4801
8254 3373
1595 6427
8754 5590
1403 7838
9305 8575
8057 3464
506 4268
7658 6369
8127 7039
3241 1640
9461 6567
6712 7113
488 5841
1244 7374
8331 7760
4545 7383
4624 600
2325 1107
6507 1219
1975 5184
628 2172
2799 623
1287 4163
9870 5438
2886 8164
8633 7561
9037 2573
6104 525
2908 7475
7014 4853
6990 4675
2785 9729
5591 8695
9048 9464
2096 2605
5560 4540
1637 6201
2123 1553
9884 2011
6198 236
4217 8382
7876 2714
7421 7695
3874 8389
813 6414
9016 1954
4339 6478
6227 7832
621 4798
2973 2125
4934 2338
383 4135
3806 9677
5834 3809
7069 6708
2892 5542
1385 9259
6081 7667
5733 7632
2343 5832
2568 692
142 6260
7178 6679
6814 390
9334 5871
6482 5435
5621 6991
6456 1061
6598 8923
3217 4980
2945 7993
712 1480
2123 5476
2996 7966
5835 6968
8849 5686
5144 5919
6199 2243
2178 705
2501 4500
9872 2930
9967 2193
5805 5968
3004 7826
7951 4454
2822 4201
4458 5585
1627 5316
4894 7554
4880 9037
1943 3235
9369 9932
9930 4310
4262 5816
2671 6465
5277 9197
3446 8168
7406 2801
1267 7372
4509 9281
628 6585
8700 8266
7281 7155
7791 6525
2336 7439
1365 8087
4741 1321
989 8530
2257 4561
3261 7498
8537 1790
3793 992
4354 3814
4215 5697
4981 2918
7867 9562
9894 7832
6589 2788
5590 5414
7920 132
9148 6878
7105 6183
6598 9977
9475 4692
5549 1052
1416 1547
5921 1064
5290 1739
481 1484
8959 1519
2617 2941
2322 9678
4616 4542
9865 1899
7007 2688
5462 6215
988 9971
9787 9295
5234 1992
8421 2673
281 9369
2691 3041
237 7087
6917 4893
2904 6935
1821 6830
687 5798
1514 7703
5364 9014
3042 8542
5358 9820
7718 8869
2071 2995
2373 668
3467 2785
9240 3733
191 893
9454 3660
857 4240
3987 102
5356 3790
8308 2503
4027 9681
9016 4332
7949 2668
2307 1947
5298 8400
1761 8809
4457 3149
6725 7315
3644 9586
3530 6569
5476 5669
7164 7737
5253 3310
2494 4004
1650 4210
5036 1679
5578 4511
4457 338
7025 90
6500 934
2169 7089
8576 846
5500 5718
9846 4711
8838 2223
9204 2238
7381 6539
4368 700
4802 2940
8597 55
2395 5530
5558 5625
5934 2945
7337 8423
1660 2172
9089 5019
9194 4513
226 424
8177 4843
750 1625
4903 165
2645 7263
9135 4676
2607 7710
2891 9101
200 9895
9760 9806
2924 3490
340 7543
4508 7695
1077 1897
7535 1609
7001 2134
8302 2621
3338 3063
3067 1742
7301 8899
2010 5292
8074 8234
8868 9932
1934 8360
5537 9606
7361 6806
662 6986
7172 5724
2137 8621
1107 4097
9843 1059
1271 7535
3198 4035
5696 3584
6943 4408
2566 7172
6147 7827
65 2305
8141 3602
6808 2988
5037 4271
9849 233
1438 5371
4514 8118
7913 3199
3075 2523
956 2617
415 1356
5534 352
135 7924
5300 7091
6477 5466
1910 3912
2259 594
7574 1407
7988 7968
5604 7866
3930 9516
8270 1659
9276 6284
1365 443
5953 4078
4404 733
616 6095
8568 3119
5340 6655
9452 5911
6849 7621
834 2064
8774 5372
7262 3274
3457 5619
3950 8976
2600 4748
196 6657
6050 6247
374 2936
7650 3517
2148 436
1908 4382
335 1762
3409 7253
6815 6411
3654 9342
6725 9064
6521 1095
7687 6977
5762 2500
8048 616
5781 1719
8694 8100
1572 6672
1866 6897
9130 7301
2236 925
54 9948
7010 9830
1974 7943
7642 9972
1164 3288
115 6721
1244 9993
5269 5045
2519 282
64 5515
5401 9944
9339 2053
3855 2152
8274 1463
9452 1710
5936 8573
3761 1224
445 9928
2208 6759
9771 5785
1224 9346
2213 1176
6581 6103
716 9116
3816 9355
7453 4615
2816 8978
8929 9562
1026 5856
8482 9821
615 7527
4187 8416
1619 7775
2706 4785
3493 4994
7761 8678
7278 4119
3238 5162
6862 2173
2514 4646
8208 8654
4616 3262
1229 9702
3673 5719
7344 6088
3817 1117
7803 2661
9019 1206
8008 9003
7214 9143
4891 6590
4093 3852
1908 2959
2823 7676
1854 4884
3846 593
9541 8737
3054 6139
3195 1584
5692 2574
227 384
8294 5040
9261 7753
9757 3728
9746 7976
8548 2208
487 193
3820 3756
9857 5823
9463 4577
7106 8182
786 9333
3376 897
8771 2345
3372 7784
5728 5790
4824 3733
9500 8023
8120 7892
4289 9324
4498 5409
2350 3684
5673 3864
2510 7713
4432 8720
6915 7296
2337 5936
8926 771
4785 2288
3524 9401
705 6774
7592 9855
3573 8029
8012 3684
9946 427
1958 5696
9960 2465
9283 7697
6928 6390
7609 2466
6524 9564
4413 5529
8542 5871
3794 9836
2052 2285
9934 8876
706 1200
5620 2620
7811 3310
6759 765
1750 2284
7167 5569
6843 2867
9889 226
8575 2591
7770 6216
2314 9276
816 9456
2618 1708
8873 7314
3999 7805
7498 55
2649 9240
3584 9113
7065 8026
9015 7342
1092 5909
5414 4776
1727 8549
4089 6224
2374 465
7434 8804
1766 4838
6517 7713
5372 2048
2065 5131
9370 506
9423 9469
4155 2822
8598 9943
3641 233
8421 8559
2240 4582
9273 4752
1656 8342
1956 4124
2810 9998
3455 8077
1682 9179
8326 7642
6602 5312
7033 2566
7180 3101
10 1453
2115 3593
1901 8413
6469 6131
4727 9410
8471 5785
2128 845
9665 4949
449 1154
3243 3303
1281 6668
6423 9592
4334 7642
2328 1478
1748 2836
8721 2670
5339 4525
3892 3678
6385 4901
7228 8209
3640 4009
3476 2497
9837 6069
3868 4305
3459 4519
2054 8570
6584 7867
5534 9651
8990 1632
727 7285
1855 2441
1667 7610
9204 1813
2359 1671
2337 4351
1376 4251
9286 9560
5514 3670
6364 2554
8553 2904
4440 9941
4726 7269
1512 4006
6109 3671
6386 5707
665 4997
4060 4050
5421 8138
8852 7507
6592 4594
800 6965
2504 4344
7793 1262
5619 3897
8295 881
5084 4520
3572 3860
8015 4431
4009 3422
7715 7100
7069 9445
5640 5235
2299 1782
873 9195
9740 8210
4531 4246
5607 5032
3815 3756
5434 1552
4478 3391
3255 7350
3703 2792
1826 5642
2631 5134
1767 6105
2142 8900
6694 3563
9120 5275
4022 9746
6888 5382
8313 610
5812 6140
65 856
3325 4971
7135 2967
8494 4455
3930 6582
6213 8273
3445 988
2249 1325
7242 8287
4051 6154
8684 3355
5418 6716
6071 8389
2427 2171
9258 7509
3837 5622
8881 3001
2406 6937
1604 4583
6678 3895
8629 6277
3596 3294
3045 7499
9900 8456
6994 5525
22 3045
707 9021
9881 3224
2299 4645
5650 5563
4088 5625
8348 5253
2019 1373
4566 7257
9105 4417
2671 4705
1949 7403
7949 478
5535 4634
3084 3663
5156 3144
2105 9832
956 5281
2600 8887
9086 5394
7651 7984
5212 2675
3224 8815
9719 6767
9569 1678
1145 1631
6800 1565
9461 840
3242 8604
7362 4344
6747 3311
4341 9187
6702 7830
8083 6823
8870 1268
7277 8335
5291 9079
7865 9623
9228 1310
8435 5020
6296 884
9619 2593
9676 209
1101 4588
7002 4346
3026 7866
9684 5980
3833 730
224 2290
3938 5824
8041 4284
6735 7796
6710 2421
3537 4982
1225 6849
3257 1233
7470 6863
8850 9065
8129 7825
9123 252
2998 2456
638 1380
1018 6524
4328 3722
3788 5636
9183 5630
4802 4896
3089 7156
3046 9331
955 8609
5040 9863
4508 3591
4973 4324
5234 7740
5136 8975
3982 7014
1879 7709
7024 10000
8695 7862
4838 4289
3322 6039
1580 5855
4323 455
3969 2317
8194 2335
4159 6800
1413 9361
9557 7993
3381 3746
2648 9034
4360 5619
4395 8392
1985 2281
2076 6027
3746 1263
2334 8490
7564 4459
4145 6261
5105 5217
4913 4140
4228 7090
8290 7154
1666 3629
9855 6782
713 1151
531 7187
7285 3138
6656 6943
8194 8180
4116 8031
5484 3220
6087 2801
9933 4400
613 4127
8711 5794
3707 2806
8622 2923
9005 7020
2781 87
1913 3497
1245 1556
9091 9951
264 2053
721 8296
7021 3237
4888 1883
3976 9747
5945 4457
9915 1170
3940 9331
8560 3233
5861 6184
5796 4424
8568 8533
6197 1756
9322 9015
9294 3777
9016 9265
7643 9271
6244 8113
1184 3027
2699 3431
7940 9274
1992 2146
3097 1052
787 2688
6381 8995
372 1476
37 8434
7597 2164
8566 8082
3965 3441
6589 9191
7853 9665
6129 4622
5096 8882
1747 1362
8414 6334
7097 4747
6454 9456
3893 1641
8979 2514
4015 5509
3993 8692
5282 2272
8532 6827
3890 401
9153 8751
5239 9160
8584 1849
3690 312
1669 6432
6687 6
1741 5972
5081 5854
9750 856
4032 3516
9344 730
8052 6818
3328 656
9007 1471
6110 6219
9255 5893
1261 2229
5724 6440
938 7586
1784 138
3435 2801
1032 7777
9620 5725
3599 7153
2481 541
327 5801
7122 3250
6861 262
3544 9660
1789 6029
9068 5300
1196 9879
5493 5841
7679 8312
1395 901
3936 18
7756 7540
8822 1258
7596 6305
6769 3244
9610 2798
8597 4820
6241 5698
9857 2861
7576 3282
6663 8826
5369 8292
3707 5818
9844 8647
54 2445
450 8906
3683 3837
655 9801
3749 98
9543 9709
3647 8892
1476 3355
1661 6363
2115 9625
5373 4969
8569 1946
3273 1045
6833 6716
595 4153
1459 8179
8603 8065
9122 9930
8823 6567
7757 6659
2748 6810
4914 1913
9407 2153
9370 1011
5173 7209
1508 4190
9031 8501
4720 8544
5909 5596
9238 8297
9238 2792
2975 9414
7975 3945
4966 1170
562 3309
2150 4644
1816 5553
8560 8144
3774 6275
6975 7127
8410 9611
8573 9096
3312 6001
9209 923
8112 3244
309 2070
4085 3363
9411 6872
4697 571
7944 2222
4243 9155
6803 5266
7332 4336
801 7596
2675 6912
2934 3741
3416 715
1440 998
9932 6724
3848 9110
423 7376
3247 5496
8597 2787
5033 6382
5945 2970
6118 7465
5937 292
6110 7319
4590 4186
9621 8520
3389 5557
4491 2122
7446 6792
4023 2623
1502 9304
8047 7989
1480 2954
6761 6147
8524 4546
8930 9678
7953 1537
1175 1784
8401 4770
9803 8783
9116 1226
8922 9868
3655 7694
1521 258
5554 2298
6100 7549
6184 4410
3495 8210
9503 2486
4615 2701
2850 9312
7031 3467
7333 9308
8506 8056
8927 9465
52 7072
5154 2087
8436 865
1095 4369
1450 3881
4784 8998
213 4430
8105 8761
6410 2663
543 614
9663 3118
5083 5401
9600 6625
2518 2870
7586 109
9824 9199
327 1197
8398 6210
277 4789
6373 2627
7138 6311
1854 5518
8972 4517
8256 5465
6599 8768
4210 9067
8692 4776
3137 1791
8969 5805
7124 7943
5022 7777
3661 7332
4738 7711
6025 6021
5053 6857
71 573
2160 778
8751 1304
6639 7935
5687 3112
9961 2533
6581 9103
4370 7385
6755 8337
8377 4142
6043 6270
4787 2977
9689 3245
4188 304
210 2450
3436 2812
136 477
5648 9953
5920 9577
2415 5693
7657 9359
8899 6274
184 7230
1633 9214
4695 6956
1646 4995
1022 3987
3722 9860
1709 5646
307 2173
458 4122
8756 4272
9013 4714
5428 8419
9670 7626
4402 1202
6494 6256
4188 8452
1971 2772
6195 7358
5494 489
5482 7759
6406 3928
9181 5539
9671 5415
8190 9052
946 3080
1377 3196
7145 127
1779 7366
3835 4414
9216 5452
1525 8707
5787 5942
5391 1468
3060 7278
1025 4598
6576 6136
2754 8837
5403 2659
2619 939
2354 2707
5660 5471
8400 8125
9783 9755
4247 7912
6862 801
876 9986
7504 9895
4870 3922
1820 3655
655 9680
3009 8605
3011 8993
4724 9704
8887 7088
3213 8244
3216 1654
6280 5154
364 7835
2573 4148
6334 7718
4356 7442
4390 2171
9995 7032
