100
100 100 100 100 100 100 100 100 100 100 100 100 100 100 100 100 100 100 100 100 80 80 80 80 80 80 80 80 80 80 80 80 80 80 80 80 80 80 80 80 60 60 60 60 60 60 60 60 60 60 60 60 60 60 60 60 60 60 60 60 40 40 40 40 40 40 40 40 40 40 40 40 40 40 40 40 40 40 40 40 20 20 20 20 20 20 20 20 20 20 20 20 20 20 20 20 20 20 20 20 -1
100 99 99 95 94 93 93 90 86 85 82 81 81 80 80 80 79 79 79 79 79 79 78 76 76 75 75 71 71 71 70 70 70 68 68 66 65 64 64 63 63 62 61 61 61 60 59 58 58 58 57 55 54 53 52 52 51 50 50 49 41 39 39 38 37 36 35 34 34 33 33 33 33 32 30 30 30 29 27 24 22 21 21 20 20 20 19 18 17 16 15 15 15 13 12 10 10 9 1 1 -1
100 100 98 97 96 95 95 94 94 92 91 90 89 89 87 84 84 84 81 81 79 79 78 76 75 74 74 73 72 72 71 71 70 68 67 66 65 64 61 59 59 58 57 57 54 54 53 53 52 52 48 48 48 47 45 44 43 42 40 37 36 36 36 33 32 31 30 30 30 29 27 27 26 25 25 24 24 24 24 23 22 21 19 19 18 18 18 16 16 15 14 13 8 8 8 6 6 5 4 4 -1
100 99 99 98 98 97 96 95 92 90 89 89 88 83 82 79 78 77 75 73 72 71 70 69 66 66 65 64 63 61 61 61 60 59 59 59 58 58 58 57 55 54 54 54 54 53 51 49 49 49 49 48 46 44 44 39 38 37 37 37 36 36 33 33 32 32 31 30 29 27 27 24 23 23 22 22 21 21 20 18 18 17 16 14 14 14 12 11 10 10 8 7 5 3 3 3 2 1 1 1 -1
100 100 100 99 98 98 97 96 95 92 89 87 87 85 83 82 82 81 80 80 80 79 77 77 77 76 76 76 75 75 75 75 75 75 74 71 70 70 66 64 64 60 60 58 57 57 56 55 54 54 53 51 51 49 47 46 44 44 43 41 41 40 40 39 39 39 38 38 35 35 35 33 31 30 29 27 26 25 23 21 20 19 17 16 16 15 15 14 13 12 10 6 6 6 6 5 5 3 3 1 -1
100 97 97 95 95 95 94 93 92 91 91 90 90 89 89 88 87 87 87 86 85 85 84 84 82 82 80 80 79 78 77 77 77 76 74 74 74 72 67 67 67 66 66 66 65 64 62 61 60 59 57 57 55 54 54 53 49 49 45 44 44 43 43 42 42 40 39 39 39 38 37 36 35 35 34 34 30 29 29 28 28 26 25 25 25 24 23 21 17 13 11 11 9 9 9 5 5 4 1 1 -1
100 100 98 98 97 95 94 94 93 93 93 90 90 90 89 89 87 87 86 85 83 81 80 79 77 72 72 71 69 69 67 65 63 63 61 61 60 60 59 58 57 57 57 57 56 55 53 52 52 51 49 49 47 46 46 46 46 45 43 41 40 39 38 37 36 33 32 32 32 32 30 30 28 28 25 24 24 21 20 17 17 16 16 15 14 14 13 13 12 12 12 11 11 6 6 6 4 3 3 1 -1
100 100 99 99 98 96 96 94 93 93 91 91 90 90 88 87 86 85 85 85 82 82 82 78 77 77 76 75 75 73 73 68 68 67 67 67 64 64 62 62 61 60 60 56 55 54 52 52 52 50 49 47 46 43 42 42 41 41 40 39 38 37 36 36 36 36 35 34 33 29 27 26 24 23 23 23 20 19 18 17 17 17 16 16 14 13 12 11 11 11 10 8 6 5 5 4 4 3 3 1 -1
100 98 98 97 94 94 93 93 91 90 88 86 86 84 82 81 81 78 78 78 77 77 74 74 72 72 72 71 69 69 68 65 65 63 63 60 60 59 57 56 56 56 54 53 50 50 48 48 48 47 47 45 45 44 43 42 41 40 40 39 37 36 36 35 35 33 32 31 30 29 28 26 23 23 22 22 22 21 17 16 15 15 15 15 14 13 13 13 12 10 8 7 6 5 4 4 4 3 1 1 -1
100 98 98 96 96 95 95 95 95 92 91 91 89 88 88 88 87 87 85 83 82 82 82 81 80 78 77 77 75 73 72 70 69 69 67 66 66 64 64 64 62 59 58 58 57 57 56 56 56 53 52 49 47 46 45 45 44 43 41 39 38 38 38 36 35 35 35 32 31 26 23 21 20 19 19 18 17 16 16 15 15 12 12 12 11 11 11 11 9 9 9 7 7 6 4 4 3 3 1 1 -1
100 99 98 98 98 97 97 96 95 95 94 92 91 90 90 89 88 88 88 87 87 86 86 86 85 84 83 82 79 77 76 75 72 70 70 69 68 67 67 67 65 64 64 63 62 60 60 60 60 59 58 56 56 56 55 49 49 48 46 45 44 44 41 39 38 36 36 35 35 35 35 34 34 32 29 28 27 26 25 23 22 21 20 20 19 15 12 11 9 9 8 7 6 6 5 4 2 2 2 1 -1
100 99 99 98 96 95 94 93 90 87 85 85 83 82 82 81 80 80 80 79 79 78 78 78 76 76 75 75 73 72 72 72 71 71 67 66 62 57 56 55 53 53 52 50 48 46 46 45 42 40 40 39 39 38 37 36 34 34 33 33 32 32 31 30 30 30 30 29 28 27 27 25 25 24 23 22 20 20 18 17 16 15 15 14 13 13 12 9 9 8 7 6 5 5 3 3 3 3 1 1 -1
100 98 98 97 96 96 94 94 91 90 89 89 88 87 84 83 83 82 80 80 80 78 73 72 72 72 71 71 67 66 66 66 64 64 63 63 60 60 60 59 57 56 55 55 53 53 52 52 51 46 46 45 44 44 44 37 37 36 36 35 34 33 32 32 31 30 30 30 27 25 24 22 21 20 20 20 18 18 17 17 16 15 15 14 13 13 12 11 10 10 8 8 7 6 5 4 4 2 1 1 -1
100 98 96 96 96 95 95 95 93 93 90 89 89 88 87 85 84 83 81 80 79 78 78 77 77 77 76 74 73 71 71 70 70 70 69 68 68 67 67 67 66 66 66 65 63 62 62 61 57 57 56 56 54 54 52 50 50 49 42 42 40 39 38 38 38 38 30 30 28 26 26 23 22 22 21 20 20 20 20 17 17 17 16 15 15 14 14 13 13 12 12 11 8 5 4 3 3 2 2 1 -1
98 97 96 96 95 95 92 90 90 90 88 87 87 84 83 82 81 80 80 78 77 75 74 73 71 70 69 69 69 68 67 67 66 65 65 63 63 61 60 60 60 59 58 57 57 56 53 52 49 47 42 42 40 40 37 36 35 33 31 31 30 30 30 29 29 29 27 27 26 25 24 24 24 22 21 21 20 18 18 17 15 15 14 14 13 12 12 10 7 7 6 6 6 6 5 5 4 3 3 2 -1
100 99 98 94 94 94 93 93 93 91 90 89 89 86 86 86 86 84 84 82 81 81 81 79 77 76 75 74 74 73 73 72 71 71 71 70 70 68 65 64 63 63 62 62 61 60 60 60 59 59 57 55 55 51 50 50 49 49 48 45 45 43 41 39 38 38 37 35 33 33 31 31 30 29 29 28 26 26 26 25 25 24 24 24 23 22 22 20 15 14 12 8 7 6 5 5 4 3 2 2 -1
98 98 97 97 97 97 96 95 93 93 92 92 92 92 91 90 89 85 81 79 78 78 77 77 76 75 75 75 74 74 72 70 70 70 67 67 66 65 63 63 62 62 62 61 61 61 61 60 58 57 52 51 50 48 48 46 46 45 44 42 42 41 41 39 38 37 34 33 33 33 32 30 28 28 25 25 24 22 19 18 18 17 16 15 12 12 11 11 11 10 8 8 7 7 7 5 4 4 4 1 -1
99 99 97 96 95 94 93 91 90 89 89 87 87 85 84 84 84 83 82 81 80 80 79 78 78 77 76 74 73 73 73 72 71 69 68 67 66 66 66 65 61 61 60 60 60 59 58 57 57 54 53 52 50 50 49 48 47 47 46 45 44 44 41 40 40 40 40 40 37 35 34 34 31 30 30 30 26 26 25 25 25 24 24 18 17 16 16 13 12 10 10 10 10 8 8 8 7 4 2 1 -1
99 99 97 97 96 95 94 94 94 94 91 90 86 85 82 81 80 78 78 78 76 76 76 75 74 74 73 73 71 69 69 68 66 66 65 65 64 64 63 61 61 61 59 58 58 57 55 55 53 52 52 52 52 46 45 41 41 40 38 38 37 35 34 34 33 33 31 30 30 29 28 27 26 26 25 23 23 22 20 18 18 17 12 12 12 11 10 9 9 9 8 8 7 5 4 4 3 2 2 1 -1
100 99 98 98 97 94 94 91 90 90 89 89 86 86 85 84 83 83 81 81 81 75 74 73 71 71 71 69 68 67 66 66 65 62 60 60 59 55 55 54 54 53 53 53 52 52 51 48 48 47 45 45 45 45 45 44 44 44 41 40 39 39 39 38 38 37 37 37 35 34 33 31 31 30 27 27 27 25 25 24 21 19 18 16 16 16 15 14 14 13 12 12 11 11 10 10 8 6 5 5 -1
99 98 98 98 96 96 94 93 92 91 90 89 89 86 85 82 78 76 76 75 75 74 74 74 71 71 68 67 66 66 66 65 64 63 62 62 62 58 58 57 56 56 55 54 53 53 52 47 47 46 46 46 45 44 44 43 42 40 39 37 37 36 36 36 36 34 33 33 32 32 32 32 31 30 27 26 24 22 22 21 21 21 20 19 19 19 18 16 16 14 14 14 14 11 10 7 6 5 4 2 -1
100 97 97 96 95 95 95 94 94 94 93 93 92 91 90 89 88 88 87 86 86 85 85 85 82 81 81 79 79 79 76 76 75 75 73 72 72 72 70 69 67 67 67 65 65 62 62 61 61 60 57 56 56 55 54 53 53 49 49 48 47 46 45 44 40 40 39 38 38 37 37 36 35 32 31 30 27 26 25 25 23 23 23 23 22 21 21 19 18 18 16 15 13 9 8 7 7 3 1 1 -1
96 96 96 94 94 93 93 92 90 90 89 88 87 85 84 83 82 82 77 77 77 76 76 75 75 74 74 73 73 70 68 67 67 67 66 65 64 62 60 60 60 59 58 56 54 52 50 49 48 48 47 46 44 40 40 37 37 36 36 36 34 34 33 33 33 33 30 27 26 24 22 21 21 21 21 21 21 20 19 19 18 18 17 16 16 14 13 13 10 8 7 7 7 6 5 5 5 4 3 2 -1
100 100 99 97 96 96 95 95 91 88 87 87 86 86 86 86 85 84 84 84 84 80 79 78 77 75 71 71 70 70 70 68 68 66 63 63 59 58 58 57 57 54 53 53 52 51 51 51 45 44 42 40 40 39 39 37 37 36 36 35 34 33 33 31 31 31 30 30 28 28 27 27 26 26 25 23 20 19 18 18 16 15 14 13 13 12 10 8 6 6 6 5 5 4 3 3 2 2 1 1 -1
98 98 97 97 96 95 95 95 95 94 93 92 91 91 89 88 88 85 84 82 82 82 81 79 79 78 77 77 77 76 75 74 72 71 70 70 68 67 64 63 61 61 59 58 55 54 54 54 52 52 51 51 50 50 50 48 48 45 44 43 43 43 42 39 39 37 36 36 35 34 34 33 31 29 29 24 21 20 19 19 18 18 18 16 15 11 10 9 9 8 8 8 7 5 5 5 5 4 3 1 -1
100 99 98 97 97 96 94 92 90 87 85 85 84 83 83 80 80 80 78 78 75 75 71 71 68 67 66 66 65 64 63 63 61 60 59 58 56 55 52 51 51 51 49 47 47 46 46 45 45 45 45 45 44 44 44 42 41 41 40 37 36 36 36 36 34 34 31 31 30 28 27 26 24 23 23 21 21 20 20 20 19 18 15 15 15 14 13 13 11 9 8 8 7 7 6 3 2 2 1 1 -1
100 100 97 97 96 95 94 93 92 91 90 89 89 87 87 87 86 85 84 83 82 82 81 78 76 75 73 73 72 72 72 71 70 69 69 68 67 65 64 61 60 59 58 57 55 55 53 49 49 47 45 45 45 44 44 43 43 42 41 40 39 39 38 38 36 34 34 34 33 32 31 31 29 28 26 26 25 24 24 17 17 17 16 16 15 15 15 12 10 10 10 9 9 8 7 7 6 3 3 1 -1
100 100 99 99 98 97 96 91 90 85 83 81 80 80 79 76 74 73 72 71 70 70 70 70 69 69 68 68 66 66 66 65 63 62 62 61 60 60 60 58 57 56 55 54 54 54 53 53 53 53 51 51 50 49 49 48 48 46 45 45 44 43 42 38 37 37 36 35 32 32 31 29 28 28 28 28 27 27 27 27 26 24 23 21 21 17 17 16 16 16 13 13 11 10 9 8 6 6 5 3 -1
99 99 99 98 97 97 97 96 94 93 93 93 92 92 92 91 91 90 90 90 87 87 86 84 84 83 83 83 81 78 78 75 74 74 74 73 73 72 71 70 70 70 69 67 67 66 64 63 62 61 60 59 57 55 55 54 53 51 50 50 49 49 48 47 46 46 45 45 42 42 41 40 40 38 37 36 36 33 32 32 30 29 26 25 24 24 23 20 19 19 15 14 10 9 8 8 7 6 6 6 -1
99 96 96 96 94 92 92 92 91 90 89 88 85 83 81 80 78 78 78 77 76 76 75 74 74 74 74 74 74 73 72 71 64 64 64 63 63 62 60 57 57 56 54 53 50 49 48 45 44 44 43 42 42 42 40 39 38 38 37 37 36 34 33 31 30 30 28 27 27 26 25 25 24 24 23 21 21 20 19 18 16 16 15 14 13 13 12 9 9 9 8 7 6 6 5 5 4 2 1 1 -1
98 96 94 94 94 91 90 90 89 89 87 87 87 86 86 85 85 85 83 83 82 82 81 80 78 77 76 74 72 72 71 69 67 67 66 66 65 65 64 64 63 63 60 56 55 53 53 53 52 51 51 49 48 45 45 44 43 43 42 41 40 40 39 39 37 36 34 33 31 31 31 31 30 29 27 26 26 23 22 21 21 20 19 19 18 18 18 17 17 14 14 13 11 10 9 4 3 3 1 1 -1
99 97 97 95 95 93 92 91 90 89 88 88 87 86 86 86 85 85 85 85 83 83 81 80 77 76 75 75 74 73 73 70 68 68 68 67 66 64 59 58 56 54 54 53 53 53 53 53 53 51 50 48 46 45 44 44 43 43 40 40 39 38 37 35 35 35 34 33 32 29 28 28 26 25 21 21 21 20 20 20 20 19 18 18 17 16 16 11 9 9 8 7 6 5 5 4 4 3 1 1 -1
99 98 97 97 97 96 95 93 91 89 87 86 85 85 83 83 82 81 81 81 80 78 77 75 75 75 73 73 73 72 72 71 70 70 69 68 68 64 61 60 58 58 57 53 52 51 50 49 49 48 47 44 44 43 43 42 41 41 40 40 40 40 39 39 37 36 35 35 33 29 29 27 27 25 24 24 24 22 21 16 15 14 11 10 9 9 8 8 7 6 5 5 4 4 3 2 2 2 1 1 -1
100 99 98 95 95 95 94 93 93 89 88 86 86 85 83 83 82 82 81 78 75 74 73 73 72 70 68 67 67 66 65 65 65 63 63 63 63 63 62 61 61 60 59 57 56 55 54 54 54 52 49 49 48 48 47 47 46 45 45 43 42 39 39 38 38 38 37 36 35 32 31 30 30 28 27 23 23 23 22 22 20 20 19 17 16 13 13 10 8 7 7 7 6 6 6 5 4 4 4 1 -1
100 100 100 96 87 84 84 83 83 82 82 82 81 80 80 75 75 75 75 73 73 72 72 71 70 69 67 67 66 66 64 64 63 62 61 61 60 59 58 57 57 56 55 54 52 50 49 47 47 47 43 42 40 38 34 31 30 30 30 30 29 28 28 27 27 26 25 25 24 24 23 23 23 23 22 21 19 18 17 17 17 16 15 14 12 12 12 10 10 10 10 8 5 4 3 3 2 2 1 1 -1
100 99 98 98 96 96 96 93 93 93 92 91 88 88 87 86 84 83 83 80 80 79 79 78 75 74 73 73 72 71 71 71 69 69 69 67 66 65 63 63 63 62 62 61 61 60 59 58 58 58 57 57 56 55 55 54 54 54 52 52 52 51 50 49 48 47 47 44 43 43 42 41 39 39 39 38 38 37 34 33 33 29 23 22 21 20 18 18 14 9 7 6 6 5 4 4 3 3 1 1 -1
100 100 99 99 96 95 93 93 93 92 88 87 87 86 84 82 81 80 80 80 80 78 77 77 76 76 75 71 71 70 69 68 68 67 63 62 60 60 59 58 58 57 54 51 50 50 49 48 48 47 46 46 45 45 45 44 43 43 43 41 39 39 38 36 36 35 33 30 29 28 28 28 28 26 25 25 21 19 19 18 15 15 13 12 12 11 11 11 8 7 7 6 5 5 4 4 3 2 1 1 -1
100 99 99 97 94 94 94 91 90 89 89 89 89 86 86 84 84 84 83 83 81 80 80 78 78 78 77 76 76 71 70 70 69 69 69 67 65 64 63 63 62 62 62 60 59 58 57 57 55 54 52 51 51 50 49 46 45 44 43 43 41 41 40 40 40 39 37 34 33 32 31 30 29 29 28 28 26 23 22 22 21 20 20 19 19 12 11 10 10 9 8 7 6 6 6 6 5 5 3 1 -1
99 99 98 98 98 97 93 93 92 91 91 89 88 85 85 84 83 80 77 77 77 77 76 75 74 71 70 69 69 68 66 63 62 62 61 61 60 60 58 58 58 54 50 50 49 49 47 47 46 46 42 42 42 41 40 39 39 37 37 36 35 35 34 34 33 32 31 28 27 27 27 26 26 26 25 25 24 22 22 20 19 18 18 17 16 16 16 14 13 11 11 10 8 7 6 6 5 5 3 2 -1
99 97 96 96 94 92 92 91 90 89 88 87 87 87 87 86 83 82 81 80 79 78 75 74 73 73 73 73 72 72 72 71 71 70 69 69 69 68 67 66 66 63 62 61 60 60 59 59 58 57 54 52 51 51 51 49 49 47 46 45 43 43 42 42 42 41 40 40 40 40 39 38 35 35 34 33 33 31 28 25 24 23 21 21 20 20 19 19 16 16 15 14 13 13 12 9 8 3 2 2 -1
100 99 99 98 98 98 97 97 97 97 96 95 95 94 92 92 91 90 90 90 90 88 88 88 87 86 81 80 80 79 77 73 73 73 72 71 68 67 67 63 62 59 57 57 57 57 55 55 54 54 52 51 51 51 49 49 48 48 47 44 44 41 38 35 34 33 32 30 29 29 27 26 25 24 24 24 22 21 20 20 17 16 16 15 14 13 13 12 11 11 11 10 9 7 5 4 3 3 2 1 -1
100 100 100 100 99 99 98 97 96 94 92 91 91 90 87 87 87 87 83 82 79 78 78 78 76 75 73 73 73 72 72 72 71 70 69 69 66 66 65 60 60 59 59 56 55 55 55 52 51 51 50 49 48 47 47 46 46 44 43 42 41 40 39 38 38 37 36 32 31 31 31 31 30 30 30 29 29 28 25 24 23 20 15 15 14 13 13 12 11 9 8 8 8 6 3 3 2 2 1 1 -1
100 100 100 99 99 98 97 95 95 95 94 94 93 92 89 88 88 87 84 82 82 81 81 80 80 78 76 76 74 74 73 73 72 72 70 65 63 63 62 61 61 61 61 57 56 56 52 50 50 50 50 49 48 48 48 47 47 46 45 43 43 42 41 40 37 33 32 31 31 30 29 29 27 27 24 24 22 22 22 20 20 18 17 15 14 14 14 13 13 10 7 7 7 6 6 5 3 2 1 1 -1
100 99 97 97 96 96 95 95 88 87 87 85 84 84 84 84 82 82 82 81 80 79 78 78 77 77 75 74 73 73 72 71 70 69 69 65 65 64 64 62 62 62 61 61 59 59 58 58 57 57 56 55 55 55 53 51 50 49 47 47 46 45 45 44 44 44 43 43 42 42 36 35 34 34 34 32 32 32 31 31 29 25 23 22 20 19 17 16 16 15 14 14 10 9 8 7 6 5 3 2 -1
100 99 97 97 96 96 95 93 93 93 92 89 89 89 88 88 86 85 84 82 82 79 78 72 72 71 71 71 71 71 69 69 68 66 62 60 60 59 58 58 56 55 54 52 49 49 48 48 47 46 45 44 44 44 43 41 41 41 40 39 39 37 36 34 34 34 33 32 31 30 27 27 25 25 24 23 22 17 16 15 15 14 12 12 11 10 9 8 8 7 6 5 5 5 5 4 4 4 3 2 -1
99 98 97 97 95 94 91 91 91 88 88 88 85 82 82 81 79 79 79 75 75 72 71 71 71 70 70 70 69 69 68 64 63 63 63 62 61 60 60 57 56 54 54 54 54 53 53 53 52 51 51 51 50 50 49 49 47 46 44 42 42 40 39 36 36 35 34 32 31 29 27 26 26 25 25 25 23 23 21 19 18 18 15 14 11 11 10 9 8 7 7 7 7 6 6 4 4 2 1 1 -1
100 93 91 91 89 88 88 88 88 88 86 85 85 84 83 82 82 81 78 76 76 73 70 69 66 64 63 62 62 61 61 60 60 59 59 58 57 57 57 56 56 53 52 51 51 50 50 49 47 44 44 43 42 41 40 39 37 36 33 31 31 31 30 28 28 28 27 27 26 26 25 24 24 21 21 20 20 19 19 16 15 15 14 14 14 14 13 13 12 11 11 10 10 9 9 5 4 4 2 2 -1
100 98 98 97 96 96 94 93 91 90 89 89 87 87 85 83 83 82 82 81 81 81 80 76 75 71 70 70 70 67 64 63 63 63 62 62 60 60 59 58 58 58 56 56 55 55 55 55 54 52 52 52 50 48 48 48 43 43 41 40 40 39 39 39 38 38 37 35 34 33 31 31 30 29 27 27 26 24 24 21 20 20 20 20 19 19 19 17 15 14 13 13 10 10 10 10 10 9 6 3 -1
100 97 96 96 96 95 94 93 93 92 91 90 89 89 87 87 86 85 84 84 84 83 83 83 83 82 82 80 80 76 76 75 75 74 73 72 72 70 69 69 69 69 68 65 63 61 61 60 59 58 58 57 55 54 53 53 50 48 48 46 45 45 43 43 40 40 40 38 37 36 35 34 33 32 31 31 30 30 29 28 26 26 21 19 19 19 15 14 13 13 11 11 10 8 4 3 3 2 2 2 -1
99 96 96 96 95 93 90 90 89 89 89 87 87 86 86 86 85 84 84 83 82 77 77 77 76 74 73 72 71 71 70 70 69 69 68 67 67 66 66 66 66 65 64 64 63 62 61 60 60 59 59 55 54 54 47 47 47 46 46 45 44 43 43 42 41 41 40 39 38 38 37 36 36 36 36 35 33 32 32 31 30 28 24 22 17 15 15 14 13 12 11 10 7 6 6 6 2 2 2 1 -1
100 99 99 99 99 98 96 92 91 91 89 89 86 85 85 84 84 82 82 81 81 78 78 77 76 75 74 73 73 72 72 71 68 68 68 66 65 65 65 64 63 63 63 61 61 60 59 59 58 58 57 56 55 55 54 54 53 52 52 51 50 49 49 49 48 46 45 41 37 37 36 34 31 30 27 26 26 26 25 24 24 23 22 19 19 18 15 13 13 12 12 11 9 8 6 5 4 3 2 1 -1
99 97 96 96 95 93 93 93 92 90 90 88 87 87 86 85 84 83 83 82 80 79 75 75 73 73 71 70 69 69 69 68 68 68 67 67 67 66 66 65 64 63 61 61 61 60 58 55 51 49 49 47 46 46 44 43 43 42 41 40 38 38 38 37 36 36 35 33 30 29 28 28 28 27 27 26 25 24 22 21 21 19 18 18 16 16 14 13 13 12 12 12 11 10 7 5 5 5 4 3 -1
97 97 96 93 91 90 89 89 87 87 84 84 83 83 83 81 80 78 78 78 77 77 75 74 74 74 73 72 72 69 68 68 67 66 63 62 61 60 58 56 55 54 53 53 52 52 50 50 48 48 46 46 46 45 45 45 44 41 41 41 40 39 39 38 38 38 36 35 34 33 33 32 31 31 28 27 25 25 22 21 19 18 17 17 17 16 16 15 15 14 12 12 11 11 10 10 6 5 2 1 -1
100 100 99 98 97 96 95 93 92 92 88 88 87 86 85 84 82 82 81 81 81 80 78 76 75 75 74 74 73 72 69 64 63 63 61 60 58 57 55 55 54 52 52 52 51 51 51 47 46 46 45 44 43 42 42 41 41 40 37 37 36 35 35 35 33 32 31 31 31 30 29 28 28 27 27 27 25 24 22 22 20 19 18 14 13 12 12 9 9 9 6 6 6 6 5 5 4 3 3 2 -1
100 97 96 95 95 94 92 92 92 90 90 89 88 88 86 85 83 82 82 81 80 79 79 79 79 79 78 78 78 78 77 76 74 74 72 72 72 71 70 70 70 68 68 68 66 65 65 65 62 56 55 55 53 53 49 48 47 46 45 44 43 42 41 39 38 38 36 35 35 31 31 30 30 30 29 29 29 26 20 15 15 15 15 15 13 13 12 12 11 11 11 10 9 8 7 7 6 4 3 1 -1
100 98 98 98 97 97 96 94 89 89 88 87 86 86 85 84 82 82 82 81 81 78 76 76 74 69 68 67 66 66 65 64 64 62 60 60 59 58 57 57 54 54 53 53 52 49 47 46 46 46 44 43 43 42 40 40 38 36 35 35 35 31 31 30 30 27 27 27 26 26 26 26 26 25 23 22 20 20 20 20 20 19 17 16 16 16 16 16 15 15 15 12 10 9 6 6 4 4 3 2 -1
100 99 97 96 96 95 95 91 89 89 88 80 79 78 78 77 76 76 76 76 76 76 75 75 74 72 70 69 68 67 66 62 62 60 60 59 59 59 58 55 54 54 53 52 51 50 50 49 47 47 46 46 45 44 44 43 39 39 39 39 38 38 37 37 37 36 34 34 33 32 32 30 30 29 29 28 27 26 24 24 23 23 21 20 19 16 14 13 12 10 8 8 7 7 5 4 3 3 3 1 -1
100 98 97 97 97 97 96 93 92 92 92 90 90 90 86 86 85 85 84 84 83 83 82 81 81 80 75 73 72 70 70 70 70 69 69 68 67 58 54 54 54 53 53 52 52 50 50 50 48 48 48 47 47 45 44 43 43 37 37 35 35 34 32 31 30 29 28 28 28 27 25 22 20 20 20 19 16 15 14 13 12 12 11 10 10 9 9 9 8 8 7 6 5 5 5 4 3 2 1 1 -1
100 99 98 97 96 93 93 92 91 91 91 90 89 87 86 81 77 75 74 74 74 73 72 69 68 68 67 67 66 65 64 64 63 63 62 61 61 61 60 58 57 56 56 55 55 54 53 53 53 52 52 48 47 47 46 46 45 43 42 42 41 39 38 35 34 33 33 32 29 28 27 24 24 23 21 20 19 19 17 17 16 15 14 12 10 10 10 10 10 10 9 9 8 7 6 5 4 4 3 3 -1
100 99 99 98 97 97 96 96 95 95 94 93 91 91 91 90 90 86 85 84 84 81 80 80 78 77 77 76 75 73 73 72 72 72 71 70 68 68 67 66 66 66 65 65 64 63 62 60 59 58 58 57 57 55 54 54 54 52 49 48 47 46 45 45 44 41 40 38 37 35 31 31 30 28 26 26 24 24 24 23 22 22 22 21 21 17 15 15 15 12 12 11 7 7 6 5 2 2 1 1 -1
100 98 97 96 95 94 93 93 93 90 88 87 86 86 85 84 81 79 78 77 77 76 76 76 74 74 70 69 69 68 68 67 67 67 65 65 64 63 63 62 61 61 60 58 57 56 56 54 54 53 52 52 51 48 48 47 46 46 46 44 44 43 40 37 37 34 33 33 32 30 27 27 26 23 22 22 22 21 20 18 18 15 14 13 12 12 12 11 10 9 8 6 6 5 5 5 4 3 2 1 -1
100 100 95 95 94 92 92 91 90 89 89 88 87 87 85 84 84 83 83 77 70 69 65 65 64 63 63 63 63 63 62 60 60 60 60 58 55 55 54 54 54 54 54 53 50 49 49 48 44 42 41 41 40 39 39 38 38 37 33 32 31 30 30 29 29 27 26 25 25 25 25 24 24 21 20 17 17 16 14 13 12 12 12 12 11 11 11 11 9 8 8 7 5 5 4 3 3 3 2 2 -1
100 99 99 98 98 97 95 94 92 88 88 87 87 86 86 86 86 85 83 82 80 78 78 77 75 74 74 73 73 71 71 71 69 67 66 66 66 64 64 60 60 59 57 56 55 55 54 52 51 50 50 48 46 46 46 46 45 43 41 37 35 34 34 34 33 32 31 31 31 30 29 28 28 27 27 25 24 24 24 23 22 21 19 18 18 18 17 17 15 15 15 14 10 9 9 8 7 4 3 1 -1
100 100 100 100 99 98 98 98 97 97 97 97 97 96 94 93 93 93 92 92 92 91 90 87 85 84 80 79 77 76 75 74 73 72 71 71 70 67 65 64 63 62 60 60 60 56 56 56 56 55 53 52 52 49 45 45 42 41 41 41 41 40 39 39 39 37 36 35 35 34 33 32 31 31 30 27 26 25 25 24 24 22 22 21 21 21 20 19 17 15 15 14 14 13 12 12 8 5 5 5 -1
100 100 99 98 94 94 91 91 91 89 89 89 85 84 83 80 78 78 77 76 75 75 75 75 74 74 72 71 69 68 67 66 64 63 62 62 59 56 56 55 54 54 54 53 52 52 51 50 50 49 48 48 48 48 46 45 44 42 42 40 40 39 39 39 38 38 36 33 33 33 32 32 32 31 30 30 29 29 29 28 28 25 25 24 24 22 18 18 17 15 15 13 9 8 6 5 1 1 1 1 -1
100 98 98 96 94 93 93 92 92 92 92 92 91 90 89 89 89 89 88 87 86 85 83 83 82 77 77 76 75 75 74 73 72 72 71 71 70 69 69 65 64 62 62 61 61 60 58 57 57 56 55 54 53 53 52 49 48 45 44 43 42 42 41 40 39 38 37 36 35 32 31 29 29 29 27 27 27 26 25 24 23 23 19 18 18 17 17 16 15 15 15 15 13 11 10 9 9 6 3 2 -1
100 97 93 92 92 91 89 89 87 87 86 84 84 83 83 83 83 82 82 81 80 79 78 77 75 72 71 67 65 64 62 62 61 61 61 60 60 60 59 59 59 58 58 57 57 56 54 54 53 52 51 49 47 45 44 44 41 40 39 39 38 38 36 35 35 35 34 33 32 32 31 30 28 27 25 24 24 24 24 23 22 21 21 20 17 16 16 14 13 12 11 10 8 8 6 4 3 2 1 1 -1
99 98 97 97 96 95 95 94 93 93 92 92 90 89 87 84 83 83 81 80 79 79 79 77 77 74 73 73 71 71 69 67 67 67 66 66 66 64 62 62 60 59 55 54 54 54 51 51 50 49 49 49 49 48 47 47 46 44 38 33 32 32 31 31 30 30 29 29 28 28 28 27 27 24 23 22 21 20 19 18 18 16 15 13 13 13 12 12 12 10 10 8 8 5 4 3 2 2 2 1 -1
98 97 95 95 95 93 93 92 90 90 88 84 81 79 79 77 76 76 75 73 73 71 71 70 67 67 65 64 64 64 64 62 61 60 60 60 58 57 57 57 57 56 56 55 52 51 51 50 48 46 45 43 42 42 40 38 37 37 35 35 35 34 33 33 32 29 29 27 25 24 22 22 22 21 18 18 17 17 14 13 11 11 10 9 9 8 8 8 7 6 6 6 5 5 4 3 3 1 1 1 -1
100 100 99 98 96 96 95 93 93 90 89 88 87 86 84 83 82 81 78 78 77 77 77 76 76 75 75 75 74 72 70 70 69 69 67 66 65 65 64 58 57 56 55 54 53 51 51 51 51 50 50 50 48 48 48 47 46 44 43 42 41 41 41 39 38 36 34 33 31 30 28 25 24 24 21 20 20 20 20 19 19 17 17 16 16 15 14 14 14 13 13 12 9 6 5 5 4 2 2 1 -1
99 98 98 97 97 96 95 95 95 95 95 94 94 93 93 93 92 92 90 88 88 87 86 81 79 79 79 78 77 71 67 66 66 65 65 63 62 62 61 59 58 57 57 54 52 52 52 51 49 47 47 46 45 44 44 43 43 43 42 42 42 40 39 34 34 33 33 31 31 29 29 27 27 23 22 21 20 20 20 18 18 17 17 16 14 13 12 11 11 10 9 9 8 5 4 4 3 3 2 1 -1
98 98 97 96 96 95 94 94 92 91 90 90 89 88 87 87 87 86 85 85 84 84 83 83 81 81 80 76 75 75 75 70 69 69 66 65 62 62 61 60 58 56 55 53 53 52 52 52 50 49 49 48 48 47 47 46 44 43 42 41 41 40 39 38 37 37 36 35 34 32 30 29 29 26 24 23 23 23 22 21 21 20 17 16 14 13 13 12 12 12 11 11 10 9 7 5 4 3 1 1 -1
99 99 99 97 97 95 95 95 93 92 91 86 82 82 81 81 81 80 79 77 76 75 73 73 71 70 70 68 68 67 64 63 63 62 62 60 60 60 59 58 55 55 54 53 53 53 52 52 52 50 50 46 46 44 44 43 42 41 41 41 40 40 39 38 37 37 37 36 36 35 34 33 27 27 27 26 25 24 23 22 18 18 16 16 16 15 15 14 13 11 11 10 9 8 7 7 6 5 5 5 -1
100 99 98 96 96 95 95 95 94 93 92 92 91 90 90 87 85 85 85 84 84 84 82 82 81 79 78 78 74 74 73 73 73 72 72 72 71 70 69 68 67 67 66 65 63 60 59 58 58 57 56 51 50 49 49 47 47 46 43 41 41 40 40 38 36 36 35 34 32 32 32 31 30 30 29 28 27 26 23 23 22 20 20 18 17 16 15 14 13 12 12 10 9 8 6 4 3 3 2 1 -1
99 98 98 97 96 96 96 93 93 93 92 91 90 89 89 89 88 88 87 84 84 84 84 83 82 81 81 80 79 76 76 76 75 72 71 71 71 71 69 69 68 68 67 66 66 65 63 63 59 59 59 58 57 55 55 55 54 54 51 50 50 49 48 47 47 46 44 41 38 36 36 33 25 23 20 19 19 19 18 17 17 15 14 14 13 12 11 10 10 9 9 9 9 6 6 6 5 4 1 1 -1
100 98 97 96 94 94 92 89 89 89 88 87 85 80 80 80 79 79 78 78 75 72 71 70 67 66 66 62 62 59 58 58 57 54 54 53 53 52 50 50 50 50 48 47 47 47 46 46 45 45 43 43 40 39 37 37 37 36 34 33 32 31 30 29 28 25 24 24 23 22 22 21 21 21 20 20 19 18 17 16 16 15 13 12 12 11 10 8 8 6 5 4 4 4 3 3 3 2 1 1 -1
100 99 99 99 99 97 95 95 93 92 91 90 87 86 86 84 82 82 81 80 79 74 74 74 73 73 72 71 71 70 69 69 68 66 65 60 60 60 58 58 57 56 56 56 55 54 53 52 52 51 51 51 50 48 47 45 43 38 38 37 37 37 35 34 34 34 32 32 32 30 29 27 26 24 23 23 23 22 21 18 18 18 17 16 16 14 13 13 13 12 11 10 10 9 9 6 6 5 2 1 -1
99 98 98 97 97 96 96 95 95 92 90 90 89 88 87 84 83 82 81 80 80 79 79 79 77 77 77 75 75 75 75 75 75 73 72 72 72 72 69 65 65 65 64 63 62 61 61 59 59 58 55 55 54 53 52 52 51 50 50 50 47 46 44 44 43 41 40 38 38 38 36 35 33 32 28 25 24 23 21 20 19 19 15 15 14 14 14 14 12 11 9 8 8 6 6 5 4 4 3 2 -1
99 97 95 95 94 94 93 92 91 91 87 87 85 84 84 83 82 80 78 76 76 75 75 73 72 72 72 70 70 70 70 69 69 68 67 67 66 66 65 65 64 62 61 60 58 58 58 56 55 54 52 52 51 49 48 45 45 44 44 41 41 40 39 39 38 35 35 35 34 34 33 32 30 30 30 29 27 27 27 27 26 20 20 20 20 17 16 15 14 14 13 13 12 11 9 9 8 5 4 2 -1
100 97 96 96 94 94 94 93 93 92 92 91 90 88 87 87 84 83 83 83 82 82 81 81 80 80 79 79 79 77 73 73 72 71 69 69 68 68 68 67 65 64 64 60 60 59 59 57 56 56 56 54 54 54 53 53 50 48 47 47 47 46 45 44 44 39 38 38 37 36 36 35 33 30 30 28 28 28 27 27 25 25 24 23 20 20 18 18 17 16 14 11 11 11 9 6 5 5 3 2 -1
99 98 98 97 97 96 96 95 95 92 91 90 90 87 85 84 84 83 83 81 81 78 78 77 76 76 75 75 74 74 74 72 71 71 71 71 71 68 68 68 66 66 65 64 64 61 58 57 57 57 56 55 54 53 53 52 51 51 50 49 47 46 45 44 44 44 42 42 41 41 39 38 37 36 34 33 32 30 29 28 24 24 24 23 23 23 23 22 21 20 20 16 16 15 12 11 8 7 6 5 -1
99 97 95 95 94 93 92 91 89 87 86 85 84 83 81 80 77 76 76 74 73 73 73 71 69 68 68 67 65 64 63 62 61 60 60 58 58 57 56 55 54 52 51 51 49 46 46 45 45 45 43 42 40 39 38 38 38 38 34 34 33 33 32 32 31 29 28 27 27 27 27 25 24 24 24 23 22 20 20 20 18 17 17 16 16 12 12 11 8 7 6 6 6 5 3 3 3 2 2 2 -1
100 98 97 97 96 95 95 94 93 93 91 89 89 89 86 86 86 85 84 83 83 81 79 78 77 77 77 76 76 75 74 71 70 70 68 67 66 65 63 63 62 62 62 61 59 58 57 55 53 52 51 50 50 48 48 46 43 41 40 39 39 39 38 38 37 35 35 34 34 31 30 30 26 24 24 24 23 23 22 22 20 20 19 18 17 16 15 14 12 12 11 10 10 8 8 6 5 3 2 1 -1
100 98 97 95 94 92 92 90 89 84 83 83 82 81 81 80 80 80 78 77 76 76 76 74 74 74 72 72 70 70 70 69 68 64 63 63 63 62 61 61 60 60 60 59 57 55 55 55 54 54 54 50 50 50 49 48 47 44 43 42 42 38 37 36 36 34 32 31 29 29 28 27 24 24 23 22 22 22 22 21 20 19 18 18 15 9 8 7 6 6 6 5 5 3 3 2 2 2 1 1 -1
99 97 97 93 93 93 92 90 89 89 89 88 88 87 86 85 83 83 82 81 81 80 80 78 71 71 71 71 70 69 68 68 66 65 65 64 64 64 63 63 62 62 61 59 58 57 55 54 54 53 53 52 52 51 51 48 48 47 47 47 47 46 46 46 42 42 41 39 39 39 36 34 32 32 32 31 31 28 27 22 20 19 17 16 16 15 15 15 14 12 10 9 8 7 6 5 4 3 2 1 -1
99 99 99 97 97 95 93 92 89 87 86 85 84 82 79 78 77 76 76 76 74 74 74 74 74 73 73 72 71 71 71 69 68 68 67 65 64 63 63 63 62 62 62 62 59 59 59 52 50 49 48 48 48 47 47 46 46 43 41 40 39 38 37 35 35 33 31 30 30 30 29 27 27 26 26 25 24 24 23 23 23 22 20 19 19 17 13 13 11 11 10 10 9 8 6 4 4 4 3 3 -1
97 97 96 95 95 94 93 93 93 91 90 90 89 89 87 87 87 86 86 86 85 85 85 84 82 82 82 80 80 79 79 77 74 73 73 72 72 69 68 68 68 68 67 66 65 63 62 61 61 60 59 57 57 55 53 50 48 45 45 44 43 43 42 40 40 39 38 36 36 34 30 29 28 26 25 24 24 24 23 23 18 18 17 17 16 15 12 12 12 11 11 11 10 9 7 5 5 3 2 1 -1
99 97 96 95 93 92 91 91 90 90 90 88 86 86 85 85 85 84 84 83 83 82 82 80 80 78 77 75 73 70 70 69 68 67 67 65 65 65 64 63 61 60 60 60 59 58 58 58 58 58 56 54 53 53 52 51 49 49 47 47 46 45 45 45 43 43 41 41 40 39 39 38 37 37 35 30 27 27 27 25 23 22 19 18 18 13 13 11 10 10 10 8 7 7 5 3 3 2 2 1 -1
100 100 99 98 96 95 94 94 94 92 91 91 89 89 89 88 85 84 82 80 78 77 77 76 75 68 67 64 64 63 63 61 61 61 60 59 59 58 57 57 56 56 55 55 55 54 53 52 52 51 51 50 49 49 48 46 45 45 45 43 43 42 40 39 37 37 35 35 35 33 30 30 29 29 26 26 24 23 22 21 19 18 17 17 16 15 15 15 14 14 14 13 13 13 12 10 6 4 2 2 -1
97 96 96 95 94 93 92 92 92 89 89 89 88 86 85 85 85 84 81 81 80 80 79 78 77 73 72 72 71 70 69 67 65 64 64 63 63 63 62 62 61 60 58 56 54 54 51 50 49 47 46 45 44 44 42 42 41 41 40 37 36 35 35 34 34 32 32 31 31 31 30 29 27 27 26 26 26 26 26 22 21 19 19 17 16 16 16 14 14 10 9 8 7 6 6 5 5 3 1 1 -1
99 98 96 90 90 89 88 87 87 84 83 83 81 79 78 78 76 75 75 74 73 72 72 72 70 69 69 69 67 64 63 61 61 60 59 58 58 58 58 56 55 54 53 53 52 52 51 51 51 49 48 48 46 46 45 44 42 42 42 41 41 40 40 39 38 37 37 35 35 35 34 34 33 32 31 31 30 29 29 29 28 27 24 24 23 22 20 13 13 9 8 8 7 4 4 4 3 3 2 1 -1
100 98 96 94 93 90 89 88 88 87 87 86 86 85 85 85 84 82 81 79 77 76 76 72 71 71 68 68 65 63 63 61 61 59 58 58 57 57 56 55 53 52 52 52 50 48 46 46 45 44 43 43 43 39 38 38 37 35 33 30 30 30 29 29 28 28 27 24 23 23 23 22 21 21 21 20 19 19 19 18 17 16 16 15 11 10 9 9 9 7 7 6 5 5 5 4 3 2 1 1 -1
99 93 93 93 92 91 91 88 86 85 85 83 83 82 82 81 81 80 80 79 78 77 74 73 72 71 70 69 67 67 66 65 65 62 58 58 58 56 56 56 55 54 54 53 53 52 52 50 50 49 48 47 46 46 44 43 43 42 42 42 42 42 40 39 38 36 35 35 34 33 33 33 31 29 25 25 24 24 23 22 21 20 20 16 14 13 11 11 10 8 8 8 7 6 6 5 4 3 2 2 -1
100 98 98 98 97 94 93 92 92 92 90 90 90 90 90 90 88 86 85 85 84 84 84 82 82 82 78 74 74 73 72 71 71 70 68 68 64 62 60 60 60 60 59 59 59 58 58 55 55 54 53 50 49 47 46 46 45 45 45 44 44 43 41 40 40 39 38 38 38 36 35 34 34 32 31 28 27 26 25 23 21 21 21 20 20 19 19 19 19 18 18 16 11 11 9 7 6 6 6 3 -1
100 99 99 99 98 98 96 94 93 92 91 91 91 90 90 89 89 88 87 87 87 87 84 83 83 83 82 81 77 77 77 76 75 74 73 73 73 72 71 70 67 67 66 65 64 62 60 59 58 55 53 52 51 50 49 47 47 47 44 44 43 42 39 39 39 37 36 34 29 29 29 29 28 28 28 27 26 25 25 25 23 22 22 22 21 21 21 20 20 17 16 15 13 10 8 7 6 5 3 3 -1
100 99 98 95 94 94 93 93 92 91 90 89 88 88 88 87 87 85 85 84 83 82 81 81 80 79 78 77 75 75 75 74 74 74 69 69 68 67 67 67 64 63 62 62 61 60 59 58 57 55 54 53 52 51 50 47 46 44 44 43 42 42 41 39 38 35 32 32 30 29 29 28 27 26 25 24 24 23 23 20 19 16 14 12 11 10 10 9 8 7 7 6 6 5 3 3 2 2 1 1 -1
100 100 98 97 97 95 94 91 90 90 90 87 87 85 85 85 82 82 81 80 80 80 79 78 77 76 76 76 75 74 74 73 73 72 72 72 71 70 68 66 65 64 63 59 59 58 57 57 56 56 56 55 55 54 51 50 49 47 47 47 46 45 44 43 42 39 39 38 37 34 34 34 30 30 29 28 27 26 23 23 22 22 21 20 19 17 17 17 15 15 14 14 13 13 13 13 10 10 10 3 -1
99 99 99 98 97 96 96 96 93 90 90 90 89 85 85 84 80 80 80 80 80 79 79 77 76 75 75 75 74 73 71 70 69 68 67 66 66 65 62 62 62 61 61 60 60 59 58 58 57 56 55 55 53 52 52 49 48 48 45 44 44 42 42 41 41 40 40 40 38 38 37 37 37 36 35 34 33 32 32 31 30 26 26 23 23 22 21 20 18 17 16 15 15 15 12 11 9 7 6 4 -1
99 97 97 95 95 93 93 89 89 89 89 88 85 85 85 85 84 82 82 80 79 78 78 78 78 77 76 76 75 74 74 72 71 71 71 71 67 64 63 62 62 61 61 60 57 56 55 54 53 53 53 53 53 51 51 50 50 48 46 45 44 43 41 41 41 40 39 36 35 34 33 33 32 31 30 29 29 27 25 25 24 24 20 20 18 17 17 16 13 11 10 9 9 7 5 3 3 3 2 2 -1
99 98 97 96 93 91 90 88 88 86 85 84 84 83 83 82 81 78 77 77 77 76 76 76 76 73 71 71 70 70 69 69 69 68 68 67 66 65 65 64 61 60 54 50 50 49 48 47 47 46 44 42 42 41 41 40 39 30 30 29 29 28 27 26 25 25 24 23 22 21 20 20 19 19 19 19 19 18 18 18 14 13 13 11 11 10 10 9 9 9 8 7 6 6 5 4 4 4 2 1 -1
