40
100 100 97 92 90 68 67 59 46 39 35 32 21 9 -1
99 98 98 94 93 90 89 88 86 78 77 74 66 59 55 55 52 36 36 34 30 28 27 25 22 21 21 18 12 12 12 10 10 3 1 1 -1
98 96 93 83 69 69 65 61 42 38 36 29 24 19 15 14 12 10 5 4 3 3 2 -1
94 93 92 89 84 81 75 73 73 71 68 53 52 43 38 34 31 31 28 26 25 24 22 20 14 9 -1
100 93 81 81 63 61 49 48 47 45 44 38 32 29 26 25 24 22 19 11 9 8 8 -1
100 94 93 92 91 90 90 89 87 87 81 80 79 78 76 75 74 73 73 72 71 70 66 64 63 62 61 61 56 52 51 49 46 45 45 41 37 34 31 28 27 24 22 22 21 21 21 16 14 9 6 2 2 -1
98 98 93 85 70 64 61 58 52 51 45 42 39 39 27 25 20 15 13 9 3 -1
99 97 93 84 81 79 67 66 62 58 50 49 47 47 46 46 45 40 31 12 8 6 -1
100 99 97 94 94 93 93 90 87 86 83 79 78 77 73 69 69 69 67 65 63 60 60 59 59 59 56 56 53 48 48 47 44 39 37 34 32 32 30 28 24 23 22 21 21 21 20 7 6 2 1 -1
98 66 47 40 31 16 -1
99 99 97 89 87 83 81 80 79 77 72 63 63 60 59 58 55 53 52 51 49 48 47 47 46 44 43 41 40 32 29 29 25 22 21 16 13 11 11 11 8 7 5 4 3 -1
96 96 95 95 88 85 80 70 68 65 64 64 59 57 56 55 55 54 53 48 47 46 46 45 38 37 32 16 5 2 -1
97 96 94 92 92 90 89 89 88 84 82 82 80 80 79 79 78 77 76 73 70 69 68 67 66 64 64 64 63 63 58 56 53 52 51 50 49 49 48 46 46 45 41 40 40 39 39 38 37 35 34 34 29 29 28 24 24 22 19 18 17 15 14 11 11 9 7 7 5 -1
93 89 87 84 79 77 77 74 72 66 63 62 59 52 51 45 36 35 15 14 12 10 9 6 5 -1
100 100 97 97 92 91 90 90 90 88 82 81 79 78 78 74 67 65 62 62 60 60 59 58 58 55 52 49 49 47 46 45 43 43 39 36 28 27 26 25 21 18 17 16 16 14 11 6 5 4 1 -1
100 98 96 92 90 89 88 87 79 77 72 72 72 71 67 67 66 61 54 53 53 52 48 46 46 46 46 45 45 44 41 41 39 39 37 37 35 34 34 32 31 29 28 24 24 20 17 15 14 12 8 7 5 4 2 -1
98 98 97 95 94 92 88 86 83 82 81 80 72 69 68 67 66 62 62 57 56 52 49 49 48 47 43 42 38 37 33 33 32 31 28 22 20 18 14 10 8 8 5 4 -1
99 98 85 84 82 79 78 78 75 64 64 61 61 55 53 48 46 25 20 3 1 -1
99 98 93 93 90 82 81 80 78 78 78 76 74 73 72 70 66 65 64 62 61 61 61 59 57 55 53 51 49 49 46 44 44 42 41 40 39 39 37 36 34 33 33 32 30 29 28 26 26 21 20 19 18 17 17 16 13 13 12 9 4 3 2 1 -1
100 93 93 90 90 89 89 88 85 84 83 79 69 69 68 65 65 64 61 61 55 52 50 49 45 44 44 40 39 37 34 32 31 31 28 28 26 26 25 23 22 20 19 16 14 13 11 10 9 3 -1
99 98 96 95 92 91 88 85 85 83 83 81 80 80 78 75 73 72 72 71 70 69 69 65 63 62 61 60 58 58 58 50 50 44 43 43 43 41 40 38 34 34 33 29 28 28 26 26 23 23 22 21 19 17 14 14 11 10 9 6 6 5 4 -1
100 95 94 93 86 86 86 85 85 84 84 83 78 74 69 68 65 65 63 62 57 55 55 55 49 42 40 40 36 35 34 28 20 17 16 16 15 12 11 11 10 9 9 4 4 -1
97 93 90 89 87 86 81 78 75 73 68 63 60 58 57 57 53 53 52 48 46 42 32 32 27 25 16 15 14 9 7 6 4 -1
99 99 96 96 95 94 88 87 84 81 79 78 77 77 75 74 71 71 70 69 68 67 66 65 63 63 61 59 58 57 54 51 41 36 35 33 31 28 21 21 18 18 14 10 10 8 7 6 5 5 4 2 -1
99 98 97 95 93 92 91 87 86 81 80 80 78 76 75 74 74 72 70 69 66 62 61 60 58 58 58 57 56 56 54 54 53 50 49 48 45 36 35 33 31 29 26 23 17 13 3 -1
100 96 95 94 94 93 93 92 90 89 89 89 87 84 83 80 80 78 78 77 73 73 73 71 70 69 67 67 66 66 61 59 58 55 52 51 51 50 50 48 48 48 47 39 39 38 34 33 32 28 25 24 23 23 21 21 20 19 18 13 12 11 10 10 -1
100 93 93 93 91 89 85 84 84 75 70 68 64 63 60 55 54 53 49 47 47 43 42 41 35 34 34 31 30 26 25 24 23 21 19 19 19 17 16 14 9 3 3 1 -1
100 99 99 98 96 95 92 91 87 83 83 83 79 78 76 75 75 75 73 70 68 68 65 64 60 57 54 53 50 49 45 45 42 41 39 37 37 34 34 34 33 32 32 31 29 29 29 27 27 23 22 19 19 18 10 5 5 4 3 3 2 -1
100 99 98 97 97 95 93 92 90 90 86 81 79 79 73 70 69 69 68 67 67 66 63 61 61 60 58 55 53 51 47 45 43 42 40 40 39 37 32 31 29 27 24 19 19 17 16 15 12 10 8 7 6 5 5 2 2 1 1 -1
100 100 100 97 90 88 88 85 83 82 82 81 79 76 76 76 70 66 65 65 63 60 58 57 57 55 53 53 52 48 46 40 39 37 37 32 32 30 30 29 25 24 20 17 15 14 11 10 9 7 5 4 1 -1
100 98 98 97 97 96 95 94 93 92 92 92 91 90 90 87 80 79 77 74 74 74 73 70 70 68 68 67 67 66 66 64 63 62 59 57 53 52 48 44 44 32 31 31 30 30 29 28 27 26 26 25 24 22 18 15 14 13 13 10 7 7 6 2 2 1 -1
99 96 93 91 84 81 79 75 70 68 65 63 62 58 47 35 32 29 27 24 17 16 12 6 4 3 -1
97 97 97 96 96 96 96 94 94 92 91 89 86 81 79 78 77 72 68 67 66 65 64 63 62 62 59 57 55 54 53 51 47 46 44 43 43 41 38 38 37 35 31 30 23 19 18 18 17 16 15 11 10 4 3 2 -1
97 92 84 79 75 75 61 57 56 53 51 51 47 46 41 37 30 28 28 27 23 21 18 15 -1
86 75 68 50 49 25 -1
97 97 93 91 90 85 84 83 76 72 71 69 68 68 68 67 60 59 58 56 55 53 50 49 48 47 46 46 44 37 36 35 35 34 30 28 27 25 24 24 23 22 20 15 13 13 12 12 9 8 6 5 4 2 1 -1
90 90 88 84 84 83 83 82 82 80 70 64 64 62 62 58 48 43 40 37 36 36 33 30 30 30 30 26 25 18 16 15 10 9 1 -1
99 99 91 91 90 77 76 69 63 62 61 50 41 40 39 39 30 27 21 16 8 4 1 -1
99 97 95 95 89 88 88 88 87 85 83 82 78 78 77 73 73 68 58 57 56 55 54 52 52 47 46 39 34 31 29 26 26 25 24 24 24 24 23 21 21 19 18 15 15 11 11 11 3 2 -1
93 93 91 89 89 83 81 77 75 72 65 61 54 50 48 44 40 37 36 26 23 18 16 15 15 14 12 8 5 3 3 -1
