100
100 99 99 99 98 96 96 95 94 94 93 92 92 90 89 89 87 87 86 86 84 83 82 82 82 81 79 77 77 76 73 72 72 71 69 66 65 65 63 61 60 59 56 56 56 52 52 52 51 50 49 49 49 48 47 46 45 44 44 42 42 40 39 39 39 38 38 37 36 35 34 34 30 30 29 28 26 25 24 22 21 20 19 19 18 17 16 13 12 12 11 10 8 7 7 6 3 3 1 1 -1
99 95 94 92 89 87 87 85 84 84 83 83 82 82 80 79 78 77 77 77 77 76 75 75 74 74 71 70 70 68 67 66 66 64 63 63 62 60 57 52 51 50 50 50 49 48 48 46 45 45 45 45 44 42 41 41 41 40 40 39 38 35 35 32 32 30 27 26 24 24 24 23 22 22 21 20 17 16 16 14 14 14 13 13 12 10 8 8 6 6 5 4 3 2 2 2 1 1 1 1 -1
100 98 98 97 97 96 95 95 94 94 93 91 90 90 87 86 85 85 85 85 84 84 81 80 78 74 74 74 72 72 71 71 70 69 69 68 65 63 63 62 62 62 61 60 59 59 59 58 58 57 57 57 48 48 46 46 46 45 45 43 42 41 38 38 36 36 35 33 33 33 32 31 30 29 28 28 26 26 25 25 24 23 21 21 21 20 19 17 15 15 15 9 9 9 8 5 5 3 3 3 -1
100 99 99 99 98 96 95 93 92 92 90 90 89 87 85 84 84 83 82 81 78 77 76 76 76 75 75 74 72 71 71 71 70 66 66 65 65 65 61 58 56 55 52 51 50 49 49 47 47 46 44 42 39 37 36 35 34 33 32 31 30 30 30 29 29 29 28 26 24 22 22 21 21 20 20 18 17 16 15 15 13 13 12 11 9 9 9 8 8 7 6 6 5 5 5 4 3 3 1 1 -1
99 99 98 97 96 93 92 92 92 90 89 89 89 88 87 86 86 85 84 84 83 83 83 82 79 79 78 75 75 75 74 71 71 68 68 67 64 63 62 61 61 61 61 58 56 55 54 53 52 51 50 50 50 50 48 46 44 43 43 40 40 40 40 39 37 36 33 32 30 30 30 29 29 28 28 27 25 25 24 23 23 19 17 17 15 13 12 12 11 11 10 9 8 7 6 6 2 2 1 1 -1
100 99 97 97 96 94 93 92 89 89 89 88 87 86 85 84 84 83 83 82 78 76 76 76 75 75 74 74 74 72 72 70 69 69 69 68 67 65 63 62 61 60 60 59 58 58 56 56 54 53 52 52 52 51 51 50 49 48 46 44 44 42 40 40 38 36 36 36 35 32 32 30 30 28 27 27 26 24 21 21 19 18 17 17 13 13 13 12 12 12 12 11 10 8 7 7 7 6 5 5 -1
99 97 94 92 92 91 90 89 89 88 87 87 86 86 85 83 83 83 83 82 82 78 78 78 77 75 75 74 71 71 70 69 66 64 63 62 61 61 60 60 60 59 58 57 57 57 55 55 55 54 54 52 51 51 47 46 45 41 41 38 37 37 36 35 34 31 31 31 30 28 28 27 26 25 23 23 20 20 19 19 18 17 16 16 16 13 13 11 9 9 8 7 7 5 5 4 3 2 2 2 -1
100 100 99 97 96 96 95 94 93 91 91 88 87 86 84 82 81 80 79 77 77 73 73 73 72 71 70 70 69 66 66 65 65 65 62 62 60 60 59 58 57 57 54 50 50 50 49 48 48 47 46 46 45 44 43 40 40 37 32 32 31 29 28 28 27 26 25 24 23 19 16 16 16 16 16 14 14 13 13 12 11 10 9 8 8 8 7 7 5 5 4 3 3 3 2 2 2 1 1 1 -1
100 99 98 96 95 93 92 91 91 90 88 88 86 85 84 83 81 81 80 79 79 77 76 76 75 74 73 72 68 66 66 65 65 65 64 64 60 60 60 59 59 57 56 55 54 53 52 52 51 51 51 50 49 48 48 47 47 46 45 44 43 43 42 42 40 37 37 36 35 33 32 32 31 31 30 30 26 26 26 26 26 24 19 17 15 13 13 12 12 12 10 8 8 8 7 7 4 2 1 1 -1
100 98 98 97 97 94 93 92 92 91 90 89 87 83 83 83 82 81 81 78 78 78 72 72 72 70 69 68 67 67 67 66 66 65 65 64 64 63 63 62 61 61 60 60 59 58 56 52 51 51 50 49 49 48 48 44 41 39 39 38 37 36 35 35 34 33 31 30 30 28 20 20 20 19 17 16 15 15 14 14 14 14 13 12 11 10 10 9 8 7 7 6 6 5 4 3 2 2 1 1 -1
100 99 98 98 97 97 96 96 96 94 93 93 93 92 92 91 91 91 90 89 88 87 87 86 86 85 84 84 83 83 82 80 80 80 79 78 78 76 74 70 69 69 69 69 65 65 64 64 64 63 59 59 57 52 51 50 50 50 49 47 45 44 43 43 41 40 39 38 36 36 36 35 35 34 33 32 29 27 26 23 22 22 21 21 21 19 18 17 14 13 13 11 11 10 9 8 7 7 5 4 -1
98 97 96 93 92 91 90 90 90 89 89 88 87 87 86 84 84 83 83 82 82 82 81 80 78 78 76 76 72 71 70 69 68 67 66 65 64 64 64 63 62 62 61 61 56 55 55 54 53 51 50 49 48 48 47 47 46 45 45 45 43 43 42 39 39 37 36 35 35 35 34 32 32 31 31 30 25 23 23 22 20 19 18 18 18 15 14 13 13 12 10 8 4 4 3 3 3 2 2 1 -1
100 97 95 92 91 91 90 89 87 87 87 86 86 85 83 83 82 81 79 79 78 77 74 74 73 73 72 68 66 66 63 62 61 61 60 57 57 53 52 52 51 51 50 49 48 47 45 45 44 43 42 41 39 39 37 37 36 36 34 33 31 29 29 28 27 27 27 26 26 26 25 23 23 23 22 22 21 20 20 20 19 18 17 15 15 14 12 12 11 11 9 8 7 6 6 5 5 5 4 1 -1
100 96 95 95 94 93 93 93 92 91 91 90 88 88 88 87 84 83 83 82 81 80 80 78 73 69 69 67 66 66 65 65 64 64 63 62 62 62 60 58 58 57 57 57 57 56 56 55 54 53 53 51 50 47 46 44 44 44 43 42 41 41 38 38 37 37 36 35 34 32 32 28 28 27 25 23 23 23 23 23 21 20 17 17 15 14 14 14 12 12 8 7 7 7 6 6 5 4 2 1 -1
100 99 99 99 98 98 97 96 93 93 92 88 87 87 85 84 83 83 81 80 79 79 77 77 76 76 74 73 71 67 66 66 65 64 62 60 59 58 57 56 56 52 51 51 48 48 48 47 46 45 43 43 42 42 40 39 39 37 33 33 31 31 27 27 26 26 26 26 25 24 23 22 22 22 21 21 20 20 20 19 19 16 14 12 11 8 7 7 7 7 7 7 6 5 4 4 3 3 2 1 -1
100 98 96 94 93 93 92 91 91 91 90 89 89 88 88 87 86 85 85 85 82 81 81 79 79 78 77 76 73 73 72 71 71 70 69 67 66 62 61 61 61 59 58 58 57 56 55 55 53 53 51 50 50 50 49 47 47 46 45 45 44 44 43 43 42 41 40 40 39 39 39 36 34 33 33 33 30 27 27 25 25 24 20 20 19 18 18 17 16 11 10 9 5 4 4 4 3 3 1 1 -1
100 100 98 91 90 90 89 84 84 84 83 83 82 81 81 81 81 80 80 80 77 77 76 76 75 74 74 73 73 72 71 71 70 69 67 67 67 66 65 64 64 64 64 64 62 61 61 60 58 58 57 57 56 54 51 51 50 49 49 49 48 46 45 45 41 41 40 40 39 37 35 35 35 34 32 31 29 28 27 27 26 25 25 24 24 23 23 20 20 17 15 15 14 12 10 10 10 9 5 2 -1
100 99 94 94 93 93 92 89 88 88 87 86 82 82 80 80 80 75 73 73 72 71 69 69 68 68 67 66 65 64 64 63 62 61 61 61 60 60 60 59 57 57 57 55 55 53 53 53 51 50 50 48 48 47 46 46 43 42 42 41 40 39 38 36 36 35 35 33 33 30 28 28 26 25 24 24 23 21 21 21 19 19 18 17 17 16 14 14 13 11 10 9 7 6 4 4 3 2 1 1 -1
99 98 97 93 91 91 89 89 89 89 88 86 86 86 84 84 83 83 83 81 80 78 77 77 76 76 75 75 74 74 71 69 69 68 67 67 66 65 64 63 61 61 60 60 58 57 56 54 54 52 51 50 48 47 47 40 40 38 36 36 35 35 34 34 33 33 30 30 30 29 29 29 29 28 27 27 25 25 22 20 20 19 17 17 17 16 16 15 13 13 12 9 7 6 5 4 2 2 1 1 -1
99 99 97 96 95 95 95 94 89 88 88 86 85 84 81 79 78 78 78 76 76 76 76 75 75 75 75 73 73 65 65 64 64 63 62 62 61 60 60 56 56 55 55 52 51 51 49 48 45 43 42 42 40 40 39 38 38 38 34 34 33 32 32 31 30 30 29 29 27 26 25 25 25 22 22 22 20 19 18 17 16 16 16 16 14 13 11 11 10 10 10 9 9 7 5 4 3 3 2 1 -1
98 95 95 94 93 93 92 92 91 88 84 84 84 84 81 79 78 76 75 74 72 71 67 66 66 65 63 63 62 62 61 58 58 57 55 53 53 53 52 51 50 49 49 49 48 48 46 44 43 42 41 41 40 40 40 39 39 36 34 33 33 33 32 32 32 32 30 30 28 26 26 26 25 22 21 21 19 19 18 18 17 16 15 13 12 11 11 10 10 9 9 8 6 6 6 4 2 2 1 1 -1
100 99 99 98 96 96 95 94 94 93 89 89 89 87 86 83 83 83 83 83 82 81 77 75 73 72 71 71 71 70 70 69 69 69 66 66 64 61 57 55 54 53 53 52 50 48 48 47 45 44 43 43 42 42 42 42 42 41 41 40 38 38 34 31 30 30 29 29 28 25 24 24 23 23 23 20 19 18 18 17 17 17 17 16 16 15 15 13 13 12 11 11 10 9 7 7 6 6 3 1 -1
100 99 99 98 97 97 97 96 95 93 93 91 91 91 90 90 89 88 87 87 86 83 82 81 75 74 73 72 71 70 69 67 67 67 66 66 65 65 64 61 61 59 59 56 56 56 55 55 53 52 48 48 47 45 45 44 44 42 40 39 39 36 36 36 35 35 35 34 32 29 29 27 26 26 24 24 23 23 21 21 17 16 16 16 16 14 12 12 11 10 9 7 6 6 5 4 3 3 2 2 -1
100 99 99 97 97 97 97 96 95 93 92 92 92 91 90 88 88 88 88 88 86 85 85 81 80 79 79 78 77 77 70 70 69 66 66 66 64 61 60 59 57 56 56 55 53 53 52 49 46 45 43 43 43 42 41 41 40 40 39 38 38 38 38 37 36 35 33 32 31 30 29 28 27 26 26 26 25 23 23 23 21 21 20 17 16 15 15 15 14 13 12 12 10 10 9 9 8 6 5 3 -1
100 98 98 98 97 97 96 96 96 95 95 95 92 91 91 87 87 87 87 86 84 81 80 79 77 77 76 74 74 74 69 68 68 67 66 65 63 60 60 59 57 55 54 54 54 53 53 49 49 49 48 48 48 46 44 42 42 39 36 36 36 35 32 32 30 29 29 26 23 23 22 22 21 21 21 20 19 19 19 18 17 17 16 16 16 16 15 15 15 12 11 9 8 7 7 6 6 2 1 1 -1
100 100 100 95 95 95 94 93 93 92 89 88 88 87 86 86 84 83 82 81 81 80 76 76 75 75 73 70 69 66 66 66 65 64 63 63 62 62 60 59 58 58 58 57 54 54 52 51 51 49 49 46 46 46 45 43 40 39 39 39 39 37 36 36 36 35 34 34 34 33 33 32 31 30 29 29 29 29 25 25 24 24 22 21 19 15 13 13 13 13 11 11 10 7 6 5 5 5 3 2 -1
100 99 97 96 92 91 91 91 89 88 88 86 85 84 82 80 79 79 77 77 75 73 73 71 71 71 70 69 69 68 68 68 67 67 66 66 65 65 64 63 62 62 62 61 61 60 59 58 58 58 57 54 54 51 49 48 48 48 48 48 46 45 44 43 42 41 41 40 39 39 38 38 38 37 36 32 31 30 29 27 26 25 24 21 20 20 15 14 14 13 12 11 9 8 7 5 4 4 2 2 -1
99 98 97 97 96 94 94 94 93 92 91 88 88 84 82 82 81 81 81 81 81 80 80 80 80 79 78 77 76 74 72 71 65 64 63 63 61 60 56 55 55 54 54 54 54 54 54 53 52 52 51 51 50 50 48 48 47 44 43 43 41 40 39 37 36 36 35 35 34 33 33 31 30 29 28 27 26 25 23 23 21 21 21 20 18 15 15 15 13 11 9 9 8 8 6 6 6 5 3 3 -1
98 97 96 93 92 90 89 89 87 87 87 85 81 79 79 77 77 77 77 75 75 73 70 70 70 69 67 67 65 64 64 63 63 61 61 58 58 56 56 56 55 55 55 54 51 50 49 48 47 47 47 47 47 46 46 44 41 40 39 39 38 37 35 35 34 33 32 32 32 31 31 31 28 26 26 26 24 24 22 22 19 19 18 18 18 16 14 13 13 13 10 9 8 7 5 4 3 3 3 3 -1
100 96 96 96 95 92 90 90 89 88 88 86 85 85 83 83 82 82 81 80 80 77 76 75 74 73 73 70 70 70 69 68 67 66 64 63 63 62 61 61 61 59 59 59 59 58 58 58 55 55 55 54 53 50 50 49 48 47 46 41 41 38 38 37 37 36 36 36 35 35 33 32 31 31 30 29 27 26 25 23 22 21 21 21 19 19 18 15 15 14 13 11 9 7 6 6 3 3 2 1 -1
100 100 100 100 99 97 97 97 97 95 92 92 91 89 89 87 86 86 84 83 83 82 81 80 78 78 77 76 76 75 74 74 73 70 70 69 69 69 68 64 63 63 61 61 61 61 57 57 56 55 53 53 51 50 50 48 47 47 46 44 42 42 42 41 41 37 36 35 32 32 32 31 28 25 24 23 23 22 22 21 21 20 18 17 17 16 16 12 12 11 11 9 7 5 4 3 2 2 1 1 -1
100 99 99 96 95 93 92 91 90 89 89 89 88 86 86 85 84 79 78 78 77 76 76 76 75 71 71 71 71 71 70 70 69 68 67 64 64 63 62 62 59 59 58 58 58 56 55 55 54 54 52 52 52 51 51 50 47 47 46 46 44 43 42 41 41 40 36 34 34 29 29 28 27 26 26 25 23 20 20 20 20 19 19 19 17 17 17 16 16 14 12 8 7 7 6 6 4 4 3 1 -1
100 100 100 98 98 96 95 94 94 93 92 91 90 89 88 87 87 86 85 84 84 82 81 81 81 81 79 77 77 76 73 71 69 68 67 64 63 60 57 56 55 55 53 52 51 51 49 48 48 48 45 44 43 43 42 41 41 40 39 39 38 37 37 36 34 31 30 29 29 28 27 25 25 25 21 21 19 17 17 15 14 14 13 12 12 12 11 10 9 8 6 5 5 3 2 2 1 1 1 1 -1
99 97 95 94 93 92 91 89 88 88 87 84 84 82 80 79 79 76 76 75 73 72 71 71 71 68 68 68 67 65 62 61 59 59 59 58 57 57 56 55 55 55 55 54 52 52 49 49 48 47 45 45 44 44 44 43 42 42 40 39 38 34 33 33 32 32 31 30 28 27 27 26 23 21 21 21 19 17 17 16 15 15 14 14 13 13 13 12 11 10 10 9 9 7 7 7 4 4 1 1 -1
100 99 99 99 98 96 95 94 93 93 91 91 90 89 89 87 85 85 84 81 79 77 76 76 76 72 71 71 69 69 68 67 66 63 62 61 61 60 59 58 57 56 55 53 53 53 53 51 51 51 50 48 41 40 40 40 38 37 37 37 36 36 36 35 34 34 32 32 32 30 29 29 29 28 27 26 25 24 23 23 22 22 21 19 19 18 17 15 14 13 13 11 7 6 5 4 3 2 2 2 -1
99 99 97 95 94 93 92 91 91 90 88 88 87 87 86 84 83 82 75 75 75 73 72 71 70 70 70 70 70 69 67 66 65 65 64 58 57 57 56 56 55 54 54 53 52 51 51 51 51 49 49 48 48 43 43 43 41 41 40 40 39 34 34 34 33 33 29 28 28 24 24 23 23 23 18 18 17 16 16 16 16 15 15 14 13 10 10 9 9 9 7 5 5 4 4 3 2 1 1 1 -1
100 98 97 97 97 96 95 94 94 93 93 92 92 91 91 91 90 89 87 87 86 86 85 83 82 82 82 82 81 76 76 76 75 74 73 73 73 72 69 68 68 67 65 64 64 60 60 60 59 59 58 58 57 56 56 56 55 55 53 51 50 45 45 44 43 41 39 35 34 33 32 31 30 29 29 28 27 26 26 25 25 24 24 23 22 22 21 19 17 14 14 12 10 8 4 4 3 2 2 1 -1
100 99 97 95 95 95 94 93 93 89 89 88 87 85 83 82 82 82 80 79 78 78 78 77 75 74 72 71 71 71 70 69 69 69 68 68 67 59 59 58 58 56 55 55 55 54 53 53 51 50 47 47 46 45 44 42 40 40 39 39 39 39 37 37 35 35 32 32 31 30 30 30 29 29 28 27 27 26 26 24 24 23 22 21 20 20 16 15 13 13 10 7 7 5 5 4 3 2 2 1 -1
99 97 95 95 95 94 92 90 89 88 88 86 86 83 83 81 80 80 78 78 76 74 73 71 71 70 70 69 69 69 67 64 63 63 61 59 58 58 57 55 53 52 51 50 50 50 48 48 48 46 44 43 43 42 41 41 41 41 41 40 39 39 38 38 38 38 35 35 33 33 32 32 31 31 31 24 23 21 20 19 18 18 18 16 14 14 14 13 11 10 9 9 8 7 6 6 5 4 2 1 -1
98 97 97 94 93 93 91 91 90 87 86 85 84 84 83 83 82 82 82 81 80 79 79 78 78 77 77 77 76 75 75 74 74 73 68 68 68 67 67 67 65 65 65 65 61 61 57 54 54 52 52 50 50 47 46 44 44 44 41 41 41 40 38 38 36 35 33 33 31 30 30 29 29 28 28 27 27 26 25 24 24 23 23 21 21 21 19 16 15 14 13 13 11 11 8 6 3 2 2 1 -1
97 96 95 95 95 95 95 94 92 91 90 90 87 87 85 85 85 84 83 83 82 82 77 76 75 75 75 73 72 72 71 69 67 66 62 62 61 59 58 58 58 58 58 58 57 55 55 48 45 43 43 41 41 41 40 40 38 37 36 35 34 34 34 31 31 28 28 27 26 26 25 25 24 23 22 21 19 17 17 15 15 14 14 14 13 12 12 11 10 10 9 8 8 6 5 5 5 4 3 1 -1
99 98 97 96 96 94 93 92 92 90 89 89 88 84 83 82 79 79 79 79 77 75 75 73 72 72 71 71 70 70 69 68 68 67 67 64 62 62 61 60 58 57 55 55 54 53 53 52 52 52 51 51 45 43 42 38 38 37 36 34 33 33 32 32 31 31 31 30 29 28 27 26 25 24 23 22 21 20 19 18 17 16 15 14 14 13 11 11 10 8 8 8 8 5 5 4 3 2 1 1 -1
98 98 94 94 91 89 86 85 85 84 83 82 81 81 80 80 80 78 78 77 76 75 74 74 73 73 71 70 70 69 69 68 68 68 68 66 64 64 62 59 58 56 54 52 52 50 50 48 47 46 46 45 44 42 41 40 38 36 31 29 28 27 25 25 24 24 23 22 21 21 20 18 17 17 16 16 16 16 16 15 15 15 15 13 13 12 11 10 10 9 9 9 8 7 7 5 4 3 2 1 -1
100 99 99 98 95 95 94 92 91 90 90 89 87 87 87 86 85 85 83 81 78 76 74 72 71 71 69 69 68 66 66 64 63 63 62 62 61 58 58 56 55 55 55 54 54 53 51 51 51 51 50 49 49 49 48 48 48 48 46 45 42 40 40 39 38 38 38 37 36 35 32 31 31 31 30 30 29 28 28 28 26 24 20 19 19 18 15 14 14 12 12 12 10 9 7 6 4 3 1 1 -1
100 98 97 95 94 93 93 92 90 90 86 85 85 84 83 82 81 80 80 79 78 78 78 76 74 72 71 71 71 71 68 68 68 67 66 66 66 66 65 65 65 64 63 60 60 60 59 58 56 54 54 53 49 49 49 49 47 46 45 45 44 44 43 42 42 41 41 40 36 36 34 33 33 33 31 31 28 27 26 25 23 23 23 20 19 17 17 16 15 12 10 10 10 9 9 7 6 5 4 2 -1
99 99 98 98 97 96 96 95 94 94 92 92 90 90 89 88 87 85 85 84 83 83 82 77 76 74 73 73 72 71 71 71 69 68 67 67 66 66 66 65 64 64 63 63 61 61 61 60 60 60 59 52 52 50 49 47 46 45 44 44 44 43 40 39 39 37 37 37 36 34 34 33 33 30 29 27 27 25 25 23 20 19 17 16 16 13 12 12 12 12 11 11 10 9 7 6 4 3 3 2 -1
100 99 98 97 96 94 93 90 90 90 88 87 86 86 84 83 82 82 82 80 79 79 78 78 77 77 75 75 74 74 73 73 71 70 70 67 67 67 66 64 62 61 59 59 59 57 56 52 51 50 50 49 47 47 45 42 42 42 40 40 40 40 38 37 35 35 34 34 30 25 24 24 24 22 22 20 20 19 16 14 14 13 12 12 11 8 8 7 6 6 6 5 4 3 3 2 2 1 1 1 -1
100 100 100 99 99 99 96 95 94 94 91 89 88 87 84 83 82 82 81 79 79 78 76 75 74 73 73 72 71 70 69 67 66 66 65 64 64 64 60 59 58 58 57 57 55 55 55 54 53 53 52 50 50 47 46 46 43 43 42 40 40 40 40 40 36 35 34 34 33 32 32 29 28 27 26 26 24 23 23 22 21 20 18 15 15 15 14 14 13 13 13 12 10 8 8 6 4 2 2 1 -1
99 99 98 95 94 93 93 88 87 87 86 86 84 82 81 80 79 79 79 76 76 75 75 72 71 67 65 63 62 62 60 59 59 57 56 56 54 54 53 53 51 51 51 48 48 47 45 43 43 43 42 41 41 40 40 39 39 38 37 36 35 34 34 32 31 30 30 29 29 28 28 28 27 25 23 22 22 21 20 19 19 17 17 16 16 15 13 13 11 10 10 9 8 8 7 7 7 6 6 6 -1
100 97 95 94 94 93 91 91 90 89 86 84 82 81 81 80 80 80 79 78 77 77 76 74 72 69 69 68 68 65 64 62 62 61 60 58 58 58 57 56 56 56 55 54 51 51 51 50 50 50 47 46 45 44 43 43 42 41 40 40 39 38 38 37 34 34 34 31 30 29 29 29 27 26 24 23 22 21 21 20 20 20 19 18 17 17 14 13 13 12 12 11 9 9 8 7 7 4 4 2 -1
99 97 94 94 91 91 91 90 90 90 90 87 86 85 84 83 83 82 80 78 76 76 76 76 75 75 73 73 73 73 71 69 68 65 65 62 62 60 58 56 55 53 53 51 51 48 46 46 46 45 42 42 41 40 38 38 38 36 36 36 35 35 34 33 32 31 30 26 25 25 24 24 23 23 23 22 22 21 19 19 18 18 18 16 15 12 11 11 10 9 9 8 8 7 7 6 5 3 2 2 -1
100 99 98 98 96 95 94 93 90 90 89 88 87 86 85 84 84 83 83 82 82 82 81 79 79 78 76 75 73 72 71 71 70 69 68 67 66 65 65 64 63 63 62 62 61 58 57 57 56 55 55 55 54 54 53 51 50 49 48 47 44 43 43 42 41 36 36 34 34 34 32 31 31 31 30 30 29 28 26 26 26 25 23 20 19 18 17 15 15 13 12 10 9 7 7 6 6 5 5 2 -1
100 100 99 98 96 96 94 94 94 94 93 93 92 91 90 90 87 84 84 83 82 82 80 80 78 76 73 73 72 70 69 66 65 64 62 61 61 60 60 60 59 58 57 56 52 51 50 49 49 49 48 45 44 41 41 40 40 37 37 37 36 36 34 33 33 32 31 31 30 29 29 28 27 26 26 26 24 24 23 23 23 22 21 20 19 18 14 14 11 10 10 9 6 6 5 3 3 2 1 1 -1
99 99 96 95 94 94 92 92 91 89 88 88 87 86 86 83 83 79 79 78 78 77 76 76 74 73 73 72 71 70 68 68 66 65 65 62 60 59 59 59 58 58 55 55 54 53 52 52 50 49 49 49 48 46 42 42 40 39 39 38 38 37 37 37 32 31 29 28 28 27 27 25 23 22 22 22 18 17 16 15 15 15 14 13 12 10 9 9 8 8 7 6 6 6 6 5 5 2 1 1 -1
99 98 98 97 96 96 96 95 93 93 92 90 90 88 86 83 83 82 81 81 80 77 77 75 73 72 72 70 70 70 68 66 64 64 62 61 61 61 60 60 59 59 58 57 56 56 55 52 52 52 52 51 51 50 49 49 48 48 48 48 47 47 46 39 39 38 38 35 35 35 34 33 33 33 29 27 27 26 24 23 22 21 21 20 20 18 18 16 14 14 12 10 9 9 5 4 4 3 2 1 -1
99 99 97 94 93 93 93 92 91 90 90 88 87 87 87 86 85 84 84 82 81 80 80 79 79 78 74 74 74 73 72 72 71 71 71 70 69 69 69 69 66 66 64 63 59 59 58 58 58 57 56 54 54 54 52 52 52 51 50 49 49 48 47 46 45 44 43 43 43 42 41 40 38 38 37 34 30 29 29 26 25 24 22 21 19 18 16 14 14 12 11 10 8 8 7 7 7 5 4 3 -1
99 98 98 98 97 97 97 96 96 94 94 93 93 91 91 90 90 89 88 88 87 87 85 85 81 78 77 77 76 75 75 74 73 73 73 72 72 71 71 70 70 69 67 67 67 64 61 60 58 58 58 56 55 53 49 49 48 47 47 47 47 46 46 43 42 42 39 38 37 36 36 34 34 32 32 31 31 29 29 28 27 26 22 20 20 19 19 17 17 16 13 12 12 11 7 5 4 3 2 1 -1
100 100 98 98 98 97 96 96 95 95 94 94 93 93 92 91 87 86 86 85 85 84 83 83 83 82 81 80 80 79 79 78 76 75 75 75 68 68 67 66 65 63 62 62 61 61 60 59 59 57 57 57 56 55 55 55 53 52 51 48 46 45 45 43 42 40 39 35 33 33 31 29 28 28 28 27 27 26 26 24 24 23 23 22 20 20 17 17 15 15 14 12 10 10 9 8 5 3 3 1 -1
98 95 95 93 92 92 90 89 88 87 87 86 84 84 83 82 81 81 81 80 79 78 77 77 76 75 75 73 73 72 70 68 67 66 65 64 64 61 61 60 60 58 57 54 54 54 53 53 53 53 52 49 48 48 47 47 46 46 44 42 39 37 36 36 35 34 32 30 29 27 26 25 24 24 22 22 21 20 15 14 14 14 13 12 10 9 7 7 6 5 5 5 5 4 3 3 3 2 2 1 -1
99 99 99 98 98 97 97 97 96 95 93 92 92 92 91 91 89 89 86 86 85 83 81 81 81 78 78 78 77 74 73 71 70 65 64 64 62 62 61 60 59 57 56 56 55 53 52 51 49 48 48 46 44 41 41 40 40 40 39 38 37 36 36 36 32 31 31 29 28 28 26 26 26 26 24 23 22 22 19 19 18 18 16 16 15 15 14 14 13 13 12 9 9 8 7 5 4 3 1 1 -1
98 96 94 92 92 91 91 91 90 90 89 88 88 87 85 84 84 83 83 80 80 79 79 77 77 76 75 74 72 72 72 70 70 70 68 68 66 65 64 60 60 59 58 56 55 54 53 52 51 51 48 48 46 46 45 44 43 43 42 42 40 39 39 31 30 29 28 27 27 26 25 24 24 23 22 22 21 20 18 18 17 17 16 15 15 15 14 13 11 11 11 11 10 6 5 3 2 1 1 1 -1
100 99 98 97 96 96 95 95 93 93 93 91 90 90 89 89 87 87 86 85 85 84 84 84 83 82 82 82 81 80 80 79 78 78 74 73 72 72 71 71 69 68 67 67 66 65 64 64 62 62 60 55 53 53 53 51 47 47 47 46 43 43 42 41 39 38 37 37 36 35 34 30 30 28 28 26 26 21 21 21 21 20 17 16 15 14 12 12 11 11 10 9 8 8 7 5 4 3 3 3 -1
99 98 97 97 94 93 93 92 92 91 91 89 86 86 86 84 84 84 83 83 82 82 81 80 80 80 79 79 77 77 76 75 74 72 71 70 70 70 69 68 67 66 65 65 60 60 58 58 56 54 54 51 50 49 45 45 45 45 44 44 43 43 42 41 41 40 39 37 36 35 34 33 30 29 28 28 27 27 24 24 21 18 17 17 15 14 11 11 11 10 9 8 8 8 7 5 5 4 3 3 -1
98 97 95 95 93 93 93 92 92 91 90 90 89 89 88 86 85 85 85 85 83 81 80 78 77 76 74 73 73 71 71 69 69 68 63 62 62 61 59 59 58 58 57 56 54 53 52 51 49 48 46 45 44 43 43 42 42 38 38 38 36 36 34 34 32 31 30 30 29 27 27 27 25 24 24 24 23 19 18 16 16 15 14 14 14 13 12 11 11 9 9 7 6 6 6 5 5 4 3 1 -1
100 100 100 100 99 96 95 95 94 92 91 90 88 85 85 84 83 83 81 81 80 79 79 78 77 76 75 75 73 72 72 71 70 69 69 67 67 66 66 65 64 61 60 60 60 59 58 57 57 57 57 53 51 51 49 49 46 45 45 45 43 43 42 42 41 40 39 38 38 36 35 34 34 31 31 31 31 30 29 25 23 19 16 16 16 14 12 12 12 11 11 11 10 7 7 4 4 4 3 2 -1
100 98 95 95 94 94 92 91 91 89 88 88 87 87 87 86 86 84 82 81 81 80 79 77 75 74 73 73 72 72 71 68 68 67 65 65 64 62 62 62 61 60 60 59 59 59 59 59 58 56 56 51 50 49 48 48 46 46 45 44 42 41 40 39 37 37 37 37 34 33 32 31 31 31 31 30 29 28 27 25 25 24 24 22 22 20 19 19 15 13 12 12 10 10 9 6 4 3 3 3 -1
97 95 95 93 93 93 92 91 90 89 89 88 88 87 85 85 82 80 79 78 77 76 76 76 75 74 73 72 72 72 71 67 67 64 62 62 62 62 59 59 58 57 55 54 54 53 53 52 52 51 51 50 46 44 44 44 41 41 40 39 38 37 36 36 35 35 35 34 33 32 29 28 28 28 28 27 27 26 25 23 21 20 20 19 19 18 18 17 16 15 13 12 11 9 9 8 3 2 1 1 -1
100 100 100 99 99 96 95 94 93 92 92 92 91 87 86 86 84 84 83 83 82 80 78 78 76 75 75 73 71 71 70 69 69 69 68 68 68 65 65 63 63 63 62 61 61 61 60 59 56 55 54 53 51 49 48 47 46 46 46 45 44 43 43 42 42 41 40 39 36 32 29 28 27 26 25 25 25 23 23 23 23 22 20 19 19 18 18 17 16 16 14 14 10 9 9 7 6 5 4 4 -1
99 99 99 98 98 96 96 96 93 92 92 91 91 91 91 91 88 88 87 87 86 85 85 83 83 82 82 81 79 78 78 78 77 77 76 76 74 73 72 70 70 69 68 68 67 65 64 63 62 62 62 61 58 58 58 57 57 55 55 54 53 53 53 49 48 48 48 47 44 43 41 41 40 39 37 33 31 30 29 29 29 26 26 24 22 20 19 15 9 9 8 7 7 5 4 4 3 3 3 2 -1
100 99 97 93 92 92 91 90 89 89 88 88 87 87 86 85 83 83 80 79 78 76 75 74 74 73 71 71 70 70 68 67 67 65 65 64 64 64 63 60 60 59 59 57 57 56 56 52 52 52 51 50 49 49 48 45 43 42 41 41 40 40 39 37 37 37 34 33 33 31 30 29 29 28 27 21 21 20 19 19 17 15 15 14 12 11 11 9 8 8 7 6 5 3 3 2 2 2 2 1 -1
99 96 96 95 92 92 92 91 89 89 88 88 88 87 87 85 85 82 82 82 81 81 79 79 78 78 78 76 76 76 73 72 71 71 69 68 67 65 65 65 58 57 56 56 55 54 53 53 52 51 47 42 42 42 42 39 39 38 38 37 34 30 29 28 28 27 25 23 23 22 21 18 18 18 18 17 17 16 16 16 14 14 14 14 14 13 13 13 12 11 11 10 10 9 8 7 6 5 3 2 -1
99 98 98 96 96 95 94 94 93 91 91 90 89 88 88 87 87 86 85 83 83 81 80 79 78 77 76 76 75 74 74 74 74 73 71 71 68 67 66 63 62 60 59 58 58 57 56 55 54 54 53 50 47 46 46 43 42 42 42 42 41 41 40 39 38 34 33 33 32 31 30 29 28 26 26 25 25 25 23 22 21 19 18 17 17 16 15 15 15 13 11 11 10 9 8 5 4 4 3 2 -1
100 100 100 99 99 99 98 97 94 94 94 92 92 91 88 88 87 84 84 84 82 82 81 79 78 78 77 76 76 76 76 75 75 75 72 69 68 67 67 66 62 62 61 59 55 54 54 54 52 52 52 52 51 50 50 48 46 45 45 42 42 39 39 38 37 37 35 35 35 34 33 33 33 33 33 30 30 29 27 27 26 24 22 21 19 16 14 14 13 12 12 9 8 7 7 6 3 3 2 2 -1
100 100 99 96 95 95 95 94 94 93 91 91 91 89 89 88 87 85 84 82 80 80 78 76 75 74 73 73 70 70 70 69 66 65 64 64 62 61 59 59 58 56 55 55 51 51 49 47 47 46 43 43 42 42 42 40 40 39 39 38 38 36 36 34 33 33 32 30 30 27 27 25 25 24 24 24 23 23 23 21 18 18 18 17 16 15 14 14 14 13 13 11 9 7 7 6 4 4 4 3 -1
100 100 98 94 93 93 93 92 91 90 90 89 89 82 81 80 80 78 78 76 74 74 74 74 74 73 72 69 69 65 64 63 63 61 61 60 60 58 58 58 54 53 52 49 49 48 47 47 47 47 46 46 45 45 43 40 39 37 35 34 34 33 33 32 31 31 29 29 28 28 28 26 26 25 25 24 23 21 21 21 20 19 19 18 16 15 14 14 10 10 9 7 7 6 6 6 5 3 2 1 -1
99 97 95 95 95 95 93 93 93 90 88 85 85 81 80 80 80 79 79 79 79 78 76 75 74 71 68 67 67 66 66 65 64 63 63 62 62 59 58 58 57 55 54 54 53 52 51 51 48 47 46 46 44 43 43 43 42 42 42 40 40 35 35 34 34 34 31 30 29 27 27 27 26 25 22 21 21 21 20 20 19 17 15 15 14 14 14 12 11 11 7 6 6 5 5 5 4 3 2 1 -1
99 98 97 96 96 93 93 92 91 90 89 89 88 87 87 87 86 85 84 84 82 82 82 81 80 75 75 74 74 72 72 70 69 68 68 66 65 64 63 62 60 60 60 58 58 57 57 57 57 56 56 53 51 49 48 47 46 46 45 45 44 41 41 38 37 37 34 34 33 32 32 31 31 30 29 28 28 27 26 24 23 23 22 21 21 18 17 15 15 13 11 11 10 9 8 8 5 4 3 3 -1
99 99 99 99 97 94 93 90 90 90 89 88 85 85 85 84 83 82 81 78 77 75 74 73 73 72 72 71 71 71 71 70 69 69 69 68 68 68 68 67 65 65 65 63 63 62 62 61 61 59 57 56 55 54 52 52 51 51 51 50 49 48 47 43 42 42 42 41 41 39 38 34 33 33 33 31 31 29 24 24 23 23 21 19 19 18 18 16 15 10 10 9 9 8 7 6 6 6 5 4 -1
100 98 96 94 94 93 93 93 92 92 91 90 89 88 85 85 84 84 83 83 82 81 81 78 77 73 69 69 68 66 66 65 65 64 64 62 61 60 58 56 55 53 53 52 52 52 50 47 44 43 43 39 39 37 36 35 35 34 33 33 33 33 32 31 31 30 28 28 27 27 26 26 25 24 24 23 22 21 20 19 19 17 14 14 13 13 12 10 8 8 7 6 5 5 4 4 4 3 2 2 -1
100 99 98 97 95 94 93 93 92 92 92 89 88 87 87 86 86 85 84 82 82 81 80 80 80 79 78 77 77 74 74 72 72 72 72 67 67 66 63 62 61 61 61 58 57 56 55 53 53 53 50 48 48 48 47 47 47 46 46 45 45 45 44 44 43 42 41 41 40 38 36 34 34 33 32 32 29 29 27 27 26 25 22 22 21 20 20 18 17 17 16 9 9 9 7 7 7 4 4 2 -1
100 99 98 95 95 94 94 93 92 91 90 90 89 88 86 85 83 82 81 81 78 77 77 77 77 76 75 74 73 73 72 71 70 69 69 67 66 65 64 63 59 59 58 58 58 57 54 52 51 50 48 47 46 43 42 41 39 37 37 37 34 34 33 32 31 31 31 30 28 28 27 27 26 25 25 24 23 23 23 23 22 22 20 19 18 17 16 14 13 13 12 10 9 9 8 6 5 5 4 2 -1
100 99 99 98 97 95 94 93 93 92 91 91 90 88 85 80 79 79 78 77 76 75 74 74 73 71 71 70 69 68 68 67 67 67 65 65 65 64 63 62 62 62 60 59 59 56 53 53 52 52 51 47 47 45 45 42 42 41 40 38 37 37 36 36 36 35 35 33 32 31 27 25 25 24 23 23 23 22 21 21 20 18 16 14 13 13 10 10 8 7 6 6 5 5 4 3 2 2 2 1 -1
100 99 98 97 96 95 95 94 93 92 92 91 90 90 90 88 88 87 85 85 85 85 82 82 80 79 78 78 78 72 71 71 69 69 68 68 66 65 64 59 59 58 57 57 56 55 54 54 54 51 50 50 47 46 45 44 44 43 40 40 40 39 38 38 34 33 31 31 30 30 29 28 28 27 27 26 25 24 22 21 21 20 19 18 17 16 15 14 13 12 12 11 11 10 7 7 6 5 4 2 -1
100 98 94 94 92 91 89 89 87 87 86 86 83 83 82 81 80 80 78 75 73 72 71 71 69 67 67 67 66 65 64 63 62 62 62 61 61 60 57 57 56 50 50 49 48 47 47 45 44 44 44 43 43 42 40 40 39 39 37 37 36 35 33 33 32 30 29 28 28 27 27 27 25 24 24 23 23 22 20 20 20 19 18 18 17 16 11 10 9 8 4 3 3 3 3 2 2 1 1 1 -1
100 100 99 99 99 98 98 98 97 96 96 96 96 95 95 94 93 88 87 87 86 85 85 81 79 74 70 69 69 68 66 66 64 62 61 60 59 59 58 58 57 57 56 55 55 54 52 50 48 46 46 43 43 42 40 39 39 38 36 36 35 35 35 35 34 32 31 31 29 26 23 21 21 20 16 16 15 15 14 14 13 13 11 10 10 9 9 9 8 8 6 6 5 5 3 3 3 2 2 2 -1
99 97 97 96 93 92 90 88 87 86 86 85 85 84 83 83 83 82 80 79 78 78 78 77 74 73 73 72 72 70 70 70 66 65 65 65 64 63 62 61 60 60 59 58 58 58 58 57 55 53 53 52 50 49 48 47 47 45 43 41 40 39 39 38 38 37 36 33 31 30 30 28 28 27 26 26 25 25 23 23 22 21 17 16 15 14 14 11 10 10 8 7 4 4 4 3 2 2 2 1 -1
100 100 99 97 95 94 94 93 93 90 90 89 86 85 84 84 84 81 80 75 75 74 72 72 72 71 71 70 69 66 63 61 61 59 58 58 58 57 55 54 54 54 54 53 53 51 51 51 50 49 48 48 48 47 47 46 45 43 42 42 41 41 41 39 38 38 38 35 32 32 31 31 31 30 29 29 26 26 25 25 24 20 18 16 16 14 13 12 11 10 9 7 4 4 4 3 3 2 2 1 -1
100 99 98 97 97 96 95 95 95 92 90 89 88 88 88 87 84 84 81 80 79 78 78 77 77 75 75 74 72 72 69 69 69 67 66 66 65 65 63 62 62 61 60 59 58 56 55 52 51 50 49 49 48 48 46 45 40 39 38 37 37 36 35 35 33 33 33 31 31 29 29 29 29 28 28 27 26 25 24 23 23 23 22 21 21 20 19 18 17 16 15 13 13 12 7 5 2 2 1 1 -1
100 99 96 96 93 92 90 89 89 88 87 84 82 82 81 80 80 77 77 76 74 74 73 72 70 69 69 69 68 68 66 64 64 64 64 61 60 57 55 54 52 52 51 51 50 50 50 50 49 48 48 47 47 46 46 45 45 41 39 39 36 35 35 34 33 32 30 30 29 29 27 27 27 26 24 24 24 23 23 21 20 18 16 16 16 15 13 10 8 8 8 8 7 7 6 6 4 3 2 2 -1
100 99 98 98 96 96 93 92 92 91 90 88 86 84 82 80 77 76 76 75 74 74 74 71 70 69 69 69 67 64 63 63 61 60 59 59 56 55 52 52 50 49 48 48 47 47 46 45 44 42 41 41 41 40 35 35 35 34 33 33 33 31 31 28 28 28 28 27 27 26 24 24 24 23 22 22 20 20 19 18 18 18 17 15 13 13 11 11 11 10 8 8 6 5 3 3 3 3 2 1 -1
99 99 98 98 97 94 93 93 91 91 90 88 87 85 84 83 83 81 80 80 78 77 75 74 73 72 70 70 70 68 68 66 66 64 63 62 60 56 55 55 54 54 52 51 50 50 49 49 48 47 46 45 45 45 45 43 42 39 37 37 35 35 35 35 35 33 33 33 31 29 29 28 28 27 27 27 24 23 22 21 21 20 19 19 17 16 16 15 14 14 12 8 8 6 5 5 5 5 1 1 -1
100 99 95 95 95 94 91 88 88 88 83 83 83 81 80 79 79 78 78 78 78 78 77 77 76 75 74 73 73 73 72 72 72 71 71 69 66 66 66 65 64 63 63 62 59 58 52 50 50 49 48 47 47 46 45 43 42 42 41 39 38 37 37 35 35 34 31 29 29 29 28 28 26 25 25 25 24 23 21 21 19 17 16 16 15 14 14 13 13 12 11 11 11 9 8 6 5 4 3 1 -1
100 99 99 98 95 93 93 93 93 92 91 91 89 89 87 87 86 85 82 82 82 80 78 77 76 76 75 75 74 74 73 72 70 68 67 67 65 64 64 64 63 61 60 60 57 56 53 53 53 52 47 47 47 46 46 46 41 39 38 38 37 36 33 33 31 30 30 28 27 26 26 26 23 22 20 20 17 17 16 16 15 14 14 13 12 11 11 11 10 10 9 8 8 6 6 6 6 4 4 3 -1
100 98 98 96 94 91 91 88 87 87 86 83 83 82 82 82 81 81 78 78 76 71 70 70 69 69 67 67 66 66 65 63 62 61 61 59 59 59 58 57 57 56 56 53 51 49 49 46 46 45 43 43 42 42 40 39 36 34 31 30 30 30 28 28 28 27 26 26 26 26 26 23 22 22 21 21 18 17 17 15 15 15 14 14 14 13 13 11 11 10 9 7 4 2 2 2 2 1 1 1 -1
100 99 96 96 95 92 92 91 91 91 88 88 87 85 84 83 80 80 80 79 78 75 73 73 72 71 70 69 69 67 66 65 64 63 63 63 63 63 62 62 61 60 60 59 56 55 54 54 54 54 53 53 52 52 44 44 43 41 40 40 39 38 38 37 37 36 35 35 33 33 32 28 27 27 27 24 21 20 19 16 15 15 14 14 13 13 13 13 12 11 11 7 7 7 5 4 3 2 2 1 -1
100 99 97 95 94 94 92 92 92 92 91 91 91 88 87 86 85 85 84 83 80 80 79 79 78 77 75 75 73 72 70 70 67 66 66 65 64 63 61 61 59 58 58 57 56 56 54 53 53 53 51 51 50 46 45 43 41 40 40 40 39 39 38 35 35 34 33 33 30 29 29 28 28 28 26 24 23 23 23 22 20 20 19 18 17 16 16 15 13 13 11 11 10 9 8 7 6 5 5 3 -1
100 99 99 98 97 96 95 95 91 90 89 87 86 86 86 85 85 84 82 82 81 79 79 78 78 78 77 74 72 71 70 69 69 68 66 63 63 60 59 59 59 57 56 56 56 56 55 54 53 52 52 50 49 47 46 46 46 43 42 42 41 39 37 36 35 35 33 31 31 29 29 28 27 27 27 21 21 21 20 18 17 15 14 13 12 12 12 10 9 9 9 8 6 6 6 5 5 4 3 2 -1
100 99 99 98 95 94 93 93 93 92 92 92 91 90 84 83 82 80 80 80 79 79 79 75 75 73 73 71 71 70 69 69 69 68 67 65 65 65 65 63 63 61 61 60 60 59 58 57 55 54 54 54 54 53 52 52 50 48 45 43 43 42 42 42 42 40 40 39 39 38 37 37 37 35 33 32 32 30 28 26 26 26 26 24 21 20 17 16 16 15 14 14 11 10 4 4 2 2 2 1 -1
99 98 98 96 96 92 89 89 88 88 88 87 87 86 85 85 84 83 82 81 81 80 79 76 76 76 76 76 74 73 69 69 67 65 64 64 64 64 63 63 62 62 61 60 58 58 57 57 57 56 52 51 51 50 48 48 47 46 44 43 41 41 39 36 35 33 32 31 30 30 30 29 28 26 26 24 24 22 22 19 17 16 15 15 15 14 14 11 10 10 10 9 8 6 5 4 4 3 3 1 -1
95 95 95 95 95 95 95 95 95 95 95 95 95 95 95 95 95 95 95 95 76 76 76 76 76 76 76 76 76 76 76 76 76 76 76 76 76 76 76 76 57 57 57 57 57 57 57 57 57 57 57 57 57 57 57 57 57 57 57 57 38 38 38 38 38 38 38 38 38 38 38 38 38 38 38 38 38 38 38 38 19 19 19 19 19 19 19 19 19 19 19 19 19 19 19 19 19 19 19 19 -1
