100000000 100000000 1000
82728290 59266768 2693246
93004683 20463513 190999
72083738 34916382 3272355
76878237 77108866 2776987
75643855 84806548 546697
56977744 81223497 2720481
42018951 21331770 343203
1330981 18384288 2147174
93312212 93888554 1447982
32939984 47831669 3567233
73020740 34991068 3075962
5511669 556361 3180931
59485196 53088888 3955240
24260873 72238842 3247997
33823050 17248344 2536522
81434838 98183639 1418326
78715786 2107239 1310748
85038817 39865040 1412287
32043583 37367132 2555375
79803860 32816761 1095797
1473581 16329058 177601
19207834 91974801 635538
69464672 44378969 2310098
52047648 10444193 2460986
63225512 14111883 2630077
7765298 76809335 621388
61052672 61463730 2218959
7512570 50789932 785377
31577480 70850928 2386695
99775123 66057345 3152874
79843536 31153604 1817509
470466 47173079 1620154
3556143 65254898 505447
9393337 17849940 1725114
95731468 31612341 3409840
30904698 68868678 465764
21757309 94371858 3786676
69472486 92212209 704036
92378169 19744510 3177989
63588078 388779 948901
56428138 38975659 71550
78099456 93288488 2312170
52443321 29858273 810733
4216415 83103517 1406332
56607127 70709642 1857819
53280040 86036565 962950
87728412 31041854 3062714
66323092 29519792 2341371
369096 38584797 3126394
12524594 80271811 3309631
94763708 75841553 1834479
52757384 35502030 478638
31459474 14243088 3469015
90137217 17293551 1596070
36269737 36588507 686069
20514330 52282858 2874683
49218280 44254513 1229237
60027769 31241741 744425
3135201 19750775 692833
17148847 65871863 3465890
14784211 93925849 2014412
33579785 28474066 3123730
18857764 54784460 591297
21115920 50542328 1038365
33538383 30677698 273961
26325917 95882501 27312
48458100 27593798 2873414
99141906 31907690 442672
48001367 35309573 1022820
93295388 47662255 3734500
79163522 43904104 3321056
37712431 305402 491785
58345352 23993429 249326
55352871 34368248 2397018
83120046 24066093 1147887
70423738 28106301 3228442
39006128 10239355 191425
38580724 97091624 397569
98474227 54567391 1863010
91646994 92266900 3469095
17742378 85752175 3569283
84706483 92444301 3298416
7404865 51881388 3810098
62091556 76128904 86353
77517040 52474131 2530000
86045689 40591952 162538
4770671 30277803 2399176
14247235 21604516 1325927
83985977 99324907 1624892
73812437 89773349 2375966
46379560 50837017 2589728
15652194 95205694 1144870
46517733 3317385 2046178
78443184 45202104 2680412
49133668 37543990 2670622
37234821 9267203 1393418
15314800 74186293 1531306
63285985 17106500 2135042
38284807 75072896 2813421
65963298 99408389 485616
89658187 22296553 1350697
21634324 22727060 1241658
83252877 43227760 498961
21638803 92772 2641363
43221205 47091243 1251980
10954137 97008927 2052957
17572573 44649255 2340398
55551814 98157828 754800
65912477 82380015 2825417
97097645 3556506 694172
67176244 93181449 2108528
21904474 5396465 2621
94851030 28332402 819778
30231803 23242852 1827681
21284090 12457653 224076
74287407 51301505 3851417
71968069 34520252 2802989
52165649 69040237 364101
33460640 58507756 3598741
73639484 42934097 1300298
50300099 38521789 1412558
70196792 15804233 3404173
39537834 55967062 2096908
25166290 29081278 101385
36547229 31457804 1317289
70094173 19600482 3946811
92404814 4029084 2376387
65655671 40996996 494220
23131691 72026635 2540169
86159173 81377507 3579933
30443247 25797604 3600472
4180547 87118650 2507542
40243730 38991148 703545
25350109 82130398 1435266
99104900 44954632 2737235
98924208 55470180 3744987
2128545 69308541 714239
53515199 52776252 2790115
51107758 59768741 1729174
71985244 7813800 1507826
78000591 73900849 2720967
43657461 44094442 3890471
29994625 43661429 2588348
14456683 8372716 2251807
51695135 92863915 1087072
89887057 90469603 2388912
16284811 78063362 788756
52972957 98079769 3643263
60909942 82818029 2535957
28619024 70431928 584375
96434911 79481981 1357142
86964807 34545654 2215377
89110721 41088178 2749421
17897178 77801515 2498032
68999933 1862632 2730307
87965221 484726 2479529
38621469 14569944 495420
63918122 20974657 758680
49404040 78795653 1856671
27228549 602715 752324
51313422 37071976 2006445
28174562 60632897 3886754
83492158 24163373 3032576
99064933 44853578 3176458
89260258 13867595 3763061
1498058 31841814 1880211
78896100 59842468 494920
89557837 2757363 3321239
96601956 86607552 339068
23373013 87877585 846287
93685346 66687345 3008351
80990821 56057011 1293678
12803102 39559416 1104752
20930750 61391274 566134
94626897 17007190 2012434
54452489 32310446 911874
49166219 79616886 2317349
57037139 50615437 2866824
19830674 50613252 3436764
66842498 49973277 1693150
53549302 70075052 3494123
98651059 15227046 3001748
9270922 78908468 2535676
53108010 78895838 2350357
59592190 64634848 2090477
115728 97155606 1731288
95245497 84085198 146488
55622988 62382189 3941719
47702162 28983165 669204
41771920 95599419 691774
56008517 30973180 281726
19154461 60852401 1983934
23227841 47619785 2352864
13718052 25192601 417347
54404084 57882025 3278242
4703084 25134330 1892320
72838400 78538998 3907716
3485911 79314926 3531996
46456473 65219634 597908
72399762 91209027 146743
92905911 14508369 3264332
56635663 87905013 3349855
37475346 9655420 3025408
68289702 96863249 3706773
90053365 96904344 3679925
56395323 48555276 54164
50928371 69046889 3070754
51290048 72356974 1443110
91028742 10096027 3617688
92237003 91578742 3793518
78995043 24449239 1832352
1671893 87692716 2429124
26161038 62953224 3279381
63366826 64030586 1325922
80940671 99938166 1323323
38777436 74377561 34860
65093506 56516617 2195928
40448277 37111051 312056
14480447 87826145 666499
50521679 86334796 738504
56124460 65824750 1281118
93400623 66978332 2445606
40465888 4906468 696586
6324500 2140646 1421823
81205654 88196382 2529782
11106443 44293059 635979
30431291 91843010 1361607
65397667 16505154 3430787
62900604 28362461 2826512
17142152 61141300 3258003
6393092 73275260 567722
95527860 62925118 3697221
35368816 17035790 1828670
8583179 29826500 2990800
21582927 95880277 3200258
53076314 45989965 2987680
50485298 39518275 2650768
44315350 14882835 1363650
5662466 12536966 1036645
91985856 78367751 2451094
27214418 46990627 3028985
99176801 7297988 840517
34330774 73114923 3767926
71771507 99056763 635740
43203579 68350490 2165216
89910486 14269222 608498
84079975 81720904 3817442
48349321 78467188 1717956
58209345 20028042 3297438
34715794 98976089 2648141
23982981 84931389 1953774
67816196 77489662 3269773
30201032 98678783 2579549
54201430 74455858 1425443
91836071 42660626 3559763
60665748 90547301 2990881
54941127 33581761 3347902
79979655 56891270 3436628
56487997 35216100 868359
90647104 64294530 2534444
12260120 21001168 2991562
41486585 92346411 3407986
50912610 29014381 1869554
6321445 80356715 695876
98820113 50515648 2064131
5901983 15332006 314409
84204621 44865729 3006286
51374446 4551401 3714350
22525567 2628132 2062055
31024381 25331457 175274
9582945 39384777 861188
1794611 68825981 875657
45373785 74213070 2952410
76473161 31534490 2685373
75836955 15413263 1866818
69647817 82623118 2885809
48981121 36553616 1423147
24160742 4836090 20162
62173958 90255695 1721222
15788114 40825623 520682
40616206 25376047 410005
64706555 71989295 450035
84338523 20970770 721831
17731447 6422824 3485609
78159343 19603946 2495842
7272867 23943884 628920
87502546 8220941 117772
88254769 31057551 3887105
59313730 97787415 2628104
15632525 93472928 301764
68809114 16049195 1376674
58186010 75182151 1199425
7969204 89675326 166553
52540523 93079130 996319
31032446 70691376 3779638
7026109 27634042 3069473
52491033 89197477 1877377
66350392 59742026 3583461
7635434 89031913 3470412
20502992 30017095 3734115
60073329 60552090 1663318
6796312 27153484 768997
21375592 64536680 3569481
35482944 68307897 3453371
50472155 3256854 2258551
8554035 54600940 3161868
99246355 6576925 1346138
14865005 92416329 3440217
96566202 36072055 1659470
85158568 64147360 1586408
34184803 86747537 337282
68572375 49022989 3018056
27571004 66215976 3394601
55570903 98101230 215049
79257246 44937463 2900865
87430805 32015089 3306339
27604698 12292612 32651
87962888 62022204 3799441
69504215 47770746 3384603
87258838 79121867 554068
32554298 62742132 1286092
6735268 57369969 1734010
88445149 34666446 291809
15053951 16383861 3717316
11115408 6752904 1937507
68088494 23542911 389407
99258557 17460241 1285764
12940312 11868377 2473936
10223870 34937117 1596804
89353600 21732349 1994051
6807268 39918373 662394
36829026 18641023 1422803
77257519 82021281 3444041
81752462 58634986 133423
75626447 81220274 3006601
35256910 49088931 2723286
9893189 40248766 1245038
65416243 15188215 343352
52600057 89139841 1888882
93250300 12347546 1293864
90734739 79473876 2724625
85657777 94742436 3750108
28057871 23584057 3959295
82338976 43722396 2829621
52921922 37563136 2694775
34296542 91539539 3642483
52886692 81526061 933865
80906478 21146568 1193487
34100888 32680011 906461
30309823 34767368 2513897
35161500 94382645 1037969
394837 74388581 3694497
16307805 70470564 387998
57093925 4055942 2379446
49715057 92414789 453674
32972267 71730921 1055057
4257804 80269171 2440210
63806726 16002115 660701
94941315 63046381 3051387
59491399 6082562 345431
72118716 86341997 3955299
17572933 20860286 3433597
59559578 48438817 2321430
25982206 28027842 3588199
69189819 51926942 3565972
18341880 56029799 3073337
88485768 50424933 329094
23034454 87458524 146927
15570035 60441901 3440436
65973593 63302993 2332716
72159624 50132458 2004692
26672022 74642617 1508536
31044962 60027603 3089068
93545408 32246970 2252456
25576985 93387872 2102208
88114874 88523669 2682659
8166585 83270519 328000
30438367 84168666 924875
64828878 57764740 182153
62980078 22536908 1139711
13821790 72266399 3807173
41863345 16958746 3217119
43649891 82083783 1211442
93069294 52653822 575747
68681145 94277636 2396601
17928582 42943694 2405289
58897696 55437677 770167
89169113 72902229 967934
94194773 82474720 2471115
46288352 28863932 3017237
41687598 31265656 1007811
20899005 23930070 1413643
23582368 7306475 3414965
54825281 70627538 2391557
67524553 20433362 356009
81295298 72749648 2316416
80233203 72507803 832542
86673948 18625811 3190878
68967087 77208393 2669059
51801443 99187805 1288261
30527125 87639718 298952
10084637 85117783 3929511
95823541 82640696 578315
76830746 11155345 1653782
25052750 64701676 1529083
15021588 74488750 2636443
43491312 22178715 1945646
67460034 12287147 3853459
15797757 68590361 3462380
1922302 78856474 3406962
99073203 37480646 378260
99015183 34107539 2797243
27444959 52259952 583504
29527308 93490712 3988418
33820439 84857106 1249314
34903478 55796155 3152810
61616113 95309672 3907877
84389435 27992057 1675846
77844730 78852333 3837261
63514903 10276303 3919921
95184230 41998031 131597
55910570 84346951 586690
32467225 36581192 94222
26357795 140675 840869
2502907 26028781 1458836
32204255 51294918 1907126
92140469 6662418 347819
76048846 69183966 3630595
27466104 44184970 1297722
68103331 77180544 3727127
34892801 38015964 2314757
77191961 66810024 1686283
62899397 64991522 2733523
34261836 74937459 2475720
54687515 75044736 351500
13533733 55950791 1331680
66870503 61275812 1446956
68547347 54985619 3821336
56416004 22216668 3821482
55681138 80012659 1197907
7318464 80670969 3286398
88781094 34404179 3283757
42566528 86834764 3262710
40478692 79816314 227999
26495690 88212229 2204683
66514415 50210207 887407
37969589 97376793 728309
21962806 68859482 3912058
48480924 4330145 3443973
47302724 1101772 3938699
57437259 18331851 742579
54914289 34453018 1066906
5330106 56959912 3113136
1730342 58417096 265784
81076318 65783297 415287
39797303 67242181 2980473
8516127 10238900 3811061
23429941 73032549 3395361
92842113 72245802 729614
80769452 46773594 833553
12230680 16810611 422043
68036215 48638018 53135
24192331 16155419 90786
34250212 44425738 963948
61185970 648588 2850828
78767346 31792410 1743476
51049077 27461707 603123
51198684 2214862 2267210
79606315 73255551 1456502
84124380 59955133 1672605
88656897 72156841 1124509
71846866 77690309 3839953
7440398 82455192 1147453
67102610 99979467 3620211
5729854 27866218 2232986
52827584 75341482 2746132
61876595 96170923 1786511
99613807 92493407 2965847
49386385 82942253 2321591
21446830 2971139 2720131
73539434 84721240 3022495
12485133 79648044 1495092
2072140 88155110 3856179
10862081 23439035 2872586
60503539 62825571 63362
77606195 41125118 821139
15432858 17183896 2595419
61010466 13241225 3484802
33472834 56277057 3161478
85077136 20230315 1606210
36008117 64012372 3767792
39954783 64863183 1164032
45396408 60035168 3879123
83937302 16344500 651066
1583583 27726229 348625
59311247 79972179 958776
52858986 88450196 3806399
53800 37515830 1965315
49797165 19343823 2675644
89089980 55839262 1508753
45949313 85574076 3336337
62848124 23847376 2217605
22781432 90261691 1783281
3564181 32477172 1270525
54454062 26750701 1566572
22817365 64599820 1766539
28986893 94570920 3552619
86947644 28043052 852493
99673882 72708949 85530
29387073 47428640 175923
61297168 76353475 3858076
3478848 29464642 2100295
77318130 92931741 501546
16767210 87545986 3067447
42310917 41852987 2831490
68342256 58486510 577296
79502675 73746781 1764499
49374726 89327172 1732097
33271038 92980930 3350904
83741578 23718882 2261536
44245805 97661605 1630874
30800584 53054144 476514
54176900 107620 1400530
30382003 39392751 398796
68059097 38860537 3737524
18721804 20464819 3839355
4962045 88000834 1691727
24261012 21030619 3378326
62086127 87976995 241454
47763 21205245 1428878
21667415 56939230 328169
49278071 38221118 1662701
17160907 85358254 1646002
68985125 53757084 2387727
25804347 5515384 279288
24778105 75942830 2004666
69759227 56036411 2633863
51813436 54222296 3386951
75831518 13098660 2654910
5995118 23864943 1249880
46812646 25443982 962453
88872540 39434327 1653429
18367818 27044766 3204835
19786069 30470848 3346658
85056799 15532983 1578561
90896852 78076497 580496
12257192 34356168 1858068
23451835 26432959 1879653
31375644 93421377 3162785
61013094 9783896 3751042
84353396 64848138 331216
87711548 45097344 3047614
68223532 58068558 2513295
99135009 49413519 2460046
23394491 85175794 1889368
99129829 25307480 3585700
14721447 76025646 2801825
41460519 47118754 189190
39063722 47376971 3740062
77618384 27507049 3730799
81301604 99672154 1806520
7065032 11655643 3658188
876379 86716546 84890
74240144 85427542 2348142
78500934 44493718 302622
68237606 69734695 2322295
7327654 3747990 1134706
2432175 98018005 949045
51554536 48713085 3312615
28911042 28564623 699188
84344040 98970197 1769456
2710455 35958315 3094667
82908741 31613773 401279
73410329 37102501 2583485
43138894 10513303 704063
51767709 5446889 578499
26821090 92306597 3172356
96595933 37316277 1341076
26616288 50905361 1405289
28513864 83206833 3086099
5570292 78204362 306168
51036251 25153393 2023047
61998095 67701659 3591391
65087466 35807433 2677018
32135321 9236406 2042560
75464000 30357104 869561
63218884 80809465 2656237
48407439 18171751 1979151
3994301 81160253 3868480
6661015 76852317 3213832
8736413 99820412 3621973
88647358 2249960 628984
18604539 3095322 3074747
57998753 10955762 833545
29465478 8825214 1469624
75421247 72917222 3586645
28796889 70858477 837718
18023165 96476270 3902726
8772833 39078832 3130752
86810116 45764144 2957820
3923003 86260698 1898418
14534391 42047811 1973232
84921759 55463994 582221
94263535 43386772 3860728
39614554 80831884 2044552
33238242 80977660 1265606
40699304 25829026 1627544
11748978 62527718 3439972
39122899 34223695 1795665
83333869 13564547 1621999
15811260 16615550 3528698
3930827 33420408 691916
13527868 9220784 191498
27878974 88431163 343445
20349014 90115346 2074800
74120276 70227357 941776
34490088 96523703 3666921
18548204 63479539 2741828
78536836 2785810 2585901
92164703 52561955 148170
44764206 3772605 2262979
47660281 69366693 2931704
40022270 91307071 1445543
22605286 44075495 1018830
5758902 56553660 3711887
17568585 26747296 2194616
87988818 27048534 1702648
76054018 69284234 1527491
93617270 21115618 3284160
69340674 51099375 1241650
75518623 20680460 3115860
30555903 28301349 3680226
18411472 86582826 1815876
90889519 17891696 3222899
90729927 95777519 3176705
34047996 90518891 2336009
25409194 11685668 988125
19105137 33394603 2320689
3653433 1250469 3106278
62936059 18886540 3499462
12170286 8332342 2307706
36331209 67539527 2805366
63784026 15126971 3709723
54779292 66239122 1037902
57961465 93609120 954162
92886333 33985416 1765933
6282090 23367461 3566200
66331040 76699351 1806450
87609302 55605164 854402
39708621 30199318 3957872
36853333 59586782 612752
85556509 61669469 2097545
40568139 73194684 1675044
39882753 60181459 2179681
60240148 36189487 1078963
40231273 64935327 3321125
53153189 11470278 1549145
16913430 38919583 2499391
48040030 79451808 2532673
64838957 88684298 1388101
41528233 87272429 3175654
62943320 19229437 3406349
76834296 37342263 397078
1398075 83648167 3349945
41770661 99628311 2861360
61472465 74920708 81984
49684110 72855446 3073748
83290304 5031379 3999765
13949235 2174243 2538231
78646211 32128824 2344552
94835176 52983589 1527321
90201129 61122539 2849200
9383725 45864744 2455521
55608611 90201179 3773614
79088022 21151278 3220003
65451872 64077041 652295
50780056 90867307 2519347
98557181 70853957 799560
6151921 66828350 3853482
48015212 90555942 3186440
16628448 66066768 300396
44581306 86483837 2530958
85532491 95928510 2719393
83710404 52797514 2586926
46915761 86348083 3642265
9947390 36794626 1703223
13490148 87121186 3854783
8782154 72294156 492872
33633101 8360454 3951843
76727394 5065365 1918826
13722308 5473548 3366204
50972637 4274747 2178842
87252926 18790993 3161048
34842779 26805208 2454762
26994019 72412852 1710927
97125248 75873360 3650269
42510646 39783266 568023
85037923 29300852 1663100
19952469 38148709 2579
9312915 94809380 1477700
56472756 93642585 682877
31088900 91837146 2167746
93177710 51750979 383596
35033386 9445859 2914579
93913107 90089003 3492512
12766784 38199561 3311253
95055409 78075497 3615275
24365510 87440289 88907
14046664 60256978 1087228
41906387 12102140 3130743
94461533 59527231 3219872
76785094 3786939 2799496
97150103 6756060 2442914
36534710 37726446 424032
71304281 79973160 2243882
98348367 36417476 141891
51274853 89612860 2754489
30620343 43129966 1402643
84169965 84922466 2051105
68962547 2341344 2073052
2459417 64784121 438005
71916275 11331957 2752094
22421421 10720000 1019840
61116021 26078866 2324545
53205255 86672001 908997
73287128 28517236 2426314
87922867 52822556 1261097
25257122 13833416 454889
84372225 30991798 3863727
3178227 17626344 2121751
25617892 12241963 2809030
85045877 45342676 2435111
16168088 63753592 1948286
76581986 6346346 2397289
13070953 17834726 2158843
3137362 76132456 3357205
13604264 51353491 2295123
45826339 73177947 3179036
77799638 80122928 554857
32393689 47890989 2095480
24837562 82752579 1539658
95631676 80110639 1392203
28798234 84439167 594055
57498581 58785666 93846
33775058 74705475 970202
41356132 40617190 3050838
77887424 83626182 2537499
75013504 88975118 1330897
28879140 61244337 638903
67730136 22866705 1671234
39271224 74981063 3375839
63986090 17044163 3558368
60198928 64806666 1744080
55627852 18135908 1764781
68136968 68191342 3058645
33862603 70244707 1312449
13530865 7061716 34142
58910306 3042113 324493
49846471 17370518 400113
48610061 8662753 1681022
28016634 59865376 14645
67736776 25266206 2713327
87962315 59132803 2994489
72864913 75490532 548795
76141259 65571712 3840573
11452094 61543379 3878481
63158110 60780348 2934493
67032393 36211306 3485817
77146849 46733259 2984252
5787 47303073 3099086
37678999 42811686 766606
50065420 59176052 1503094
75188256 91934617 3173827
33757170 82235646 313656
73880035 98140589 2536705
81109272 79465775 31385
88690556 18083702 3220614
54243988 4093699 3355534
555387 69814631 759411
34474094 8955972 2474355
38570228 88081298 3581136
38820687 22982973 1166959
72925165 50578818 3009782
41525959 44001524 1916462
95991725 12659382 1235645
96942333 52649541 3548257
54057765 53093262 2630465
64136174 55703927 2569522
93537212 84476007 1994699
30357543 43728286 2936634
88242605 40902430 3854303
44712677 9384517 3595480
92437840 16902327 347213
65795475 7554816 796080
20094197 19279461 50626
35915989 67882357 3700486
46669152 8693154 3792699
43553640 60829873 3712171
48096183 19837415 686469
8258032 97951638 492245
17273589 12218126 3754115
53071340 75949549 1761644
90798870 13879902 162279
32388606 76862783 1342822
27294964 20960855 2171020
21840767 39391795 2520909
52601560 27267072 3900267
9852916 64591718 2867772
81456595 68670813 251209
40159935 32224855 1256419
1111727 12872376 2019025
37761547 58873353 1574799
88468909 88056100 890245
84487469 53603111 2039203
73522009 19908574 1729044
68000690 11301971 3226400
19645686 66440008 2021354
12521182 81119498 2692035
2506488 68565111 1414238
4498562 24516870 1578756
98381222 59962359 2958721
70116779 6205481 1538908
22989159 63707795 3139828
14763238 99390489 3014851
24422094 10786667 2047129
26779769 83179986 2235476
15396762 40311105 3059079
22630525 64679986 696787
79721031 83445949 2253281
25326507 14357057 1214349
58046478 23105082 391472
66895794 14600319 216272
70906317 50987897 2640648
86366153 48184409 2786501
1132283 99711490 2196856
18449969 83186206 1724321
77055172 2204738 2520414
11603285 96256146 3994676
88130400 69087050 593857
26175411 14593240 2270473
22387052 72638728 722141
296416 97527550 2255707
21556732 64201226 3174229
47524181 51912042 783523
87779456 42694620 1918782
63112385 84878359 1657797
95769163 14878614 2785765
95093335 8982373 826930
80466206 67459220 1862245
54232946 49377463 2106375
46695294 74294616 666906
55936514 38785244 543843
37343046 41035764 1984315
24339327 10229397 1027822
70372204 51608070 3709525
23264619 93446673 927363
87888879 93930865 921626
65159241 10103521 463695
3948382 60865440 1902263
77485540 16750741 3297111
82859720 48187627 1855665
29789329 27363637 2192487
69334434 84153437 2515274
15272255 99905947 2659192
77215194 75302254 3406681
89178597 53751646 2296068
86626558 97035941 1094378
28214878 8024694 3673441
70612707 92786189 339365
45544241 12525573 2133969
16642747 24225391 3783490
23392287 11552516 1362965
85788658 1054712 2687108
76376167 85575056 3748367
10657768 35426365 3296576
24467540 45996746 2357778
74375540 37163709 3549019
61887139 54386247 600434
11387676 63497524 2007401
90210118 64141178 1854408
45299988 1502279 18436
38750682 94516305 3595904
91074530 75202269 1001369
19287268 67108418 51472
73317841 85185604 2458984
27514257 51775057 2693035
72656808 78541185 2520244
46353742 55041168 751405
75398999 71744604 3396516
67498595 58356223 1198985
71494230 94109300 1727852
6893574 71049878 2739461
6395084 80012916 1346992
84769319 28668328 928267
41139209 66245316 1404794
26213037 3656990 1187310
72454225 81754322 2501577
57093895 77251275 2334708
52672250 19453524 492906
96369293 39730954 3151750
99762221 92444453 3409480
11545860 96934763 2452070
89025050 51144874 3547475
10600596 51665601 2120017
72162670 84266425 1167030
97886734 64011990 3868941
68606450 69385839 647966
64188598 83635509 1685963
7506978 47162420 505419
94812009 18958333 2527368
31757910 23467763 3035394
27525258 85364831 1334187
31576492 94719231 3916429
86415653 81221368 1034818
11376499 33322254 2843876
51766289 66863862 1990952
38237363 88812012 2177578
23804714 45160993 418319
37797607 97942705 1160107
48433033 87588711 2657894
40015763 64672913 2449886
40441119 30678010 1292752
32780882 99261635 855040
97453732 48561134 2132869
98875644 97583623 72169
20642299 2476206 2551253
73627542 48976184 475384
77401751 13335554 1524002
93604063 55097854 1931857
89135480 30342609 1863351
68951420 61563699 92687
1607113 65730968 1407311
17171257 21426861 3949764
45713600 32132684 609714
96117076 94415558 2425835
39985727 4291858 1457677
71985093 30093521 266385
55863828 26547988 2549042
39173865 23155803 3765318
35759021 60075381 128478
79282272 27537913 1562298
29805019 60088799 1494480
25366274 91395924 1832067
89927936 75565556 11763
17101749 2050153 2873074
62174808 44252556 3024886
22615967 5236188 2836475
44917012 22163715 3665909
97436928 64539603 1673510
42652110 90920210 3878096
81326765 49523592 3703959
26947009 49813017 1360541
78818347 65163852 2301484
51561022 43645744 2486384
23914841 54567676 825387
68122438 69577726 2853679
11350298 89538621 2401460
31787141 38073614 733467
85201909 78668196 1145031
12056371 92654143 1187291
96502183 64299149 1548092
97915492 63651684 890989
41501436 96460850 1522984
42203932 30240794 3149385
84941446 16419916 2813013
4168210 81751713 1373747
34631824 43071321 2971972
57391003 68215912 2825040
83858164 23020438 1977745
79214958 91162358 786551
56364904 76277027 124332
6222974 57891685 1603277
41462427 38496375 2621570
11782581 69514367 2153379
41073035 15653001 2844665
93406412 1101620 3546238
6924163 32764702 3695780
86984998 93453984 2815553
23680799 86897378 1792736
41158379 6368005 586172
66180907 36814434 1727436
69495143 60555337 227217
28630319 68268418 1331265
82371267 44000911 1067578
16129971 25401437 2130348
44262634 37106284 1617483
65087455 23220979 3116623
99112586 29374798 2529375
98776281 91024992 313009
81147272 91875111 2439911
63316159 25790442 1620559
82513030 45298842 3728598
49051532 67353409 1800261
90065878 91285132 1952031
21776156 74222793 2499042
16150939 62883387 759185
86391010 52619350 1453881
39754408 36212502 791759
74814126 92870940 290714
15889239 34653827 1545653
