100000 100000 100
51101 62191 10075
10878 69799 27224
50760 2863 13645
43496 95452 28718
70807 8923 16080
26981 30011 13371
41310 31554 24121
97134 56797 17544
83932 99406 28607
56697 96439 21463
75260 83042 14611
79354 82369 25311
95649 51891 895
97525 95562 7699
59807 33266 5309
58191 92120 6603
82429 44974 22752
71816 44254 23949
71855 49508 11000
33461 70233 1867
33147 30772 26730
96331 62404 5213
54382 43548 23598
18612 68734 2872
85791 11701 22930
11878 28406 29533
77246 17422 6412
45016 88662 28239
68134 39396 26611
37030 39674 23275
55667 42646 14666
98160 5314 27242
92068 50195 10175
52717 94795 719
1649 56242 11527
55044 15186 9489
63583 1773 27123
64177 41675 8579
46032 14770 11412
22885 79699 25142
38437 75778 2495
42743 17260 4193
94560 33906 9018
53879 68586 28655
53724 33511 1960
85926 53312 18192
13940 43553 27374
58411 8461 25008
66030 93743 9052
84818 61447 4413
98085 97264 10029
61643 59731 14447
99731 25058 4520
44637 6870 202
24611 37842 747
60419 48263 4286
56523 60172 18949
79507 48766 27017
38712 92381 7852
35086 29516 29302
90401 55312 14106
30694 12570 3052
39613 35053 8476
89432 95244 7829
65259 32680 24202
11306 75973 23341
26738 78118 7094
30426 10971 20826
69982 27284 14174
26395 32825 29702
72031 21377 11402
66333 38459 9804
43655 59060 4088
92260 48652 333
43205 55259 27135
53053 26206 22971
58764 81186 7341
42671 26970 8482
14234 10689 16629
6665 24061 20603
16267 43310 20822
20630 27554 29101
29948 22251 14156
62350 91861 19007
92425 44770 15184
62932 25194 17600
56729 61926 24333
86677 86155 72
94967 45685 18632
47171 57531 17158
32831 17532 10252
40887 21569 27212
71513 2243 26318
36595 50596 18948
80870 1561 6686
64368 51490 5135
75672 11978 9829
43282 74768 1567
49245 40733 24838
33671 73179 20488
