100000000 100000000 1000
41964881 72944223 3220425
94866525 70093048 2414288
47103157 41486969 311036
63140507 67090903 1656761
43251538 75136747 260919
38457923 76182358 1939397
78178607 14497281 1494985
69038348 37583083 875654
49485859 98967616 3392051
59449997 97387674 2793325
73815128 63948444 1152648
45941379 68093840 1277345
52221469 96225692 48440
76920982 57497689 2747184
88241999 14520657 1265118
79660102 76613663 98370
46199640 11274754 3802537
15554719 26347928 2849183
71681167 7505799 1642439
21437449 58868274 3942424
22278520 21233027 123755
42993465 83143501 619841
45774344 57175135 1882454
94217791 40517258 1427074
24554628 94029655 2285642
9490489 58378572 923124
73855546 2485317 3124288
75945841 27668837 3565326
18940474 66785242 1868940
87783160 19496189 1354888
64062446 85827377 2096189
36358163 17159902 1785233
73113318 49185674 2934497
38672750 78454038 932344
65535965 35451668 1210932
8692830 62137346 3168292
10049812 69851105 3717040
68267462 85047796 3877959
81337115 20972717 2237967
34096872 18441595 1400622
38269118 11970641 2040778
69549043 58061045 2756513
62548222 65577501 3012074
10829062 69019932 2690791
81874665 48754120 969412
11146257 21711879 3854396
58174468 13710359 754800
38802888 86938614 2280129
20115417 46222181 188284
56599710 19231545 2752993
47333472 1386442 1701774
19717957 80432233 1187199
7355789 76450655 2121829
27249082 83142153 2492902
12582195 52178890 55957
84825382 93892010 2265692
84469650 41275666 2417917
7913789 59356499 1360420
70505169 4648203 1544881
64633256 17734253 2431162
83723323 61022264 1171209
71988600 9104266 2345970
9357621 68855057 1964723
50945559 26307971 3024297
59930956 36989317 550914
85087109 92018998 911801
835555 46890428 2857108
80348108 91384268 3011844
64023317 61018014 1932679
57906291 90370850 886497
77355929 53060154 2756805
35124311 48149259 3539564
74437299 92534262 2945043
49358557 49965000 3126218
31504964 89270306 3846769
52676909 37817444 1973079
53953501 49341380 246478
69607994 42522770 2394526
53721731 50488023 495192
58466057 80454629 449110
91400263 43582216 79830
79473633 37600136 3770352
93743682 45715842 236580
16522829 25796336 2676507
26021334 63612104 3720917
98474467 24066518 3832525
23767229 17000550 3150609
32626286 26261193 2879975
26911446 77277136 3166766
17416508 25003141 3350685
20911857 80745576 3293514
38496335 34381328 233497
31604140 87235523 2056133
93655115 41348383 1252658
96568644 79393589 3336090
52566881 93762685 2743603
48394190 53440703 3655134
98114468 78895619 379603
95735955 83418140 1115494
30245589 92349023 969013
18872224 40743761 3072992
85089707 72341679 564446
96192 6521725 1887324
72495695 97413396 3336394
81935220 88795405 3278271
28995945 27769431 1484909
2281567 40150699 364240
12597613 78613597 667273
81992507 8371608 1914756
10884885 17306400 219778
32347479 77238274 1723723
50835735 41950970 713839
11947950 56232065 681325
10230059 86740095 3498268
14647609 34863981 2570449
98885274 96977823 3774349
93829673 137935 3882508
3569611 71320615 3344414
88318613 89900231 2269503
6445154 88015109 3396432
49140742 3275014 2146361
78605764 97318272 945246
10413773 39912185 2008973
37710146 90768544 849771
19368944 683367 433298
4445827 94303358 2735892
77366326 42387033 505582
5189255 2280311 1019445
4142859 33509342 1669854
93699828 91821392 2670787
95628113 91599924 1377482
11798129 55059356 641893
13104502 71705156 446611
25860057 13454826 3196230
61516434 57219386 2192638
91865577 74885522 714369
440968 4885302 300449
18032569 65550626 3726952
27464677 74273315 1475431
90071446 35547680 3631009
31014437 50585630 2964083
40675145 88809403 3146754
3982956 52980844 1965397
40547492 82392203 433843
46888369 48421149 821970
95341875 83514016 820933
98557346 21282516 1213547
11152514 6207459 98588
53985575 70334256 3027508
22280250 4271882 3593830
82641204 52193570 1570667
96353504 68749249 3160912
55603384 93524910 2678351
48028555 21760008 686244
94294752 36782798 10314
54019746 41601104 2757525
60831379 68750807 25123
89538027 89379933 3660497
41923549 71378051 316313
23220335 92762358 3701643
66969953 53443873 3575565
11749294 17224988 2751837
85912058 25951413 1568010
53858272 895429 2329862
87938648 22523716 1283209
7614292 84801445 2031093
67633502 74892432 1914102
75429256 81524724 986019
62721820 60928368 2703955
5670861 2309480 1653586
7964966 4362847 2774835
18739311 38854130 3568541
33695005 96625945 1143555
92434464 93019654 161516
25730950 15955002 2957741
38229527 48730837 3535683
82583092 48156281 679928
46001711 95833898 1996189
8118787 8322687 2233856
97742816 7014801 3778264
13169205 85600989 2875576
57911133 10150673 911216
31472712 83619606 1002990
13852948 22520143 1866188
43721508 45888123 2184839
74410430 86724567 954120
79566084 29790985 717476
34123509 90161053 2011339
25574996 85202718 3837096
36245056 43559127 3119489
60859137 8830700 18803
66848127 37484885 3065288
54864082 46058968 315054
22676521 7462945 2775421
56407566 28931404 3399448
92470027 36327198 643538
8563479 49884123 2074722
15594128 59894917 399585
31370912 88362552 2546658
49581296 42911782 1675197
74233450 22052371 562557
24643007 73147610 156717
34500964 9808700 1483802
31997127 13889311 2024214
42819746 16261613 1932497
78417856 9370951 3481989
4809498 23993699 3530074
54391187 11327351 3834523
51926707 60081700 3912887
55019393 17240395 1273460
11182926 32859214 3220675
7615324 43254688 3632221
23361844 81380395 292725
91854715 91723957 725916
39471492 27262641 3005656
17847581 48981723 1282286
72157099 21823742 1342938
34511965 63153582 1597851
86358650 3991184 782796
89405904 54993906 2490018
29666063 45104937 2340832
90631258 67980686 1375643
38494351 54955955 3310092
5650645 50675275 1631069
21511614 13078273 849414
42123455 15919885 537031
56517062 36934854 2377525
7767560 63560051 2653528
59325479 94377875 929718
43674643 6559123 2403929
55905644 65374465 3010250
25348143 91727587 2067382
31477588 98886176 3154124
37580845 96758646 88057
62693402 47061102 2147997
85532539 31356296 218189
53057496 72032439 3323558
39856982 64510924 3787675
60027638 22683789 2251741
23769045 63965483 2965639
23019947 48442255 2266523
25605678 65910015 367550
56248994 75752960 3656402
93215041 52694348 3097020
14612043 79370578 1761077
72398244 60978657 3397831
21428269 14705710 1456188
7389717 34797837 3193398
55626018 28031319 936192
28474875 39518674 3397765
42484661 40777734 1834796
56289118 78811233 2214131
59289605 82019476 3094619
52580939 39932041 640469
2264155 12391131 3259425
88067152 67585596 2101326
33963964 48059088 989823
96777032 51272120 2740280
72287738 55442789 3330102
75005736 74661895 3513068
64604244 18981500 1464196
13499976 80447873 2128737
6873490 37689665 1544446
81702855 99716501 660668
80954097 95340438 3330423
68164280 81615835 1549191
5339529 63663834 650709
88076680 94469919 1982930
44896589 27067835 48372
51518353 90351803 176852
41600677 44411577 3531979
36106120 38819854 416239
25757876 45104552 358808
72323559 58741155 3628669
67272518 29192992 868420
80338888 5999546 2894806
71671201 66667385 2768646
11416899 57616516 16702
16607066 75739780 797769
79048578 89321393 1225618
40777261 75797317 3565310
51402485 53442349 3495368
41984531 29672342 1528850
49126122 64430218 354935
56690614 20844692 2152042
23288011 2326336 133689
68589383 84893158 33164
8203964 96037971 3626897
91013732 78587931 2119113
78179101 82343994 3380430
20771510 27008284 3793798
28657915 84135793 2762579
46898863 7885820 1062388
32239645 83410693 546745
23112347 25794281 983718
7731345 77661200 2049770
18844666 42885015 3064194
83583066 8664261 1323501
52808502 59555424 3429324
16923613 2226765 392453
61270487 84567913 3765904
70230482 72040864 2253387
54985742 74707383 3997461
73528041 83648964 1434758
28454488 38459842 2682035
91481308 23588774 3363604
88757928 39877087 3388074
66523213 42685754 301430
11063937 73914815 3890540
46745175 12619311 366323
20328177 78013572 1005695
64612280 41350341 2625392
45505582 6158412 958803
71439057 41978283 3102185
71015119 2589348 2415309
72594809 68836917 2904198
52452547 6402447 2349496
81681702 42969299 597408
42558337 82201986 3621037
46964538 98165915 793898
1189806 8681882 660697
54128726 55023374 1493581
59970137 48706757 3290077
77852560 24763165 3593941
59729117 98321265 1096637
52249844 95282879 2327620
12276661 78714641 918091
31112252 12257623 3098948
92881369 71866701 2901363
96089808 62992969 2269601
36519240 21616488 765422
66812146 91550737 1877150
86745702 7532563 1068628
61120130 37255078 3496529
55441772 20434740 3422375
53306653 78806122 3933994
47835757 7000595 3052394
4010018 562307 3434029
40048621 16140258 545899
42641240 24539228 829578
79163211 11732601 2436906
80491034 40600708 3826264
80206726 78096514 782383
71572309 99992157 1384695
12121431 78337604 1287064
24608 17121156 1022604
79074423 69022468 983381
71488186 75352917 1340730
50673695 5142020 983112
98018252 33478119 3181383
94980355 91687614 1545043
58612027 64169519 3003491
9412512 12938833 437132
88226221 15665075 136614
72537094 17871423 2683526
88212616 9262172 1488275
35904950 10722738 1609414
67428306 61718431 2986480
66795374 36405739 3562288
8268696 54825697 172300
51283649 76402581 2252862
36372275 4761436 2994983
78325915 53392822 2695616
92487024 4736846 518644
98952238 83789758 3742201
58588434 84802921 947305
74307192 47097932 2587026
26229271 63199004 2077774
58798108 63271711 2392578
69703008 89742000 1813977
44846236 16009250 2714004
7887945 27277318 2004489
22674103 19312731 662302
17775111 34764378 2822201
82300972 9592715 2977222
77096166 29326972 129643
38798726 10219707 2802656
79666345 13859508 1981403
31905119 35202002 3229205
18606619 31453960 1291942
74328165 8348559 2346791
63682525 71628705 69935
93605647 56875429 933427
36851050 80915137 1185269
85093225 85395974 1190468
65393319 62838939 1762672
49707138 69327062 1328096
96539226 72918816 3335176
3632640 88606387 1017390
65464707 73791397 3446319
54344656 28391007 2794723
91190341 45513634 225416
20238263 57389927 3675369
16072784 16792206 752762
7917716 8564623 1708095
68310165 93244720 298122
23500471 21998458 1837295
56215214 44592348 2219814
74651860 44152535 2860194
24799488 90184035 3886484
34641690 3296745 3938609
29451150 36657740 3017439
87854676 58124976 3538493
59214426 24420357 1940827
58165326 77611768 1661872
38778402 74589004 386596
54870692 80557677 287704
63785671 96787730 1816782
57637347 91001663 3154243
30206903 1983470 666231
6402243 41490073 2716003
93212955 15914079 1623870
75311064 37129217 1390232
59423272 99947078 2787947
37564592 6618928 161583
14044220 13998253 188481
23317421 67322710 2040822
7910212 31754649 1947021
8921771 27953201 3047280
56852660 14628591 1838569
68313346 47663959 1057174
32364666 51877290 2065116
25462963 27207926 3748113
89898986 88292479 2075125
60901338 73898217 3184138
78143394 88995349 1400907
25904814 96261438 3735249
75807313 56293600 72815
61438693 77053728 545934
10772393 15593755 3527025
78494487 59611681 2655459
87341710 18678777 1654096
31028925 95713580 2789011
60552660 51745420 1586798
3998301 24487469 1251082
93444871 67991734 3555382
65283512 26744116 3467117
57283320 21432014 900023
21601279 36790741 3989910
12513227 55101435 890142
38614286 92052205 2657490
23828987 84436217 3721688
12098651 18249783 1999624
74529369 43908471 1871174
66396699 17930962 1036674
17843813 48968259 2999730
17704405 46485506 1334462
81486505 3652404 130569
12347875 1185834 3566480
48484823 62705482 123258
24547626 61206518 3837079
89953672 74259877 980720
6866140 13374975 3349596
23924443 16416292 3907750
96011816 41543388 1690272
55021413 79316055 1140855
1593438 29410765 2419978
92161914 34693744 2210697
97558249 29646917 173552
34389587 55652507 3359257
64889756 63631630 2823579
86517915 15580851 3359414
62521144 8228718 3398018
99617458 61557071 1730461
13868680 44546117 1788808
51008574 89971507 1756104
92825865 45095090 430379
59131211 60434648 1065004
88427231 33716439 1955280
22763232 41799775 3710039
58618422 61752763 556835
18683956 95322027 2429407
12403592 36159467 3391701
30016755 31792406 2951042
52345963 52965759 277423
68504626 90321178 3141615
22703647 29349574 1310669
80040977 70158596 2421467
62669679 62739890 2108848
19854164 25530265 1374978
50805138 19853858 2309843
42302540 17849540 3202754
21536305 75041780 1445830
88034877 59821617 1840239
69085427 67615870 558394
83162944 22726843 225141
51808933 42363319 2953151
13156010 13999005 3255329
70414408 69000397 1892171
53337539 50149821 263038
61470368 86302907 3061564
52596704 51560373 2233886
76583886 63476688 724208
37716028 54723439 3378125
46422698 10759047 3419811
27119926 73486056 1619779
34527041 31622821 862990
43869815 445420 3936967
50470775 29411784 2086343
81435859 77190153 1919565
20091112 18594080 2506611
16018186 15611236 3266948
47243236 44504480 1425077
24656181 75212993 2040252
72107401 90453566 3184962
61998429 95385855 150753
2011413 37908735 1466905
79728946 73359409 3752430
19500101 4462835 3077902
10420497 81929416 905368
42496668 81901937 3228688
88148186 87585803 368223
37543773 80622563 2588292
97728084 33404439 3604730
81765282 41423581 267617
60497687 36139234 2377767
25136475 50483068 2892673
46557245 13624377 202166
94986963 12929835 1013509
55036650 53737958 2458667
88030041 47874530 267050
665388 91143452 3426341
58706179 2494528 701683
74084844 99531036 3977247
71095464 39403018 3601143
96470431 8686403 124119
20475212 7408342 344955
55054118 89727942 703174
3740578 4272508 300386
67834635 41477240 2258547
65484697 90208271 1314281
63409617 66155922 3825843
16968422 94491471 543159
92334894 76323581 3694408
59233158 68389358 3006330
35871771 334071 3267598
83761793 60771442 548856
67884347 75384649 3165606
71607926 63798659 2946584
53451052 75741409 3124709
99467272 7470594 3970660
37362007 49147448 1933439
81739604 90396773 2134377
45007111 42030022 284134
50480134 43055925 329186
85456696 49625550 857178
65112249 93546622 1913162
40539572 78605145 453984
59205259 72168407 1442316
24023161 96007166 2836818
52406894 58967194 722307
66506945 21134851 1037641
92819229 14364907 3166484
4483198 37344406 3688231
27633005 3464099 1443864
13704841 17466699 444881
49335723 1739335 3725202
43159038 29421957 3688686
41809569 39771502 2911312
32085005 56577707 1296567
29016395 26014286 1480536
58949591 94424245 3459012
17407455 21278440 1621719
98560887 84889137 2930809
49941526 49437695 3318429
10791462 92723600 3973101
40570180 50837262 456119
57194514 3417311 2402560
87817008 32168519 1408314
51886116 98755647 1368154
29959815 77793791 1518271
82609122 5768109 3644200
96549807 3891240 152631
7315942 84732545 3912297
46931394 36674325 1062273
67546423 31412469 3692021
18631880 56861893 991941
2396339 11387582 1481745
83073914 99520471 583437
70578274 81244967 3469657
12591175 36224794 2231775
59632161 10356208 394903
57208962 98470789 1419650
38510611 61904500 2109838
42962527 47335756 1391049
88573298 46163064 822436
94551461 88273521 3499365
34828109 99262136 165844
38262435 48115382 2227939
15592786 6554139 787
7401861 76403859 3541386
87027916 12214253 3754341
93030027 73560369 787375
54173333 59803737 1613735
23867140 81265106 721771
33670101 24383915 2078020
40383054 51199118 3417510
41662909 8892393 3749078
15536427 84411241 1276569
85061427 11484175 2663060
89018612 41512287 3035589
94522123 31855891 529441
37186177 44838646 3983174
52977584 98111489 2963170
79523327 11318042 1070705
29038392 23426626 2313305
25618292 22861954 2411104
75044049 96879985 2130711
63702516 89231030 2398170
82371706 52161939 1209894
63641946 76677270 2805602
63238108 48011931 2513666
54167223 52328300 1222440
46499834 39655895 33851
76549040 39556171 3606852
73046976 49527903 675811
51472142 67908077 2848614
56934786 93321528 505604
98309839 99008332 3631082
70727216 18197364 2320556
9846543 51848325 3914907
91934054 37876760 3251762
34379601 87334684 391617
43571737 74970775 967933
15262944 79246532 3567743
94104566 40765235 2593586
71965850 41392432 2714058
22072029 33933642 2774957
32981896 96157638 1565232
68076112 13894052 205320
66078097 98231958 1942441
67645604 54068125 2099874
19958440 19612234 2879449
38225609 74013812 3063845
23528633 91249117 881330
3443426 93136077 3728841
73750093 69760490 2053300
55532765 79612644 661453
23314898 64856039 494252
90599104 66605952 943837
68792346 33909166 404942
13345487 68963061 309777
27089857 38490848 3365365
86251336 6420635 3227177
26150669 12525829 568924
7569493 65127560 3586597
56462247 24586195 1315665
92466639 53144558 737428
37321465 54218455 201621
96350774 52498204 2607974
61956527 17688911 957566
79819399 78742489 2776424
79779068 62343187 2388605
86061784 37865293 331706
52400087 72073425 3654943
57340981 23849044 2839351
80748445 7571541 1644046
80622026 70759209 2250009
27313345 67307158 1940036
36954984 48779760 610509
8797743 3799961 1888963
67901837 79373514 3484448
27926094 80417607 3674710
19119719 48453397 2467403
20351831 87974698 3963143
53126309 65284773 109426
11450053 12558066 1276679
99818833 28387655 2103044
40778306 64421281 3599125
98588848 58519154 728871
64098259 68016018 195675
22106425 4950450 3917550
59611419 61755099 2051679
47254930 74965905 3549685
74517847 47581028 2405607
76672272 29996727 436972
74962914 89418051 3499010
91899003 94888575 3066732
88645760 94744739 3888536
57090609 76288989 272772
30870322 7818576 7550
88410395 37848188 1975489
75162971 40818640 1581555
24755622 37213784 2692457
19196151 57604633 263374
37203843 1706682 837120
27813320 26430514 1999620
53256823 54968269 676064
17900992 58306518 2526671
28338622 72164595 731098
14842901 9457691 212767
22490603 76567489 247109
2777178 46815176 432887
11746693 98830785 3481985
87927690 54170065 237058
26465895 7090731 3202967
38582221 11585742 1831845
48796590 61790617 2541747
19237121 91232629 2689839
13705536 81437904 3675504
11002682 43939611 2747616
21694991 86733680 2572146
69837020 2572145 2462163
27730934 59678620 572749
77135886 18390415 3791642
16946294 76082639 206327
46063602 380432 754867
45544810 13038324 3392868
84307374 52261697 3931021
99475481 40242758 2804044
50709906 67230829 2874177
48058582 64458986 126657
22466507 67960845 314144
22806351 84400140 1019242
49490628 97038448 1159704
65818161 68484146 131615
14235929 89471794 2730971
16414476 24863095 3177928
48605497 43136385 1824604
69525713 6548703 1972163
80514031 39900564 1991129
16013081 20339083 557704
2313023 38381094 2206080
82721179 80221269 1469518
87099300 24501649 1657927
12915171 39113970 42350
25959135 76975076 1717040
36308144 35900837 2122277
15211774 77920342 1510379
36081300 33882764 398723
94027597 65738000 258875
71903460 49572013 1480465
30215978 55588884 401511
19011257 943458 1674993
23937017 80407863 1900853
26020811 5841909 658983
53659012 39678431 2086842
66794289 6200592 2017835
73328649 86186617 2366243
90507636 41359198 623644
7002191 48073782 2651250
62608192 57451246 231444
50862909 67256074 3776537
97787691 54245795 1981080
71314387 58548373 1112401
20373074 94876468 1866983
8489466 96536861 2423197
41742157 27561378 1352801
59644553 15415214 3518027
23377766 41783002 3280567
93831536 20792264 3199889
35283752 31765621 1672745
37941622 63514064 3572710
50687264 16220907 3005517
78941446 86955932 1109998
20324071 28561427 470086
70336226 81318798 24812
94229552 29307919 3397429
83411265 8265332 2157621
85925663 52197120 1663576
59297082 6569138 3461513
15367710 27452989 160656
55392501 87031544 3343605
40212504 13560920 410602
78105299 75276271 3150075
9298320 77835033 1292893
5025069 90678403 438587
48781444 90097760 1759565
58847995 62978241 3134063
62115452 88138525 668266
697981 26063873 3850550
46492104 86123414 1806284
43356048 46824108 1534262
10735890 12939530 1977688
38036955 72175476 1600815
63924746 38943768 898010
3117653 29375624 2961919
39766012 92279369 2072505
94576041 4969554 1792040
78252284 97567619 593788
78914137 57857470 3596815
87491472 7384850 1759286
34582981 93031872 2246053
46453314 41022143 1652144
34934243 98175821 1189759
52686803 92305433 2312400
46641460 31701571 2255765
87031083 75311622 708827
70828409 41385782 2231379
92142551 86588884 3067315
37566690 36619617 356850
55770842 91403722 790009
4039667 5563062 1812114
94880059 28181194 2853655
48225204 54827395 640316
56472196 48120731 1110610
92128122 94482420 2633793
71907663 47706126 2716574
62499126 74200892 2944304
90673020 11299667 2661062
15471161 55718550 1597354
29394694 78389124 3594279
69712084 22037727 756886
16122723 54141197 3597648
54965388 76651888 3768868
4755587 44205883 3630865
86617928 7168887 113939
25375062 24381101 2437325
59931119 63634318 769273
5715230 69893831 1490873
88201442 87375718 1578473
76305353 48340881 253855
94977891 67262150 1073519
22275633 88055398 3592881
91107868 26679877 2403461
70569584 71476810 1085009
99159066 78975020 2506688
22733570 83203613 1685510
61940524 87020686 2179601
61655406 85765112 2316670
70515875 93406000 3364545
15932845 77630115 796966
75378664 22333182 1071100
763091 74733232 3918652
90399533 63146344 3765566
56111125 34385691 3857923
44518544 37622087 2000324
52227325 73350204 462628
93890656 94579045 12894
88851369 92833926 1421380
76876618 77725438 959672
22168038 38047764 2164566
77183476 46033201 762058
62349954 51729518 968411
65922918 30551028 1950546
57504212 95195667 3828567
58883280 68599297 1090894
16226343 67941408 3458759
76745954 85212930 1971416
9352960 54712519 2750989
63084804 98489812 3577660
75631955 80812376 670777
21753239 20385628 292
12763808 23496769 1744728
32400586 13579116 1115676
47870255 82956701 2416850
86700466 69500012 1790250
53019122 61554116 3403672
46794447 77380757 3949442
19319667 64786984 2960137
37529793 85915218 2543040
68662128 43209280 1494799
83113731 68357458 3722130
78500670 91465822 644617
47518639 84042653 2095147
291255 6592432 1443547
286398 42755139 332258
58488593 4908415 3228163
82649818 87618089 693962
43746055 59617756 114795
83811002 60103259 1469635
8318190 62036171 516826
48205736 49627816 937016
5209175 78292516 606442
37048240 11081734 280557
57165122 38559066 2424686
71317736 9964272 368797
51828419 71280517 103456
15363611 59464042 1584027
1714669 56844327 2478456
53322449 73604161 1033980
64648765 60046256 1719986
60012008 46132296 2302212
53915129 47094191 3779713
90145729 38109853 690627
44139618 42502272 1642808
77473750 89870300 1930217
18708717 93296595 1021910
95883597 97819620 1699582
3892426 72117223 96335
35320957 13197108 3145612
31036251 91299434 671480
78092 64179592 3344872
17715311 77327899 1272798
2271698 89578688 3488651
65791250 71527096 2328784
78207720 90542037 3601252
24183757 33166021 2800066
23666540 35394079 1282213
45257909 71437304 1068148
18480188 80069809 321032
20024624 96704877 2084089
88456106 22851181 2266228
95061654 5018104 3432856
31976241 96239945 2444671
9317238 15734546 599009
69772262 34271171 3692322
51658496 35783210 3956448
37382557 47179908 3688982
52017540 45395560 946851
47473161 38048149 3532992
81217536 89303596 525725
53493775 65892447 2567068
88122934 94021938 2047032
62532921 83225087 1536184
71879620 65943676 235642
13428681 24355892 3568942
51518937 90808179 2746355
87296966 97115165 1630938
60259990 89642812 679598
21144525 99357582 3873263
36538378 26323532 1647094
99782055 27302232 2448797
43455788 96385455 848975
31625714 81915635 1545993
90198367 41535227 1403511
22707327 4158200 662337
58624077 33585344 497638
76826833 80515636 1804832
56058987 56623526 2070420
40089874 57353940 2612577
63261649 88146991 3279534
82680524 97249417 2633613
14074005 3434719 3185954
63717618 54096219 645860
30145403 25496294 2819545
42193807 63312334 3702318
84704149 58451843 2499131
10125844 7010790 2969927
28072230 60511288 1957312
84668382 57982290 1910269
59695926 85939309 3633485
19490430 84168673 236392
5912631 167070 226365
91093550 30741275 2442140
72888004 56043176 1349266
96526536 65796068 2256389
43516620 32726302 3841870
4882478 54289139 953214
14056713 65201992 270754
85154714 9144758 2858478
80116731 73163974 2491373
92016220 25824471 1492639
86280508 53499366 2559173
94476635 33868712 2229523
58598434 4991957 3030980
44344913 37010142 625567
48335035 4320457 1934630
35070300 2385685 3362675
39090973 11801715 3109032
83036076 72109289 780319
39532834 30539626 1784181
32136715 28540620 3711828
15805936 1514950 3584141
61023126 39636385 3232087
91278273 61789291 3040052
92035968 52383991 814047
70905053 7782606 3890263
33259577 76521723 2429060
71591939 51938431 2577629
62160395 73996040 3377054
37393884 23796009 1733435
88362615 23467327 1356873
99477524 58893353 1050326
30864983 78641693 2203225
60927747 53453040 3035381
83575882 69703002 718511
84926780 85355291 1020030
89163474 27497374 3338430
40787277 63446322 3197625
6508126 90610549 2481853
6260042 24041055 441332
79390768 48521444 1786920
81637564 66992158 1190742
3869630 56977034 2715887
34726682 47828068 1305633
96936050 56523441 1520002
88738842 59911774 3056925
67288271 10152383 2184459
66552770 39611430 3715977
47372477 19370304 3006146
43409560 71626676 1253015
95552378 48452317 458343
93990818 35201082 1681867
98716362 29769246 576014
42608698 31105157 3717788
59382490 48895547 341156
4843662 98323176 336123
92480701 53272023 2558523
5293612 50492143 1120630
45687467 50197546 2647702
90846094 26338253 2404392
64359806 44524924 942377
69509559 49331096 3984619
8042191 9534023 2516972
68894024 87613033 732206
26678278 11153293 1015103
29944266 71395975 2912256
75174582 85592734 1978319
50217675 94033273 1768237
