10000 10000 100
9292 6420 1021
8325 3972 1236
5021 151 160
2324 6376 1681
3415 1080 2469
9595 622 2478
7566 6668 1862
806 2801 1002
7761 72 2737
1725 7934 2306
7072 7431 434
9562 3006 2554
138 4547 40
8623 8973 1401
6427 8492 2637
9455 3526 665
791 4642 1083
9114 8769 1538
7505 8904 1863
8000 5447 439
3866 8683 2145
2333 439 1772
4199 7703 945
3919 1450 1498
590 8496 2417
1017 6853 1586
8689 355 1228
2338 4643 1343
5027 1719 1455
7843 682 2368
3321 6223 504
5979 8941 1335
1166 3324 69
8258 3433 687
2795 3793 1172
1297 6683 1496
1289 2911 1166
9368 804 1246
882 1049 885
2994 6092 753
5275 343 1967
2841 6135 2559
3723 8823 114
1610 8252 640
8856 256 1778
5751 5394 1526
8725 3211 275
1327 5198 2243
6119 6736 1346
5045 9455 342
1222 7138 2792
7976 9147 763
5979 2455 2719
2478 5579 1433
2952 7971 574
7509 7844 2659
836 4200 1525
6460 1659 2824
3895 6581 657
6068 4161 1136
6450 3235 1959
9897 6444 2449
1999 5083 2969
2157 1364 468
198 6038 9
2538 3215 967
9620 3798 1042
676 6565 2709
6598 9075 817
3705 1631 2045
253 7701 700
469 6111 1205
8869 3454 1364
1089 6998 2625
1653 3145 222
3324 4676 227
7252 9432 1503
4537 4682 2724
1563 1109 2555
4387 7735 2169
1745 4420 1755
5408 8825 2174
1328 3978 2153
3334 3578 2488
4501 7698 181
5029 9656 532
8047 4281 1086
5327 346 995
8008 2527 219
2377 9801 1166
8866 5740 1592
5773 3943 296
248 5368 2271
8169 2441 2997
8431 2098 1355
488 7608 2259
7003 2027 1955
286 1821 1762
6363 6047 1059
5199 8609 949
