10000 10000 100
6487 4861 1785
1577 1923 1927
3019 6233 395
6457 2796 2470
123 7118 2208
6915 6279 330
4356 7554 1537
2263 4269 1512
5908 8845 1437
6270 3951 720
6606 485 1975
9012 8602 285
7124 5825 1210
1336 7250 2114
3928 5434 2230
7985 6026 2412
7370 6963 1877
7937 2962 1203
9863 5273 2191
3607 1184 1917
5038 8507 1075
1942 6908 1947
3926 6673 1379
380 8244 457
3069 5901 2865
5220 6058 220
8743 382 2444
5170 1532 1103
925 1660 1785
3882 2767 1188
8583 1563 2397
3486 2317 474
1173 8638 1512
678 3552 2777
6156 9634 825
4051 6439 2040
2073 6459 2807
7630 1042 1656
2999 5789 724
3921 8057 1796
225 1722 843
6952 5757 503
9700 5763 1367
6299 2378 1456
318 6923 561
1345 3938 1622
9922 657 1138
8352 9869 871
3918 2006 575
422 1439 2156
8918 5665 2862
1439 491 1558
4507 5898 385
6827 2875 585
5043 9400 1606
6012 1722 1138
1910 2246 300
8273 6906 1751
6101 7709 2176
4853 2925 1985
9724 7371 347
297 91 4
2339 238 1845
4227 6929 65
9487 1577 1017
220 1369 1621
8587 4876 2346
1557 8932 1891
1195 1890 2527
2463 1410 1121
7336 5081 6
4959 713 2391
7221 3625 827
3500 1672 2754
3653 2053 251
767 3220 2461
5038 5829 1033
1441 717 1140
9196 424 659
9743 2829 1414
2274 9635 1233
4588 536 183
1726 245 957
1048 8757 960
1454 6143 806
812 9305 2851
4183 6259 493
6857 7390 717
663 1576 1628
2001 693 940
129 3693 662
4925 1450 968
7250 6940 1720
2826 1495 1925
3875 8463 1758
3589 9530 1343
9348 2988 1466
6770 5058 2358
4638 906 2401
5880 5721 2838
