100000 100000 100
75185 60941 17928
41677 79721 14028
41642 31981 20631
50891 79979 26050
62888 81148 25531
39685 77032 20447
3912 20495 12194
89179 32302 14770
47235 60037 21502
33773 31863 23258
60250 11152 25425
12097 20240 7646
94887 24972 22897
49268 59123 26959
76868 6051 17387
2465 21557 7983
38556 83950 9849
36419 27743 23398
75240 57188 18720
32017 59308 15156
18722 97058 24095
12171 76571 11458
77679 95086 3511
87036 22347 4599
9688 91469 22940
73147 68779 20859
51965 69668 983
48657 68347 21209
45242 16588 29865
39803 28994 12568
85687 7321 23661
77409 33359 9313
34240 43133 26340
52748 47141 15634
17379 4276 5486
71930 62011 3707
11678 30206 9783
36919 53767 1668
6017 51853 3252
92499 96656 24383
45411 94244 25580
90470 74642 9308
84729 35346 7793
97207 25333 23870
97043 28175 16509
48076 99627 13288
48573 24047 18912
49511 54609 164
7732 44897 11787
18145 71888 5099
70615 28555 1985
23115 18762 4923
44649 87369 22324
80519 21953 2144
72504 56934 3486
68630 14480 18233
8788 84659 15507
66423 28725 14245
6123 97089 26552
59319 14894 14082
93147 27829 23134
48880 3542 28547
12160 43463 20929
13327 8975 13304
67390 19962 1484
87229 99329 27603
57698 10522 26963
66249 64676 18317
25026 49024 8070
39565 83405 5524
78813 33099 2054
3747 7325 8439
65982 13091 15137
73174 6340 23801
23760 4886 28100
13841 44569 4570
57978 22981 29821
99779 80665 24902
5976 84096 19831
39251 57985 8808
93303 51952 7370
42406 95575 23499
41218 53392 10718
12713 21744 11487
81664 42097 11936
17475 37128 24446
4742 13723 4792
90257 2337 19422
58394 52213 13996
87911 60069 23824
30998 76309 11727
16658 26182 18337
97862 57740 12641
66951 20224 26812
29317 57855 10436
29181 77718 12252
31562 84833 27716
49513 29213 4518
38025 47819 14222
27632 75736 28921
