5000 5000 100
4358 1251 8
3496 1651 79
4474 2544 1174
3645 2735 1135
1695 3302 941
2845 2613 1016
603 2304 471
571 1670 895
1706 3481 388
4353 3062 721
320 1177 1391
4518 3779 1244
1492 2641 302
3044 755 726
708 3326 717
2944 918 1317
3526 1113 120
4713 2328 276
4428 3670 39
380 4436 14
1411 2340 200
2769 2747 736
1743 4135 1086
256 4375 557
2586 4590 409
4644 2430 1346
3391 110 106
2576 2296 537
1553 1266 1137
2086 1500 864
3187 4284 1456
2910 2378 1472
3030 562 442
4137 63 547
1410 1211 771
4154 4251 1447
2931 701 553
3367 4662 427
4130 1009 1234
3037 1406 141
4217 2342 300
1111 4292 655
109 655 1361
4940 117 837
413 4829 743
3764 873 358
2629 4 615
1039 2555 301
489 3271 1243
1127 1126 681
1023 2551 257
2126 4915 1481
3823 1601 282
2937 1093 355
2543 1932 1215
4268 4881 842
1017 538 1052
1783 2971 826
1413 911 1250
1037 2281 727
4611 3206 649
2572 3570 857
1022 4848 1140
2720 1838 971
2867 2167 1482
1753 3751 526
813 1813 658
3016 4934 1149
1648 3761 147
3315 4851 1230
2519 3562 1460
2985 1421 1177
20 2294 679
993 944 323
1269 3873 464
2362 4139 330
4979 2383 750
3143 1192 498
1655 2709 137
3323 1279 607
3192 1292 259
942 3498 228
4282 1326 277
970 745 936
435 2324 507
733 2529 611
696 986 557
2967 332 692
4097 1127 819
4756 3045 1112
3304 1714 64
775 350 1172
2621 12 504
4315 3091 948
4069 4387 1252
895 724 1461
1175 2690 196
4738 2842 790
4580 4933 805
1033 297 1097
