100000000 100000000 100
82084909 27987127 2835680
70013844 31618118 1669668
88875596 92864852 823973
73247589 1759286 9825801
77200647 78689910 4811337
50784322 19634728 6160504
9904334 78746231 7406529
12123767 17127577 4459798
58032904 60869953 1813527
10723378 15528601 7442571
66129926 16877060 1887848
17927681 3782953 7219747
92562756 41094265 7141166
7372289 47454556 2491025
76610892 55712296 8043387
74258234 56619258 7962253
27621 63476959 7414272
77672585 89682401 6512270
15519790 60511757 579791
18696362 26249218 3138028
41956350 8123804 2041026
39030206 56734189 967163
26797057 9533024 494136
78306421 16461228 5726596
30186022 33566832 8896773
22679349 97082083 4593630
22390562 57903329 8793542
70448054 8429412 5602245
24840919 42497961 7726371
22262836 61785134 395502
29763437 75530507 7056064
52842454 47049231 9619829
86423439 54518911 2185679
93140669 59764834 3190570
25271282 23495317 8181607
96392860 68998806 9454686
79210127 12012457 2433741
57658268 41705123 3401042
53011423 81185330 499226
80553575 61500496 8090546
31520424 15822155 8092046
66706277 95842240 6082230
85415433 82205025 2552961
46647331 65575037 6819801
19040191 92367521 5151211
43738025 42496662 5558738
18492935 16224732 9653879
33898087 15235425 6024895
94650650 46259126 714898
88339771 85570882 1923762
63095374 38336302 1072663
57382555 13146647 7108555
57014740 17261922 1520079
99217318 88234843 7931979
288994 32952535 5400563
43605146 1056755 8423852
35323311 88536973 3051035
72103746 52720893 2347081
1786054 27117409 9850326
38248868 47956422 3664737
16503020 68054165 5042990
33987562 82664387 4432511
1913749 1117592 4025541
56589441 471752 306204
83211492 89449867 7837151
60605707 2266199 863121
30081110 66432357 180777
43185126 75842021 1265046
26654669 67377959 8616154
17364028 37902071 4435430
71143156 12489621 709789
94858440 41675774 6466860
91637780 83483764 2365600
18933337 50890324 5423728
93777587 53078769 8128466
98625041 49487670 7897606
56535245 59619339 6270548
53713649 83648117 4803867
41142268 14850229 119662
51177012 11589225 5157383
13233601 69359946 9236068
35739201 18216785 7024386
6979212 39897966 3345100
8720118 36033172 3652555
74724231 15923557 3029336
86929965 38054517 4104964
39573886 79826718 9484658
83497609 49258661 3180534
7272794 23362135 2672262
80588017 63598484 1713115
63546786 75743118 1023761
82793730 51608187 5867106
1197059 13901106 3379550
29289426 71233564 9143452
80087931 83367675 9966771
95728548 98904415 495733
52328617 25780508 8396196
57365898 63683342 3621252
50840928 98821727 9057203
63114894 72742458 5609562
