5000 5000 100
3985 3748 300
1189 4705 1083
1935 2966 595
694 151 85
736 2534 1262
1837 1900 115
2407 2077 26
888 783 578
3935 4240 616
2250 4701 1468
4932 4775 403
2597 4951 310
4338 4408 931
3078 3929 1321
3299 3637 1044
2919 114 88
419 2336 431
1925 2388 445
3334 383 135
490 4459 786
1541 3704 448
3483 2832 555
3336 1477 204
4267 1769 445
3237 1 522
847 2847 513
3419 1338 1355
1795 4377 549
2166 1267 1242
3816 1825 226
3851 3618 1072
1639 699 1083
3110 1594 1403
4986 4139 1076
2477 1871 245
492 3400 1300
4182 536 1197
4592 918 91
38 4035 1252
1807 4060 1107
2075 4795 307
680 577 582
77 2450 630
2687 4969 1137
4227 2888 693
2046 798 450
2196 1030 1372
3087 4232 193
307 1146 464
4453 752 982
2160 842 858
1185 740 733
4694 320 920
893 1144 1344
1545 894 196
505 158 249
3348 4837 1437
2367 287 758
2223 4352 840
1659 2182 470
1889 4629 756
1701 3734 590
1075 4563 191
4515 105 318
2155 4559 783
2648 4761 765
4394 665 1287
3165 2222 740
2784 3316 1493
376 2445 13
3405 2536 1032
3207 3128 682
3448 4676 742
467 4058 809
116 18 701
955 4489 795
4566 2592 1235
2556 4163 735
1887 4530 1343
4293 1575 1381
1419 1742 899
1173 1847 970
552 404 338
4656 1071 1215
140 630 917
453 591 259
3414 4644 1064
1095 2591 1162
114 2954 699
1387 1951 718
754 3183 704
2319 2085 1029
909 3466 900
2771 531 1333
3872 3713 124
19 484 1243
2185 4727 557
1189 2335 665
2096 3827 1242
1902 1292 62
