50 300
1 2 145 141
2 3 193 73
3 4 291 92
4 5 256 132
1 6 182 3
5 6 203 3
2 7 92 29
6 9 24 200
8 9 90 101
4 10 22 149
5 10 132 1
6 10 184 111
7 10 47 167
9 10 226 91
4 11 112 95
5 11 76 87
8 11 7 15
10 11 85 96
1 12 75 118
11 12 34 156
2 13 277 59
6 13 172 138
1 14 205 185
5 14 118 25
6 14 21 193
4 15 142 89
6 15 231 137
8 15 164 58
11 15 68 35
12 15 120 104
7 16 123 73
12 16 11 85
13 16 105 181
15 16 248 17
2 17 221 146
16 17 159 40
6 18 276 162
11 18 241 55
17 18 15 75
1 19 17 20
18 19 78 136
4 20 97 125
5 20 148 152
7 20 131 182
8 20 108 12
9 20 153 52
13 20 102 196
8 21 204 96
9 21 36 45
13 21 169 127
14 21 145 70
16 21 177 111
14 22 62 64
1 23 160 60
3 23 90 116
8 23 261 77
10 23 215 200
11 23 284 149
14 23 254 179
16 23 300 159
17 23 111 53
18 23 216 123
20 23 15 63
7 24 46 190
10 24 82 7
12 24 133 156
14 24 100 196
18 24 5 99
23 24 3 103
1 25 7 109
2 25 156 4
3 25 68 187
8 25 137 185
19 25 44 56
21 25 23 127
24 25 234 17
1 26 224 14
5 26 17 108
15 26 103 129
25 26 117 123
4 27 142 135
10 27 99 110
16 27 227 30
18 27 120 64
19 27 199 12
22 27 76 25
5 28 22 58
6 28 171 152
9 28 77 72
13 28 23 156
15 28 46 85
16 28 97 82
25 28 188 46
3 29 178 137
12 29 104 135
14 29 170 80
15 29 22 57
20 29 155 159
22 29 141 198
28 29 201 163
6 30 270 57
10 30 22 109
12 30 29 23
14 30 290 72
21 30 20 179
24 30 196 192
25 30 27 6
29 30 201 173
1 31 244 48
2 31 1 9
5 31 60 9
11 31 270 78
12 31 20 81
13 31 131 177
16 31 119 149
24 31 90 186
6 32 196 72
8 32 221 108
9 32 100 188
11 32 9 15
12 32 84 37
16 32 236 125
18 32 167 189
21 32 140 108
2 33 279 17
4 33 177 9
6 33 264 34
10 33 153 139
19 33 130 100
21 33 65 52
26 33 162 105
28 33 198 18
31 33 285 125
32 33 148 81
1 34 260 188
2 34 246 133
3 34 99 170
17 34 134 200
22 34 208 34
26 34 107 157
30 34 188 80
31 34 204 150
33 34 42 65
2 35 39 58
6 35 243 76
9 35 13 81
12 35 85 30
14 35 135 144
27 35 188 200
7 36 124 175
10 36 222 142
17 36 20 173
19 36 74 130
26 36 48 107
2 37 186 56
3 37 167 141
11 37 24 147
14 37 291 109
16 37 131 30
24 37 64 176
26 37 50 141
30 37 243 78
31 37 213 176
35 37 162 54
36 37 294 131
1 38 96 173
2 38 242 94
9 38 246 39
13 38 255 77
18 38 96 175
24 38 255 31
25 38 247 175
26 38 288 75
31 38 108 85
37 38 283 144
11 39 180 56
14 39 56 104
15 39 223 11
16 39 119 50
19 39 158 118
22 39 141 80
24 39 257 168
31 39 129 181
34 39 98 110
35 39 20 139
36 39 257 3
4 40 141 150
11 40 210 159
14 40 229 95
16 40 291 32
21 40 249 127
31 40 176 141
3 41 45 126
9 41 1 192
10 41 208 23
11 41 219 7
25 41 130 113
31 41 86 66
34 41 91 180
40 41 41 19
3 42 134 196
8 42 183 96
9 42 5 123
13 42 14 116
21 42 63 70
24 42 287 14
27 42 194 179
33 42 246 52
37 42 34 85
38 42 25 175
39 42 248 76
41 42 198 11
1 43 249 194
4 43 215 42
10 43 289 97
11 43 105 76
15 43 211 124
16 43 166 48
24 43 134 91
25 43 254 62
28 43 240 119
30 43 148 33
34 43 98 154
35 43 96 155
40 43 259 13
41 43 208 48
10 44 243 46
28 44 195 49
30 44 199 32
31 44 213 1
34 44 153 145
36 44 64 157
37 44 108 15
41 44 4 188
3 45 51 43
4 45 212 183
10 45 11 167
22 45 120 159
23 45 76 35
24 45 219 58
39 45 98 4
40 45 28 96
44 45 219 20
8 46 233 84
17 46 27 81
20 46 202 185
21 46 153 181
22 46 242 182
23 46 235 42
24 46 108 2
29 46 55 187
34 46 7 71
41 46 116 63
5 47 27 128
10 47 174 106
11 47 212 165
15 47 99 64
18 47 104 13
21 47 34 37
22 47 24 95
31 47 158 131
32 47 46 152
35 47 49 19
40 47 22 40
41 47 89 171
44 47 11 38
2 48 183 102
5 48 72 165
7 48 42 99
9 48 182 197
11 48 123 148
12 48 49 128
13 48 176 63
15 48 96 10
16 48 216 51
26 48 144 164
34 48 281 165
37 48 147 168
41 48 148 131
44 48 279 17
45 48 267 128
6 49 276 156
9 49 285 20
19 49 209 165
21 49 287 196
22 49 126 79
41 49 230 43
43 49 180 3
44 49 209 29
45 49 15 108
48 49 30 48
13 50 33 54
17 50 299 14
18 50 200 45
24 50 94 12
26 50 126 24
28 50 248 187
39 50 47 185
48 50 90 159
49 50 160 89
6 49
1000