200 456
3 4 194 236
4 5 270 207
6 7 164 178
8 9 245 268
5 11 223 241
8 15 196 258
4 16 164 262
12 22 261 173
13 23 249 195
25 26 211 223
11 27 202 185
1 28 228 166
28 32 151 211
16 33 184 237
8 34 236 186
34 35 217 284
20 36 173 218
32 36 184 227
23 38 168 281
25 38 239 181
11 39 224 262
17 40 248 168
30 40 181 272
9 41 245 171
40 41 150 156
37 42 190 266
38 43 234 221
32 44 299 154
34 44 204 287
2 46 177 160
18 46 163 182
13 48 258 286
20 48 264 157
4 49 168 231
1 50 271 233
3 50 241 248
9 51 210 194
35 51 278 293
10 52 265 170
41 52 270 273
44 52 188 278
9 53 220 211
43 53 214 228
9 57 218 156
11 58 241 256
15 58 278 230
16 58 212 217
7 59 227 232
14 59 197 174
36 59 162 270
1 60 162 287
8 60 276 272
5 61 224 186
60 61 291 200
6 62 169 186
38 62 205 164
11 63 259 296
29 63 166 257
43 63 290 281
59 63 246 277
32 65 274 229
64 65 156 296
50 66 170 176
65 66 203 268
66 67 165 213
30 68 259 166
35 69 167 280
37 69 282 163
3 70 250 295
21 70 154 209
29 70 153 281
53 70 192 227
12 71 156 200
48 72 292 234
47 73 152 203
19 74 256 208
33 75 254 175
30 76 158 202
55 76 246 170
45 77 221 206
76 77 200 240
3 78 191 297
45 78 256 258
26 79 152 241
70 80 241 245
79 80 294 204
42 81 263 240
28 82 206 292
31 82 206 162
70 82 195 160
10 83 205 245
31 83 214 251
44 83 215 167
47 84 209 241
83 84 274 196
36 86 170 169
54 87 182 259
20 88 264 165
21 88 232 258
27 89 249 201
44 89 247 248
54 89 228 155
65 89 165 220
66 89 270 212
18 90 286 169
89 90 164 160
13 91 193 197
46 92 230 262
83 92 256 239
67 93 194 178
80 93 282 229
12 94 183 163
80 94 279 219
92 94 232 272
81 95 248 298
68 96 280 248
85 96 241 248
91 96 261 258
26 97 243 236
73 97 266 158
78 97 254 167
91 97 151 203
34 98 275 169
91 98 276 210
22 99 176 296
87 99 164 219
90 99 155 232
15 100 287 235
22 100 175 262
46 100 209 213
56 100 209 211
84 100 170 233
93 101 174 298
21 102 192 228
54 102 275 245
55 102 298 176
81 102 267 273
96 102 189 283
24 103 208 249
25 103 299 217
42 103 171 204
31 104 183 185
57 104 281 273
103 104 284 217
62 105 241 267
70 105 240 273
75 105 294 253
5 106 151 248
31 106 254 198
41 106 163 253
9 107 264 160
26 107 242 288
18 108 228 253
33 108 169 197
36 109 230 206
93 109 250 168
29 110 175 182
70 111 214 274
74 111 251 238
93 111 209 228
2 112 260 214
20 112 182 152
73 113 238 225
101 113 175 264
10 115 211 264
79 115 211 153
88 115 259 255
100 115 276 294
1 116 222 275
25 116 153 162
81 116 186 280
106 116 221 261
47 117 276 167
92 117 202 262
108 117 275 222
113 117 271 188
51 118 161 297
57 118 278 203
27 119 243 259
33 119 284 238
95 119 270 257
106 119 176 298
117 119 296 237
46 120 244 161
53 120 201 251
97 120 286 157
101 120 204 210
27 121 254 246
43 122 202 196
121 122 258 280
26 123 171 195
46 123 209 293
110 123 159 174
122 123 223 186
2 124 264 289
18 124 214 289
100 124 188 221
47 125 229 282
49 125 193 270
67 125 212 250
29 126 260 283
56 127 271 192
64 127 175 264
115 127 186 181
123 127 205 194
126 127 175 231
62 128 260 296
76 128 282 283
99 128 287 182
115 128 245 221
127 128 277 180
30 129 274 180
113 129 267 278
128 129 275 236
3 130 280 185
109 130 186 191
129 130 276 209
66 131 265 195
88 131 197 203
71 132 179 254
109 132 194 239
69 133 162 209
92 133 191 211
72 134 205 241
64 135 266 299
90 135 290 197
36 136 244 162
38 136 254 210
71 136 167 245
75 136 223 178
25 137 225 178
111 137 159 273
124 137 169 230
127 137 188 185
130 137 217 235
22 138 186 176
73 138 255 246
125 138 203 157
126 138 225 259
31 139 159 226
47 139 281 274
10 140 281 218
22 140 247 207
24 140 211 158
28 140 177 200
129 140 159 268
25 141 229 255
94 141 195 233
96 141 181 267
109 141 235 268
17 142 276 203
88 142 283 231
45 143 164 152
77 143 154 273
122 143 159 224
131 143 244 243
16 144 244 195
42 144 241 295
84 144 197 250
112 144 257 285
15 145 156 285
42 145 207 161
115 145 194 272
141 145 283 174
62 146 278 217
65 146 180 174
72 146 255 191
76 146 277 224
137 146 184 196
144 146 274 226
45 147 264 248
86 148 236 252
147 148 170 226
61 149 165 242
87 149 253 153
82 150 281 186
134 150 230 195
136 150 217 228
137 150 165 166
99 152 236 206
132 152 174 187
151 152 282 229
73 153 159 252
80 153 195 273
100 153 213 279
152 153 216 251
87 154 282 258
122 154 212 214
153 154 256 247
102 155 174 219
154 155 243 235
25 156 258 170
31 156 225 182
155 156 151 299
156 157 172 188
5 158 164 219
62 158 274 241
157 158 212 294
135 159 297 288
146 159 252 234
158 159 155 187
47 160 290 248
159 160 228 236
25 161 243 296
77 161 196 180
99 161 258 188
142 161 153 265
10 162 246 210
23 162 233 158
37 162 225 182
39 162 250 188
135 162 249 189
151 162 207 200
30 163 244 237
32 163 161 280
157 164 205 195
68 165 274 237
105 165 211 245
107 165 260 266
114 165 196 270
127 165 234 160
145 165 288 198
28 166 211 228
58 166 168 182
95 166 195 181
26 167 248 224
78 167 272 202
166 167 196 223
43 168 236 196
84 168 292 156
101 168 187 220
14 169 197 172
39 169 235 215
78 169 166 155
82 169 165 288
93 169 293 190
106 169 224 248
74 170 204 222
76 170 246 186
101 170 276 246
106 170 179 297
160 170 244 194
113 171 216 193
114 171 224 161
118 171 204 251
12 172 234 174
116 172 186 157
53 173 217 284
76 173 151 173
133 173 181 229
150 173 189 248
172 173 206 295
17 174 176 243
19 174 218 222
85 174 222 241
57 175 204 237
131 175 191 209
133 175 262 272
2 176 192 271
34 176 277 165
99 176 168 159
155 176 272 186
175 176 252 152
79 177 254 152
111 177 273 160
112 177 284 178
114 177 292 258
14 178 200 167
75 178 290 215
97 178 198 217
134 178 273 156
135 179 204 245
148 179 273 222
159 179 199 275
169 179 174 201
20 180 183 276
51 180 248 236
55 180 231 261
86 180 212 178
161 180 270 278
179 180 283 159
16 181 226 274
51 181 242 283
77 181 258 179
108 181 294 211
147 181 246 269
21 182 231 163
50 182 196 285
65 182 179 237
117 182 291 191
132 182 168 173
177 182 176 297
14 183 221 175
56 183 273 161
102 183 188 192
173 183 165 281
49 184 225 211
62 184 203 242
85 184 191 152
111 184 296 218
104 185 282 290
182 185 240 155
130 186 186 236
164 186 194 173
98 187 192 208
122 187 293 259
138 187 191 287
166 187 202 269
168 187 274 298
24 188 274 264
59 188 226 281
84 188 161 268
149 188 232 152
9 189 202 236
21 189 269 215
39 189 150 281
30 190 152 160
86 190 251 285
151 190 291 160
63 191 177 238
80 191 170 159
150 191 192 207
186 191 264 296
61 192 276 240
117 192 215 164
119 192 230 170
92 193 158 270
95 193 173 236
99 193 247 229
36 194 163 156
60 194 211 192
98 194 207 204
164 194 249 220
12 195 239 225
176 195 284 195
194 195 219 208
62 196 162 262
64 196 231 220
186 196 194 224
6 197 152 269
12 197 222 178
76 197 172 208
120 197 296 190
195 197 290 199
94 198 198 164
110 198 156 153
135 198 295 209
176 198 206 289
48 199 285 282
55 199 229 215
79 199 292 289
131 199 152 205
7 200 207 159
46 200 223 193
59 200 154 210
195 200 232 176
10 200
915