50
6
6 7 2 9 4 3 
3
1 4 6 
9
0 6 5 1 3 2 4 9 8 
5
6 7 1 9 8 
9
5 7 9 6 3 8 4 1 0 
2
2 7 
9
9 7 1 8 6 0 5 2 4 
9
0 7 6 3 4 9 1 5 8 
9
3 9 2 1 8 0 7 4 5 
7
8 6 2 3 7 4 5 
2
1 2 
5
4 0 7 3 9 
5
9 2 7 3 8 
8
1 0 9 7 2 4 3 5 
5
4 5 8 2 6 
3
3 6 1 
7
3 4 5 9 8 2 0 
9
7 4 2 1 6 9 3 5 8 
2
4 1 
9
2 5 1 0 7 6 9 4 8 
4
8 4 7 9 
2
0 6 
6
8 6 1 5 9 7 
7
2 7 1 4 8 3 9 
7
4 9 5 2 8 0 3 
3
2 1 6 
5
6 0 9 1 7 
6
9 8 1 7 4 0 
2
3 0 
3
4 5 0 
4
8 7 5 9 
8
5 4 3 0 1 9 7 6 
9
3 4 5 0 2 1 9 7 8 
4
4 6 3 0 
2
7 0 
9
6 3 0 4 8 2 5 9 7 
4
6 3 9 1 
3
4 5 7 
6
1 9 2 4 5 7 
4
1 4 0 6 
4
0 8 7 2 
4
3 8 0 7 
9
3 2 6 9 0 4 5 8 1 
5
9 0 3 5 2 
8
3 7 6 2 8 0 1 9 
3
0 8 6 
2
2 4 
7
0 2 1 3 4 5 7 
7
7 0 9 1 3 8 2 
5
3 9 7 8 5 
