800
2649671 132678660
116293445 6193260
29050062 -129737257
40268080 44505535
-90214973 -112120491
39543795 -119329605
102876400 126490939
26999236 82071258
-61647899 2725880
78241126 -84449841
-27776227 60656105
-2784183 -72094806
20498238 -1266447
-74361351 132616656
34589188 -81077497
-62946054 77800144
33658299 58078948
-99835773 74477439
105704118 7602275
15671613 -97585970
-47710242 92347515
-103250891 -123276511
126169825 -92835793
10684945 112261152
14428019 -93300272
-72013219 47724069
54099902 122343800
-19956508 40677614
-107395738 -118159537
-75396665 -15648541
-51193703 -130122718
69249542 -51851360
24598921 -14303031
-75077744 5887123
39610482 27016359
37559570 82662771
100396553 67453108
-28980839 25682468
38039010 93736426
128593146 -76136192
-34283694 23338059
-14057998 9430673
-58658710 -98307757
-100983463 -65903415
37052347 -53491336
-1168265 118213195
43967104 -88944728
-118306888 -122372017
29663972 -21406636
-9801287 -94959272
86448902 -111642056
-75192965 -130938258
71565996 114843525
-45993810 -86446711
95920642 -105600624
113831758 -95985918
-58240575 -75084206
-23313344 -64843772
39436414 -127706851
-124650126 -41743209
-50988026 5418008
39450092 -26857149
-45404953 -31004401
41713822 -61886973
1014181 -48346778
-89292492 -74662089
-125795744 -128390580
97083070 93590876
15538886 -133798648
-88530912 -69430498
9021313 7874153
-115302441 27274739
-123179279 -85168233
-74778242 64571245
-18905235 26530825
82440626 -57142018
32640477 -96953883
-78438293 -108526307
96254306 -18680276
121560329 90680358
-3044103 -39022204
-94811351 -119101334
51515490 -16113613
-112190948 122086802
-61946868 83495956
41775060 -105080893
45300217 31390987
-117886468 43128546
59022878 -32245973
133604884 31180823
45447173 64070896
59806559 -11209513
-72220166 -133726866
80789532 55641577
37319494 -41495698
134091446 95756582
53834475 61109032
-98868949 -108807130
100353201 -104383031
-85140983 101599746
81908399 -32543923
-53589542 43817868
-56897406 -62990379
104819273 47462658
9545680 67189381
40862715 -33717433
5940691 42014949
-8046776 130045834
97337410 9186747
119495547 -127617010
82084620 123028663
61845316 121542388
-87470003 26548987
41043153 -22289460
-126430121 5355089
69696060 27793082
65852471 -106385755
81337375 64574909
-26385392 66924202
-103525193 -130045605
-67809379 60283211
-96300072 1161206
52540506 132699626
92380167 61507978
15384722 102085181
-132370238 -126549529
-82514082 109325641
-55811503 -116639245
-74605198 -32329441
-33691158 -21930862
-100826470 -34601545
109398147 59774120
-119655076 71520339
-61289202 -109031270
-34803602 92862396
89150186 48648775
-60607872 -128869961
-56015734 -41660621
-120165875 62796322
-23712491 -84159302
-118483471 -78712954
-41927784 -129896922
-39010561 97227462
97972531 -103835607
86831705 108042674
-42364740 -53614057
-132566696 -118514956
-89991328 -109948475
-28063376 -47409967
72385549 -72566674
-43401828 40785645
123809205 -130876761
104118511 125962998
94789259 108943328
-84471990 -55291427
5319401 -57848991
-48739743 18246420
91491891 116491288
106795254 57781887
99425915 -42221824
47686315 -101084951
21977046 101260698
125531373 120361122
80529840 -604322
-23390557 -7742360
62279435 -87912068
-37840999 94258294
45613426 79769898
31380910 6662682
-53264095 91735626
-87958874 66223350
-104417977 61559610
-122911624 122890477
-133754445 -126785430
100017329 -40955876
-39023265 83888476
100772528 -37602068
-14059013 -124628722
4158369 7953165
-41508335 -86166080
89364699 -38300671
-53455472 -67356
109765365 -100468658
120704963 133660607
-132529908 -6691081
-62374406 29399994
-97281020 -27736877
122097016 -112114751
-114317864 -89891155
59892687 -46067910
128779329 14929249
-102987575 109432546
39823772 -55297028
35255799 31421168
63081685 89613908
15853031 53706570
128990664 -28162009
133430822 -102566077
19942823 28121326
-11208803 90344989
11238320 -8057678
31689352 122390598
-83844 -64115925
-128806429 -63859650
40464008 -75135138
-122352501 -47531508
-43984136 -113383704
90405300 109962370
15954956 -131531346
-22324806 -106132560
102628608 -36823620
-28581325 -78202117
67961254 86890786
-49787346 -130173158
-19598257 2350489
99354014 30796419
25299983 67531179
132366600 -67005257
130261906 25154009
132187574 49828222
-34860184 -18611580
105015476 -131378713
26958320 53378483
79326348 -112381223
123980437 -6341778
72025387 -92870445
24599049 112435782
-51203186 -114517841
-91710068 53668941
63784972 -111384090
-21345755 -63786222
-83750980 -129331780
68826388 107203443
66734935 -24085228
33089366 -64627218
-86347790 -3840079
73000227 73498927
56704782 -8743109
71393166 3603400
104498724 25216586
62783561 -44592643
-30609683 -117445562
128790640 93385079
93359766 43315146
105069325 -52203195
12854922 -24201800
-105435390 25871456
54455533 -118776113
-97039814 34547253
89417983 -96639687
-44525280 -71454065
79894850 -91602309
83287505 129276633
126055408 -82540013
90869705 26616103
110770654 -93101652
92551233 40871841
84412832 100607519
-99511646 32506211
-116325528 -80488526
96153675 71841163
-34107303 -98642358
-64111558 89189203
-62863413 -9648149
-61469841 7809457
52665219 98193385
40084424 -11880028
30328264 85662048
-50942174 60334335
-70065013 -71458422
-15089910 -26521931
26788465 -27533774
41848267 -45481767
-47697150 -90448678
-109202013 23956902
-78727508 18254199
133446505 -73187904
101873117 50490628
73669307 -5355794
121272564 -13363617
24599889 40508234
-11121613 -110944387
2401054 -97183719
20036174 -57618680
-68274959 -57009696
-8672364 82348351
-15204449 106412352
-101326355 9750888
-131157957 -67638382
-115593669 89899870
59994637 35949374
-4179093 13351957
-69681938 133913087
-116184131 115913622
34852621 80855876
-40320310 91073854
127795273 -10586756
118714806 96910869
131466928 -52191163
127143479 121333439
-107700080 -23933227
-4624055 -121567946
29508884 26213772
102496753 109989912
105893878 22281110
-5689952 47878093
31967482 89711347
-103450370 -21952046
18553581 -73027952
19658920 127943535
-68549633 -67817318
-124872444 -32563632
-23893732 36719180
-117264119 95970418
-59436187 111528314
-98003506 -69127702
82575743 -67429632
97357601 -119011020
33909605 -132582367
-56110676 -80495133
-43527550 -57913705
-133469030 35525438
-101097148 19521450
56606896 -25076496
-59050206 72114541
-66830459 89017503
6170761 36528436
25074807 120094588
-77118947 122130143
-48601151 -96228363
-93248265 69225950
-90416385 26230926
82560624 48792889
53981039 96305869
26433282 -42437240
-77828523 -38061783
-95900917 -70936914
-30132935 -46293928
52823953 -101308193
93828540 -37541920
-40403115 126935857
39099170 113709831
60397359 27917574
-30367669 -10812177
-30956524 76186563
-5902221 15915415
-97748524 48369918
30719176 -42296059
65333855 -102669905
-19481455 -20699892
10968573 130038972
-128102724 -46346138
-124135734 -58971126
-75098890 15848795
-125772228 73994131
120235821 -4289381
-122771331 71159895
99087315 -119754682
-96741886 128980900
37055546 69032766
-93569114 26662026
-123856092 -74891862
95786186 38703144
-10623642 -13739941
-117716747 39162433
134147174 102976061
114120802 -131041481
-46831644 69521607
89451705 105639557
-31086753 76945906
-65131270 52266563
75925641 -72219992
-14637707 97613211
-117909559 88974305
-68406262 131269537
21608045 64566204
15924674 -34986290
57818326 -125823273
-67218572 -7948026
-49354662 -16478942
21325028 -32776789
30969791 -38200842
32012030 80390160
-16467425 -92014995
128175740 15632755
-6451635 -99581421
111341690 -82148612
-3439064 -80889111
110357507 -103030539
97802317 -52159957
-130858172 -20134390
56380747 7259841
-82194060 -104535064
4464746 -87859669
-44532366 17016435
-35142714 -10502759
-43293162 -105797025
81159614 65525716
106090730 -114647186
-111835758 93441196
-58213035 4554285
2376509 -28685465
-63446169 4313816
45732685 -40608380
56414497 68244722
-41662294 -117931886
-100564159 -109976772
110972080 -79298638
116577681 71681261
-55564175 121837981
50796823 8348709
102844790 -116456268
60930652 85134044
32697401 -104645306
-94254036 21281580
-107821534 -90347958
132661786 78391303
-105487817 9044739
-113401845 127336327
-113141054 -25927916
111426137 119564123
90402791 -15322877
-132702738 -101832433
112879166 61398313
-6704600 97770481
-71962402 -8211965
65222577 -121315579
18292371 -50447087
-9433014 -63641425
-84022583 -111329460
102004663 27966524
-109372471 -87156710
-47063697 -129184915
-103468502 111738596
131257176 85942406
-29091553 112282825
-97198892 35073449
56740401 -108625989
-108539622 33703597
-50896451 -118916072
116148938 -74694765
20229887 -94654894
-73150254 -11005614
-98598564 -6371524
53323219 -63346221
-115063644 -130008529
21353437 -18739616
117114207 -77508996
-62096614 -48758504
103908532 -34656577
-125601701 123019476
106221118 -98913526
90273408 73281672
117674207 -54256932
5590861 102299383
-115513924 77061461
77485843 69194176
6840956 -59570839
15131472 -55639854
53387837 65880698
110306813 -128647348
-113120778 79607448
-32329420 91403433
-115102664 36592896
-28265104 92530354
100275618 -55974690
-74219764 -96376029
58321387 -7718604
-131623462 13516166
-64724734 22720071
-68045884 7272885
101474364 -129733012
53626581 -117340507
-76103955 112431892
-64688550 -88784591
2347479 -2311889
104326133 93850328
-57603197 -96066854
86964498 -116497631
-69730179 74957778
-55766764 43310888
-79467779 97326676
66324883 5656413
4182379 47759424
3065936 59551518
-86159992 40838078
-100263453 -89096442
-89583044 -43278985
-51993794 47745901
55991211 -27633199
35666226 59354308
-43649928 -70194886
-104805577 -15715502
114789429 36639295
63837780 95487623
-87650054 11516613
-20982715 -58356460
112454057 -39860299
-93162343 13038222
-96035157 -44514900
-76565311 -126504527
-4983542 -70281728
60541795 40585165
108064414 96496491
13124614 -11733276
-112020590 102220597
-133664196 -68722302
89715884 -39725232
91342238 76612323
130111322 23869055
123122679 124159272
-15359046 15742407
-23836756 -11893895
70245732 19975010
-48247519 111262946
123196285 -71068825
133765726 18212416
106900000 -51682697
-39623115 78212079
-97323158 40246036
-77637411 57767262
73994967 -31066479
71271104 73301793
-7338797 119811872
-111277203 6339046
-116160390 78359088
6632880 -12707150
50516832 -113494027
-133593115 -94215791
-38075811 27902195
-128968015 -1354043
-101490880 -10411429
-64121696 -16296063
-89978482 -58753730
-63943106 82168820
-115942769 5705126
74717219 -126831614
-69005782 104446972
12206506 -75602336
21568460 127911900
26652459 -67234850
-59323548 -119913123
-81452487 -4635771
-86189000 -120826643
-27302243 21126049
30241111 40793805
-118303586 -95759259
-115276369 -3292044
-4961499 -116556472
-50344714 78679286
41462466 41737390
-61400357 -109189609
-86810233 37528997
-1574922 111458897
-52347868 118595978
-111467746 82627240
-5782604 102120905
81113382 87213873
68560354 -99889507
129185596 88388254
-132548033 -111377347
67483928 -115907652
-124625753 89054468
-55329025 -54285101
-14226139 96352118
-116722705 89432303
-42315977 24399827
78900360 2652206
15534162 78526442
-97451968 -33806753
-12731396 27889580
-46948194 71656336
21596655 -87799348
-3764194 -48080277
102032248 121913481
32498276 116743242
-76360852 -68689870
101419124 -65524956
6720682 -119673813
21120019 40968735
47591214 -52664012
-51935166 -126463930
-82259904 9757185
40301770 -86959778
48399664 -124837448
15378826 -49330424
74654770 25382873
9330313 59758524
-34304978 101237340
54589996 87960117
-28327367 43820634
-48120231 -58270575
130913049 56818348
-33292717 32219465
35855433 91448173
-72029016 -60451108
25281495 -105053522
81310981 -68664206
-53425332 -51628508
71485865 37963295
-29272499 -43713709
114804105 133318063
-102939494 -95514518
49787553 -46247143
18767473 -131141390
-29742655 -98153247
-8961741 -104446121
11106371 -37034495
-65909624 18495451
66233329 -62550797
-68864358 93309662
-114629894 5212558
12151451 -1863195
51533337 -104029192
63931487 97686512
-107003151 103373874
87584662 -42595637
90219076 -88457654
-45854050 -14813638
-106810207 -33054763
99186100 -92677060
1746567 -130283108
-98878322 131550538
80033830 38693083
-1273477 -96711755
-53631989 65915502
101518826 -507624
125411247 70535127
1343887 -62325087
-90243112 59582606
-91709601 43309951
-39694881 -52249293
-59420849 13868240
76744061 89777103
107852402 29750544
28822091 21263800
-46753469 -106669358
115526151 63481218
-126322450 113414525
-18948100 1113161
16160937 -74278084
110249744 73411166
-42628286 22133758
110636462 47039309
-126689340 -23102908
-58803211 -115711459
89683679 -6723395
-98230506 105812603
65445235 42751148
39812315 60163757
84511691 15857767
4458566 92927557
-99040756 91670946
-56101770 -96659182
35704172 -43498026
40956341 14361949
66200106 74823963
-107825435 -114894418
21418451 104085418
23477839 -128584645
-111582540 -18042953
100264800 -4675992
41837514 60910262
90747564 -37378209
95326699 -5526626
-120009440 -12520707
4594492 -8923201
-59637216 -101995976
85479941 -39922091
62841015 51185923
39902724 -56372281
126277183 69013834
84214448 114057673
-36792767 60178504
43306235 39840274
-4532490 71847309
124015323 -65406713
-121147661 37373129
-41787478 107026788
115024321 -66874186
-107184261 -111777109
122601187 -96831643
114267820 -60742700
-76129889 76973038
-88968374 119711460
-5631207 -16701622
-13695958 -71764785
-4359640 -70425460
78091108 -28348514
-70960621 -75980523
-36600723 -25706608
-62111822 120754963
110992093 -48453222
26562862 -107284584
-65887558 24826356
-114231356 62985518
59033499 94846788
-58720702 23346177
67505674 35304341
87084499 23082178
99904227 6527498
23045305 45551959
133682678 56731987
-18449867 98607171
-80593709 -41129730
9267626 -120038790
-82399869 39609150
-102691078 -133628123
33757003 69144055
-90093957 -122433964
-75061031 130779892
131381789 -73194560
105448694 126140428
-34997194 13355710
127950850 121267031
-2874447 -45461323
-53813797 86128617
71581142 -99495543
90950594 17126575
-34934345 94281955
54974909 -111038016
4627290 100569288
-35036858 -47145115
-62317502 61235877
-18195713 74975572
-28869857 -36194318
-91397786 3934467
46151137 -132037178
132934874 -127265433
-73349614 116089861
76406219 62528674
36312913 -121641308
22424527 -113333957
-54097456 67828564
-1303041 -92137654
-131578524 -27568648
-47576066 109600616
131830194 -55347124
-11538606 69609359
-66917742 73879679
10132638 2453032
125081618 97117756
82075531 -101634818
-52856343 64470586
-127360814 -50157650
-96690480 -23460550
-65447102 -67974432
63298409 -42963308
8613446 88315397
81861822 -104520341
-20118695 62980029
-60264364 36474999
74049069 99651861
91903785 -75170254
-67690482 -85031642
24191188 -84770546
81384766 -105943105
-12750837 22361048
82560404 120321295
-115449283 4948923
-112369092 112273987
-102515251 -113646495
-85584021 102879751
-120106019 -86936627
-129530990 -114196847
-46790966 -52168167
-72915859 104580627
108922012 96483021
101273883 88504157
84268128 116951346
-110737141 -30414642
31454086 65459438
-105317406 -113996534
105588849 50629465
121802714 -73943212
64344698 -131753809
-31898191 -75856804
-1279889 -99783610
94208254 44354984
44072700 -75273485
-12297792 -55763808
-59729051 -55608699
-49655181 37423892
-79972173 52880115
55483637 43580271
-85757637 -6741240
-53166531 9993778
99251167 -116387045
-99219332 -13223609
-94430710 43204718
-34370812 -79540642
2795672 -90128152
-107826770 -43304381
-133491249 -2464906
63176122 69686799
27367051 101516049
-46351937 -47794070
-85104090 77130185
-72995059 -39091777
128073402 -126988680
