100
124571301 -64395717
50790052 -73932458
-114953272 -74371666
-53038091 -31736483
41849997 -20890491
62259501 24561775
-31423200 -124352456
-114076377 -129897755
-5188886 28532488
36776185 105434303
115789971 -51464869
-95881324 21170454
37921516 -120103911
-8198487 -30396417
96638332 -54053715
18960844 5996447
-21688787 -44258987
-107971996 -106100316
8310437 71952004
-126746862 -59561033
13150583 8226251
32151235 55209652
-88238324 86188769
120359621 9137030
-43695650 -110950749
-96869710 106955205
-69482047 113309411
19833934 -79219144
60879345 -97052988
-3836850 -110873751
103017573 -4703010
127421044 49487262
-2250660 -40320816
47263568 111395667
105786127 103300294
64258902 52606376
-13554797 -52408644
-19108722 -45889550
-103040872 39164630
-114704990 2573444
-106081851 94631369
-103210265 90890399
34228212 -91249456
65925103 -56217439
-81390761 84268171
-99299316 110203237
-560503 119780407
35921590 21634325
-23504355 -77903
3820738 -25230228
-36497133 -128049309
-89836546 -113843887
125178890 82032535
-10825737 -41828555
-79652901 -91040276
-915394 82565214
-28155151 120636049
-112648121 29465926
74023556 -7242973
92568054 2128472
71493897 113695970
60092783 -132421540
-117011940 -68364630
69777381 87575081
34704162 48105430
28037668 97100766
-40729702 -97040175
64721625 -27898378
103993849 45486628
-22308151 -93825235
-12064581 -69474173
-105278535 -89831362
-128706445 96484195
70477399 -117504563
-95731561 24049656
68576032 -17162796
-93909323 -16241238
128852570 123048974
-71000774 92180314
-21183799 32444303
31672673 -13828209
-130718883 97599181
-56365021 -93595449
58876978 -72887669
-71546688 41504017
10472396 -17834280
-24568526 28888485
25205285 -106804939
56589113 -36017119
-125754990 -54680534
-33188883 108408119
-56344480 -109865763
83497021 -66652077
212303 -107697953
-14254522 -131180949
-65418432 65902712
-73312163 -30111232
-19796367 -22053553
-101876296 72307886
-64393557 -88141166
