500
49916266 115027720
-61688745 -123731306
-41661091 -24517123
-50508320 91147910
-109813696 33091726
58152183 75255875
-131055084 -113523401
-90480820 -111122076
20468302 75510963
100091743 125903967
39363100 -30752174
92090744 127795830
-55898382 -90246371
113724246 40201803
-113099932 -59703861
90631870 -65209626
83430848 88521368
-102893076 1420576
131520370 129856344
-82734332 114539972
-38674892 -66322537
-37111498 -115383305
44041468 110257664
78196372 -108900057
47211247 -25367788
-55094968 -69831198
107092987 44439679
120637159 855495
67381743 -134107416
-80060814 -46253272
-12917406 -54648876
-8862949 18268578
78765738 18939647
3767454 -77841801
128183354 59582787
-51661179 43934476
-15697321 70960508
53686319 7355037
-73546475 1046701
85650636 -42812008
-101808831 88127814
129821008 -105711471
-99620370 -134001676
132883216 -10951475
66098163 93185311
95106510 78019031
68155575 -25375729
5152971 -85472932
111820982 36242909
119806042 -118325892
-75131782 131886498
75274229 -73510112
-58218360 66675835
-28306503 -77453729
-125999061 -13681383
-40128192 94218921
78147848 -118564944
-124770422 65184761
86530084 -63612039
1307205 -99379294
-14179296 31257954
-108804317 10762918
-45338110 7416794
-78843301 57845899
-40045406 -117119761
123115229 -3630757
117556550 7414255
-41682330 -87608190
-82846987 7877650
70888264 -48297463
108815294 -26361495
112745179 -73562073
-48492555 44636330
15491080 98125940
76048558 7060898
67319093 -36051109
5901742 57936470
-93316560 -45203285
4425387 125364734
67220792 5826597
-11762050 -8652387
55883624 48610268
-105283148 110545801
64056462 49179345
-92483766 10928235
-114116637 110995852
118316619 -102656401
68413915 -121964737
-24250100 8725337
124568456 62631766
-111671223 -68300867
-28362966 -26100226
123034317 -16002530
-57286765 -11889008
-3231563 -110313478
23212349 -27334684
-36795480 -42198930
-99906870 96904001
102909937 74365769
-37401813 3979975
-64496771 -10017755
27707796 -113296416
66385228 122291014
-84546197 22213221
12019107 -45683732
-88730893 18031265
-15730856 -107919909
124458811 -128065678
53081164 -1671872
-8158821 -102001921
-31922816 50760488
127049801 -42176443
-24115001 17849875
-23046056 17173234
49425737 119555236
-110710138 43962759
27311379 -120199875
2021134 -15863721
33704902 94366074
85813058 -34919076
59248051 -101014000
110019002 30449894
-21063295 20930858
64437674 134055844
122871477 -40988257
-25896203 -129694658
-79416293 21443395
-81891392 128681461
56536467 -118029026
-14747617 97865288
108558059 -72413588
-11756243 69129291
-57880439 -39716701
-75563956 -47810718
-102603727 42312852
128165333 56218906
128267931 84886656
98054207 -60236246
-18274578 49556808
48346933 -94550819
78444652 18813834
132447024 2314766
18851099 -132463134
91348452 -109495410
-86678382 78265819
41325241 115189561
-90681656 39817406
108986719 10901016
-47594887 -58243308
58283956 -51106898
-21992266 105792230
-88816138 102777665
100827052 74132176
50068784 131263837
65690310 75354027
-85083676 -41892434
85141169 96247833
-122421087 84212792
132152372 104243662
-96242361 -57683159
32671764 -10572651
35878597 27288045
19701492 -87352348
35355155 -19362940
-71332376 10971067
-90055437 94005590
-113522690 44304676
-65611228 4547862
29595652 -109058633
118539870 59522338
99316050 30329558
-115835582 -29808337
-39955855 -130813252
-9432465 38189143
-116134606 -13966868
-2707748 -132211705
80204477 -58867227
131735775 71251784
27960645 -114015836
-35220167 118079587
-22902169 -3857809
103334530 133400439
19556409 -72267209
93561349 -52857541
-116608025 61763163
101664450 -114542029
67124018 -114508703
30799336 132338076
27536651 76274016
-19777168 -64675022
-77810425 -126782338
-50858000 77787832
45104128 -112993250
-114102305 -35482600
-113799283 -29533098
55792689 -106167269
-32819572 -116918465
132076076 37180754
725380 -10516476
-34030663 -66677743
-105433707 -100915273
16485375 -24579485
110065921 5956474
10081930 -14101744
-126637320 -33969917
-100990992 -80629123
-117565016 130733955
119159038 88884927
-95997214 104207219
-11445698 -81656436
15971535 53880953
-14958089 26704845
106530326 93946674
83462394 54771368
-95804001 -85436046
84001662 10922190
-33678622 45537482
-81094070 -7432411
132852425 30588539
-18036151 -93505411
131100517 -21016443
-83837078 2689923
98624108 45975149
93500168 -18677009
-50720007 24451215
4234391 -64029504
95957844 19091956
-119017740 82050862
86658566 -99778684
-27034203 -78218780
11180905 50928875
112066856 -17221888
98170527 76973219
-123925593 68355701
-51203349 -146246
83965068 -70808496
8799828 99363363
-84092624 53854572
-121025550 329193
14735336 -38365888
-6947141 87553133
-130122975 -83144792
-124248287 24546435
-55971838 -30663954
-30704168 77612199
-126206757 114656340
-61277415 -37791839
-120434969 -24411539
-47359763 129064473
-17634578 -32090408
66865501 -6198715
52187994 132513934
45615795 -35376027
-84026468 -39138160
14942494 -30542669
-121072128 53172325
-41811813 -93083655
-18890682 69754418
56207647 -58869298
-25639073 -26550136
68942368 104240164
-114839496 37902156
-82764636 -118522198
101168981 -17411891
-14176095 -55018027
-11847917 -64692790
-9606882 99109967
113429312 30080214
-117060354 -31917618
72974128 -45037357
87560692 -44187577
71249283 -129718743
12929577 -35374156
29853958 101587147
-101628534 64962307
-89528598 115334888
103130137 -13977959
104462871 -6779887
131873161 -30404178
-46785349 60698160
-11410086 53989112
-49849146 114772444
-50527891 71979371
-81493016 113448090
-130240450 -69242585
34694360 -51196663
78377415 -18129051
109588401 -119350621
-123206163 80957960
19392667 20340746
-128692401 -124479348
34887881 -19485081
-39873629 -111597484
22385834 -62726503
34049488 -47184192
14958005 -34205264
63604155 -58294758
5130505 122907069
-24765812 9721355
124246934 -83124234
13086111 62918475
39320610 -96713951
85836880 114073856
120121566 56056503
-38961495 -36655752
121767133 -96083738
7750682 85266508
-125383683 26216838
87535180 51367412
-45686770 -55353585
32792591 38152911
124254419 97378352
96019284 -80561867
-60720743 83402474
-77748289 107345910
44987640 -132731658
62338762 -65844580
-115187708 -96139727
94004326 -132027247
-127864810 -21626313
-83616670 -77858715
-60089872 -105028444
108614444 1350302
3446686 83447387
-121885557 -87373747
-94400716 101397672
-124523014 5571928
-19235077 124986829
112079485 -61374361
38909255 -132026542
44958542 -75384982
27024444 36807880
103881764 -104010678
-112302467 -97708624
18066762 -4234932
-124909119 90234264
71360439 109932197
101129825 -3107908
-49394567 64976978
33146195 88011721
-12787474 100584395
-84920378 126149071
47941247 103860768
-54955850 -122866412
-80402331 82519526
-91756546 -66115620
-24724763 57405002
131202085 68642114
-127725992 -125577413
131862467 101565336
-119793221 -66193762
-33505071 -120138162
-130487854 49684975
-12941525 38802687
-18737548 -97912131
-34933263 -36836538
88625427 93501431
-3939630 12782072
-90410314 44036824
74938287 103362503
-47991423 -9541688
60773414 -129725358
-77720268 -30132993
108668355 97850669
113685100 124307940
80167626 73644409
126964927 56518583
-105023415 53362761
63708329 17619086
53558556 132714518
48725732 -19376950
-113315913 73891442
128427149 133852107
86094446 102932908
-65323692 49026445
-11219509 67423644
-128753757 -35702765
-126583505 14425245
95395962 6732231
42654968 54610191
-51457237 -127688855
-72620227 -70910574
81890798 -45935001
21705557 -88104764
-123108980 49479361
73536771 -79493684
95092662 90540634
-77037472 -53377374
49772406 -210340
-48858624 3504637
102082021 99399440
-33971423 126053176
99605587 -129781439
99809832 -61690760
-123842756 91626270
62116721 -107923118
-91434580 6955007
-64066744 15759219
-96269448 14265687
-6931890 -125970190
-44773492 -111273009
-115733421 -112250989
-16209794 53690902
-80203290 105979642
23788228 116367261
56806979 56781632
-112639727 -102402317
44956411 13059625
-40281719 -84099503
26610997 110958612
53824307 -99582469
-51215213 13673277
-42048112 94976422
55379793 -111757572
-1994280 -29265818
-81604276 -131904579
3308759 29587650
-2495747 -129117332
-130988252 74268343
69626629 115870821
-65178445 -7814209
-128132078 109773291
12732536 59430793
73447416 -100692642
42442542 71029719
-9731054 112473557
-1419611 -64243715
-49147221 92138581
-86758801 116584989
-91968483 -57455310
-34191918 14075361
-88359367 92841769
-34884834 -108000416
102322367 -114455863
91644058 108440937
105062252 -103216685
43909876 122157366
-33314932 29062729
23075373 91018242
-106420545 -37982029
-119491944 17031420
-79934196 -7436024
-67497241 133759513
116389206 59064127
-115803372 -50630335
-130399952 -52751506
-131518231 -20137365
-24496971 -431271
54676849 40764690
-48941989 -105786055
5102493 26863673
-98321603 125927647
49885438 56718727
-9927082 56045890
-103075623 91906614
-36906367 -106128058
115566079 -22462570
-90343644 -89150637
125507916 -108442165
-89556928 16341013
99745120 -5287748
106194639 13059819
-7367625 -85830883
-105845122 -4185140
12441931 118222781
14771966 59748279
-70607208 78392270
19452633 4096460
7877195 -33277897
118113188 -113730622
120926217 -82676989
95214253 -39445556
-97325716 -118993664
-67239952 -61661195
115688468 98597916
-127261891 77039937
-75381283 102716852
9256622 5933388
-38552405 112275844
55393543 78315781
85936703 101641452
102111297 -122299853
-113279597 50519268
122716480 -31929234
-129940990 22298442
10675111 86307302
92334324 -131002884
69046404 119196604
21066962 -113831658
-15466324 126291652
-42617568 -100061817
-55982363 106031006
100359157 17413037
-56846673 114309656
64123813 -48176204
-114367537 -83304488
-44790692 -31216169
94722382 -67836390
13669750 -98431558
-17478464 -115699029
