1000
-29279934 -116679281
130085294 2207372
-35679418 48315690
-22020328 122654214
3379755 49295010
2038911 59427907
-76585953 -39639281
61655285 8032544
-49767934 -13374983
48291166 120857427
-57174981 58348674
115255159 106440600
-121797668 79824174
88098279 -29965463
30301941 -6094277
-126434881 27771859
101389319 59124332
-66768169 31540750
-73781319 -130037148
32047160 57556697
59154768 -63044821
-44846160 4211322
-97914811 10853104
-29835865 -70720157
-114407361 -23778762
-9924814 44674266
-120110529 134020353
-93051186 133778077
-8571652 -72731447
98909207 -123749589
-116505993 -12282856
-79795161 54465925
91079451 -40111928
-45248873 -132195000
-91832322 -114719941
2508850 -34177743
-129254751 -88660164
-45602451 -5040676
72845120 89471222
89359866 -35594087
78321465 -88061040
-36132742 -23970428
-130110354 -70822829
-93796246 -35606076
77427379 -83494241
-67024686 27034657
-119312198 -55086722
-70722926 23998077
128663335 -36215550
95481339 111352244
-55356976 73977650
50109319 -102324270
113663949 67373033
-63866823 47884750
9063954 -54459274
127693236 -73860060
-42923592 99486318
-123738469 -93861922
53485699 51693913
134181325 133106237
100625459 113524568
-52241665 31918826
-110393957 71328580
57405705 16656794
-93095168 -41429293
-120901671 -98302377
19226937 94393239
85201148 -11283535
-129809487 58346476
69690647 -103772184
-35153714 -11288761
74285661 -41987016
66478082 -46204155
93012804 -133928206
-113134486 131202218
63749058 -34610715
-10498759 126111910
-41159999 -6663228
120705855 49760638
58997728 -56048224
4739055 -44746259
-89000685 -110277197
-68113004 -24315944
-17638456 -106671219
-61467467 37426593
100818490 -133591340
133804603 20547105
-122397496 91084583
-120524050 -34884419
93475116 -114495909
-99537102 57429870
-119286072 -50798122
-82606561 108052540
6188620 81223112
-112381606 94877470
-10988031 -67141807
-125852756 -23121806
-65628863 -94889212
-11904143 122679678
-61614215 13037083
2877297 -7000496
-107558081 -70195113
70793876 -1857167
-103556405 -84982153
94981641 -54606244
95855594 -82440922
106513802 111841609
-53737415 113089476
-8326069 3704614
-21855125 -43726321
37229982 74321692
35391569 -59499400
74303350 -102017517
-120123531 -117067101
68191814 -121607771
-57709031 111323751
-110972671 56333552
87704330 -118584846
-26852102 -18511441
-123377435 82709188
-98866083 83515072
-89670635 67458887
-88794677 -108418824
71403295 59289888
70693720 4792337
30073492 -24030584
65176960 -62191199
-125745452 -91380077
-115213345 21794967
-85086012 112665252
-116103911 -109273377
67107676 -55377433
76200682 93294144
-18628307 109046761
45621444 42078468
92716154 108334163
70786084 -93514330
-34116771 77981023
114734873 106917705
-95858054 -116262131
-11143781 -14328425
-30264810 -25803862
-36901670 75947932
-106441601 83839909
-57988091 119089996
-69312849 86314486
7362291 -20395478
125627291 -120510720
-46290562 37992045
69693275 -48497988
-95637429 84258603
-67824429 44951447
-14388712 131345640
-52152943 64510328
77056070 103164219
51960097 -96891840
-91626538 122690056
-111106765 -129837307
-17599229 75558460
81932269 8902399
78485214 97533612
89285712 45970677
-82075987 67153643
107363371 -17714922
-28221755 133187730
111928542 97962541
-63873225 -29623389
-11623672 -91595759
-581448 -92128607
-47647847 114612889
-111524544 -61724672
-113446868 130575008
-104147617 -51323803
-106280936 -62644619
-130085203 -86569421
65290197 78747437
-121633513 54959582
71298229 66280593
-47140615 108580083
-53604409 115165283
-114355367 -14225175
-9644880 132051770
-131980545 49141778
101944399 -75863695
-125440419 53463122
64051165 100131148
-75196758 -112070244
-132319466 -87354959
-45312079 77268202
-56712660 95302369
53792631 -67066000
-28104801 128057419
54972286 76936352
-97879184 102153691
97997184 -47047024
74665275 24395349
-6746114 -34319495
18249254 81547211
111477504 41700982
17629680 -55455363
62231203 -83443957
105159871 2130147
-59170371 90420648
-46265853 -26050246
74697728 54042053
-17004296 -69324054
81861934 -4760741
-109366673 -105573359
-122210891 116160558
46557149 -31711723
-116779148 -77095554
128592851 -80198970
-10819233 -1899764
-90135199 111489434
-31924620 -80424493
-91322658 98560597
-86406853 101790604
50640323 83026975
123249840 1936861
35874370 82863497
-12923268 13621899
-72002986 -36841373
91220230 71595836
37502324 -25264591
-14262069 -84514932
131789345 -30391417
72428520 -5798261
-25000026 23403017
-126919802 -46448024
-78203442 104311468
-4061318 -47780893
78599741 81078265
56696162 -39619623
76963672 4497950
46715545 8936877
-43231165 -45586150
15786131 -46252856
-122396868 124194701
-18126266 108528430
-17096115 70032466
48174792 -124169566
124994909 -95294209
2594452 49209023
20869907 -101695457
66688399 -95516134
-114013018 4131977
-56675567 -100077817
83888240 85369130
-58739130 47254047
129446573 12938507
-41059380 -49206156
-126217108 18584394
-113883526 41293750
-26031367 -35039962
-87687089 8364932
-20848521 33718501
103968270 -48107588
-118663360 117372124
-114763561 32175206
40698188 23968602
-25064387 67227298
133941238 -62818253
22721766 -116360136
28766765 27398869
18992699 91789981
18681786 -7886908
116240106 -39718226
67265351 62203907
92629356 79992810
-58590377 114372896
86303977 -81335708
81306833 115802206
133134462 -12154223
-125925383 118947806
12358230 103885466
121838421 129979852
91684210 -65687364
-21457853 -43018926
106670828 -32880990
1087958 -46275025
10744085 -36630962
133848603 -4996119
-89862741 82161626
-32430337 -105144271
-111584662 -29260700
23508693 21966523
-85667241 -78684872
59721642 -115781487
99965943 55423859
-36373249 73411701
34403849 99553284
-43095992 -2584311
116243045 69831385
-127700594 -79721015
123258921 22364709
24172434 5566610
-2274014 -76932769
5435604 104946803
92607671 94238536
8355217 -33573498
66522356 -110720021
-102671671 92912627
-3475334 -123079212
-131499839 32182911
77194174 92527369
2467367 121026099
-119659682 62340264
77160141 -103953803
-67325824 81277003
-73664547 -114951897
-1328296 125284279
-33289594 6822870
-47161 34317388
91763712 83699042
-76074906 80689747
-104387074 38450793
-65136253 -44602627
43602322 29583641
25525359 115276263
-127376059 129833045
95906375 3680840
67364582 9758334
8283319 111316477
128810252 -37227230
-91937321 58236153
133428752 -78134601
-100222161 22511553
-60944113 47665647
-39117300 113581788
-101110764 121829585
78040119 -33520229
68811020 -103279684
79912604 11027975
74341336 -45796485
3042246 -51739807
79642328 -32726420
6771217 90250990
-23549413 -134173705
-3962062 -415291
14386877 86344415
-88149266 80869309
-83507946 107274872
64471355 -20936610
99692564 81760769
131459425 127754917
-74874824 -113953463
90547504 4341907
36715938 -71064300
121797045 -60532796
84383516 -112178355
70691493 105671488
-40020951 -7475287
-91351894 -92344823
127723385 27461868
-87459702 60842069
-86952308 92843337
-105228032 71798545
5511773 -113964656
-14452678 -72436122
-92897633 8142717
-816702 65718734
-79003703 64468526
-88879219 98240035
20307239 -26023697
-85402657 8724319
-68601524 -56554943
-104449448 4592672
-126454459 6903095
101968197 119865264
70142850 66048969
8379980 59199103
-121138417 -81280201
-112000368 27433299
-80371533 62452281
134025545 -13262076
49922174 -131591869
-116463305 47490610
-35015449 -2401774
25127115 -71289388
-90029708 56119581
-27474220 11321186
17014959 96617141
-1855180 -64022603
21817010 -44401100
-42648305 -35330943
-28975916 -50508784
95433135 85047075
10136049 -27607669
23286552 -42229386
20355948 95022358
114860744 -36646010
76885818 109318529
-13332609 -62332663
73531727 117483373
110081148 -106093604
99008577 -89831356
-127430378 -96588747
-87447223 129985176
24044851 129055364
29143935 52448131
-41018238 -51535300
-82919224 -50908616
41318863 -116327538
123561084 -12261185
93399731 -74988319
-128209077 38156831
3400340 -123397926
-3068098 26751465
132266568 -62246064
114655835 3406168
-74721847 -4923494
70184535 -8143497
92019196 65060683
74899395 54348232
15247055 -94068519
65347996 114703873
64792224 101683615
87987567 28453834
-112459884 94145322
-97975257 113755134
-3107280 -73058641
-118796021 62318263
42760694 102568234
19719987 -130590975
77047593 -132084871
-43469243 99359714
96592142 -123909601
-61737840 -112398531
-83904985 -128588934
10932401 -64882311
-118077321 -53539336
126527112 127655060
43721391 -107827931
129489971 -64667986
107273355 -110117717
123384424 -15206310
-15632698 19871705
40996675 104534013
-88977895 -10213870
-53975159 94097250
45903396 71394888
76363444 -54639328
77513250 -80932055
4430119 117685401
37414010 22632856
16022627 -11241828
126764113 -48399934
-107743886 115359469
-44713571 -65964342
-61119251 100488666
-133166664 123845215
49329401 -123212249
78508141 -10425908
-59318860 -127265558
-23909463 48252375
-119438803 3536692
-33820703 4477298
85187051 92417690
37182266 121653002
80572057 125183532
67429462 32680610
-67144868 62425536
25074896 -89631267
74647725 37520374
-94938141 -1366944
-76959599 69876496
53407204 86076705
110249894 15668843
76399981 -95657195
120954241 43740646
-6582214 5888816
61130310 -3951990
12960625 -68935792
70485248 98837318
-129602848 114815156
131631812 127551100
-81218149 -58341237
1293191 -35853932
-123300558 -49076397
-111804304 2075239
-132425444 78341394
-109592736 -33976287
22040706 96520172
-14020523 9712101
102140632 44383154
121112540 124084665
131599123 77884379
-73802882 -94746649
-61933523 -126695363
4562232 69315796
31144449 -74750825
66423591 4706423
-65347191 52971540
78547174 -79201955
-38372064 107477661
11392569 -30293282
-86146534 120929730
71720447 130248736
-84462287 -80180543
-122373186 64557979
37688637 94968949
65416251 -46954343
-20554063 -4583257
-47677655 38292889
-90236896 41681721
55068661 -47564623
-44758150 69734555
-30537766 -82599362
16802914 -6431095
-53022295 41814866
118948167 -48867283
-31419628 -1760548
-79782431 -32581199
37313950 84832260
-82884142 -71098046
100974937 -64864342
-16747261 -77755966
71689893 62343218
81622578 1125015
-12458349 -52524543
-3430351 81276884
-86801413 2971153
49129585 -123602432
-18122524 -109830036
57288727 -61211193
-12522020 -44373523
48060346 52739748
26884342 -107962521
65276067 125350403
-74900128 -50838627
-99172891 61247697
-35710915 31922536
-89413776 -106076387
120016403 -60377937
-76578364 88332575
-48386411 -26055993
-38226435 -82068305
-45239418 13762728
-109699362 -42056867
-73432981 63376482
-95117044 -5729755
-2281048 40900609
64919568 103938466
99782979 -114128062
86964255 -59771808
75450789 -109598004
68212507 -63549918
-73228324 63239431
27647128 -13349033
30124350 -131346004
87083472 61874073
106014697 67804344
-92463586 -69786633
50480336 40933040
83331340 40328102
67330090 130928001
-108732788 55203037
-20274556 -100460477
-27987854 -106344686
91391522 103817415
104267464 -51459744
29274422 48951401
63251852 -112135231
-12059601 97518179
116679417 -51653813
-106890509 -67076392
-2224803 -10613976
77477536 88743831
-117125571 72261424
61809611 79742029
-130898958 60695511
118717442 -129572507
-84063287 24052441
13222729 -43982096
29290606 127377425
-74822152 8764323
-119186113 11995608
-49831951 104572709
110831647 -104207529
-119577775 97862359
53972476 38675918
-97259366 -125615082
-53713600 -92766639
-79029532 -42297867
-21792645 -38902756
-115770958 -22376922
-45103719 -63245602
55012811 16191954
84182355 -22818680
-124327316 40980623
114812938 -100497445
-62278624 118458487
-48194273 26747148
63132617 19918704
96609905 60361020
-2660667 40873346
116956357 62005849
32469165 78736882
102729827 111791480
67724727 -88158195
14711276 83749376
14448034 119607169
68284169 -117976538
-35231023 -133884717
-57434226 -38304610
56891855 56310184
50268593 12590158
62258742 11750402
-69706795 -124146820
120199968 -107476290
-65508184 9792768
-2073860 2759975
49433747 -128359095
55435365 -39405066
-75860457 100404263
-124464347 -102939048
-60581296 -118580332
-27553990 -114052523
50246489 16567471
108994963 -69612034
-124467626 -85752208
-26480740 -107371204
-7416315 18648760
41067158 2554276
-19442784 61350333
-33125800 -83861198
-72868864 -104812566
34708358 -108352742
-118150379 37989343
28607721 -1138871
-118429436 73655911
39539971 69398546
85221018 28549190
-23503593 -49976752
32098114 -51884736
13832732 -57797378
-63534685 45684549
-25118630 8870034
-131668935 122793006
7336745 -127509201
12157587 70660481
-14423187 -106922873
103283859 112385248
114515181 -74396786
56490077 86585078
82546349 33322103
25543541 -59409488
-69008446 -120618002
-105771542 60945287
47122214 118329047
38234422 -114799111
80007095 12462131
-19251029 97970862
113677934 -70848860
-64324584 -36400792
80907503 16898012
98501810 102973280
-32614905 -76000715
-32980236 72600543
-48748960 -126643117
-127143104 227514
-1689382 -73988632
-76081312 85594914
8838313 -59764343
6369422 -558950
-55129759 -52694738
-120940674 -16027899
93698071 -96901407
128466409 -7278688
-123494012 40304242
62852292 -255403
-57168113 -99880308
47741419 -6638502
37440459 123880292
-15211676 -7164475
-89133793 55737316
52843769 -29020995
129114640 87009325
36502120 -16881482
117197582 -66573785
109505620 -108036385
94820391 17620310
-120436828 -24665270
-27497033 -7134850
-48420559 50611584
-37286588 -695909
119810101 -112767964
-28170929 84428012
72782013 73587481
130185769 -131097994
-61162183 -28410777
4803990 39113090
131919245 46706651
-55825238 -83932306
83829230 -57022775
74706013 37190976
-108287182 62407345
-86110736 -95807132
65789823 -84682781
-107027821 -29391352
120848070 105299080
7460627 92783195
-89535523 91741645
14201345 -64928488
86604570 -66589302
34077076 -923346
49347836 -93036107
-44248308 13487347
-41209856 -98716149
-5578566 129973725
113010768 99035533
76543477 -63559872
98118972 -118463708
6861471 22777790
-122073299 119146622
-96040449 117196768
-67891353 33954768
19558711 -6980721
-90829358 -62921704
49067454 34147361
-30557791 56454108
3631986 -93133538
15863273 -105275733
-81903827 -99845052
107537299 -663169
-53896609 -98271320
-31939193 -123751518
-26004397 72362784
-125170397 -104920158
-17598981 96392858
48529938 -441175
66572223 -17665144
97813870 -105411398
-72735387 -92310423
-64066820 108165772
125007829 113371022
35822595 4746135
103340804 -21290926
-38491027 -133983869
-75501462 99916325
103695831 89273028
90387336 19978659
124467092 -72061994
120294873 -110609231
34280376 65656201
-89311855 -29977073
-121782714 5322487
-30691182 -131939792
57743497 41746841
-111269131 76536960
88890869 104391166
88966209 122473325
-92778929 121789641
114781261 29666307
-84642663 78677437
-57891324 38324610
-87978430 93575117
4938981 25823359
67805081 -41401777
78702565 114163682
-93999781 38667291
54678124 17975423
-129714331 -54079580
119119943 -8763371
-133561139 -70851741
115687592 119890813
4613591 -47237995
89062116 -127142144
-23393219 76990599
-61999036 30265855
-64184362 27193416
63467353 -78004654
63705103 -65169316
128504109 88698107
-76384369 -81882955
-49118973 -28420209
-82678788 -8502155
28624781 -43100362
-20328159 109640998
90902563 74106047
24909928 118589823
-67607623 -10785503
-3463143 -86903533
126849188 101976785
110263156 -35738785
61835546 -67718308
-38941220 -25399586
30947081 107427327
52985840 107209923
39367609 -82072873
61612403 -128859438
-97273501 -76103787
-127369375 100678499
-116830313 -5560261
-16163440 31613999
-21608094 -120864522
67391574 78780748
112721208 -120603844
63362072 -61366842
-66306978 -29148741
39085050 15195021
-2938654 -82672582
43528019 -94087380
-98485694 34088412
75689986 124273163
97949897 -104639122
71079944 28197556
38956266 39352400
-111069950 47654447
-78816849 13819274
-84519880 121646943
-32032431 -4273842
41712033 8024041
80190293 40398018
40127440 -84772501
46556684 39076112
-53644499 -23363107
20563457 53280125
99349064 119543759
-76530609 128478697
90437294 33670621
123040605 -76687601
-72983752 -108138809
73142204 48505982
-91984167 -126636743
23386736 -84701566
100521460 -64429424
-101415071 -102363720
119101248 -44550946
-25493040 -54415968
104273761 -40072280
-109332034 45129040
-114423962 4294697
-21785220 57780126
-61477523 80135309
-116647557 -2538843
88437012 12942076
78474212 -22564175
2307697 -75571871
-126165949 -45897505
27105068 -61095414
103140275 -25023626
34133556 59635058
-51545964 -43283989
-80102918 95467551
59066808 127038992
-48143848 93885348
-23421018 23315973
-40954960 -124086107
123310765 -13964505
-104813140 70636378
-114417230 -77187942
-33487060 60669827
-36774418 59941261
116109268 72593851
21653270 119757824
-49603988 -35003732
11709833 75365686
-20102584 19643983
27786189 -43822979
118892833 7544772
-124347999 111852570
-65457558 -6247062
19786296 -82085024
-132465168 -28363978
12682226 33520093
63588016 -52983654
-14893112 111848645
14150441 78084717
-106524184 11049750
125402314 -29247507
-127752382 -89524450
-113234151 -73118939
74514558 -22268728
46026740 120982193
39834645 -119998816
-133012498 -131185387
-10164960 8197675
-105136956 -112490606
10152788 124122002
-12878120 86848154
87825222 -126664
-55160591 -84431450
45540293 117169440
-34741814 89243413
81333956 105634184
-70812858 -4941743
104786099 92957720
-87585730 79584892
-132932477 64298357
-132561175 -120093428
8535060 40212464
119721431 -102151098
59245007 -24379468
-50769401 -12993118
-99521531 1999504
110508247 25409643
86314977 113911030
14100951 -59069569
-6561877 73116068
-27930054 110411703
-122027248 -66369047
-79218417 -37786203
-129395912 -3027854
77252389 121967202
-118646725 -61632981
-100526508 -76647771
-31631675 18749378
101204837 -23556173
-33913457 -42577067
-27621435 27645722
33021263 -91461183
-83485406 -59965066
7261255 -43782865
-23802266 55888807
-16580142 -126318083
87339754 103565816
-59816643 94835910
-36463839 -79227270
113917796 -81782945
-94798811 -19107991
36522878 43263173
-43875620 67396518
82006327 111729045
-24279607 -93643846
-78341900 3327211
112916226 -124429349
-109539702 -74752003
-24387922 -74332642
-35568243 -68375628
-10670524 78044703
-53471398 104036345
-114708215 -53474509
109348194 -133865661
-46619047 -44275643
34067041 -45394594
31354073 19076309
23887702 126876895
-13469787 117385303
15048218 42453502
110624845 -123123615
-99856007 51225467
53040560 -54996572
98465469 -12323983
120810667 39769359
102412648 -36834825
-10804393 -104667649
64455936 50733118
121499017 54206159
-81877487 -122030332
50028845 54559229
122246342 -48401081
68368914 70535259
58204505 -31984866
-13732579 -5849402
34201682 38784549
83800903 2449846
-111189088 120001388
114721279 92888889
-50512339 -77167941
113813537 72096247
93004665 109430330
131410875 -51098074
127335284 -95553401
-17211258 -79013798
-13707078 -123377485
-129258037 -41796283
-61401900 48902212
115562136 -73246324
89611777 67854083
122213585 63398300
-6472313 101892651
-46207043 57822147
-31939513 95391175
-65887898 49812595
-50076017 121125330
-43689247 15147574
8828691 81816868
71932708 3952366
67215655 -128913521
-125390274 99964747
32808277 34432343
-106972596 -33921993
-117836431 -66037165
-122306185 108027341
15096107 39669760
-4563869 15480616
119943117 119750084
-132077505 -49311156
-4640558 93161256
72501987 112211703
-94140519 70680138
-70941562 129833200
-88304824 -30475630
69042469 -69271348
20803295 92764740
-34799372 -16877564
-112499533 -74338968
71761962 64187948
-99473270 -75377886
