3491
392948
643024
202058
650391
285138
134635
726013
700332
891247
200606
392934
940262
599257
112505
801830
947587
55031
301673
420025
661915
204091
409411
633940
84990
623458
140934
847491
618254
418503
621698
640417
713948
585139
419248
922395
933073
541596
63229
184365
279817
210132
930417
151654
291695
641067
523830
803589
76279
431830
544935
317777
964019
316978
755799
390196
729476
717108
262651
521552
439243
847001
294321
191997
630997
598497
820314
161843
83183
774180
304334
454819
992783
458998
562420
957008
953539
660273
380229
160673
602026
187249
364122
497003
151816
471539
140080
398937
756834
882726
559155
629750
2633
55683
259049
424264
396636
421410
320737
315537
246401
775492
307289
804142
658275
663899
536310
439691
36620
990478
979049
354461
658360
401194
575886
316176
79974
577582
283437
740173
819715
128335
810012
433174
696903
652175
572545
78976
646157
196351
686152
47099
460550
27757
350498
84212
477277
36649
390617
386981
810075
144556
480738
400878
211914
866342
519457
889620
608831
177954
51574
165618
269169
610435
714991
596110
19462
806994
912913
401061
643863
802852
669861
557443
436143
391994
258084
519297
317620
302323
748244
992897
748312
393252
906215
118649
66548
848696
656807
366735
188672
636330
42250
219070
579388
703696
150915
565239
491996
127015
23518
258752
425870
677069
793193
468219
326690
590207
575388
569555
852392
248655
589392
853683
45562
465771
756386
391686
525566
877020
74729
623964
294950
198666
397469
898339
469182
209855
943102
335060
717384
310326
343459
315443
930534
289472
753297
894765
254448
931984
675564
949814
718119
506777
664571
695541
504710
838037
433563
53382
887411
198532
520636
503211
767894
654859
626915
717889
799855
927440
252721
790453
626022
3239
79355
627734
981604
96486
548771
524065
442841
682055
301075
745292
891097
180684
817326
158276
625726
529161
631350
10307
591372
992837
156275
614511
659313
743391
263662
610
709983
487387
278419
392395
906891
781719
846139
268697
916003
695769
127577
21774
770252
824354
496825
646427
760057
582328
467168
772424
173380
862590
35987
654049
565052
510537
221900
422920
275306
84070
105549
674019
60710
363003
283652
341989
850830
498549
22193
109572
641878
565883
755092
450803
658094
529125
447548
541886
790101
34549
196966
361747
789411
403921
498194
200571
766053
123123
683207
560202
631203
442272
761871
82028
545015
389361
846414
58743
307595
473935
525048
470674
865494
992214
23981
495161
262793
429863
107305
472231
743886
284335
648654
786450
523965
520650
87832
515362
419991
364858
188631
914414
312736
598573
544000
386031
334212
660502
341907
346801
81347
610144
901247
82307
318187
330859
70034
308333
589015
739540
492817
213704
54566
826063
37092
703274
418803
70593
207276
74502
720266
261971
246511
91070
837483
236904
125355
429541
83989
455556
801744
752636
694687
288662
785928
164359
526575
914035
749156
253747
166672
783357
353187
30263
86417
887845
579391
780607
187326
985926
466538
836191
848969
389763
116818
961379
989825
877696
410063
40265
904740
167035
777578
199265
323345
110385
734833
859539
596098
865272
181679
877096
920926
803604
762897
412344
217910
637200
293411
128704
679639
50131
702004
144297
748676
146291
688660
259674
403029
842414
398469
6576
344743
705118
783649
32531
137417
970955
804045
90696
676732
624455
777833
950875
996391
836191
845801
85654
539291
974618
108438
444221
388320
127460
328417
878834
409981
54829
594931
134025
219985
108834
466258
972979
97022
519597
867317
825214
835328
101211
431082
687788
787204
903896
977072
535850
728141
270715
308589
817177
497536
566028
438637
654357
781530
466871
570382
86243
190274
999488
513268
6444
26215
119986
619673
379675
484945
85444
651212
35172
496959
808611
394001
284690
876234
114155
753968
744965
751747
72846
987421
447860
843349
132999
428121
478995
579087
695608
925883
589058
323920
526339
17755
375866
782006
142158
997546
381978
90879
736938
23963
970729
391496
652141
371448
61891
561532
685217
545510
486840
798594
549410
183491
414731
688140
783998
686247
7723
703368
206172
262350
331657
35287
991477
318934
76860
739477
977203
954715
144250
177180
402377
241019
636047
235946
356655
393699
944379
137271
372007
985767
755134
692241
937296
712120
160801
655324
765335
780375
76488
751017
459420
811552
386175
883627
289929
178229
291483
226770
740120
53167
809883
960367
642696
33529
5465
635766
400192
241441
676350
561205
452409
171231
218589
212136
723607
218567
422743
299107
61170
721143
989636
303725
881606
24252
345474
204429
40631
192597
999043
439741
3585
499728
687481
109770
96858
407522
649595
928325
218933
32543
844306
743487
511728
453913
576043
448678
843216
91767
247109
348677
856892
524994
589950
201400
823440
302020
345790
266578
868394
116633
766636
293277
274778
747252
55556
828449
526209
521072
633610
402275
214448
487373
254430
835098
178047
322568
293618
284893
620224
249042
146302
838690
812637
480235
593264
277478
54637
135245
182730
194004
555727
967454
178331
544305
233909
694797
386186
234628
523836
28771
897154
998449
556259
30613
187687
217356
556046
82483
379537
546065
5103
391413
40553
82038
477980
470933
583005
637140
155553
545455
618136
109018
113249
524032
419996
286457
823856
955298
69724
159033
188888
555412
267262
573849
204152
706419
408571
945876
228468
806468
773311
16864
197246
679488
773495
299524
419685
16507
646846
589747
245527
717122
457097
343295
122483
5925
628941
361779
590021
552213
1301
483437
283206
768229
482882
720455
335373
665244
306670
160948
702951
219462
491647
197664
788894
990537
780819
365245
687653
431313
93261
925268
701620
896619
868356
810469
326520
870027
771447
789206
625633
16961
436814
115832
905930
991940
909644
526234
511278
139003
938120
409288
617335
334809
104947
248055
24549
545944
133298
203938
857568
166608
319859
952478
903640
177038
267783
772620
480375
169788
986064
534118
691081
679613
49976
154624
215195
519122
951285
557562
864827
818039
672199
714700
450076
514711
417289
664403
975116
599052
540951
995063
631848
104696
523927
24573
272473
590862
651441
198440
833715
304581
291807
271344
367424
436789
140309
653604
303064
324544
322261
285023
163792
466911
923640
530971
826245
6380
647628
2624
901533
440112
468608
156618
333183
205061
259897
354710
27546
373529
557249
391553
787472
324896
204526
421864
905431
577811
14813
462235
349341
847808
336711
237358
629283
984320
691879
252284
367569
860354
99448
56800
285880
408631
495846
183547
995618
816572
365611
795196
382684
838461
644100
677995
646025
602527
111215
854863
819771
373009
238856
677548
548017
730412
223283
323460
552841
831001
629100
274887
862653
839395
707174
485013
310007
637544
66345
970295
729028
640110
563702
816989
192465
39418
492232
677037
397353
716816
843044
628504
389659
216784
945653
107377
124292
958299
994623
323092
724047
371089
761662
664331
899596
855287
660317
441297
107663
752673
723576
134047
607070
588782
432693
404518
777749
732980
529544
470051
808326
244331
211473
293705
315704
956287
570625
540363
442227
539502
983452
245740
228721
375655
665692
11506
952229
889742
880234
317514
100272
785104
121757
386093
347021
259221
591060
9649
505370
226541
652155
919536
981286
836580
310406
776523
36871
277818
77621
242304
217630
798308
369133
681095
428421
852213
656415
626071
662602
229160
372415
29375
890242
219740
246761
158995
324849
532137
818473
915007
244467
799374
249488
323153
551391
921233
802292
575740
298112
853137
290338
733326
438755
804565
570233
635590
493067
612523
699899
3774
81050
568156
364591
654896
763928
397616
946174
974867
983511
113890
250226
351932
646097
994982
76102
589652
152004
417547
926023
252105
206183
987465
479856
227057
719507
562734
349540
329857
850639
435581
429313
577463
48602
614882
280408
740137
304178
370665
111579
174305
697695
830439
805278
868814
25023
621426
343250
335686
84342
683719
108845
79167
233789
925635
482330
746596
619164
285409
467292
157526
223602
612781
811811
527222
792226
690496
286663
237988
309797
590778
307702
530244
853647
733533
880505
182582
345203
25596
317119
919801
62160
211816
900348
329974
371464
126347
343465
470174
953357
654502
579829
644031
5412
400857
40997
790373
52515
790937
114584
286230
938975
73606
594260
200666
691102
417406
295384
55157
720205
595993
479494
150404
565274
975372
180517
641448
613374
474618
464833
101542
635433
796137
947175
508397
309113
660177
190975
823312
276468
746531
58670
180772
791769
813174
702652
226767
10372
18045
527427
611296
525521
334329
991711
85400
352968
500550
892540
299704
690454
349049
623831
907969
880955
381205
780885
468549
949227
69361
669777
236455
297855
963391
530181
596614
798711
893402
541308
232403
916053
170847
366035
628564
81624
731335
377048
95406
242452
760207
707585
450173
748450
636444
505711
397407
202114
354652
205333
677781
842620
754064
973491
739677
901708
492066
873341
835738
114986
202455
39892
818479
736405
637005
850610
1267
965685
253403
58467
497653
885918
345191
721397
559916
215229
891598
925947
276015
320115
715693
680125
328237
40773
211575
832782
338608
133629
776070
857981
108743
198009
844995
873870
97062
448529
302368
904535
468229
913624
378072
413658
937128
333936
802357
350752
505835
79066
704748
840685
341481
920588
958478
888922
886381
291671
206644
379822
850822
297885
320261
835774
385269
274930
330539
728147
942944
128322
869964
690325
445131
918006
234419
388521
918475
154036
310643
553052
981852
614599
438754
999728
535954
385317
141038
702464
608684
830159
443405
73436
986611
305394
436784
113462
372994
397792
305586
875225
683875
73711
199153
18666
83301
716523
732140
348790
934969
410182
779459
964915
452762
928928
960168
384785
224795
743066
392172
512036
820136
301066
39741
796022
620845
789166
377310
913476
492908
718006
173967
463131
872645
309614
312532
135059
428986
538315
895372
510098
989129
789956
310729
388595
635317
898559
460996
255917
722340
449700
955837
28763
893978
184218
87333
44562
218565
559157
722735
900422
570372
420082
335535
3761
935802
455939
519463
828140
860658
87774
755149
225850
236000
467205
560873
775035
851829
983266
240826
69882
71845
448904
158789
372693
338616
879640
525679
412623
756375
561785
753875
507071
395288
520622
479274
75747
50917
727509
393566
177350
167055
47023
916405
521249
186719
513836
194754
609230
973680
55054
317342
827441
139199
553206
128413
475888
53290
36952
768703
393544
697509
79222
695628
4456
207348
346179
682352
690107
82973
443778
69184
162443
716531
541622
572977
469317
541143
54080
219958
128386
410870
337053
537103
593433
765265
812011
386221
936329
605995
664858
743329
835143
98735
634130
879197
984340
995966
834734
288113
513578
221951
692913
968524
137662
883507
948364
120370
764068
200883
100317
170664
160442
67582
111315
822162
182386
287203
587800
327213
926993
466562
857786
911462
690473
626106
607497
645593
29554
886341
761030
786308
465847
335107
920707
777459
568800
470127
791529
871920
481036
512307
810061
5087
363844
924269
213334
694380
877178
892979
8916
177238
951947
753132
42176
103734
152501
414416
428938
745876
834413
727489
550955
659145
343852
653173
131758
475104
408281
336222
823238
936300
98767
217937
229698
672613
109763
118089
14523
1043
284150
156214
744171
668103
801232
49124
220667
230251
386412
775968
501591
713857
612921
52069
727150
993917
490650
559059
717564
890320
127946
564124
984043
157187
414416
299373
287865
757958
197053
28794
506545
793323
25970
212976
853435
332730
374040
984487
72901
273995
262545
118922
684600
963769
450158
690196
455710
309353
205437
613057
921011
942028
353213
400277
7403
715127
202110
359528
996621
30702
707287
126963
785166
388415
492316
259307
546653
361713
331627
465260
311983
897096
740047
311952
181202
27412
585634
600385
870843
415935
734172
365598
400424
811185
231220
640139
614300
709299
185480
465585
874278
784686
624957
512185
592322
218640
616719
572628
508022
730435
746708
718322
5785
233283
482608
239429
388353
533671
835358
608189
269582
229278
327639
683945
281126
837583
488279
171079
925475
879801
361384
550793
555173
388797
246655
295856
440899
451598
323279
811396
453535
55543
367805
423210
141613
791974
282137
723522
328142
985506
550539
741968
86376
288192
641400
467173
941148
924757
492540
115185
507408
664777
96501
515410
990177
105676
121173
126582
347905
4537
560258
747412
360987
455299
258718
545013
868334
511224
64829
617814
377485
333052
127688
812981
176263
78118
606390
981313
503083
748920
348268
220116
927884
886281
906964
913841
891141
678399
156671
956710
319071
275245
179210
578582
800864
280117
988314
872137
953409
757383
598292
532875
836544
694889
150069
673498
647376
826957
404607
72704
306688
190273
589992
652407
78853
332546
891613
235437
426561
579698
176791
570545
245952
109131
229821
229721
248083
894942
116243
521295
949071
448272
662024
206520
915591
436466
949660
981903
635264
179666
371693
342135
326349
61684
557742
634252
405143
392225
553265
98860
308809
391441
945880
532872
662609
684131
628261
274319
636033
16017
221823
828589
886968
599804
61308
152969
335543
979803
635443
568437
755399
794662
80073
930046
866942
96123
930025
956107
582366
196083
278157
867635
866829
957766
108970
995863
347767
275695
556197
985572
314906
146338
814720
917159
91047
255642
236088
301157
131775
391848
668040
168991
793448
14268
94993
605079
645162
888729
739174
119880
473492
753336
37555
517173
134675
126711
170964
96693
862833
886618
198333
593802
642887
213557
223182
818388
837264
180654
940344
369279
739243
368818
183978
687201
283968
846113
904950
751004
955215
523298
165841
347618
128357
611154
842163
968429
24282
741618
242670
76644
757858
375162
700917
281383
554645
509495
716365
109230
223733
225173
245446
417167
448103
883189
929988
425779
687680
104193
642625
453791
949449
314818
416442
300472
484039
362574
391237
609970
756063
205657
269742
586336
16849
598856
957223
647496
627591
21708
420002
347643
157799
790439
422352
85122
231117
390037
837783
958758
749408
987590
385862
163008
355338
844050
250059
140296
542481
60528
752033
850953
543838
309840
349277
391150
133647
131243
424070
211021
945904
743729
919156
209287
655494
375668
8773
174966
591804
302288
610895
401889
850496
970465
264291
425969
993363
454087
556047
794997
393899
118348
691864
602590
733494
393364
588900
191582
470646
962593
268684
185232
248611
422288
731997
316660
986328
355394
531287
593675
224585
878737
248928
425148
167982
427898
946959
547625
348752
816662
647146
541725
856260
498450
642264
832407
775827
25474
946025
404694
96636
338553
930784
761731
105436
76021
200741
779810
87833
770923
404098
263296
424668
916486
384034
466996
628681
818615
965523
763978
120209
468656
974863
194028
981920
917036
35399
174658
55838
118865
249778
240519
90052
646125
94762
704447
540071
78274
430451
343581
550223
529415
876194
449756
633606
659414
470848
327400
976636
644869
509225
303243
301757
42408
126312
524600
484301
102138
474529
927838
381806
688291
933884
144872
569578
872893
556483
124053
123000
731202
301376
424093
520557
301810
91947
993005
689759
674288
566165
362044
919790
401395
859998
122364
296129
213947
92758
333598
342542
791115
39914
23062
327856
980594
745320
470269
524933
377656
361677
866292
97547
484676
960855
367403
798374
694431
454009
584206
141211
69097
63059
414091
109688
901347
301331
76250
512229
594711
908521
278720
90420
751466
8230
103227
344208
282436
519795
269210
192376
744304
509310
191125
659068
678693
396261
572945
608533
811093
234331
134776
661473
988194
910787
416598
640280
363571
850578
336478
700922
588478
499327
271723
209514
9047
357768
17948
240045
825815
863788
921879
79016
204325
595747
25312
883778
482056
471303
921771
700862
224130
445913
768710
649650
968729
291128
858377
258580
930088
469611
578645
638809
450565
378399
277058
484851
451364
18146
680256
166419
822436
481804
188983
616621
368602
696225
581106
761655
202094
752236
710249
37775
440044
850550
48337
919072
547432
213381
68635
941330
555484
101624
59933
169462
726669
262632
566056
13414
436092
247337
802075
9067
732116
56212
448834
532354
440434
129487
146906
656686
227431
299621
785770
404529
765500
119752
682258
395977
566919
922873
137386
952073
608596
519860
160910
797844
604474
702495
937332
499090
61466
479912
313350
244800
463003
956564
421345
839593
488879
677653
441297
120159
522503
413739
712437
712082
295975
947124
288622
66681
599889
534630
539218
173179
71264
29464
218893
292571
435222
234634
21503
983760
283340
412104
535691
398454
10287
442264
899016
916632
87657
685735
436095
153879
327720
797844
577399
608814
690798
125470
740816
213194
332343
674885
667938
991853
378728
79321
76405
599334
409096
228456
616660
394216
693661
327251
578292
602602
345672
353042
411734
102093
247
802233
108639
39884
382026
274553
910644
402417
389008
578629
743071
160524
376491
327380
273416
597576
953356
920861
792259
350386
558565
461795
12952
683297
70729
233873
648997
789163
781596
879879
188914
280714
413136
882322
150007
589176
858931
479068
149527
924407
740074
310964
692870
552839
593055
775366
230425
405679
413288
608576
759150
188374
65334
980847
682021
703901
22136
849854
217863
809573
522080
912482
796785
119092
498612
624221
358128
93219
87668
5025
154713
392752
361992
401069
636810
849636
701936
551562
765051
610974
491119
464314
137407
16596
236081
272071
495258
917594
756738
841901
834772
522363
615601
761859
161528
780109
169834
691607
836684
852593
98289
509904
190979
879157
823867
172679
212720
481458
364306
574073
376230
345346
90761
341085
125064
409543
636353
635405
249713
870877
308745
991955
868696
589825
301940
966233
864408
198546
374097
164733
184236
165732
234017
869442
529174
546473
118598
402752
347365
536931
214019
181115
762149
295560
820494
900354
10747
658504
947666
943496
891743
750434
766185
533925
130621
624887
462613
580574
608729
204503
899641
176567
229962
916516
66256
656596
136653
437499
833462
388453
604418
350411
775428
769544
497984
919511
911634
851822
469885
625115
96499
28385
6557
303158
513283
537651
574761
355520
247601
949345
141792
362001
559712
891813
790885
62784
910686
569542
245700
651971
648134
30418
977058
512516
153988
168079
117753
909695
356128
542987
881618
592643
558793
213639
531060
74653
715122
348949
554461
971506
345310
637419
867586
103559
313277
728524
697498
850749
13939
779979
215860
868422
652132
594719
174953
903984
619054
415804
142905
687617
326234
74883
559305
171602
740036
213957
957216
546497
454498
742620
994553
121725
121943
163115
665066
292502
811854
964323
362734
590239
14101
820802
1711
706599
203070
542795
742742
930441
132454
445472
487058
940599
861552
734605
158665
887506
717228
249433
897608
264572
487882
518814
188018
33129
800130
83451
360165
508876
90268
182310
795470
228725
577444
138833
699790
376121
788251
791058
531177
268506
56743
84587
865059
30366
93502
951052
552232
668706
709816
104049
509728
465927
380685
412460
433505
694677
891485
163567
589977
435477
774164
248896
97751
367208
362602
367435
202157
426173
870618
14590
366662
182761
372038
432328
983919
701062
812565
368564
596430
805294
925161
649181
105235
310983
36896
197240
545388
528898
138574
769549
676979
45356
765359
467688
766613
488711
891603
116132
479586
276066
755833
804775
53863
681343
895096
468394
665739
653112
827812
30502
498708
214564
999559
151609
352566
315428
792188
279956
658243
812516
198350
933712
639756
419500
864472
808228
714912
453107
310158
342508
238226
320171
912109
488518
830993
948148
75614
515244
525359
69955
169993
861126
283083
643134
646499
627581
446706
726606
270366
740823
304927
432008
657912
343952
903342
645434
844110
721466
230605
502184
807987
618271
577595
809459
442131
142926
974192
537473
208125
165941
647522
684654
730362
346106
571858
315979
722932
217598
947325
900928
98706
522170
687974
615607
982868
506437
490412
265868
390532
905298
527271
55772
229144
263760
712557
133700
83488
153071
604012
303618
266586
490966
260847
85727
40524
403795
166634
450645
449204
548353
776331
251842
33027
814155
870928
408454
182718
377230
657272
932413
426318
785666
862785
306289
397648
735947
237801
649755
701267
702733
27091
721956
194737
54155
675148
566672
534225
127044
804036
9637
619741
955478
86520
892729
498169
469611
619737
835448
745197
91653
785756
571653
810360
517443
161540
709692
731170
913028
502494
432566
797110
254482
97849
21990
639601
398458
300183
647792
450877
538070
994631
361569
162034
339788
94313
222972
2425
511033
131662
691632
383553
64844
851966
437289
294992
322679
497228
739978
883626
509761
85284
279164
806128
920799
714343
329608
520604
380647
525277
476379
136822
975602
599233
196495
640660
410040
565103
233428
60354
698838
518384
641962
301345
584292
275001
937730
535316
443595
879792
32428
336575
243421
288613
228260
320327
210322
472527
558895
811304
881653
518614
511407
877475
406203
860060
640070
962234
548374
616734
23232
452244
527748
640074
426740
970327
760683
221932
83965
438206
288572
426804
27496
472418
594755
581067
257539
628524
150934
279583
823070
524353
255823
971408
575596
460276
730750
315313
737721
249114
725556
978957
563270
248019
497629
320260
112955
70253
355348
182965
133311
939604
139100
418580
590685
229777
802129
889071
188674
640805
91777
446384
304848
331092
837746
387751
781769
159731
253198
180852
286664
100434
363301
196068
647104
749305
506065
804372
853888
882650
853285
915279
844797
865890
454957
284102
208168
597989
215967
941904
441985
974317
493124
185041
923860
276301
851598
761796
377936
852123
754015
933418
726950
786518
48387
752744
93417
819320
500389
476760
58601
1131
845684
867443
748544
722502
376172
611315
824296
450947
79117
716488
714635
456539
296563
11289
985585
599676
946835
131170
287527
838610
235615
358197
621205
82131
332119
107878
530630
334062
484468
435408
15744
398788
521263
386105
581797
495135
515768
310134
930748
633233
683953
457028
318941
303328
400628
76281
68252
446245
5123
379269
661831
205544
378426
286069
423377
775014
296046
801180
818260
790356
589239
460491
174720
66716
759361
556011
764564
976049
797279
483740
845381
287959
654033
10232
95894
7099
570002
718283
249682
907889
828638
338776
992988
735635
406984
373330
230902
413160
775493
329598
85658
752032
421568
117685
559381
717891
527876
856151
823851
433373
777070
164236
890419
299875
739433
404111
707177
739860
508746
28132
601106
335991
235353
593155
232185
381966
10812
926173
257147
554273
120451
204824
810552
87388
755491
38527
491469
937871
627432
27215
42516
610606
59667
807960
983213
645515
50098
630189
499915
943981
820457
661434
920288
876456
901047
731026
699921
586103
505795
59727
103288
552058
625549
197232
752672
510852
775899
943405
615546
441944
340845
780880
835128
446827
606114
19574
42269
686108
790995
137953
609242
986673
963476
741200
280682
224887
185859
643806
443139
929015
990239
958862
370099
680422
380087
572481
132779
321033
391886
567226
681339
127866
201090
975041
663054
95656
294578
377240
189926
548853
222812
885224
713100
268842
889831
408048
533292
746196
282129
433949
844967
710828
860267
360372
875626
347150
246122
930276
816932
682335
497597
24300
695016
688502
797562
171719
347264
977300
946521
24900
346449
813847
572881
114838
871018
975969
846020
801339
482367
574918
869418
645214
391091
989015
777889
374352
861822
131330
360178
277083
911056
793183
582954
487924
826724
137174
308373
381499
72853
966883
461278
594318
444967
982169
686192
732875
601322
186534
729668
473397
901732
313157
807193
822310
450395
781492
348098
609443
597284
571948
995895
884509
769836
794868
688509
913658
337427
135827
252488
668029
923091
431331
538832
286470
876710
839182
305529
559263
7716
488235
386262
278549
589816
220877
548176
686169
783568
103117
898546
852643
3726
655085
223517
152533
639457
944142
547738
797968
290210
412678
283810
206888
579296
340583
258114
491082
324841
711094
237086
133893
683828
100232
977903
30871
741144
423822
911357
1344
755641
647987
407627
51652
18671
807567
870413
166986
985990
824519
416221
543673
229035
123754
532
32900
914228
371344
342746
335953
801233
705617
217772
71922
286760
836476
481174
813905
778979
895986
107058
