9999
1
9998
3
9996
5
9994
7
9992
9
9990
11
9988
13
9986
15
9984
17
9982
19
9980
21
9978
23
9976
25
9974
27
9972
29
9970
31
9968
33
9966
35
9964
37
9962
39
9960
41
9958
43
9956
45
9954
47
9952
49
9950
51
9948
53
9946
55
9944
57
9942
59
9940
61
9938
63
9936
65
9934
67
9932
69
9930
71
9928
73
9926
75
9924
77
9922
79
9920
81
9918
83
9916
85
9914
87
9912
89
9910
91
9908
93
9906
95
9904
97
9902
99
9900
101
9898
103
9896
105
9894
107
9892
109
9890
111
9888
113
9886
115
9884
117
9882
119
9880
121
9878
123
9876
125
9874
127
9872
129
9870
131
9868
133
9866
135
9864
137
9862
139
9860
141
9858
143
9856
145
9854
147
9852
149
9850
151
9848
153
9846
155
9844
157
9842
159
9840
161
9838
163
9836
165
9834
167
9832
169
9830
171
9828
173
9826
175
9824
177
9822
179
9820
181
9818
183
9816
185
9814
187
9812
189
9810
191
9808
193
9806
195
9804
197
9802
199
9800
201
9798
203
9796
205
9794
207
9792
209
9790
211
9788
213
9786
215
9784
217
9782
219
9780
221
9778
223
9776
225
9774
227
9772
229
9770
231
9768
233
9766
235
9764
237
9762
239
9760
241
9758
243
9756
245
9754
247
9752
249
9750
251
9748
253
9746
255
9744
257
9742
259
9740
261
9738
263
9736
265
9734
267
9732
269
9730
271
9728
273
9726
275
9724
277
9722
279
9720
281
9718
283
9716
285
9714
287
9712
289
9710
291
9708
293
9706
295
9704
297
9702
299
9700
301
9698
303
9696
305
9694
307
9692
309
9690
311
9688
313
9686
315
9684
317
9682
319
9680
321
9678
323
9676
325
9674
327
9672
329
9670
331
9668
333
9666
335
9664
337
9662
339
9660
341
9658
343
9656
345
9654
347
9652
349
9650
351
9648
353
9646
355
9644
357
9642
359
9640
361
9638
363
9636
365
9634
367
9632
369
9630
371
9628
373
9626
375
9624
377
9622
379
9620
381
9618
383
9616
385
9614
387
9612
389
9610
391
9608
393
9606
395
9604
397
9602
399
9600
401
9598
403
9596
405
9594
407
9592
409
9590
411
9588
413
9586
415
9584
417
9582
419
9580
421
9578
423
9576
425
9574
427
9572
429
9570
431
9568
433
9566
435
9564
437
9562
439
9560
441
9558
443
9556
445
9554
447
9552
449
9550
451
9548
453
9546
455
9544
457
9542
459
9540
461
9538
463
9536
465
9534
467
9532
469
9530
471
9528
473
9526
475
9524
477
9522
479
9520
481
9518
483
9516
485
9514
487
9512
489
9510
491
9508
493
9506
495
9504
497
9502
499
9500
501
9498
503
9496
505
9494
507
9492
509
9490
511
9488
513
9486
515
9484
517
9482
519
9480
521
9478
523
9476
525
9474
527
9472
529
9470
531
9468
533
9466
535
9464
537
9462
539
9460
541
9458
543
9456
545
9454
547
9452
549
9450
551
9448
553
9446
555
9444
557
9442
559
9440
561
9438
563
9436
565
9434
567
9432
569
9430
571
9428
573
9426
575
9424
577
9422
579
9420
581
9418
583
9416
585
9414
587
9412
589
9410
591
9408
593
9406
595
9404
597
9402
599
9400
601
9398
603
9396
605
9394
607
9392
609
9390
611
9388
613
9386
615
9384
617
9382
619
9380
621
9378
623
9376
625
9374
627
9372
629
9370
631
9368
633
9366
635
9364
637
9362
639
9360
641
9358
643
9356
645
9354
647
9352
649
9350
651
9348
653
9346
655
9344
657
9342
659
9340
661
9338
663
9336
665
9334
667
9332
669
9330
671
9328
673
9326
675
9324
677
9322
679
9320
681
9318
683
9316
685
9314
687
9312
689
9310
691
9308
693
9306
695
9304
697
9302
699
9300
701
9298
703
9296
705
9294
707
9292
709
9290
711
9288
713
9286
715
9284
717
9282
719
9280
721
9278
723
9276
725
9274
727
9272
729
9270
731
9268
733
9266
735
9264
737
9262
739
9260
741
9258
743
9256
745
9254
747
9252
749
9250
751
9248
753
9246
755
9244
757
9242
759
9240
761
9238
763
9236
765
9234
767
9232
769
9230
771
9228
773
9226
775
9224
777
9222
779
9220
781
9218
783
9216
785
9214
787
9212
789
9210
791
9208
793
9206
795
9204
797
9202
799
9200
801
9198
803
9196
805
9194
807
9192
809
9190
811
9188
813
9186
815
9184
817
9182
819
9180
821
9178
823
9176
825
9174
827
9172
829
9170
831
9168
833
9166
835
9164
837
9162
839
9160
841
9158
843
9156
845
9154
847
9152
849
9150
851
9148
853
9146
855
9144
857
9142
859
9140
861
9138
863
9136
865
9134
867
9132
869
9130
871
9128
873
9126
875
9124
877
9122
879
9120
881
9118
883
9116
885
9114
887
9112
889
9110
891
9108
893
9106
895
9104
897
9102
899
9100
901
9098
903
9096
905
9094
907
9092
909
9090
911
9088
913
9086
915
9084
917
9082
919
9080
921
9078
923
9076
925
9074
927
9072
929
9070
931
9068
933
9066
935
9064
937
9062
939
9060
941
9058
943
9056
945
9054
947
9052
949
9050
951
9048
953
9046
955
9044
957
9042
959
9040
961
9038
963
9036
965
9034
967
9032
969
9030
971
9028
973
9026
975
9024
977
9022
979
9020
981
9018
983
9016
985
9014
987
9012
989
9010
991
9008
993
9006
995
9004
997
9002
999
9000
1001
8998
1003
8996
1005
8994
1007
8992
1009
8990
1011
8988
1013
8986
1015
8984
1017
8982
1019
8980
1021
8978
1023
8976
1025
8974
1027
8972
1029
8970
1031
8968
1033
8966
1035
8964
1037
8962
1039
8960
1041
8958
1043
8956
1045
8954
1047
8952
1049
8950
1051
8948
1053
8946
1055
8944
1057
8942
1059
8940
1061
8938
1063
8936
1065
8934
1067
8932
1069
8930
1071
8928
1073
8926
1075
8924
1077
8922
1079
8920
1081
8918
1083
8916
1085
8914
1087
8912
1089
8910
1091
8908
1093
8906
1095
8904
1097
8902
1099
8900
1101
8898
1103
8896
1105
8894
1107
8892
1109
8890
1111
8888
1113
8886
1115
8884
1117
8882
1119
8880
1121
8878
1123
8876
1125
8874
1127
8872
1129
8870
1131
8868
1133
8866
1135
8864
1137
8862
1139
8860
1141
8858
1143
8856
1145
8854
1147
8852
1149
8850
1151
8848
1153
8846
1155
8844
1157
8842
1159
8840
1161
8838
1163
8836
1165
8834
1167
8832
1169
8830
1171
8828
1173
8826
1175
8824
1177
8822
1179
8820
1181
8818
1183
8816
1185
8814
1187
8812
1189
8810
1191
8808
1193
8806
1195
8804
1197
8802
1199
8800
1201
8798
1203
8796
1205
8794
1207
8792
1209
8790
1211
8788
1213
8786
1215
8784
1217
8782
1219
8780
1221
8778
1223
8776
1225
8774
1227
8772
1229
8770
1231
8768
1233
8766
1235
8764
1237
8762
1239
8760
1241
8758
1243
8756
1245
8754
1247
8752
1249
8750
1251
8748
1253
8746
1255
8744
1257
8742
1259
8740
1261
8738
1263
8736
1265
8734
1267
8732
1269
8730
1271
8728
1273
8726
1275
8724
1277
8722
1279
8720
1281
8718
1283
8716
1285
8714
1287
8712
1289
8710
1291
8708
1293
8706
1295
8704
1297
8702
1299
8700
1301
8698
1303
8696
1305
8694
1307
8692
1309
8690
1311
8688
1313
8686
1315
8684
1317
8682
1319
8680
1321
8678
1323
8676
1325
8674
1327
8672
1329
8670
1331
8668
1333
8666
1335
8664
1337
8662
1339
8660
1341
8658
1343
8656
1345
8654
1347
8652
1349
8650
1351
8648
1353
8646
1355
8644
1357
8642
1359
8640
1361
8638
1363
8636
1365
8634
1367
8632
1369
8630
1371
8628
1373
8626
1375
8624
1377
8622
1379
8620
1381
8618
1383
8616
1385
8614
1387
8612
1389
8610
1391
8608
1393
8606
1395
8604
1397
8602
1399
8600
1401
8598
1403
8596
1405
8594
1407
8592
1409
8590
1411
8588
1413
8586
1415
8584
1417
8582
1419
8580
1421
8578
1423
8576
1425
8574
1427
8572
1429
8570
1431
8568
1433
8566
1435
8564
1437
8562
1439
8560
1441
8558
1443
8556
1445
8554
1447
8552
1449
8550
1451
8548
1453
8546
1455
8544
1457
8542
1459
8540
1461
8538
1463
8536
1465
8534
1467
8532
1469
8530
1471
8528
1473
8526
1475
8524
1477
8522
1479
8520
1481
8518
1483
8516
1485
8514
1487
8512
1489
8510
1491
8508
1493
8506
1495
8504
1497
8502
1499
8500
1501
8498
1503
8496
1505
8494
1507
8492
1509
8490
1511
8488
1513
8486
1515
8484
1517
8482
1519
8480
1521
8478
1523
8476
1525
8474
1527
8472
1529
8470
1531
8468
1533
8466
1535
8464
1537
8462
1539
8460
1541
8458
1543
8456
1545
8454
1547
8452
1549
8450
1551
8448
1553
8446
1555
8444
1557
8442
1559
8440
1561
8438
1563
8436
1565
8434
1567
8432
1569
8430
1571
8428
1573
8426
1575
8424
1577
8422
1579
8420
1581
8418
1583
8416
1585
8414
1587
8412
1589
8410
1591
8408
1593
8406
1595
8404
1597
8402
1599
8400
1601
8398
1603
8396
1605
8394
1607
8392
1609
8390
1611
8388
1613
8386
1615
8384
1617
8382
1619
8380
1621
8378
1623
8376
1625
8374
1627
8372
1629
8370
1631
8368
1633
8366
1635
8364
1637
8362
1639
8360
1641
8358
1643
8356
1645
8354
1647
8352
1649
8350
1651
8348
1653
8346
1655
8344
1657
8342
1659
8340
1661
8338
1663
8336
1665
8334
1667
8332
1669
8330
1671
8328
1673
8326
1675
8324
1677
8322
1679
8320
1681
8318
1683
8316
1685
8314
1687
8312
1689
8310
1691
8308
1693
8306
1695
8304
1697
8302
1699
8300
1701
8298
1703
8296
1705
8294
1707
8292
1709
8290
1711
8288
1713
8286
1715
8284
1717
8282
1719
8280
1721
8278
1723
8276
1725
8274
1727
8272
1729
8270
1731
8268
1733
8266
1735
8264
1737
8262
1739
8260
1741
8258
1743
8256
1745
8254
1747
8252
1749
8250
1751
8248
1753
8246
1755
8244
1757
8242
1759
8240
1761
8238
1763
8236
1765
8234
1767
8232
1769
8230
1771
8228
1773
8226
1775
8224
1777
8222
1779
8220
1781
8218
1783
8216
1785
8214
1787
8212
1789
8210
1791
8208
1793
8206
1795
8204
1797
8202
1799
8200
1801
8198
1803
8196
1805
8194
1807
8192
1809
8190
1811
8188
1813
8186
1815
8184
1817
8182
1819
8180
1821
8178
1823
8176
1825
8174
1827
8172
1829
8170
1831
8168
1833
8166
1835
8164
1837
8162
1839
8160
1841
8158
1843
8156
1845
8154
1847
8152
1849
8150
1851
8148
1853
8146
1855
8144
1857
8142
1859
8140
1861
8138
1863
8136
1865
8134
1867
8132
1869
8130
1871
8128
1873
8126
1875
8124
1877
8122
1879
8120
1881
8118
1883
8116
1885
8114
1887
8112
1889
8110
1891
8108
1893
8106
1895
8104
1897
8102
1899
8100
1901
8098
1903
8096
1905
8094
1907
8092
1909
8090
1911
8088
1913
8086
1915
8084
1917
8082
1919
8080
1921
8078
1923
8076
1925
8074
1927
8072
1929
8070
1931
8068
1933
8066
1935
8064
1937
8062
1939
8060
1941
8058
1943
8056
1945
8054
1947
8052
1949
8050
1951
8048
1953
8046
1955
8044
1957
8042
1959
8040
1961
8038
1963
8036
1965
8034
1967
8032
1969
8030
1971
8028
1973
8026
1975
8024
1977
8022
1979
8020
1981
8018
1983
8016
1985
8014
1987
8012
1989
8010
1991
8008
1993
8006
1995
8004
1997
8002
1999
8000
2001
7998
2003
7996
2005
7994
2007
7992
2009
7990
2011
7988
2013
7986
2015
7984
2017
7982
2019
7980
2021
7978
2023
7976
2025
7974
2027
7972
2029
7970
2031
7968
2033
7966
2035
7964
2037
7962
2039
7960
2041
7958
2043
7956
2045
7954
2047
7952
2049
7950
2051
7948
2053
7946
2055
7944
2057
7942
2059
7940
2061
7938
2063
7936
2065
7934
2067
7932
2069
7930
2071
7928
2073
7926
2075
7924
2077
7922
2079
7920
2081
7918
2083
7916
2085
7914
2087
7912
2089
7910
2091
7908
2093
7906
2095
7904
2097
7902
2099
7900
2101
7898
2103
7896
2105
7894
2107
7892
2109
7890
2111
7888
2113
7886
2115
7884
2117
7882
2119
7880
2121
7878
2123
7876
2125
7874
2127
7872
2129
7870
2131
7868
2133
7866
2135
7864
2137
7862
2139
7860
2141
7858
2143
7856
2145
7854
2147
7852
2149
7850
2151
7848
2153
7846
2155
7844
2157
7842
2159
7840
2161
7838
2163
7836
2165
7834
2167
7832
2169
7830
2171
7828
2173
7826
2175
7824
2177
7822
2179
7820
2181
7818
2183
7816
2185
7814
2187
7812
2189
7810
2191
7808
2193
7806
2195
7804
2197
7802
2199
7800
2201
7798
2203
7796
2205
7794
2207
7792
2209
7790
2211
7788
2213
7786
2215
7784
2217
7782
2219
7780
2221
7778
2223
7776
2225
7774
2227
7772
2229
7770
2231
7768
2233
7766
2235
7764
2237
7762
2239
7760
2241
7758
2243
7756
2245
7754
2247
7752
2249
7750
2251
7748
2253
7746
2255
7744
2257
7742
2259
7740
2261
7738
2263
7736
2265
7734
2267
7732
2269
7730
2271
7728
2273
7726
2275
7724
2277
7722
2279
7720
2281
7718
2283
7716
2285
7714
2287
7712
2289
7710
2291
7708
2293
7706
2295
7704
2297
7702
2299
7700
2301
7698
2303
7696
2305
7694
2307
7692
2309
7690
2311
7688
2313
7686
2315
7684
2317
7682
2319
7680
2321
7678
2323
7676
2325
7674
2327
7672
2329
7670
2331
7668
2333
7666
2335
7664
2337
7662
2339
7660
2341
7658
2343
7656
2345
7654
2347
7652
2349
7650
2351
7648
2353
7646
2355
7644
2357
7642
2359
7640
2361
7638
2363
7636
2365
7634
2367
7632
2369
7630
2371
7628
2373
7626
2375
7624
2377
7622
2379
7620
2381
7618
2383
7616
2385
7614
2387
7612
2389
7610
2391
7608
2393
7606
2395
7604
2397
7602
2399
7600
2401
7598
2403
7596
2405
7594
2407
7592
2409
7590
2411
7588
2413
7586
2415
7584
2417
7582
2419
7580
2421
7578
2423
7576
2425
7574
2427
7572
2429
7570
2431
7568
2433
7566
2435
7564
2437
7562
2439
7560
2441
7558
2443
7556
2445
7554
2447
7552
2449
7550
2451
7548
2453
7546
2455
7544
2457
7542
2459
7540
2461
7538
2463
7536
2465
7534
2467
7532
2469
7530
2471
7528
2473
7526
2475
7524
2477
7522
2479
7520
2481
7518
2483
7516
2485
7514
2487
7512
2489
7510
2491
7508
2493
7506
2495
7504
2497
7502
2499
7500
2501
7498
2503
7496
2505
7494
2507
7492
2509
7490
2511
7488
2513
7486
2515
7484
2517
7482
2519
7480
2521
7478
2523
7476
2525
7474
2527
7472
2529
7470
2531
7468
2533
7466
2535
7464
2537
7462
2539
7460
2541
7458
2543
7456
2545
7454
2547
7452
2549
7450
2551
7448
2553
7446
2555
7444
2557
7442
2559
7440
2561
7438
2563
7436
2565
7434
2567
7432
2569
7430
2571
7428
2573
7426
2575
7424
2577
7422
2579
7420
2581
7418
2583
7416
2585
7414
2587
7412
2589
7410
2591
7408
2593
7406
2595
7404
2597
7402
2599
7400
2601
7398
2603
7396
2605
7394
2607
7392
2609
7390
2611
7388
2613
7386
2615
7384
2617
7382
2619
7380
2621
7378
2623
7376
2625
7374
2627
7372
2629
7370
2631
7368
2633
7366
2635
7364
2637
7362
2639
7360
2641
7358
2643
7356
2645
7354
2647
7352
2649
7350
2651
7348
2653
7346
2655
7344
2657
7342
2659
7340
2661
7338
2663
7336
2665
7334
2667
7332
2669
7330
2671
7328
2673
7326
2675
7324
2677
7322
2679
7320
2681
7318
2683
7316
2685
7314
2687
7312
2689
7310
2691
7308
2693
7306
2695
7304
2697
7302
2699
7300
2701
7298
2703
7296
2705
7294
2707
7292
2709
7290
2711
7288
2713
7286
2715
7284
2717
7282
2719
7280
2721
7278
2723
7276
2725
7274
2727
7272
2729
7270
2731
7268
2733
7266
2735
7264
2737
7262
2739
7260
2741
7258
2743
7256
2745
7254
2747
7252
2749
7250
2751
7248
2753
7246
2755
7244
2757
7242
2759
7240
2761
7238
2763
7236
2765
7234
2767
7232
2769
7230
2771
7228
2773
7226
2775
7224
2777
7222
2779
7220
2781
7218
2783
7216
2785
7214
2787
7212
2789
7210
2791
7208
2793
7206
2795
7204
2797
7202
2799
7200
2801
7198
2803
7196
2805
7194
2807
7192
2809
7190
2811
7188
2813
7186
2815
7184
2817
7182
2819
7180
2821
7178
2823
7176
2825
7174
2827
7172
2829
7170
2831
7168
2833
7166
2835
7164
2837
7162
2839
7160
2841
7158
2843
7156
2845
7154
2847
7152
2849
7150
2851
7148
2853
7146
2855
7144
2857
7142
2859
7140
2861
7138
2863
7136
2865
7134
2867
7132
2869
7130
2871
7128
2873
7126
2875
7124
2877
7122
2879
7120
2881
7118
2883
7116
2885
7114
2887
7112
2889
7110
2891
7108
2893
7106
2895
7104
2897
7102
2899
7100
2901
7098
2903
7096
2905
7094
2907
7092
2909
7090
2911
7088
2913
7086
2915
7084
2917
7082
2919
7080
2921
7078
2923
7076
2925
7074
2927
7072
2929
7070
2931
7068
2933
7066
2935
7064
2937
7062
2939
7060
2941
7058
2943
7056
2945
7054
2947
7052
2949
7050
2951
7048
2953
7046
2955
7044
2957
7042
2959
7040
2961
7038
2963
7036
2965
7034
2967
7032
2969
7030
2971
7028
2973
7026
2975
7024
2977
7022
2979
7020
2981
7018
2983
7016
2985
7014
2987
7012
2989
7010
2991
7008
2993
7006
2995
7004
2997
7002
2999
7000
3001
6998
3003
6996
3005
6994
3007
6992
3009
6990
3011
6988
3013
6986
3015
6984
3017
6982
3019
6980
3021
6978
3023
6976
3025
6974
3027
6972
3029
6970
3031
6968
3033
6966
3035
6964
3037
6962
3039
6960
3041
6958
3043
6956
3045
6954
3047
6952
3049
6950
3051
6948
3053
6946
3055
6944
3057
6942
3059
6940
3061
6938
3063
6936
3065
6934
3067
6932
3069
6930
3071
6928
3073
6926
3075
6924
3077
6922
3079
6920
3081
6918
3083
6916
3085
6914
3087
6912
3089
6910
3091
6908
3093
6906
3095
6904
3097
6902
3099
6900
3101
6898
3103
6896
3105
6894
3107
6892
3109
6890
3111
6888
3113
6886
3115
6884
3117
6882
3119
6880
3121
6878
3123
6876
3125
6874
3127
6872
3129
6870
3131
6868
3133
6866
3135
6864
3137
6862
3139
6860
3141
6858
3143
6856
3145
6854
3147
6852
3149
6850
3151
6848
3153
6846
3155
6844
3157
6842
3159
6840
3161
6838
3163
6836
3165
6834
3167
6832
3169
6830
3171
6828
3173
6826
3175
6824
3177
6822
3179
6820
3181
6818
3183
6816
3185
6814
3187
6812
3189
6810
3191
6808
3193
6806
3195
6804
3197
6802
3199
6800
3201
6798
3203
6796
3205
6794
3207
6792
3209
6790
3211
6788
3213
6786
3215
6784
3217
6782
3219
6780
3221
6778
3223
6776
3225
6774
3227
6772
3229
6770
3231
6768
3233
6766
3235
6764
3237
6762
3239
6760
3241
6758
3243
6756
3245
6754
3247
6752
3249
6750
3251
6748
3253
6746
3255
6744
3257
6742
3259
6740
3261
6738
3263
6736
3265
6734
3267
6732
3269
6730
3271
6728
3273
6726
3275
6724
3277
6722
3279
6720
3281
6718
3283
6716
3285
6714
3287
6712
3289
6710
3291
6708
3293
6706
3295
6704
3297
6702
3299
6700
3301
6698
3303
6696
3305
6694
3307
6692
3309
6690
3311
6688
3313
6686
3315
6684
3317
6682
3319
6680
3321
6678
3323
6676
3325
6674
3327
6672
3329
6670
3331
6668
3333
6666
3335
6664
3337
6662
3339
6660
3341
6658
3343
6656
3345
6654
3347
6652
3349
6650
3351
6648
3353
6646
3355
6644
3357
6642
3359
6640
3361
6638
3363
6636
3365
6634
3367
6632
3369
6630
3371
6628
3373
6626
3375
6624
3377
6622
3379
6620
3381
6618
3383
6616
3385
6614
3387
6612
3389
6610
3391
6608
3393
6606
3395
6604
3397
6602
3399
6600
3401
6598
3403
6596
3405
6594
3407
6592
3409
6590
3411
6588
3413
6586
3415
6584
3417
6582
3419
6580
3421
6578
3423
6576
3425
6574
3427
6572
3429
6570
3431
6568
3433
6566
3435
6564
3437
6562
3439
6560
3441
6558
3443
6556
3445
6554
3447
6552
3449
6550
3451
6548
3453
6546
3455
6544
3457
6542
3459
6540
3461
6538
3463
6536
3465
6534
3467
6532
3469
6530
3471
6528
3473
6526
3475
6524
3477
6522
3479
6520
3481
6518
3483
6516
3485
6514
3487
6512
3489
6510
3491
6508
3493
6506
3495
6504
3497
6502
3499
6500
3501
6498
3503
6496
3505
6494
3507
6492
3509
6490
3511
6488
3513
6486
3515
6484
3517
6482
3519
6480
3521
6478
3523
6476
3525
6474
3527
6472
3529
6470
3531
6468
3533
6466
3535
6464
3537
6462
3539
6460
3541
6458
3543
6456
3545
6454
3547
6452
3549
6450
3551
6448
3553
6446
3555
6444
3557
6442
3559
6440
3561
6438
3563
6436
3565
6434
3567
6432
3569
6430
3571
6428
3573
6426
3575
6424
3577
6422
3579
6420
3581
6418
3583
6416
3585
6414
3587
6412
3589
6410
3591
6408
3593
6406
3595
6404
3597
6402
3599
6400
3601
6398
3603
6396
3605
6394
3607
6392
3609
6390
3611
6388
3613
6386
3615
6384
3617
6382
3619
6380
3621
6378
3623
6376
3625
6374
3627
6372
3629
6370
3631
6368
3633
6366
3635
6364
3637
6362
3639
6360
3641
6358
3643
6356
3645
6354
3647
6352
3649
6350
3651
6348
3653
6346
3655
6344
3657
6342
3659
6340
3661
6338
3663
6336
3665
6334
3667
6332
3669
6330
3671
6328
3673
6326
3675
6324
3677
6322
3679
6320
3681
6318
3683
6316
3685
6314
3687
6312
3689
6310
3691
6308
3693
6306
3695
6304
3697
6302
3699
6300
3701
6298
3703
6296
3705
6294
3707
6292
3709
6290
3711
6288
3713
6286
3715
6284
3717
6282
3719
6280
3721
6278
3723
6276
3725
6274
3727
6272
3729
6270
3731
6268
3733
6266
3735
6264
3737
6262
3739
6260
3741
6258
3743
6256
3745
6254
3747
6252
3749
6250
3751
6248
3753
6246
3755
6244
3757
6242
3759
6240
3761
6238
3763
6236
3765
6234
3767
6232
3769
6230
3771
6228
3773
6226
3775
6224
3777
6222
3779
6220
3781
6218
3783
6216
3785
6214
3787
6212
3789
6210
3791
6208
3793
6206
3795
6204
3797
6202
3799
6200
3801
6198
3803
6196
3805
6194
3807
6192
3809
6190
3811
6188
3813
6186
3815
6184
3817
6182
3819
6180
3821
6178
3823
6176
3825
6174
3827
6172
3829
6170
3831
6168
3833
6166
3835
6164
3837
6162
3839
6160
3841
6158
3843
6156
3845
6154
3847
6152
3849
6150
3851
6148
3853
6146
3855
6144
3857
6142
3859
6140
3861
6138
3863
6136
3865
6134
3867
6132
3869
6130
3871
6128
3873
6126
3875
6124
3877
6122
3879
6120
3881
6118
3883
6116
3885
6114
3887
6112
3889
6110
3891
6108
3893
6106
3895
6104
3897
6102
3899
6100
3901
6098
3903
6096
3905
6094
3907
6092
3909
6090
3911
6088
3913
6086
3915
6084
3917
6082
3919
6080
3921
6078
3923
6076
3925
6074
3927
6072
3929
6070
3931
6068
3933
6066
3935
6064
3937
6062
3939
6060
3941
6058
3943
6056
3945
6054
3947
6052
3949
6050
3951
6048
3953
6046
3955
6044
3957
6042
3959
6040
3961
6038
3963
6036
3965
6034
3967
6032
3969
6030
3971
6028
3973
6026
3975
6024
3977
6022
3979
6020
3981
6018
3983
6016
3985
6014
3987
6012
3989
6010
3991
6008
3993
6006
3995
6004
3997
6002
3999
6000
4001
5998
4003
5996
4005
5994
4007
5992
4009
5990
4011
5988
4013
5986
4015
5984
4017
5982
4019
5980
4021
5978
4023
5976
4025
5974
4027
5972
4029
5970
4031
5968
4033
5966
4035
5964
4037
5962
4039
5960
4041
5958
4043
5956
4045
5954
4047
5952
4049
5950
4051
5948
4053
5946
4055
5944
4057
5942
4059
5940
4061
5938
4063
5936
4065
5934
4067
5932
4069
5930
4071
5928
4073
5926
4075
5924
4077
5922
4079
5920
4081
5918
4083
5916
4085
5914
4087
5912
4089
5910
4091
5908
4093
5906
4095
5904
4097
5902
4099
5900
4101
5898
4103
5896
4105
5894
4107
5892
4109
5890
4111
5888
4113
5886
4115
5884
4117
5882
4119
5880
4121
5878
4123
5876
4125
5874
4127
5872
4129
5870
4131
5868
4133
5866
4135
5864
4137
5862
4139
5860
4141
5858
4143
5856
4145
5854
4147
5852
4149
5850
4151
5848
4153
5846
4155
5844
4157
5842
4159
5840
4161
5838
4163
5836
4165
5834
4167
5832
4169
5830
4171
5828
4173
5826
4175
5824
4177
5822
4179
5820
4181
5818
4183
5816
4185
5814
4187
5812
4189
5810
4191
5808
4193
5806
4195
5804
4197
5802
4199
5800
4201
5798
4203
5796
4205
5794
4207
5792
4209
5790
4211
5788
4213
5786
4215
5784
4217
5782
4219
5780
4221
5778
4223
5776
4225
5774
4227
5772
4229
5770
4231
5768
4233
5766
4235
5764
4237
5762
4239
5760
4241
5758
4243
5756
4245
5754
4247
5752
4249
5750
4251
5748
4253
5746
4255
5744
4257
5742
4259
5740
4261
5738
4263
5736
4265
5734
4267
5732
4269
5730
4271
5728
4273
5726
4275
5724
4277
5722
4279
5720
4281
5718
4283
5716
4285
5714
4287
5712
4289
5710
4291
5708
4293
5706
4295
5704
4297
5702
4299
5700
4301
5698
4303
5696
4305
5694
4307
5692
4309
5690
4311
5688
4313
5686
4315
5684
4317
5682
4319
5680
4321
5678
4323
5676
4325
5674
4327
5672
4329
5670
4331
5668
4333
5666
4335
5664
4337
5662
4339
5660
4341
5658
4343
5656
4345
5654
4347
5652
4349
5650
4351
5648
4353
5646
4355
5644
4357
5642
4359
5640
4361
5638
4363
5636
4365
5634
4367
5632
4369
5630
4371
5628
4373
5626
4375
5624
4377
5622
4379
5620
4381
5618
4383
5616
4385
5614
4387
5612
4389
5610
4391
5608
4393
5606
4395
5604
4397
5602
4399
5600
4401
5598
4403
5596
4405
5594
4407
5592
4409
5590
4411
5588
4413
5586
4415
5584
4417
5582
4419
5580
4421
5578
4423
5576
4425
5574
4427
5572
4429
5570
4431
5568
4433
5566
4435
5564
4437
5562
4439
5560
4441
5558
4443
5556
4445
5554
4447
5552
4449
5550
4451
5548
4453
5546
4455
5544
4457
5542
4459
5540
4461
5538
4463
5536
4465
5534
4467
5532
4469
5530
4471
5528
4473
5526
4475
5524
4477
5522
4479
5520
4481
5518
4483
5516
4485
5514
4487
5512
4489
5510
4491
5508
4493
5506
4495
5504
4497
5502
4499
5500
4501
5498
4503
5496
4505
5494
4507
5492
4509
5490
4511
5488
4513
5486
4515
5484
4517
5482
4519
5480
4521
5478
4523
5476
4525
5474
4527
5472
4529
5470
4531
5468
4533
5466
4535
5464
4537
5462
4539
5460
4541
5458
4543
5456
4545
5454
4547
5452
4549
5450
4551
5448
4553
5446
4555
5444
4557
5442
4559
5440
4561
5438
4563
5436
4565
5434
4567
5432
4569
5430
4571
5428
4573
5426
4575
5424
4577
5422
4579
5420
4581
5418
4583
5416
4585
5414
4587
5412
4589
5410
4591
5408
4593
5406
4595
5404
4597
5402
4599
5400
4601
5398
4603
5396
4605
5394
4607
5392
4609
5390
4611
5388
4613
5386
4615
5384
4617
5382
4619
5380
4621
5378
4623
5376
4625
5374
4627
5372
4629
5370
4631
5368
4633
5366
4635
5364
4637
5362
4639
5360
4641
5358
4643
5356
4645
5354
4647
5352
4649
5350
4651
5348
4653
5346
4655
5344
4657
5342
4659
5340
4661
5338
4663
5336
4665
5334
4667
5332
4669
5330
4671
5328
4673
5326
4675
5324
4677
5322
4679
5320
4681
5318
4683
5316
4685
5314
4687
5312
4689
5310
4691
5308
4693
5306
4695
5304
4697
5302
4699
5300
4701
5298
4703
5296
4705
5294
4707
5292
4709
5290
4711
5288
4713
5286
4715
5284
4717
5282
4719
5280
4721
5278
4723
5276
4725
5274
4727
5272
4729
5270
4731
5268
4733
5266
4735
5264
4737
5262
4739
5260
4741
5258
4743
5256
4745
5254
4747
5252
4749
5250
4751
5248
4753
5246
4755
5244
4757
5242
4759
5240
4761
5238
4763
5236
4765
5234
4767
5232
4769
5230
4771
5228
4773
5226
4775
5224
4777
5222
4779
5220
4781
5218
4783
5216
4785
5214
4787
5212
4789
5210
4791
5208
4793
5206
4795
5204
4797
5202
4799
5200
4801
5198
4803
5196
4805
5194
4807
5192
4809
5190
4811
5188
4813
5186
4815
5184
4817
5182
4819
5180
4821
5178
4823
5176
4825
5174
4827
5172
4829
5170
4831
5168
4833
5166
4835
5164
4837
5162
4839
5160
4841
5158
4843
5156
4845
5154
4847
5152
4849
5150
4851
5148
4853
5146
4855
5144
4857
5142
4859
5140
4861
5138
4863
5136
4865
5134
4867
5132
4869
5130
4871
5128
4873
5126
4875
5124
4877
5122
4879
5120
4881
5118
4883
5116
4885
5114
4887
5112
4889
5110
4891
5108
4893
5106
4895
5104
4897
5102
4899
5100
4901
5098
4903
5096
4905
5094
4907
5092
4909
5090
4911
5088
4913
5086
4915
5084
4917
5082
4919
5080
4921
5078
4923
5076
4925
5074
4927
5072
4929
5070
4931
5068
4933
5066
4935
5064
4937
5062
4939
5060
4941
5058
4943
5056
4945
5054
4947
5052
4949
5050
4951
5048
4953
5046
4955
5044
4957
5042
4959
5040
4961
5038
4963
5036
4965
5034
4967
5032
4969
5030
4971
5028
4973
5026
4975
5024
4977
5022
4979
5020
4981
5018
4983
5016
4985
5014
4987
5012
4989
5010
4991
5008
4993
5006
4995
5004
4997
5002
4999
5000
5001
4998
5003
4996
5005
4994
5007
4992
5009
4990
5011
4988
5013
4986
5015
4984
5017
4982
5019
4980
5021
4978
5023
4976
5025
4974
5027
4972
5029
4970
5031
4968
5033
4966
5035
4964
5037
4962
5039
4960
5041
4958
5043
4956
5045
4954
5047
4952
5049
4950
5051
4948
5053
4946
5055
4944
5057
4942
5059
4940
5061
4938
5063
4936
5065
4934
5067
4932
5069
4930
5071
4928
5073
4926
5075
4924
5077
4922
5079
4920
5081
4918
5083
4916
5085
4914
5087
4912
5089
4910
5091
4908
5093
4906
5095
4904
5097
4902
5099
4900
5101
4898
5103
4896
5105
4894
5107
4892
5109
4890
5111
4888
5113
4886
5115
4884
5117
4882
5119
4880
5121
4878
5123
4876
5125
4874
5127
4872
5129
4870
5131
4868
5133
4866
5135
4864
5137
4862
5139
4860
5141
4858
5143
4856
5145
4854
5147
4852
5149
4850
5151
4848
5153
4846
5155
4844
5157
4842
5159
4840
5161
4838
5163
4836
5165
4834
5167
4832
5169
4830
5171
4828
5173
4826
5175
4824
5177
4822
5179
4820
5181
4818
5183
4816
5185
4814
5187
4812
5189
4810
5191
4808
5193
4806
5195
4804
5197
4802
5199
4800
5201
4798
5203
4796
5205
4794
5207
4792
5209
4790
5211
4788
5213
4786
5215
4784
5217
4782
5219
4780
5221
4778
5223
4776
5225
4774
5227
4772
5229
4770
5231
4768
5233
4766
5235
4764
5237
4762
5239
4760
5241
4758
5243
4756
5245
4754
5247
4752
5249
4750
5251
4748
5253
4746
5255
4744
5257
4742
5259
4740
5261
4738
5263
4736
5265
4734
5267
4732
5269
4730
5271
4728
5273
4726
5275
4724
5277
4722
5279
4720
5281
4718
5283
4716
5285
4714
5287
4712
5289
4710
5291
4708
5293
4706
5295
4704
5297
4702
5299
4700
5301
4698
5303
4696
5305
4694
5307
4692
5309
4690
5311
4688
5313
4686
5315
4684
5317
4682
5319
4680
5321
4678
5323
4676
5325
4674
5327
4672
5329
4670
5331
4668
5333
4666
5335
4664
5337
4662
5339
4660
5341
4658
5343
4656
5345
4654
5347
4652
5349
4650
5351
4648
5353
4646
5355
4644
5357
4642
5359
4640
5361
4638
5363
4636
5365
4634
5367
4632
5369
4630
5371
4628
5373
4626
5375
4624
5377
4622
5379
4620
5381
4618
5383
4616
5385
4614
5387
4612
5389
4610
5391
4608
5393
4606
5395
4604
5397
4602
5399
4600
5401
4598
5403
4596
5405
4594
5407
4592
5409
4590
5411
4588
5413
4586
5415
4584
5417
4582
5419
4580
5421
4578
5423
4576
5425
4574
5427
4572
5429
4570
5431
4568
5433
4566
5435
4564
5437
4562
5439
4560
5441
4558
5443
4556
5445
4554
5447
4552
5449
4550
5451
4548
5453
4546
5455
4544
5457
4542
5459
4540
5461
4538
5463
4536
5465
4534
5467
4532
5469
4530
5471
4528
5473
4526
5475
4524
5477
4522
5479
4520
5481
4518
5483
4516
5485
4514
5487
4512
5489
4510
5491
4508
5493
4506
5495
4504
5497
4502
5499
4500
5501
4498
5503
4496
5505
4494
5507
4492
5509
4490
5511
4488
5513
4486
5515
4484
5517
4482
5519
4480
5521
4478
5523
4476
5525
4474
5527
4472
5529
4470
5531
4468
5533
4466
5535
4464
5537
4462
5539
4460
5541
4458
5543
4456
5545
4454
5547
4452
5549
4450
5551
4448
5553
4446
5555
4444
5557
4442
5559
4440
5561
4438
5563
4436
5565
4434
5567
4432
5569
4430
5571
4428
5573
4426
5575
4424
5577
4422
5579
4420
5581
4418
5583
4416
5585
4414
5587
4412
5589
4410
5591
4408
5593
4406
5595
4404
5597
4402
5599
4400
5601
4398
5603
4396
5605
4394
5607
4392
5609
4390
5611
4388
5613
4386
5615
4384
5617
4382
5619
4380
5621
4378
5623
4376
5625
4374
5627
4372
5629
4370
5631
4368
5633
4366
5635
4364
5637
4362
5639
4360
5641
4358
5643
4356
5645
4354
5647
4352
5649
4350
5651
4348
5653
4346
5655
4344
5657
4342
5659
4340
5661
4338
5663
4336
5665
4334
5667
4332
5669
4330
5671
4328
5673
4326
5675
4324
5677
4322
5679
4320
5681
4318
5683
4316
5685
4314
5687
4312
5689
4310
5691
4308
5693
4306
5695
4304
5697
4302
5699
4300
5701
4298
5703
4296
5705
4294
5707
4292
5709
4290
5711
4288
5713
4286
5715
4284
5717
4282
5719
4280
5721
4278
5723
4276
5725
4274
5727
4272
5729
4270
5731
4268
5733
4266
5735
4264
5737
4262
5739
4260
5741
4258
5743
4256
5745
4254
5747
4252
5749
4250
5751
4248
5753
4246
5755
4244
5757
4242
5759
4240
5761
4238
5763
4236
5765
4234
5767
4232
5769
4230
5771
4228
5773
4226
5775
4224
5777
4222
5779
4220
5781
4218
5783
4216
5785
4214
5787
4212
5789
4210
5791
4208
5793
4206
5795
4204
5797
4202
5799
4200
5801
4198
5803
4196
5805
4194
5807
4192
5809
4190
5811
4188
5813
4186
5815
4184
5817
4182
5819
4180
5821
4178
5823
4176
5825
4174
5827
4172
5829
4170
5831
4168
5833
4166
5835
4164
5837
4162
5839
4160
5841
4158
5843
4156
5845
4154
5847
4152
5849
4150
5851
4148
5853
4146
5855
4144
5857
4142
5859
4140
5861
4138
5863
4136
5865
4134
5867
4132
5869
4130
5871
4128
5873
4126
5875
4124
5877
4122
5879
4120
5881
4118
5883
4116
5885
4114
5887
4112
5889
4110
5891
4108
5893
4106
5895
4104
5897
4102
5899
4100
5901
4098
5903
4096
5905
4094
5907
4092
5909
4090
5911
4088
5913
4086
5915
4084
5917
4082
5919
4080
5921
4078
5923
4076
5925
4074
5927
4072
5929
4070
5931
4068
5933
4066
5935
4064
5937
4062
5939
4060
5941
4058
5943
4056
5945
4054
5947
4052
5949
4050
5951
4048
5953
4046
5955
4044
5957
4042
5959
4040
5961
4038
5963
4036
5965
4034
5967
4032
5969
4030
5971
4028
5973
4026
5975
4024
5977
4022
5979
4020
5981
4018
5983
4016
5985
4014
5987
4012
5989
4010
5991
4008
5993
4006
5995
4004
5997
4002
5999
4000
6001
3998
6003
3996
6005
3994
6007
3992
6009
3990
6011
3988
6013
3986
6015
3984
6017
3982
6019
3980
6021
3978
6023
3976
6025
3974
6027
3972
6029
3970
6031
3968
6033
3966
6035
3964
6037
3962
6039
3960
6041
3958
6043
3956
6045
3954
6047
3952
6049
3950
6051
3948
6053
3946
6055
3944
6057
3942
6059
3940
6061
3938
6063
3936
6065
3934
6067
3932
6069
3930
6071
3928
6073
3926
6075
3924
6077
3922
6079
3920
6081
3918
6083
3916
6085
3914
6087
3912
6089
3910
6091
3908
6093
3906
6095
3904
6097
3902
6099
3900
6101
3898
6103
3896
6105
3894
6107
3892
6109
3890
6111
3888
6113
3886
6115
3884
6117
3882
6119
3880
6121
3878
6123
3876
6125
3874
6127
3872
6129
3870
6131
3868
6133
3866
6135
3864
6137
3862
6139
3860
6141
3858
6143
3856
6145
3854
6147
3852
6149
3850
6151
3848
6153
3846
6155
3844
6157
3842
6159
3840
6161
3838
6163
3836
6165
3834
6167
3832
6169
3830
6171
3828
6173
3826
6175
3824
6177
3822
6179
3820
6181
3818
6183
3816
6185
3814
6187
3812
6189
3810
6191
3808
6193
3806
6195
3804
6197
3802
6199
3800
6201
3798
6203
3796
6205
3794
6207
3792
6209
3790
6211
3788
6213
3786
6215
3784
6217
3782
6219
3780
6221
3778
6223
3776
6225
3774
6227
3772
6229
3770
6231
3768
6233
3766
6235
3764
6237
3762
6239
3760
6241
3758
6243
3756
6245
3754
6247
3752
6249
3750
6251
3748
6253
3746
6255
3744
6257
3742
6259
3740
6261
3738
6263
3736
6265
3734
6267
3732
6269
3730
6271
3728
6273
3726
6275
3724
6277
3722
6279
3720
6281
3718
6283
3716
6285
3714
6287
3712
6289
3710
6291
3708
6293
3706
6295
3704
6297
3702
6299
3700
6301
3698
6303
3696
6305
3694
6307
3692
6309
3690
6311
3688
6313
3686
6315
3684
6317
3682
6319
3680
6321
3678
6323
3676
6325
3674
6327
3672
6329
3670
6331
3668
6333
3666
6335
3664
6337
3662
6339
3660
6341
3658
6343
3656
6345
3654
6347
3652
6349
3650
6351
3648
6353
3646
6355
3644
6357
3642
6359
3640
6361
3638
6363
3636
6365
3634
6367
3632
6369
3630
6371
3628
6373
3626
6375
3624
6377
3622
6379
3620
6381
3618
6383
3616
6385
3614
6387
3612
6389
3610
6391
3608
6393
3606
6395
3604
6397
3602
6399
3600
6401
3598
6403
3596
6405
3594
6407
3592
6409
3590
6411
3588
6413
3586
6415
3584
6417
3582
6419
3580
6421
3578
6423
3576
6425
3574
6427
3572
6429
3570
6431
3568
6433
3566
6435
3564
6437
3562
6439
3560
6441
3558
6443
3556
6445
3554
6447
3552
6449
3550
6451
3548
6453
3546
6455
3544
6457
3542
6459
3540
6461
3538
6463
3536
6465
3534
6467
3532
6469
3530
6471
3528
6473
3526
6475
3524
6477
3522
6479
3520
6481
3518
6483
3516
6485
3514
6487
3512
6489
3510
6491
3508
6493
3506
6495
3504
6497
3502
6499
3500
6501
3498
6503
3496
6505
3494
6507
3492
6509
3490
6511
3488
6513
3486
6515
3484
6517
3482
6519
3480
6521
3478
6523
3476
6525
3474
6527
3472
6529
3470
6531
3468
6533
3466
6535
3464
6537
3462
6539
3460
6541
3458
6543
3456
6545
3454
6547
3452
6549
3450
6551
3448
6553
3446
6555
3444
6557
3442
6559
3440
6561
3438
6563
3436
6565
3434
6567
3432
6569
3430
6571
3428
6573
3426
6575
3424
6577
3422
6579
3420
6581
3418
6583
3416
6585
3414
6587
3412
6589
3410
6591
3408
6593
3406
6595
3404
6597
3402
6599
3400
6601
3398
6603
3396
6605
3394
6607
3392
6609
3390
6611
3388
6613
3386
6615
3384
6617
3382
6619
3380
6621
3378
6623
3376
6625
3374
6627
3372
6629
3370
6631
3368
6633
3366
6635
3364
6637
3362
6639
3360
6641
3358
6643
3356
6645
3354
6647
3352
6649
3350
6651
3348
6653
3346
6655
3344
6657
3342
6659
3340
6661
3338
6663
3336
6665
3334
6667
3332
6669
3330
6671
3328
6673
3326
6675
3324
6677
3322
6679
3320
6681
3318
6683
3316
6685
3314
6687
3312
6689
3310
6691
3308
6693
3306
6695
3304
6697
3302
6699
3300
6701
3298
6703
3296
6705
3294
6707
3292
6709
3290
6711
3288
6713
3286
6715
3284
6717
3282
6719
3280
6721
3278
6723
3276
6725
3274
6727
3272
6729
3270
6731
3268
6733
3266
6735
3264
6737
3262
6739
3260
6741
3258
6743
3256
6745
3254
6747
3252
6749
3250
6751
3248
6753
3246
6755
3244
6757
3242
6759
3240
6761
3238
6763
3236
6765
3234
6767
3232
6769
3230
6771
3228
6773
3226
6775
3224
6777
3222
6779
3220
6781
3218
6783
3216
6785
3214
6787
3212
6789
3210
6791
3208
6793
3206
6795
3204
6797
3202
6799
3200
6801
3198
6803
3196
6805
3194
6807
3192
6809
3190
6811
3188
6813
3186
6815
3184
6817
3182
6819
3180
6821
3178
6823
3176
6825
3174
6827
3172
6829
3170
6831
3168
6833
3166
6835
3164
6837
3162
6839
3160
6841
3158
6843
3156
6845
3154
6847
3152
6849
3150
6851
3148
6853
3146
6855
3144
6857
3142
6859
3140
6861
3138
6863
3136
6865
3134
6867
3132
6869
3130
6871
3128
6873
3126
6875
3124
6877
3122
6879
3120
6881
3118
6883
3116
6885
3114
6887
3112
6889
3110
6891
3108
6893
3106
6895
3104
6897
3102
6899
3100
6901
3098
6903
3096
6905
3094
6907
3092
6909
3090
6911
3088
6913
3086
6915
3084
6917
3082
6919
3080
6921
3078
6923
3076
6925
3074
6927
3072
6929
3070
6931
3068
6933
3066
6935
3064
6937
3062
6939
3060
6941
3058
6943
3056
6945
3054
6947
3052
6949
3050
6951
3048
6953
3046
6955
3044
6957
3042
6959
3040
6961
3038
6963
3036
6965
3034
6967
3032
6969
3030
6971
3028
6973
3026
6975
3024
6977
3022
6979
3020
6981
3018
6983
3016
6985
3014
6987
3012
6989
3010
6991
3008
6993
3006
6995
3004
6997
3002
6999
3000
7001
2998
7003
2996
7005
2994
7007
2992
7009
2990
7011
2988
7013
2986
7015
2984
7017
2982
7019
2980
7021
2978
7023
2976
7025
2974
7027
2972
7029
2970
7031
2968
7033
2966
7035
2964
7037
2962
7039
2960
7041
2958
7043
2956
7045
2954
7047
2952
7049
2950
7051
2948
7053
2946
7055
2944
7057
2942
7059
2940
7061
2938
7063
2936
7065
2934
7067
2932
7069
2930
7071
2928
7073
2926
7075
2924
7077
2922
7079
2920
7081
2918
7083
2916
7085
2914
7087
2912
7089
2910
7091
2908
7093
2906
7095
2904
7097
2902
7099
2900
7101
2898
7103
2896
7105
2894
7107
2892
7109
2890
7111
2888
7113
2886
7115
2884
7117
2882
7119
2880
7121
2878
7123
2876
7125
2874
7127
2872
7129
2870
7131
2868
7133
2866
7135
2864
7137
2862
7139
2860
7141
2858
7143
2856
7145
2854
7147
2852
7149
2850
7151
2848
7153
2846
7155
2844
7157
2842
7159
2840
7161
2838
7163
2836
7165
2834
7167
2832
7169
2830
7171
2828
7173
2826
7175
2824
7177
2822
7179
2820
7181
2818
7183
2816
7185
2814
7187
2812
7189
2810
7191
2808
7193
2806
7195
2804
7197
2802
7199
2800
7201
2798
7203
2796
7205
2794
7207
2792
7209
2790
7211
2788
7213
2786
7215
2784
7217
2782
7219
2780
7221
2778
7223
2776
7225
2774
7227
2772
7229
2770
7231
2768
7233
2766
7235
2764
7237
2762
7239
2760
7241
2758
7243
2756
7245
2754
7247
2752
7249
2750
7251
2748
7253
2746
7255
2744
7257
2742
7259
2740
7261
2738
7263
2736
7265
2734
7267
2732
7269
2730
7271
2728
7273
2726
7275
2724
7277
2722
7279
2720
7281
2718
7283
2716
7285
2714
7287
2712
7289
2710
7291
2708
7293
2706
7295
2704
7297
2702
7299
2700
7301
2698
7303
2696
7305
2694
7307
2692
7309
2690
7311
2688
7313
2686
7315
2684
7317
2682
7319
2680
7321
2678
7323
2676
7325
2674
7327
2672
7329
2670
7331
2668
7333
2666
7335
2664
7337
2662
7339
2660
7341
2658
7343
2656
7345
2654
7347
2652
7349
2650
7351
2648
7353
2646
7355
2644
7357
2642
7359
2640
7361
2638
7363
2636
7365
2634
7367
2632
7369
2630
7371
2628
7373
2626
7375
2624
7377
2622
7379
2620
7381
2618
7383
2616
7385
2614
7387
2612
7389
2610
7391
2608
7393
2606
7395
2604
7397
2602
7399
2600
7401
2598
7403
2596
7405
2594
7407
2592
7409
2590
7411
2588
7413
2586
7415
2584
7417
2582
7419
2580
7421
2578
7423
2576
7425
2574
7427
2572
7429
2570
7431
2568
7433
2566
7435
2564
7437
2562
7439
2560
7441
2558
7443
2556
7445
2554
7447
2552
7449
2550
7451
2548
7453
2546
7455
2544
7457
2542
7459
2540
7461
2538
7463
2536
7465
2534
7467
2532
7469
2530
7471
2528
7473
2526
7475
2524
7477
2522
7479
2520
7481
2518
7483
2516
7485
2514
7487
2512
7489
2510
7491
2508
7493
2506
7495
2504
7497
2502
7499
2500
7501
2498
7503
2496
7505
2494
7507
2492
7509
2490
7511
2488
7513
2486
7515
2484
7517
2482
7519
2480
7521
2478
7523
2476
7525
2474
7527
2472
7529
2470
7531
2468
7533
2466
7535
2464
7537
2462
7539
2460
7541
2458
7543
2456
7545
2454
7547
2452
7549
2450
7551
2448
7553
2446
7555
2444
7557
2442
7559
2440
7561
2438
7563
2436
7565
2434
7567
2432
7569
2430
7571
2428
7573
2426
7575
2424
7577
2422
7579
2420
7581
2418
7583
2416
7585
2414
7587
2412
7589
2410
7591
2408
7593
2406
7595
2404
7597
2402
7599
2400
7601
2398
7603
2396
7605
2394
7607
2392
7609
2390
7611
2388
7613
2386
7615
2384
7617
2382
7619
2380
7621
2378
7623
2376
7625
2374
7627
2372
7629
2370
7631
2368
7633
2366
7635
2364
7637
2362
7639
2360
7641
2358
7643
2356
7645
2354
7647
2352
7649
2350
7651
2348
7653
2346
7655
2344
7657
2342
7659
2340
7661
2338
7663
2336
7665
2334
7667
2332
7669
2330
7671
2328
7673
2326
7675
2324
7677
2322
7679
2320
7681
2318
7683
2316
7685
2314
7687
2312
7689
2310
7691
2308
7693
2306
7695
2304
7697
2302
7699
2300
7701
2298
7703
2296
7705
2294
7707
2292
7709
2290
7711
2288
7713
2286
7715
2284
7717
2282
7719
2280
7721
2278
7723
2276
7725
2274
7727
2272
7729
2270
7731
2268
7733
2266
7735
2264
7737
2262
7739
2260
7741
2258
7743
2256
7745
2254
7747
2252
7749
2250
7751
2248
7753
2246
7755
2244
7757
2242
7759
2240
7761
2238
7763
2236
7765
2234
7767
2232
7769
2230
7771
2228
7773
2226
7775
2224
7777
2222
7779
2220
7781
2218
7783
2216
7785
2214
7787
2212
7789
2210
7791
2208
7793
2206
7795
2204
7797
2202
7799
2200
7801
2198
7803
2196
7805
2194
7807
2192
7809
2190
7811
2188
7813
2186
7815
2184
7817
2182
7819
2180
7821
2178
7823
2176
7825
2174
7827
2172
7829
2170
7831
2168
7833
2166
7835
2164
7837
2162
7839
2160
7841
2158
7843
2156
7845
2154
7847
2152
7849
2150
7851
2148
7853
2146
7855
2144
7857
2142
7859
2140
7861
2138
7863
2136
7865
2134
7867
2132
7869
2130
7871
2128
7873
2126
7875
2124
7877
2122
7879
2120
7881
2118
7883
2116
7885
2114
7887
2112
7889
2110
7891
2108
7893
2106
7895
2104
7897
2102
7899
2100
7901
2098
7903
2096
7905
2094
7907
2092
7909
2090
7911
2088
7913
2086
7915
2084
7917
2082
7919
2080
7921
2078
7923
2076
7925
2074
7927
2072
7929
2070
7931
2068
7933
2066
7935
2064
7937
2062
7939
2060
7941
2058
7943
2056
7945
2054
7947
2052
7949
2050
7951
2048
7953
2046
7955
2044
7957
2042
7959
2040
7961
2038
7963
2036
7965
2034
7967
2032
7969
2030
7971
2028
7973
2026
7975
2024
7977
2022
7979
2020
7981
2018
7983
2016
7985
2014
7987
2012
7989
2010
7991
2008
7993
2006
7995
2004
7997
2002
7999
2000
8001
1998
8003
1996
8005
1994
8007
1992
8009
1990
8011
1988
8013
1986
8015
1984
8017
1982
8019
1980
8021
1978
8023
1976
8025
1974
8027
1972
8029
1970
8031
1968
8033
1966
8035
1964
8037
1962
8039
1960
8041
1958
8043
1956
8045
1954
8047
1952
8049
1950
8051
1948
8053
1946
8055
1944
8057
1942
8059
1940
8061
1938
8063
1936
8065
1934
8067
1932
8069
1930
8071
1928
8073
1926
8075
1924
8077
1922
8079
1920
8081
1918
8083
1916
8085
1914
8087
1912
8089
1910
8091
1908
8093
1906
8095
1904
8097
1902
8099
1900
8101
1898
8103
1896
8105
1894
8107
1892
8109
1890
8111
1888
8113
1886
8115
1884
8117
1882
8119
1880
8121
1878
8123
1876
8125
1874
8127
1872
8129
1870
8131
1868
8133
1866
8135
1864
8137
1862
8139
1860
8141
1858
8143
1856
8145
1854
8147
1852
8149
1850
8151
1848
8153
1846
8155
1844
8157
1842
8159
1840
8161
1838
8163
1836
8165
1834
8167
1832
8169
1830
8171
1828
8173
1826
8175
1824
8177
1822
8179
1820
8181
1818
8183
1816
8185
1814
8187
1812
8189
1810
8191
1808
8193
1806
8195
1804
8197
1802
8199
1800
8201
1798
8203
1796
8205
1794
8207
1792
8209
1790
8211
1788
8213
1786
8215
1784
8217
1782
8219
1780
8221
1778
8223
1776
8225
1774
8227
1772
8229
1770
8231
1768
8233
1766
8235
1764
8237
1762
8239
1760
8241
1758
8243
1756
8245
1754
8247
1752
8249
1750
8251
1748
8253
1746
8255
1744
8257
1742
8259
1740
8261
1738
8263
1736
8265
1734
8267
1732
8269
1730
8271
1728
8273
1726
8275
1724
8277
1722
8279
1720
8281
1718
8283
1716
8285
1714
8287
1712
8289
1710
8291
1708
8293
1706
8295
1704
8297
1702
8299
1700
8301
1698
8303
1696
8305
1694
8307
1692
8309
1690
8311
1688
8313
1686
8315
1684
8317
1682
8319
1680
8321
1678
8323
1676
8325
1674
8327
1672
8329
1670
8331
1668
8333
1666
8335
1664
8337
1662
8339
1660
8341
1658
8343
1656
8345
1654
8347
1652
8349
1650
8351
1648
8353
1646
8355
1644
8357
1642
8359
1640
8361
1638
8363
1636
8365
1634
8367
1632
8369
1630
8371
1628
8373
1626
8375
1624
8377
1622
8379
1620
8381
1618
8383
1616
8385
1614
8387
1612
8389
1610
8391
1608
8393
1606
8395
1604
8397
1602
8399
1600
8401
1598
8403
1596
8405
1594
8407
1592
8409
1590
8411
1588
8413
1586
8415
1584
8417
1582
8419
1580
8421
1578
8423
1576
8425
1574
8427
1572
8429
1570
8431
1568
8433
1566
8435
1564
8437
1562
8439
1560
8441
1558
8443
1556
8445
1554
8447
1552
8449
1550
8451
1548
8453
1546
8455
1544
8457
1542
8459
1540
8461
1538
8463
1536
8465
1534
8467
1532
8469
1530
8471
1528
8473
1526
8475
1524
8477
1522
8479
1520
8481
1518
8483
1516
8485
1514
8487
1512
8489
1510
8491
1508
8493
1506
8495
1504
8497
1502
8499
1500
8501
1498
8503
1496
8505
1494
8507
1492
8509
1490
8511
1488
8513
1486
8515
1484
8517
1482
8519
1480
8521
1478
8523
1476
8525
1474
8527
1472
8529
1470
8531
1468
8533
1466
8535
1464
8537
1462
8539
1460
8541
1458
8543
1456
8545
1454
8547
1452
8549
1450
8551
1448
8553
1446
8555
1444
8557
1442
8559
1440
8561
1438
8563
1436
8565
1434
8567
1432
8569
1430
8571
1428
8573
1426
8575
1424
8577
1422
8579
1420
8581
1418
8583
1416
8585
1414
8587
1412
8589
1410
8591
1408
8593
1406
8595
1404
8597
1402
8599
1400
8601
1398
8603
1396
8605
1394
8607
1392
8609
1390
8611
1388
8613
1386
8615
1384
8617
1382
8619
1380
8621
1378
8623
1376
8625
1374
8627
1372
8629
1370
8631
1368
8633
1366
8635
1364
8637
1362
8639
1360
8641
1358
8643
1356
8645
1354
8647
1352
8649
1350
8651
1348
8653
1346
8655
1344
8657
1342
8659
1340
8661
1338
8663
1336
8665
1334
8667
1332
8669
1330
8671
1328
8673
1326
8675
1324
8677
1322
8679
1320
8681
1318
8683
1316
8685
1314
8687
1312
8689
1310
8691
1308
8693
1306
8695
1304
8697
1302
8699
1300
8701
1298
8703
1296
8705
1294
8707
1292
8709
1290
8711
1288
8713
1286
8715
1284
8717
1282
8719
1280
8721
1278
8723
1276
8725
1274
8727
1272
8729
1270
8731
1268
8733
1266
8735
1264
8737
1262
8739
1260
8741
1258
8743
1256
8745
1254
8747
1252
8749
1250
8751
1248
8753
1246
8755
1244
8757
1242
8759
1240
8761
1238
8763
1236
8765
1234
8767
1232
8769
1230
8771
1228
8773
1226
8775
1224
8777
1222
8779
1220
8781
1218
8783
1216
8785
1214
8787
1212
8789
1210
8791
1208
8793
1206
8795
1204
8797
1202
8799
1200
8801
1198
8803
1196
8805
1194
8807
1192
8809
1190
8811
1188
8813
1186
8815
1184
8817
1182
8819
1180
8821
1178
8823
1176
8825
1174
8827
1172
8829
1170
8831
1168
8833
1166
8835
1164
8837
1162
8839
1160
8841
1158
8843
1156
8845
1154
8847
1152
8849
1150
8851
1148
8853
1146
8855
1144
8857
1142
8859
1140
8861
1138
8863
1136
8865
1134
8867
1132
8869
1130
8871
1128
8873
1126
8875
1124
8877
1122
8879
1120
8881
1118
8883
1116
8885
1114
8887
1112
8889
1110
8891
1108
8893
1106
8895
1104
8897
1102
8899
1100
8901
1098
8903
1096
8905
1094
8907
1092
8909
1090
8911
1088
8913
1086
8915
1084
8917
1082
8919
1080
8921
1078
8923
1076
8925
1074
8927
1072
8929
1070
8931
1068
8933
1066
8935
1064
8937
1062
8939
1060
8941
1058
8943
1056
8945
1054
8947
1052
8949
1050
8951
1048
8953
1046
8955
1044
8957
1042
8959
1040
8961
1038
8963
1036
8965
1034
8967
1032
8969
1030
8971
1028
8973
1026
8975
1024
8977
1022
8979
1020
8981
1018
8983
1016
8985
1014
8987
1012
8989
1010
8991
1008
8993
1006
8995
1004
8997
1002
8999
1000
9001
998
9003
996
9005
994
9007
992
9009
990
9011
988
9013
986
9015
984
9017
982
9019
980
9021
978
9023
976
9025
974
9027
972
9029
970
9031
968
9033
966
9035
964
9037
962
9039
960
9041
958
9043
956
9045
954
9047
952
9049
950
9051
948
9053
946
9055
944
9057
942
9059
940
9061
938
9063
936
9065
934
9067
932
9069
930
9071
928
9073
926
9075
924
9077
922
9079
920
9081
918
9083
916
9085
914
9087
912
9089
910
9091
908
9093
906
9095
904
9097
902
9099
900
9101
898
9103
896
9105
894
9107
892
9109
890
9111
888
9113
886
9115
884
9117
882
9119
880
9121
878
9123
876
9125
874
9127
872
9129
870
9131
868
9133
866
9135
864
9137
862
9139
860
9141
858
9143
856
9145
854
9147
852
9149
850
9151
848
9153
846
9155
844
9157
842
9159
840
9161
838
9163
836
9165
834
9167
832
9169
830
9171
828
9173
826
9175
824
9177
822
9179
820
9181
818
9183
816
9185
814
9187
812
9189
810
9191
808
9193
806
9195
804
9197
802
9199
800
9201
798
9203
796
9205
794
9207
792
9209
790
9211
788
9213
786
9215
784
9217
782
9219
780
9221
778
9223
776
9225
774
9227
772
9229
770
9231
768
9233
766
9235
764
9237
762
9239
760
9241
758
9243
756
9245
754
9247
752
9249
750
9251
748
9253
746
9255
744
9257
742
9259
740
9261
738
9263
736
9265
734
9267
732
9269
730
9271
728
9273
726
9275
724
9277
722
9279
720
9281
718
9283
716
9285
714
9287
712
9289
710
9291
708
9293
706
9295
704
9297
702
9299
700
9301
698
9303
696
9305
694
9307
692
9309
690
9311
688
9313
686
9315
684
9317
682
9319
680
9321
678
9323
676
9325
674
9327
672
9329
670
9331
668
9333
666
9335
664
9337
662
9339
660
9341
658
9343
656
9345
654
9347
652
9349
650
9351
648
9353
646
9355
644
9357
642
9359
640
9361
638
9363
636
9365
634
9367
632
9369
630
9371
628
9373
626
9375
624
9377
622
9379
620
9381
618
9383
616
9385
614
9387
612
9389
610
9391
608
9393
606
9395
604
9397
602
9399
600
9401
598
9403
596
9405
594
9407
592
9409
590
9411
588
9413
586
9415
584
9417
582
9419
580
9421
578
9423
576
9425
574
9427
572
9429
570
9431
568
9433
566
9435
564
9437
562
9439
560
9441
558
9443
556
9445
554
9447
552
9449
550
9451
548
9453
546
9455
544
9457
542
9459
540
9461
538
9463
536
9465
534
9467
532
9469
530
9471
528
9473
526
9475
524
9477
522
9479
520
9481
518
9483
516
9485
514
9487
512
9489
510
9491
508
9493
506
9495
504
9497
502
9499
500
9501
498
9503
496
9505
494
9507
492
9509
490
9511
488
9513
486
9515
484
9517
482
9519
480
9521
478
9523
476
9525
474
9527
472
9529
470
9531
468
9533
466
9535
464
9537
462
9539
460
9541
458
9543
456
9545
454
9547
452
9549
450
9551
448
9553
446
9555
444
9557
442
9559
440
9561
438
9563
436
9565
434
9567
432
9569
430
9571
428
9573
426
9575
424
9577
422
9579
420
9581
418
9583
416
9585
414
9587
412
9589
410
9591
408
9593
406
9595
404
9597
402
9599
400
9601
398
9603
396
9605
394
9607
392
9609
390
9611
388
9613
386
9615
384
9617
382
9619
380
9621
378
9623
376
9625
374
9627
372
9629
370
9631
368
9633
366
9635
364
9637
362
9639
360
9641
358
9643
356
9645
354
9647
352
9649
350
9651
348
9653
346
9655
344
9657
342
9659
340
9661
338
9663
336
9665
334
9667
332
9669
330
9671
328
9673
326
9675
324
9677
322
9679
320
9681
318
9683
316
9685
314
9687
312
9689
310
9691
308
9693
306
9695
304
9697
302
9699
300
9701
298
9703
296
9705
294
9707
292
9709
290
9711
288
9713
286
9715
284
9717
282
9719
280
9721
278
9723
276
9725
274
9727
272
9729
270
9731
268
9733
266
9735
264
9737
262
9739
260
9741
258
9743
256
9745
254
9747
252
9749
250
9751
248
9753
246
9755
244
9757
242
9759
240
9761
238
9763
236
9765
234
9767
232
9769
230
9771
228
9773
226
9775
224
9777
222
9779
220
9781
218
9783
216
9785
214
9787
212
9789
210
9791
208
9793
206
9795
204
9797
202
9799
200
9801
198
9803
196
9805
194
9807
192
9809
190
9811
188
9813
186
9815
184
9817
182
9819
180
9821
178
9823
176
9825
174
9827
172
9829
170
9831
168
9833
166
9835
164
9837
162
9839
160
9841
158
9843
156
9845
154
9847
152
9849
150
9851
148
9853
146
9855
144
9857
142
9859
140
9861
138
9863
136
9865
134
9867
132
9869
130
9871
128
9873
126
9875
124
9877
122
9879
120
9881
118
9883
116
9885
114
9887
112
9889
110
9891
108
9893
106
9895
104
9897
102
9899
100
9901
98
9903
96
9905
94
9907
92
9909
90
9911
88
9913
86
9915
84
9917
82
9919
80
9921
78
9923
76
9925
74
9927
72
9929
70
9931
68
9933
66
9935
64
9937
62
9939
60
9941
58
9943
56
9945
54
9947
52
9949
50
9951
48
9953
46
9955
44
9957
42
9959
40
9961
38
9963
36
9965
34
9967
32
9969
30
9971
28
9973
26
9975
24
9977
22
9979
20
9981
18
9983
16
9985
14
9987
12
9989
10
9991
8
9993
6
9995
4
9997
2
9999
0
