33 3627 180
2139 1439
1235 448
253 185
1161 672
669 591
1243 433
530 275
24 27
766 777
399 6
659 432
1803 184
680 343
732 460
333 180
1022 481
860 274
1145 447
423 248
717 723
928 145
414 210
984 899
378 96
800 652
871 753
594 417
470 230
86 92
19 3
554 459
627 338
11 19
1304 1209
556 493
230 87
716 551
1245 389
1273 37
163 54
553 479
293 190
626 229
714 136
689 390
563 128
189 173
1417 781
398 338
1216 476
400 408
196 110
360 306
740 257
70 14
1241 659
95 11
139 12
964 88
18 2
1066 497
1132 435
774 560
655 244
988 470
1142 590
373 339
230 172
894 632
1120 99
399 189
2108 2081
762 535
631 200
410 183
154 66
1670 793
345 126
709 111
886 555
455 271
1030 1019
202 184
554 472
1325 496
373 10
975 688
400 389
1083 344
1052 157
532 500
960 748
1130 257
1148 964
55 60
323 17
259 41
712 516
467 218
558 365
176 78
553 211
167 29
1119 380
587 587
1031 765
161 110
63 66
714 696
371 20
990 254
6 12
291 259
451 168
1244 409
712 638
614 206
504 65
102 6
41 45
512 315
971 948
526 150
759 146
818 270
1391 1078
1878 1223
358 291
576 180
100 27
1327 913
438 340
65 63
61 15
212 175
848 774
2489 1884
379 59
759 212
1119 983
2097 1095
350 337
61 37
1171 691
2447 2150
9 5
542 123
960 131
352 230
421 355
522 97
830 519
887 342
526 459
2214 878
54 25
2100 1406
1287 1095
186 59
2499 2084
1055 588
73 43
1115 313
2512 1316
1117 691
1027 342
897 712
576 91
10 1
1188 120
657 417
147 26
992 61
643 378
835 571
4 11
194 177
1323 197
1271 725
809 344
