10 1126 100
143 96
191 148
194 189
176 90
422 393
156 116
182 12
27 36
224 209
154 143
197 201
84 20
102 30
132 62
219 124
187 137
233 140
90 51
142 6
123 39
61 71
106 73
143 90
816 533
38 6
176 151
260 177
164 173
1 1
128 111
63 21
151 63
103 21
42 47
190 43
172 121
188 182
314 231
37 7
169 47
56 16
205 81
214 179
1 11
138 105
150 56
38 41
380 386
140 36
128 113
107 25
181 141
123 57
80 83
209 127
41 3
98 102
19 18
77 26
879 131
56 51
114 53
32 10
141 83
147 64
189 5
178 84
181 61
172 24
86 86
291 208
173 173
662 501
210 169
21 12
157 57
12 15
43 28
50 57
288 184
33 20
61 20
188 79
63 27
42 41
139 71
81 52
73 26
67 10
189 13
74 58
222 210
85 29
154 12
84 82
122 50
174 152
209 34
537 250
58 16
