100 1000 5
5 82 9411
29 25 3438
78 47 9947
82 55 8737
88 32 6153
55 82 7310
74 48 3167
81 73 4705
85 21 447
38 18 482
14 59 6010
97 28 3158
79 53 3841
86 30 955
97 37 4256
5 73 7289
8 40 1222
29 66 2879
80 78 38
85 65 6251
63 37 2741
97 83 5598
18 88 6175
69 88 7994
19 44 8907
54 35 2856
90 45 693
52 92 3145
53 10 4279
17 59 9120
71 63 9141
72 72 8962
77 66 720
97 72 4421
94 55 8686
10 9 3592
30 58 3355
41 62 1285
51 24 1299
8 100 1938
7 28 7643
85 36 5490
5 26 9250
69 61 272
37 17 402
80 47 9717
56 5 8825
18 59 8675
47 6 581
71 9 9022
91 82 5116
11 52 5272
48 60 378
50 9 57
56 67 1510
56 33 298
6 71 1070
90 68 9381
65 89 8005
39 81 4381
51 63 1921
86 92 9343
57 87 6618
56 8 9095
8 79 876
70 83 7943
8 12 2549
66 42 7818
47 16 8431
25 83 4592
3 27 6262
14 87 2418
68 36 3905
26 18 7939
90 66 6552
3 5 3324
36 25 1895
36 72 1514
77 38 9435
56 9 9432
4 31 6020
98 100 2294
29 100 8021
98 54 7796
82 3 3803
66 66 9469
34 95 4349
58 53 4052
45 63 6411
72 17 3949
86 93 6014
85 91 65
60 31 4109
42 39 3708
79 84 1978
41 35 5163
32 90 6578
31 33 5169
34 61 1065
80 30 4938
36 47 5019
64 40 583
100 46 6834
24 21 941
38 24 9344
40 13 8989
99 56 6266
96 49 6731
29 47 2515
56 37 4101
19 66 7872
16 2 5396
38 4 3322
52 15 9349
43 72 2967
28 90 9327
57 7 3812
27 66 3585
36 91 1162
80 6 4479
57 80 4640
49 71 488
43 18 3814
27 58 2191
85 64 6735
27 4 7421
24 36 2577
56 61 5882
60 11 2693
43 35 2560
4 11 4689
76 86 1301
8 21 2297
51 92 761
42 38 7890
7 68 4728
23 38 3493
41 56 5168
16 85 3984
36 76 4630
49 17 5617
75 49 7730
25 52 4678
66 65 4958
6 27 8492
65 87 8817
38 5 9588
79 35 6684
21 5 3697
14 37 7996
34 70 7514
70 34 9175
23 84 5128
91 90 9791
49 86 2791
82 14 470
80 9 9874
54 36 5753
75 55 3208
93 31 3416
37 77 5297
10 45 3088
67 58 9218
77 51 5601
71 16 8709
26 92 5864
86 42 3495
44 67 3121
92 91 7424
67 50 952
17 90 3094
11 9 2927
25 12 5565
23 8 3172
43 35 9998
26 48 2395
6 42 5769
36 34 8690
70 38 7990
6 89 5680
17 87 2750
98 75 7413
26 4 5808
56 95 1439
25 78 3112
77 15 4651
53 40 4335
85 89 2667
3 2 8271
21 29 4518
56 83 1606
27 56 2727
99 82 6323
62 70 8460
94 31 9865
90 74 1780
31 95 7833
33 83 9651
17 47 2415
58 77 1447
76 89 7681
47 53 4316
16 95 89
95 86 7239
59 98 3504
41 89 3431
24 52 5196
13 68 2530
12 98 694
19 46 8212
1 24 5250
5 46 5606
83 80 7370
85 19 1216
96 11 2795
86 35 3675
35 56 4970
69 63 4484
15 41 9581
99 81 8862
42 27 9924
13 42 8597
16 44 8458
7 19 8985
54 40 1366
16 83 3580
95 27 3821
55 46 7467
59 37 5919
25 52 6836
7 74 3493
25 14 4194
36 25 6023
21 17 6989
61 99 6412
76 36 8054
16 93 4172
51 20 7115
62 14 2109
29 55 9577
99 3 2324
30 90 3586
40 81 8347
51 38 6765
55 33 5305
19 37 1596
84 33 8559
89 39 5846
38 27 1532
21 64 6554
31 90 1111
77 82 6454
75 14 1139
99 29 1536
7 48 4475
80 31 1487
2 38 7580
82 44 850
87 71 7381
55 15 3992
27 64 1967
66 21 1271
71 6 6614
28 22 4818
40 60 6770
46 78 4843
58 12 7416
19 20 3610
12 70 2747
1 25 6020
23 82 2100
10 97 3300
50 35 8671
58 32 6223
71 5 8685
92 52 6344
93 22 6016
17 49 4255
88 49 5642
73 76 5765
62 88 378
36 20 1159
57 5 505
94 86 6966
61 100 422
98 97 8799
95 14 7383
6 48 4428
55 68 6980
15 86 5285
79 9 3684
27 30 7054
94 36 9319
76 20 8247
85 53 8562
82 77 943
96 33 7888
59 37 8748
51 70 4672
15 82 718
57 82 9442
36 90 1163
37 14 9621
97 52 7875
48 94 6313
33 42 2234
87 55 1438
55 30 8446
21 35 2075
84 55 4443
31 35 9698
45 52 7570
49 25 6885
5 91 8102
86 63 4327
77 68 2276
40 58 5088
95 80 6350
88 36 863
55 94 6455
33 50 6015
77 18 362
80 26 2696
70 8 8224
85 56 2957
7 85 7954
53 31 1903
78 15 7276
89 53 8121
75 36 1138
39 44 4728
81 82 5990
94 74 9233
93 98 1152
58 17 8185
52 44 2786
7 1 3347
20 98 7305
56 15 3242
29 43 2938
23 58 3029
13 93 5194
32 16 7500
72 78 5716
23 48 5342
52 89 2219
88 93 4185
66 33 4938
19 64 5897
83 95 8634
92 33 8547
5 76 5241
10 93 9376
76 70 255
71 26 8765
8 63 891
26 39 7538
84 98 7996
97 23 4235
100 80 6507
22 1 9978
31 49 9874
56 25 9078
19 93 2012
69 35 8700
10 37 4264
33 59 4161
64 33 7069
82 88 377
95 49 28
70 93 1071
89 52 7253
12 94 2250
97 44 5153
58 34 1709
24 49 8660
23 14 796
67 1 4941
2 32 3133
50 43 7999
100 92 4253
1 84 1206
50 55 4068
48 10 8192
69 20 3232
55 87 240
57 58 2584
16 10 5140
41 49 3474
13 49 3702
40 47 8230
13 92 9671
95 45 3797
99 62 7860
62 55 7787
39 93 2025
85 22 6797
23 52 7728
43 62 7522
82 31 8368
69 50 1224
33 99 3115
50 75 6973
29 15 8577
21 50 4259
97 72 4212
88 61 3299
9 99 4665
57 35 5068
93 61 1390
79 90 8078
20 51 8961
68 5 6295
46 57 6999
74 5 8046
60 9 5250
64 11 4915
50 8 607
31 66 2704
28 88 6713
21 64 328
37 18 2719
54 100 8971
3 96 1647
49 45 2211
35 89 7573
88 47 4101
56 96 8761
12 28 1395
96 80 155
89 52 2776
80 83 1669
28 61 3885
38 46 4105
25 44 6592
48 45 9285
49 45 3346
52 2 9201
23 16 4699
77 87 209
2 61 6526
94 12 5603
33 40 5433
59 8 9613
56 99 7239
87 6 155
98 21 5109
16 96 4763
26 82 7364
97 33 1594
83 93 9642
30 79 9122
10 35 6330
53 30 3848
39 58 8328
68 30 7211
84 40 5551
53 46 2316
66 46 6431
33 7 372
41 14 691
68 42 3499
44 20 6313
2 17 9204
41 40 5036
97 84 7876
43 20 7986
37 23 1133
14 30 3328
74 33 926
77 64 1251
26 61 979
25 57 4498
69 97 614
77 17 9121
87 12 7236
12 24 875
74 63 5757
21 93 7764
41 100 7013
14 82 4139
76 1 9905
64 38 2213
48 16 9920
100 62 9775
100 37 9427
20 15 5897
69 70 334
88 27 6854
89 48 2084
55 53 1502
34 52 9692
4 5 3222
48 82 4908
70 49 4007
69 24 4437
61 61 6137
44 97 3259
57 17 5300
85 95 6197
68 1 5479
86 73 2657
68 31 3237
14 66 9474
68 50 2831
11 81 393
2 35 3575
33 100 1912
36 11 1850
43 4 9745
98 21 6636
62 22 5722
35 47 2902
47 38 75
72 87 447
14 55 7331
69 88 4756
30 44 8904
29 17 2180
81 52 1515
49 49 5791
13 85 8455
81 3 8075
28 48 8171
39 59 9964
66 10 4760
39 93 8216
74 44 9023
42 46 9312
52 4 2660
71 29 5115
7 68 2803
53 77 318
81 53 9915
6 75 5512
96 68 2762
89 52 6622
48 14 5133
100 48 2950
56 55 2442
84 22 2967
42 73 3742
34 82 5431
45 77 5765
39 49 4923
64 35 9439
15 81 1317
21 92 2687
99 24 4752
56 37 4726
44 40 768
13 79 5597
91 39 7756
54 88 1969
95 51 7560
95 59 3998
5 44 6453
2 68 2413
66 43 5082
38 55 2115
33 16 2718
14 92 7492
46 84 3352
90 21 195
64 31 4174
4 19 9031
20 52 7501
51 3 3530
25 82 3586
92 17 9762
84 26 8100
2 19 5194
51 30 9563
91 46 2436
27 28 7037
87 71 6739
22 56 5777
58 12 799
74 42 9996
19 28 4541
50 56 9945
81 98 7756
89 38 4792
70 56 8180
29 3 9286
29 100 2407
38 96 152
38 54 5714
26 61 4930
66 8 134
62 69 3662
44 68 9472
40 71 1665
32 43 7341
68 7 6368
61 40 3258
39 43 8034
59 82 1647
36 10 5120
42 38 6230
66 80 3353
36 95 6080
36 68 2225
74 25 7046
61 36 8756
89 86 2914
83 100 7264
26 70 7320
37 50 9874
55 45 5881
58 65 6165
24 68 674
84 84 512
17 49 2846
23 91 28
72 29 8743
76 10 9056
39 32 5771
61 5 363
88 81 3624
63 39 7931
31 50 9700
77 68 7003
47 62 9684
43 3 8305
82 10 4166
98 26 648
59 42 7048
4 29 793
94 26 8324
32 35 2446
50 57 290
52 43 36
20 69 5082
60 49 7189
31 56 7603
63 50 2251
79 46 5280
73 47 7666
25 81 8326
93 76 4359
49 3 2625
15 44 4014
11 8 3909
21 81 7895
59 99 9318
38 16 749
12 8 8091
18 87 1949
15 36 9565
55 68 1393
85 100 4145
99 23 3242
7 64 9490
31 14 7482
69 86 396
90 62 3562
45 95 7411
63 17 3922
6 65 6640
54 79 3905
70 36 5343
1 60 5255
76 57 9312
8 86 9698
84 15 2174
73 14 3939
90 54 5446
52 98 7596
69 51 1431
50 98 5408
61 27 6730
50 58 4439
44 90 5510
96 33 3967
38 23 9793
85 93 7235
86 6 3658
45 52 2433
64 61 8051
3 19 7918
63 61 3658
59 46 2022
89 91 6463
63 20 2425
92 76 3998
36 74 8671
82 53 9061
38 44 7228
93 68 5015
15 75 1255
40 25 2002
42 25 5864
16 75 6893
88 26 7909
23 18 6901
89 27 2449
18 50 9928
76 99 9932
27 91 6709
29 35 1538
73 5 9397
5 100 1305
49 42 9964
84 18 5355
40 19 7717
100 22 8191
86 71 9382
88 1 2153
65 33 953
96 33 9561
88 63 2918
32 50 1427
96 43 2068
78 33 2775
26 56 1746
79 8 5677
77 55 7452
5 91 9474
79 24 9498
44 40 914
56 20 4195
12 17 9128
62 6 5658
61 55 7196
44 30 4953
91 53 3821
85 30 7258
63 55 6498
4 13 9729
20 91 8586
73 55 9532
44 3 9393
51 99 8965
55 78 6955
54 37 9634
63 6 9800
37 50 6426
29 67 744
56 2 7903
13 59 540
76 15 1609
88 9 2471
72 48 9346
33 41 3111
28 78 1541
85 86 9855
41 40 8739
9 50 6725
56 1 7531
79 79 1171
68 97 8630
72 65 4288
83 44 1923
32 85 8423
47 78 17
100 39 3387
89 42 4928
37 85 4975
47 52 8350
63 16 1996
6 81 7570
65 86 4676
75 52 4425
29 23 2412
43 24 4842
94 78 2279
62 72 8263
43 100 1563
6 10 4587
85 18 3992
23 70 854
68 67 6262
28 27 962
96 94 6558
35 62 130
95 16 5003
23 4 5312
40 19 109
5 48 3928
68 80 2491
8 64 1686
27 53 2030
1 34 2567
99 99 9489
90 61 4320
80 32 2773
44 2 9358
94 24 8709
23 9 2107
89 35 3507
86 45 3265
66 33 3366
61 52 3123
71 86 4131
87 76 3666
23 66 3190
14 19 6576
17 39 444
78 21 8518
62 38 4424
89 17 5271
28 71 1960
81 18 4244
63 90 5674
60 54 1206
85 85 4367
34 85 6662
91 69 2112
65 37 5787
45 100 4406
100 91 6156
66 83 7121
53 87 2848
36 5 532
33 77 1067
83 40 6456
75 69 1024
38 95 1422
50 93 9035
25 26 9830
94 48 2332
15 28 5463
33 98 5078
96 97 6308
33 57 5201
60 100 3030
37 7 4404
56 28 2276
52 1 9180
87 6 9225
83 35 4628
32 80 2124
40 20 8344
29 81 2376
60 16 3075
37 61 820
55 78 9996
43 26 4387
20 43 799
86 30 3480
52 33 4355
57 80 4197
44 54 7072
76 34 8906
37 57 4269
91 56 9878
43 20 9179
11 68 5103
7 90 414
53 91 3522
65 55 9890
37 75 6843
6 15 9583
23 95 3547
11 46 4108
71 69 6706
72 59 4075
37 63 8224
91 43 8307
16 81 3849
4 77 2209
54 86 484
36 37 1747
16 62 8104
43 46 2732
7 95 3485
25 97 5039
58 81 2502
98 37 7926
83 87 8506
70 88 8170
3 99 5821
8 97 5006
83 4 3542
23 38 599
63 80 8800
58 44 4767
99 86 1979
82 100 1443
92 38 3998
76 5 4150
66 2 3293
22 93 1579
34 55 9354
68 92 4235
41 21 1061
38 71 9735
88 28 8459
73 29 8436
22 23 6644
46 34 6451
16 25 4415
12 43 8206
8 51 4801
38 30 2120
68 89 4079
8 84 4498
58 50 8357
32 20 4667
41 71 2925
14 97 1805
98 32 5499
56 35 663
69 75 4792
1 81 4982
15 88 8887
46 33 4973
67 28 3321
2 42 3540
40 75 4898
79 63 9834
7 86 9127
31 100 6625
2 33 959
19 40 9145
44 73 6818
26 47 4347
52 49 2491
91 75 7017
52 85 2972
7 19 8677
31 88 6814
84 46 4613
58 22 1961
87 81 3958
78 42 4160
47 14 2164
1 35 9258
68 26 1710
57 40 9107
87 41 9681
67 33 4544
74 57 9150
23 82 3446
92 4 6457
54 46 9721
69 17 1700
38 11 1247
12 57 2327
36 78 6379
19 16 6075
97 91 1105
37 14 6280
76 2 8589
57 51 2463
81 58 9011
5 14 2820
24 21 5399
29 26 4932
76 24 4233
60 31 1229
83 10 8726
87 6 8051
90 9 4927
65 12 8914
79 9 8068
12 18 1097
15 23 9563
13 35 3793
93 37 9422
34 65 6844
9 56 7978
74 5 5426
89 20 6200
36 59 9358
12 71 9270
52 56 9132
24 84 6146
93 26 5044
5 76 8292
13 44 701
77 18 2171
58 41 9868
25 25 7984
37 32 9692
50 26 5462
11 43 1703
27 73 2016
89 41 3662
36 81 2373
57 96 4395
68 56 755
59 41 6911
63 63 2001
4 33 4653
56 32 1385
77 23 6619
45 9 9144
42 93 2530
74 6 4147
76 84 9477
6 50 3621
12 64 1828
1 23 8556
34 88 7396
57 80 5523
26 68 5719
69 73 4416
30 85 5108
