100 1000 6
54 81 7238
17 37 4942
19 22 8185
45 64 1780
13 16 451
46 3 6815
60 49 5240
37 61 6448
87 32 8867
29 38 8944
9 52 9179
62 97 7155
19 1 3822
85 18 2804
50 80 7061
91 30 2466
23 9 6858
9 99 5182
96 26 1885
20 9 7200
4 62 806
29 68 8821
41 88 9414
98 92 1726
60 19 9778
30 95 2621
92 54 4061
47 95 4104
23 62 2578
30 81 1596
89 45 4545
57 43 5750
100 90 8816
28 77 294
23 41 6367
99 70 9030
35 12 9125
52 41 4816
44 100 9074
65 61 7061
82 64 8850
26 10 4506
88 58 1389
60 10 9294
71 83 1345
95 64 2955
79 21 871
62 40 5123
68 74 3246
25 35 2008
45 59 230
78 75 9946
94 33 9054
96 65 3507
69 99 1680
30 70 1052
79 8 8634
35 16 3745
46 26 176
34 74 9994
91 84 9697
80 26 5830
81 53 5569
36 99 2636
71 42 2063
40 34 3861
89 57 7009
28 35 788
16 83 113
20 65 489
90 70 7875
7 55 5803
99 58 1020
48 82 455
69 56 4925
40 36 2239
74 82 4109
45 30 7495
86 29 4168
73 93 3131
17 88 5706
63 63 611
73 50 2227
8 8 6808
19 20 3915
15 44 1980
18 56 952
43 91 7070
37 97 3579
14 69 8489
73 54 1620
9 6 8617
85 1 5324
88 35 7971
50 4 4080
94 31 7773
5 89 4230
1 7 6947
83 25 9218
65 62 5432
89 1 1857
16 21 7347
47 2 7908
76 53 1963
56 55 8516
5 14 1116
87 47 2404
25 6 9798
30 67 6144
7 59 926
11 84 1976
29 11 4209
6 31 6077
23 15 7548
42 83 2872
83 68 1226
32 37 5450
63 5 4396
53 70 6430
39 99 3736
14 59 9634
70 74 923
99 99 9119
38 93 5069
84 83 2269
3 96 9095
27 24 5678
25 40 5199
100 45 109
17 35 7368
44 69 9944
9 76 4072
29 99 7543
40 46 6740
45 72 911
52 39 4491
66 73 2548
28 29 5773
22 4 5868
60 59 9521
49 51 1054
46 70 1288
13 1 9435
16 18 8023
32 1 5433
88 60 5731
21 66 9327
18 53 3283
86 31 5945
90 82 8817
54 4 6599
27 54 7770
27 27 6638
76 73 3022
34 25 694
46 13 9193
21 6 5665
19 61 271
76 67 2802
3 29 4498
72 31 8752
70 21 2808
57 67 1116
65 95 1931
73 62 9116
46 42 2423
78 42 1342
12 95 6841
49 70 8899
33 57 5448
69 1 5306
74 44 8619
55 1 5250
28 70 2936
19 73 4782
18 19 3981
51 12 8460
55 17 3056
95 67 4108
40 65 8891
58 71 3429
17 27 3294
72 40 2654
15 46 6970
69 27 1887
25 81 8877
32 6 1399
83 94 2701
15 7 382
59 38 7805
81 97 7710
34 80 216
14 11 6451
92 62 4276
15 76 7196
8 94 575
34 93 9249
18 11 1855
100 74 8261
79 79 1169
5 66 8952
89 81 7248
47 16 6338
86 93 7614
36 68 2002
24 2 7061
80 43 70
77 28 966
11 97 3544
75 26 9460
91 45 6536
51 37 6381
53 15 6215
48 19 3762
17 23 6813
50 57 2762
47 1 3603
98 93 3856
78 17 9684
28 67 6583
56 91 8454
81 95 3761
97 56 9483
5 83 2432
98 49 9670
96 72 3585
100 25 5575
61 45 9801
86 72 2197
7 93 8292
81 87 8244
54 31 9010
7 88 2982
23 75 3541
69 91 5407
12 21 5425
37 53 4169
7 32 1287
47 68 3243
39 49 1136
39 6 3018
2 7 9560
46 86 2413
29 56 819
54 98 2397
51 27 6505
97 86 6399
61 23 9226
49 24 1418
39 27 6146
95 51 7235
2 42 7265
10 76 9088
14 88 6183
73 57 9438
55 57 1138
33 17 615
8 51 6011
64 26 9057
68 97 9391
59 18 8961
97 53 3392
28 84 9574
13 85 1518
26 23 123
24 53 1293
40 99 3729
21 6 5036
52 100 3550
60 47 3517
5 66 4600
45 52 2701
35 32 2164
81 10 7084
58 65 9969
17 72 10
82 61 4924
40 93 3607
8 16 9217
64 79 5794
64 24 5548
44 78 3090
3 39 5844
55 15 2651
29 55 2550
35 16 4272
54 88 3664
24 1 9951
98 26 8534
67 11 3925
44 34 1045
18 61 3276
27 75 8651
63 2 1816
10 53 7074
79 94 2
29 81 2983
8 61 3780
11 41 4509
23 42 654
48 92 8639
75 61 3814
22 38 1730
74 21 9366
16 20 674
20 74 6724
54 92 9409
21 21 3354
29 39 3436
66 11 6196
32 30 633
65 63 9104
90 84 7683
32 99 6932
43 98 9871
74 21 1650
98 68 7131
78 92 4324
67 100 2825
69 35 191
67 5 5771
19 17 5446
77 83 9783
5 98 8156
28 18 220
48 2 4161
1 68 9153
6 62 5995
12 30 2327
62 29 4030
20 73 3922
1 94 8071
92 55 1833
83 5 6
46 76 6125
20 53 1284
2 72 2589
29 72 2261
10 40 7412
5 36 7859
37 82 3799
42 45 8408
87 68 2920
94 10 3446
76 3 7290
98 52 1186
81 55 933
73 62 1707
5 60 8940
59 6 2196
58 28 9638
42 32 7381
79 42 9929
7 81 9041
37 9 7106
54 2 8440
11 70 4411
58 93 5550
22 76 2368
70 53 4250
99 55 2689
31 88 5835
20 43 4758
24 96 9449
96 83 7453
55 81 6943
16 75 4511
95 75 6991
86 96 3566
37 1 6004
36 34 9872
13 48 5419
71 27 9705
99 77 7714
26 77 7421
24 44 3683
6 49 2503
52 37 7245
15 34 6365
57 19 1955
35 42 7037
77 49 7880
9 41 8546
17 87 1116
66 65 9926
34 63 5695
46 50 94
25 75 6068
44 52 2695
56 1 5361
31 48 12
3 98 4962
93 15 8984
14 51 5780
30 67 2867
2 82 7583
10 42 8337
36 53 7814
15 5 8056
99 85 3118
34 52 7701
80 6 5757
25 91 8902
69 63 9597
65 18 6424
72 70 2216
33 50 9086
66 64 1680
21 6 9832
81 22 9453
97 92 9660
34 57 2349
29 57 6554
9 94 4684
60 94 6718
78 51 2417
49 26 3475
37 47 7113
31 16 9261
32 15 8461
65 6 9288
33 16 283
99 59 6601
32 58 3507
70 17 6457
19 51 6504
15 43 5332
49 16 1277
41 80 765
85 88 7396
37 38 2990
20 99 8391
100 7 7752
60 32 856
27 99 1030
8 26 7426
45 32 2003
44 91 3528
79 35 541
65 95 7601
30 77 8626
41 40 2001
42 36 3008
56 1 2884
84 35 694
63 24 5988
69 22 5046
68 20 4905
95 24 1629
43 23 6663
76 100 8446
28 83 6634
42 28 1947
12 86 3887
1 67 2479
55 72 3395
59 62 7688
32 1 2937
34 68 1093
73 95 3642
90 40 6354
57 55 5382
49 4 9141
46 94 5158
3 85 2453
95 15 8522
26 54 2562
62 71 7151
35 59 9933
55 8 1254
29 28 8725
71 76 8435
72 24 9884
51 13 5075
36 3 9586
54 86 6320
17 7 6973
99 79 5474
44 70 3293
99 36 1740
88 95 4948
66 68 7936
34 1 1940
60 99 6086
95 10 208
65 46 3808
80 54 3642
25 75 1349
53 25 3640
63 63 9457
57 15 2423
63 20 4465
68 6 5253
60 81 6938
24 79 2593
9 3 1978
89 23 895
38 79 4464
62 26 7803
85 70 4455
66 98 6604
36 1 4576
95 45 4064
79 4 9643
20 97 8311
86 68 9876
53 77 1542
23 57 389
64 34 5055
42 69 351
11 81 5438
80 57 6482
34 73 8724
91 54 6323
83 69 3859
72 94 6401
2 24 4920
50 11 1162
84 78 9713
38 86 7195
21 24 7598
74 89 907
39 11 3604
61 73 957
73 22 6707
26 14 1411
15 85 6494
86 8 9357
2 60 3704
59 100 189
42 47 163
86 84 6197
81 45 5555
79 83 5465
45 68 3325
43 93 3783
54 24 6567
24 26 7289
16 50 8126
65 20 3856
80 77 8682
9 66 331
86 43 2956
81 66 8798
46 73 384
45 9 7902
65 3 646
15 100 3291
1 5 4795
41 100 8595
87 54 6713
92 25 704
40 64 5153
26 3 908
67 25 8292
80 30 7388
40 33 2326
33 1 941
52 76 5442
66 15 5214
37 79 8616
69 61 8505
93 12 862
40 31 7236
51 70 1329
51 31 8631
15 72 7897
88 39 3038
16 59 4334
58 89 1420
54 50 9541
37 1 1422
85 59 1488
90 80 8037
89 89 8703
21 62 2942
36 46 1449
66 43 9069
23 95 3484
13 60 5095
71 75 4414
75 15 1696
78 16 8656
29 27 6952
48 64 9478
48 92 2996
1 3 798
99 92 8067
47 12 3179
40 36 9769
97 27 4750
21 18 1765
87 46 4524
47 34 532
76 16 4038
79 87 6067
80 91 5699
81 37 6786
90 73 7953
29 31 2444
74 31 649
85 72 2056
36 34 3911
44 27 6755
1 28 6392
91 98 9122
51 37 5908
90 64 8494
35 8 2510
94 33 1191
95 73 9742
48 29 8895
89 24 9477
73 39 9213
92 72 8440
23 87 5329
40 71 2579
22 34 3065
32 16 9222
19 90 305
75 52 1339
1 28 502
84 63 2269
5 78 2737
52 88 3219
90 88 5666
99 79 736
75 59 4060
91 84 5043
4 99 9574
87 23 264
65 61 6067
75 38 4570
95 21 9650
21 51 8572
77 64 7198
32 4 6056
31 46 1639
69 61 8385
59 80 4093
6 100 7485
26 34 5970
28 11 4648
69 88 3398
58 6 1287
73 60 4609
26 54 1630
99 15 8697
16 21 8964
73 77 8362
31 98 4199
80 91 3497
51 62 9946
83 50 9214
96 88 1608
59 56 4112
70 26 4926
56 51 3512
23 31 203
92 42 8898
72 52 5787
84 20 9660
8 34 2651
17 83 3445
54 44 5535
36 3 3966
75 75 7952
4 32 8577
20 69 5547
39 58 9398
70 68 4203
56 21 4416
98 75 9906
77 10 379
75 47 4607
51 93 3928
33 74 7404
89 4 5347
55 68 332
50 38 5646
73 66 1492
16 13 9943
73 22 8665
81 3 9106
85 68 6176
38 82 9215
35 17 7587
70 16 9325
84 93 1654
85 8 5125
28 57 4553
64 5 6144
81 5 9657
33 33 7693
81 9 9632
21 16 8535
35 27 1421
79 1 9237
91 3 4564
41 23 7434
20 10 5645
46 74 3774
100 14 7131
64 5 9003
39 19 7164
82 5 7019
61 10 665
95 64 2491
84 82 4804
96 4 9877
83 19 1272
98 69 3408
38 49 891
10 83 2895
26 2 3959
80 20 8945
27 30 6614
83 85 379
38 66 8773
62 81 4618
29 50 6556
83 7 8109
68 11 9636
79 94 6
77 33 4167
80 37 5322
81 47 2961
79 90 5248
59 24 3254
48 14 5710
33 83 7457
43 4 2627
17 93 6667
72 54 2484
42 82 857
33 87 8352
96 19 1629
43 58 642
94 47 5861
66 86 7692
54 8 1268
48 9 8262
74 16 5637
35 23 6405
95 84 3192
94 82 2940
68 46 7080
45 35 6249
78 77 6504
77 72 3536
49 58 5774
30 86 4694
49 60 1820
99 7 866
100 92 6736
94 46 6081
94 6 7513
38 46 7525
19 87 977
23 55 5429
9 100 3766
42 58 9993
92 49 2633
5 64 9020
38 94 4182
79 69 2228
45 49 7467
19 3 1163
59 27 7218
56 97 2328
36 40 4097
81 34 2210
12 10 9230
62 33 6409
3 13 622
55 77 6479
72 12 8981
69 68 3549
80 64 3576
14 12 1558
55 73 403
57 9 3959
12 11 8726
78 50 1949
35 33 4041
5 86 2312
57 63 4887
17 19 7888
39 81 9301
99 19 6865
92 39 4662
97 82 7742
49 62 439
40 85 4223
36 53 2828
17 19 4773
87 26 1010
47 55 429
54 46 860
80 69 639
97 41 5299
3 42 5135
52 77 736
66 21 3738
77 17 8127
4 50 6106
26 66 1836
18 43 3977
5 68 1096
49 75 2026
40 57 3966
33 1 8875
38 14 7092
40 50 436
39 55 7035
40 66 7438
62 54 5418
13 15 6272
37 83 7674
39 47 5144
34 31 8674
83 73 1662
4 27 4401
75 48 8451
19 10 4746
2 85 5507
7 67 9603
54 82 4542
51 35 4746
79 35 8811
5 74 1291
78 48 812
59 69 9067
81 28 1601
100 44 8750
75 9 3865
57 12 1911
74 10 7218
85 49 7902
68 21 3461
29 29 5372
34 37 5116
33 72 7909
21 33 1012
99 90 152
18 100 3781
53 7 2094
31 94 5028
57 69 3446
9 85 925
93 1 3356
70 48 1506
87 96 9520
21 57 3235
22 74 8488
12 57 6591
66 23 6862
42 86 6998
7 95 9942
8 46 1276
20 45 9266
66 11 5535
90 31 6695
46 72 2905
43 67 1313
28 93 2129
53 14 2080
54 28 8174
54 20 4574
85 34 3968
73 53 6738
50 76 5225
57 17 29
56 68 6920
99 68 1911
89 74 6916
36 78 1596
58 58 910
17 68 9739
31 88 6581
95 23 2362
28 51 9106
23 14 5219
47 75 1628
15 53 7751
49 3 5716
93 22 3556
47 77 5752
16 55 6047
37 6 8296
4 92 8823
80 3 9335
42 12 5489
38 3 5403
49 15 8179
14 93 5865
64 66 4
23 87 9854
54 27 3389
54 7 3665
22 13 6785
91 73 138
9 87 6090
60 41 8937
1 4 2113
18 79 2779
74 14 3848
40 61 9895
20 24 7655
43 89 874
12 96 7968
81 86 6554
45 1 3421
81 58 6925
22 44 6930
78 37 7330
2 25 9027
95 27 5858
92 17 7748
24 69 1217
51 40 8292
19 98 6128
53 30 3404
2 1 2028
4 72 3351
42 24 1714
83 19 4091
26 59 1800
93 92 3860
32 73 8870
56 11 1417
17 37 763
52 39 2056
86 41 247
94 73 4285
86 77 6251
28 88 4796
91 54 7582
4 73 3741
1 57 5477
81 80 5693
45 58 2533
100 95 4793
12 73 4493
96 35 3637
66 45 2341
40 14 8993
73 65 3518
23 25 6955
9 90 255
48 70 6795
51 67 5153
89 73 6150
5 23 4365
69 75 1851
14 46 7448
54 31 6067
26 38 2703
46 87 1470
40 74 6186
47 46 6365
78 58 7138
90 43 8430
8 5 7743
60 30 218
15 52 9150
97 15 2593
61 88 8362
93 1 7422
52 27 8032
45 66 7549
76 62 9648
46 70 1770
35 82 3336
41 57 9121
31 53 4496
52 9 5137
66 83 7860
65 49 9341
39 13 5890
87 75 6175
6 81 9393
42 34 2792
34 56 3300
4 42 3720
51 29 1801
12 91 993
76 59 6541
44 96 1668
55 87 5346
57 5 7237
97 28 9069
44 28 8903
11 91 6130
38 54 8695
89 84 855
16 88 1676
17 53 8155
40 3 8878
47 22 4513
