100 1000 1
10 51 2496
8 20 6637
96 74 6861
3 16 2439
3 41 1301
43 89 3215
17 64 3560
5 83 9131
39 78 3502
91 12 2636
50 9 8638
62 37 5102
39 97 5165
88 32 7263
7 78 27
28 40 2018
33 22 6069
18 9 1531
8 63 5873
78 63 6098
52 74 6241
99 20 7467
8 72 993
90 38 7030
13 54 1398
29 58 5510
35 92 5437
45 89 5200
37 53 6720
100 27 6507
92 78 7693
74 68 3661
69 56 701
34 21 2134
14 44 4032
44 76 1506
21 56 1746
74 58 3930
67 80 6766
5 48 1070
40 5 1312
27 82 3112
85 57 6581
60 43 7958
59 21 9035
58 62 2433
56 28 8213
51 23 608
72 53 2568
10 39 5062
59 47 1066
20 89 7219
11 97 3439
7 63 994
28 99 9885
25 98 609
79 57 2102
72 85 5731
65 100 9140
7 36 8444
25 5 9793
94 68 3563
35 80 4509
99 75 2035
52 95 240
61 52 8918
96 68 6739
55 78 7362
81 69 1087
89 17 2941
16 59 4717
24 60 9208
50 33 4334
62 84 496
58 81 1086
25 93 1613
25 23 6407
82 95 4109
32 65 5899
74 97 8954
21 1 2069
36 66 2522
17 13 432
29 38 4097
44 8 5402
72 64 4744
77 12 2077
3 52 9926
28 78 2949
19 69 2780
97 19 3577
54 89 7854
32 75 9683
18 2 5966
72 15 7529
46 56 8044
7 60 8020
95 28 2061
16 52 2964
16 77 5651
69 18 3708
16 10 4727
11 23 9924
6 62 824
99 95 8957
21 1 3543
42 53 7880
12 5 3696
78 75 2442
89 60 8765
21 22 9080
86 11 9463
73 62 6293
72 81 8796
90 62 9246
77 45 9100
76 50 344
19 49 4105
29 48 2578
6 76 9132
18 32 6143
63 45 9042
90 99 5382
100 95 2891
38 14 2674
15 97 3928
51 29 6279
77 34 4465
48 99 5134
90 8 1680
8 99 6610
74 4 6673
22 76 1166
81 71 7845
76 38 2094
20 83 2257
30 76 5837
71 9 6087
62 11 767
15 71 5510
31 66 3403
22 99 5931
27 94 6651
24 76 757
73 26 8449
53 54 8768
47 64 8412
6 88 4322
40 36 8695
49 33 3518
70 99 7609
5 50 7873
3 8 2361
80 44 1976
78 62 3914
78 77 6474
80 27 9794
41 68 2235
65 88 1942
90 76 2809
1 1 9972
54 34 8207
8 61 8527
49 77 4801
50 61 4907
13 68 3547
98 62 1743
7 21 5002
93 17 8017
17 40 8327
48 71 7471
69 12 2765
34 3 9408
36 88 1397
28 90 5053
38 82 5691
98 11 2625
41 13 8459
7 27 4699
86 29 5492
79 50 3975
100 33 1310
100 86 63
94 77 9306
81 7 6448
39 81 8958
15 3 7309
79 39 3949
27 12 657
27 29 4664
22 35 8544
4 63 8590
36 6 8541
82 96 8181
62 79 1635
41 78 1091
31 3 6096
63 62 3657
60 32 3899
90 33 4470
48 11 8110
98 41 2540
64 85 7414
21 83 3284
20 65 4804
8 41 2673
33 97 5605
69 35 3863
65 100 5709
99 9 4556
20 6 6249
57 78 213
20 50 4684
68 43 8047
95 100 8898
14 67 1932
80 37 5412
51 13 7566
98 51 9378
3 26 2982
37 94 7463
16 3 9966
88 69 2845
25 4 4678
85 40 4943
61 13 6256
14 9 867
30 38 4276
97 93 2936
46 25 3408
54 100 914
51 65 5617
18 68 8364
41 82 3556
52 49 2203
95 74 8626
49 78 3745
91 4 7829
73 48 3011
41 77 3739
70 97 8257
66 45 1603
95 52 1534
81 75 5184
59 23 2227
91 41 9482
36 69 573
84 3 5897
59 10 6616
83 76 2319
56 87 413
80 81 7809
26 46 1933
98 1 4519
65 5 8273
10 78 7210
5 91 7223
1 100 1962
88 23 9781
94 7 5229
52 77 9121
81 89 387
4 3 4727
71 85 2972
43 87 3694
92 78 3595
47 17 2049
52 5 4760
79 24 9234
39 35 92
30 44 1904
37 45 5386
21 14 9116
74 98 5780
12 85 1034
44 50 64
5 49 1751
63 97 5228
48 69 1019
56 81 7495
62 45 360
21 100 1629
66 70 1424
24 86 4812
39 54 6469
29 55 2031
33 31 2459
41 46 2143
20 15 9505
50 88 7030
58 28 8108
95 56 9014
47 7 3620
85 10 1343
16 33 9736
46 1 6624
19 23 7596
28 54 9206
16 76 7628
71 65 7946
75 66 6125
3 94 9378
38 27 1878
48 86 5801
54 4 808
6 28 1196
46 53 9905
88 24 5762
93 68 279
55 80 89
4 69 4014
29 100 9254
63 37 6161
29 43 5748
2 34 4396
78 45 6922
47 79 2725
35 5 8752
27 99 196
14 45 706
11 84 8277
90 86 9343
73 68 1708
10 34 5098
79 62 6676
24 86 582
5 55 6759
91 7 8540
29 60 103
58 9 8205
76 6 105
72 14 7279
3 20 6164
95 82 9422
65 5 6380
49 68 3999
30 16 4642
7 35 8611
10 17 2923
39 46 5810
45 30 1139
1 47 9173
52 57 5577
85 67 926
14 47 5765
4 14 700
42 41 7104
81 62 6782
56 80 7943
66 85 499
87 43 2097
21 90 216
67 57 5997
88 3 9288
23 35 7369
36 41 3792
61 99 2425
13 53 5183
94 42 7256
7 24 8505
46 19 7477
15 36 5625
67 19 9995
76 31 3528
51 70 9271
14 12 461
1 21 4294
92 8 6804
99 31 5361
90 32 7704
3 82 7238
85 72 1063
7 12 3313
63 47 5629
80 22 5951
69 31 5524
67 81 4838
28 15 8904
16 11 5836
54 36 3373
96 86 8719
47 70 7545
65 91 6620
79 76 6759
15 81 7217
42 72 880
55 42 5016
17 2 9099
65 34 4070
45 55 3915
48 21 2669
14 1 216
53 15 9637
71 94 4896
91 97 3624
41 88 2748
9 5 6907
32 77 5604
27 85 8195
6 10 3870
25 95 5641
64 84 1429
8 35 9319
75 57 6740
44 15 111
69 26 1655
74 31 5466
32 7 203
66 55 4434
40 90 4775
100 25 5128
10 33 1124
90 80 7510
79 47 5801
25 85 1026
98 36 2722
68 26 5852
41 50 7499
28 98 8837
2 41 830
5 21 4654
54 51 264
85 70 6441
50 52 7141
9 65 3032
13 7 5666
48 5 455
61 72 9410
30 31 1120
97 81 6599
26 67 5500
33 82 9721
52 86 9932
16 21 773
50 70 8974
3 44 8174
14 73 3296
94 88 7054
45 4 8585
31 80 4627
19 82 9939
46 14 1666
72 25 1557
67 16 9023
77 37 3611
60 25 3227
54 57 6486
8 40 5528
31 59 480
23 28 4423
99 65 344
100 88 2006
37 44 1581
49 9 9189
3 83 7960
22 32 7707
58 27 412
55 1 9902
59 6 7582
18 49 493
72 71 4002
32 49 4623
43 30 4752
30 14 9153
80 24 5916
56 21 5163
3 95 6183
43 87 5795
54 37 7155
50 26 4196
30 18 9092
15 73 631
17 36 9566
64 82 7978
54 75 4605
43 100 6944
17 13 1189
59 60 2905
11 33 1458
82 32 1466
16 81 3624
20 83 6487
32 4 4586
15 51 3510
92 49 4078
100 32 7922
22 83 7230
68 48 4812
4 19 1613
4 4 8443
40 7 2056
9 54 4525
40 21 2916
46 48 301
9 64 542
65 43 1301
94 14 3536
95 43 2683
67 52 5396
63 54 8944
5 47 8455
23 85 2006
72 43 4832
71 30 3803
83 91 4310
47 10 8114
51 56 5155
54 33 7090
82 66 6029
93 36 2564
58 12 2160
87 72 2597
81 21 664
14 44 8753
13 92 3966
75 44 1524
87 79 8840
55 80 8829
91 31 9453
33 51 7774
44 80 8657
87 19 3678
34 66 1051
85 12 7810
55 71 5172
29 33 2400
95 65 4923
33 21 1380
76 25 7910
66 64 5220
22 10 454
46 72 7653
13 37 9618
41 17 8175
90 50 8018
4 8 392
60 19 9581
85 92 9712
48 34 4176
52 6 8923
98 65 3810
13 87 3100
54 81 5528
46 59 4275
56 1 9750
97 100 2268
43 19 265
29 85 4372
1 98 155
41 12 1644
11 95 8036
31 70 8919
31 18 8466
78 27 2509
48 35 4006
42 28 8075
29 98 3481
62 52 9179
36 61 9833
42 14 6856
64 97 1644
94 12 1783
86 51 7528
39 9 9324
28 10 1342
71 56 5376
28 40 592
60 9 5202
98 17 701
30 33 7490
20 95 3192
40 32 796
24 46 7053
90 92 184
89 36 3013
86 75 1117
15 12 4517
20 17 5921
42 84 208
75 20 7270
53 57 1804
80 18 8777
22 23 6931
79 8 3687
88 99 4599
61 38 6184
31 42 9694
54 80 8896
28 50 4825
6 32 7735
43 48 7970
13 52 631
44 29 5108
20 56 1973
70 83 3532
20 91 9971
61 84 1605
62 46 2291
48 26 2752
18 79 2139
14 53 9525
72 26 6142
74 94 3399
11 21 3555
1 83 4749
81 4 8884
40 23 1176
83 90 1165
55 34 1295
67 100 7099
68 68 4986
19 18 911
19 63 3326
12 27 7564
24 90 8753
48 71 5109
43 85 2147
93 75 4651
20 83 729
86 77 7612
8 49 7585
95 63 6638
17 77 4749
14 32 6647
40 40 8217
40 54 7542
23 17 3963
84 75 9906
58 34 9076
57 35 804
3 81 3322
42 81 5998
52 83 3601
53 9 256
6 48 9928
29 50 869
43 81 3182
26 93 1312
69 94 9111
29 76 4705
23 17 6876
26 63 7776
96 83 7787
23 26 5860
89 16 7251
17 4 1934
55 53 8384
17 66 2009
63 87 5481
80 92 288
45 13 7654
81 37 229
19 23 9737
30 97 9064
68 45 5806
36 71 620
6 87 1414
89 37 1564
32 43 6108
63 54 1192
55 47 3824
38 69 2989
85 83 195
51 90 9526
11 74 8060
43 42 5197
21 44 3243
30 93 2086
37 60 6877
4 34 569
78 83 4324
50 13 5908
78 19 8949
27 26 2052
66 15 4699
60 44 7731
10 48 1114
71 79 5621
72 33 5550
51 58 8986
86 61 6557
90 95 5400
39 80 9603
68 35 8709
45 14 6932
43 90 1962
30 81 1883
23 71 4324
86 11 389
82 23 6049
86 46 9796
11 58 5499
40 39 362
51 36 8398
52 45 6879
56 99 5483
72 38 8119
97 11 625
83 2 5804
50 49 7961
24 66 8840
42 77 6512
15 31 3425
88 43 2118
85 31 1142
58 79 6096
53 75 8365
27 98 9915
37 31 887
54 32 24
60 96 8788
93 21 8560
87 88 4253
38 31 8205
14 66 4943
100 18 8654
9 55 2136
92 3 1334
7 50 8443
62 43 564
85 5 9385
20 90 6574
87 31 5788
86 56 5528
23 43 9762
52 24 4430
16 98 593
1 67 5725
93 4 4151
74 66 8353
94 72 7981
92 34 6353
40 47 8837
60 3 8545
69 35 5636
35 86 7126
82 10 8715
78 68 4765
24 66 532
15 11 7129
47 55 5059
83 78 3330
43 30 7571
37 33 520
56 12 4736
82 17 3611
52 20 4718
71 5 5931
8 7 6338
26 41 9032
36 24 104
47 58 3987
70 86 1052
25 32 3560
25 35 6316
36 29 5875
44 86 704
92 46 1378
30 24 4308
68 9 2714
35 8 6157
68 40 5177
48 53 8954
3 59 3197
63 14 6213
46 3 6482
59 30 4369
47 70 731
20 80 4514
92 27 4456
76 55 4585
17 33 4716
83 28 1739
68 91 3737
67 4 1036
31 15 9088
90 6 3843
19 99 5692
29 87 9805
37 29 8635
73 3 833
31 70 3543
66 72 4814
10 24 1169
15 72 7605
53 78 527
34 46 6949
16 71 6311
19 32 5449
26 18 7630
10 82 7235
48 45 443
78 38 6984
96 91 6875
83 2 9697
25 90 6097
57 75 8451
1 99 8313
54 32 4427
4 35 8095
14 3 7503
14 67 1085
33 37 2768
39 33 8129
79 70 1066
16 67 7146
60 86 1538
22 72 3167
76 75 6937
34 45 3384
26 26 6431
27 70 5679
1 73 9760
35 22 825
31 37 9810
33 60 321
19 85 2905
15 73 551
82 53 3597
1 78 8946
53 30 8151
91 74 2711
27 80 1750
81 88 3683
17 86 7407
75 74 5659
61 51 9649
53 26 6451
41 61 2273
64 33 4553
12 91 8245
26 20 3517
55 69 957
71 74 8687
68 72 480
73 61 1768
80 87 7831
97 1 4908
53 75 2575
70 36 5277
61 19 8652
43 45 9453
18 7 9229
23 54 5210
42 75 7292
57 60 8485
51 5 9962
72 45 9581
9 30 1840
92 10 3951
42 45 5643
17 62 7217
74 7 6210
36 38 8826
57 16 7998
70 34 505
7 7 8202
85 48 2873
75 30 3067
12 93 5677
17 82 9869
77 28 6964
77 100 2754
41 51 3701
31 89 1777
1 100 8675
47 34 636
43 14 1287
11 88 4730
38 91 8151
51 32 9360
92 9 3688
33 8 3854
84 86 6154
90 72 8787
14 15 3312
65 36 4015
65 82 2699
36 95 4279
75 93 852
56 42 756
20 49 6096
97 41 664
70 79 1775
30 71 521
14 43 40
96 18 1189
57 92 9078
46 14 178
61 54 8122
77 57 9759
19 6 7895
31 76 2699
65 14 7879
78 15 8282
12 85 9637
63 27 8060
22 63 1813
56 77 562
14 89 9953
13 91 5450
53 96 8293
28 58 302
33 86 7344
89 28 7663
66 94 1617
61 55 5615
23 66 917
75 35 8779
84 35 9361
29 57 4663
57 99 3550
41 100 7535
56 62 6573
75 30 1222
18 67 7586
85 24 8542
77 51 3537
54 41 3733
82 68 3982
24 71 9986
92 14 982
8 28 7314
21 66 8367
79 81 1634
34 36 1064
73 71 7308
19 22 4380
4 61 8247
94 83 1636
37 26 4984
71 12 5968
46 28 1554
6 41 2545
89 11 1067
31 39 1838
26 32 3666
71 2 1012
46 39 7109
1 82 5698
69 94 2032
10 50 42
46 88 4924
88 60 9943
52 36 2090
92 8 1224
36 53 5067
65 87 9054
69 49 7881
44 79 9669
5 6 4901
35 45 63
26 53 957
63 61 3848
4 96 5136
72 95 3801
98 42 3121
11 50 8670
64 17 4376
73 82 5732
94 81 3395
23 29 3036
90 96 6302
72 68 3500
23 42 4279
24 90 5148
26 7 1239
20 90 1882
51 90 7425
5 62 9933
3 68 557
62 66 7551
9 19 1587
92 26 9384
84 36 4634
51 11 9566
43 29 3920
78 73 8530
90 38 8544
22 70 8509
42 79 4201
3 46 8138
37 71 8675
55 56 8533
27 38 8399
53 26 8402
8 14 4133
53 28 5592
64 75 252
59 35 2788
53 100 9316
23 39 6876
36 91 5790
34 71 8817
70 1 4745
66 47 805
68 52 7348
35 3 4512
4 34 7667
93 83 8619
