6000
1359 17179
2474 12745
84 9434
312 1891
6576 16270
6015 8667
1941 2197
2052 2696
568 911
16730 18000
575 13821
806 16716
2755 7667
579 2115
5662 11886
90 1449
5150 10518
9200 14387
3836 5905
8359 16524
8807 11962
1932 2843
10650 13042
1749 5167
1999 13268
858 952
16836 17698
1714 13915
6408 18108
3770 14822
11076 13509
9561 10517
466 11764
16099 19092
12192 13266
2264 6981
12627 14345
6089 19424
14320 18254
4998 16020
5282 6018
1049 17476
4282 6399
238 243
9980 11699
926 10735
4203 4673
1010 1905
1000 1599
7175 7962
821 1601
126 1227
7163 13897
113 679
7560 8508
11101 13643
15601 15950
6077 14694
5971 14120
13286 14373
1176 9902
8113 17058
116 10974
10583 14950
436 3236
5398 18966
17430 19582
14625 16597
6619 14848
5036 14080
7089 8580
97 11570
3088 3408
8311 17792
7823 11682
1075 2223
344 17910
4096 4286
3283 11610
14108 14170
741 12045
896 6887
3804 5088
2120 4859
3065 4854
8296 10208
5633 7106
13644 18977
184 7953
9198 11144
2129 15935
13646 13665
986 15887
1053 1229
3552 6236
290 5486
911 12304
10142 13647
3990 8136
1194 4833
769 1358
3265 12993
3200 6802
2690 10441
12775 13783
1947 5065
353 9501
9024 17195
9539 19900
14381 17556
1940 2861
4341 9185
618 7603
3172 3873
5095 5126
6749 7108
3367 3507
7011 12959
10177 13903
10764 13107
9614 9660
9547 13120
5698 14614
1861 3969
2367 3580
11885 14526
1614 5808
2449 9044
10904 16216
2037 10282
4612 5177
15405 19950
1036 4523
7710 18054
4402 8777
5530 16423
409 3987
432 7774
10258 12226
3419 9591
1349 17902
8580 13041
5008 6197
5722 9761
2009 8610
174 204
13383 18563
2501 3188
347 504
748 13830
42 919
12743 14671
3408 9768
4870 18039
11297 18529
720 19289
4067 8443
7326 12666
4549 9816
2207 7270
2030 4964
1282 13061
1432 3008
2825 3714
2372 7227
8717 8890
731 13439
5476 5638
2123 18714
4580 5422
6147 18817
7616 19021
7483 11208
4794 19046
5001 18512
1799 3560
2299 5210
10 8572
1481 2839
20 29
6756 8911
147 6294
6968 12712
645 2175
13232 14302
919 1046
8898 10472
1805 6324
9605 10594
2970 3980
195 247
4700 6256
429 2098
5 10064
5189 8159
7381 13474
7682 11429
5603 17185
7550 17543
234 393
2387 14580
1132 16078
7788 15635
1695 5413
10515 14795
7743 8510
6 204
4948 11677
3029 4992
6212 12594
676 2518
19097 19730
2572 4326
12289 12656
3891 18405
1404 1791
2184 4555
17766 19176
752 954
840 1111
11145 12254
5783 16153
661 2400
2469 3352
10082 17237
13696 18139
7798 12158
2916 11169
4868 14394
7241 12820
1612 3577
646 4791
3107 3587
12199 13043
6269 13723
16742 17027
9998 17293
13051 15083
4607 7527
12195 15419
1889 6239
18 166
14515 16145
4572 5533
743 4028
1981 4486
1264 3380
907 959
7239 14952
483 5223
3802 8211
3625 6180
5832 17133
4454 13195
2065 2978
2267 10849
13364 13448
1580 6446
5833 18412
7400 18248
1839 2029
5959 8311
3676 5745
832 1043
4447 9504
1145 11630
210 296
11524 12108
3025 9786
2221 6000
1133 7291
3132 6637
7208 7449
9734 10116
2352 2675
7709 12103
4358 15677
13323 16003
29 151
1095 1252
14954 19099
9424 17753
5744 19683
8343 10265
8610 19145
899 2316
1632 15713
1824 17909
5260 5721
2689 7224
3220 4313
6942 18764
1128 1193
4378 16659
3703 17533
779 2953
6417 6897
3959 5976
6549 19712
2966 16308
3163 10137
3036 7227
2487 7076
11956 15847
2278 4204
8034 10686
70 317
2930 15589
11050 13776
345 3941
111 597
5898 9531
13123 14395
6144 16493
5799 8762
10787 15124
10527 13981
5079 5796
6723 11302
602 11918
11593 15645
3816 5206
3114 9895
4112 16840
4873 8111
2539 18567
649 1868
5653 7924
3350 6263
2642 2671
3001 11678
4389 10527
7949 15726
3464 7632
9680 10167
8431 12518
4507 9879
3455 6876
406 18942
3692 5183
723 2267
3210 10791
9079 15525
773 12612
960 1315
4570 14342
14124 19769
3033 14686
2850 6863
10415 19861
5245 12250
6587 13635
12402 14129
5483 9717
13406 16046
7473 17837
4094 18350
5530 18367
6546 9468
8152 8944
382 389
2886 5434
135 4182
1168 2041
810 5142
715 3759
12547 17391
1037 1874
857 1076
281 1036
2862 4813
5860 19414
8689 8878
9048 14248
11448 14936
5629 12011
2784 6019
2343 2988
828 1074
4951 6718
7121 7269
219 3021
8 659
14666 18978
8031 11493
670 11426
1186 14319
9737 17746
4284 10573
739 2406
9330 16289
60 607
3136 4720
1503 5365
4909 13207
6483 19549
3778 9466
2373 5886
3880 10449
1756 6381
7258 10598
7425 11327
6284 15097
3433 17178
3586 6582
766 3850
2313 4406
78 458
2616 3581
852 4724
3856 5926
717 6267
4551 4970
6059 7146
7115 13636
1000 16467
1701 6860
2677 4888
4368 7432
1609 3182
4132 12956
1967 9760
2245 3649
4177 7187
1353 2578
5512 5671
479 16572
10375 17478
1249 3906
8308 11552
6712 8143
4317 4620
1575 2529
2084 3507
10448 15751
30 1668
5232 15730
7646 15029
25 4696
7787 16773
3617 15499
99 2302
1199 6509
9324 10439
1913 3402
2120 7149
1455 12791
3206 7539
10478 17897
7798 18997
6693 15737
3375 3905
756 919
1880 3321
18124 19109
8709 19683
1296 2159
2390 7239
15818 19435
1931 7954
1585 16214
1223 15588
1481 8769
12962 13117
9335 17858
5794 13567
2107 2177
2468 9649
79 4467
197 332
9529 14885
792 1838
3151 7648
5545 12796
3101 13167
7342 11948
2011 8378
10206 15850
642 3282
5892 7405
312 2616
5837 8889
2471 4790
4324 15326
1148 4135
9653 12440
559 3693
18668 19349
1294 1999
345 4737
8293 13085
1791 4463
5023 12237
6287 10018
5663 6550
269 1134
3174 9126
1269 1443
5766 6733
3166 3211
5368 14995
13801 18954
2349 3863
8258 12126
7443 13902
1553 17968
5810 13806
290 1370
4010 8785
2680 5232
9403 19264
4955 5592
14114 14453
4635 8540
859 6039
8437 12498
6228 10445
1258 4839
13646 17163
17473 18806
5691 6049
1384 6947
1253 14358
6496 12480
8135 9816
3207 4742
12787 19968
3786 11600
12155 15481
3435 5674
2392 14322
6856 9782
11388 17261
4933 17573
1108 9402
14736 19405
1155 2042
10411 14403
2168 13281
14934 16159
1054 2996
1545 15098
2204 16468
2207 2438
573 17523
12383 19433
9847 10387
3189 4263
3282 8267
3775 16934
2889 6013
242 4689
7545 9609
2961 4000
746 3670
3929 5275
2864 4857
10005 18639
9662 15281
4176 15901
2179 2731
7940 16774
655 16304
11734 17009
5362 12309
6049 12584
1241 3281
476 15472
293 341
183 2091
3828 6662
6585 13808
7286 9054
231 498
3952 14381
1861 2175
393 2158
6687 19451
7844 9644
3 1041
801 14987
4546 11677
3689 8537
13 925
5937 6275
5208 15119
3547 15439
3830 19332
4611 18890
2865 16953
478 2352
8226 19885
11118 14419
4713 16528
547 710
2514 4837
6486 7907
128 16944
261 1232
304 2338
7013 14637
13058 13740
3871 4910
385 6366
4730 7935
1194 5147
2190 19305
4142 4232
15125 18620
9288 12352
711 9118
3941 10885
998 8524
24 799
147 6061
8552 16354
5741 18854
533 13078
10524 13094
14752 17523
6269 7269
6602 12316
11358 11916
3290 3786
8485 10649
0 9894
6507 9958
4118 4811
13457 17610
1314 1810
7919 14598
675 5953
288 415
4492 6534
99 18300
2970 13586
9741 11263
13855 19713
3334 6842
5658 13096
8121 10298
8204 17829
9710 14586
5657 6880
4641 6714
1503 6790
5013 6780
10600 10955
4446 10190
4525 11973
2050 11487
12255 19516
130 1356
16316 19078
2943 5205
343 1384
745 877
463 889
7287 16620
10873 17554
162 14121
2181 14581
2410 11098
6208 16929
5654 15778
8752 9793
894 6143
2659 10423
10426 15353
501 3690
3237 15450
2747 10727
961 2497
8427 11415
2053 4899
1241 2107
13 16387
1284 7954
1424 1435
88 12123
6603 14569
14986 16342
2522 4661
7911 9258
9870 10873
1871 3721
14919 15830
6663 10816
1876 2013
2522 9972
7312 15737
1860 9821
482 15868
7069 13725
1440 4845
134 3152
10430 15454
1415 1656
9861 11457
2810 10922
3099 10214
5926 13253
6600 10979
79 403
5305 10900
1492 2109
8105 11931
2950 7806
3299 8070
1186 3611
9984 19184
2056 17425
541 5459
1037 12374
1492 13852
9229 10470
13903 18144
11502 16842
8639 10863
4161 11096
2044 3735
5571 17089
8 14940
2337 3566
2148 3482
753 10569
4539 18247
5958 11165
15255 17663
1951 2352
11884 19272
22 61
458 16658
529 585
15666 16608
829 878
8697 11321
31 55
7642 9815
485 2913
17760 19619
6451 14172
1158 6560
12944 15402
672 1953
4917 17975
2646 9073
3621 13532
2852 14162
7005 13349
3739 18658
219 1076
5406 17420
2285 14122
2263 15254
706 1463
6684 15529
9713 19969
1160 10315
1124 1275
7236 11758
422 14809
2600 12176
3673 5876
1124 14302
3954 5177
16 66
668 1118
1390 5631
213 2208
637 834
916 2785
5180 9525
5182 5851
827 1406
7557 9296
5893 16750
6130 9884
309 6273
675 3100
3425 12737
19189 19324
3647 6013
1100 5098
12971 16384
1851 1869
17363 18761
305 2013
12834 19978
5906 7775
821 2609
11239 12139
402 1096
218 248
2800 7995
234 1023
3509 4528
9700 11620
10237 11220
14358 15780
8072 11124
3518 16425
6538 16767
6540 16149
1400 3153
1408 7111
1421 15130
5787 8164
3176 16735
623 1184
8356 19658
11400 11753
6037 16337
467 5429
9770 17344
16607 18020
505 5331
1541 9797
3402 7843
8056 13976
17283 19026
2036 6453
2109 4089
4239 5577
907 7344
1330 8884
6503 8187
3132 7445
2032 11397
20 149
1806 16843
396 2118
3177 3536
816 3404
1851 8804
6161 11803
1879 2641
4520 5229
3819 13771
6023 13372
12173 17314
208 5197
4131 18953
1162 1816
1354 18299
5982 11134
6965 16078
2416 6648
7122 9509
4751 5105
8979 11145
7636 11271
4570 5461
14246 17035
2941 8499
1612 4168
4824 12516
2092 3645
3299 15430
6539 13293
9680 13680
1690 13140
1020 1753
8601 8917
1976 2291
111 987
479 1573
1055 16093
1528 13761
2190 10183
172 15531
3121 13277
10184 18169
6483 13913
6438 6622
6866 15314
10003 12768
3397 5863
6296 12158
290 12699
1541 7113
3770 7396
7208 8947
8156 15404
5729 17609
83 1845
222 292
5207 18767
11260 17762
144 193
36 62
4235 9079
8912 10050
410 5434
1908 2548
863 2321
15997 17923
4412 13866
3916 15513
10536 13078
1726 6596
1532 1762
10225 14999
2102 8893
1083 12372
13697 19363
13330 19883
491 1422
1580 3541
3223 4246
7774 10958
1059 1145
665 1203
3372 6117
11518 14176
9957 15298
2600 13695
3192 5635
1548 1845
783 14287
4357 8252
367 14663
8682 16446
827 8147
4631 5146
1514 14783
8584 9236
8757 17666
10003 10821
691 3614
4679 14996
11429 17001
11217 19731
2653 4297
10080 12723
3697 16215
4036 4832
4897 9734
7002 8310
1612 2867
612 4247
42 5623
8343 17350
8182 14571
12772 13604
1066 2310
7196 11134
26 28
2779 7042
4598 8212
7633 19762
1792 7117
10263 15175
6793 7262
5098 5380
8908 10987
11234 17434
1590 7323
8271 19389
3111 7478
8678 16615
1388 2727
3452 3739
1106 4239
11367 17366
10332 17386
911 1007
5177 7443
2352 3931
1015 9241
1427 16366
2914 10044
7942 8667
9212 12999
6394 7867
1349 1716
4596 4836
6175 10440
13510 13533
3616 7043
11974 19603
9599 16519
5546 18979
5422 5669
143 208
1055 6626
551 1353
2104 5741
3076 4564
7704 9072
1415 2709
1790 13973
3206 14298
1596 2018
9440 16009
8216 19698
10647 16781
6508 18476
8776 11789
6507 7025
12051 16030
4382 17619
4318 5163
8597 9380
1346 10080
3741 8318
14808 16162
7770 12524
1224 1844
4944 13174
295 928
159 1126
57 6709
3715 5022
2530 10927
3677 4013
5355 5845
5575 14785
19309 19468
2825 19429
8084 11469
968 6175
8700 11950
1063 2017
11170 16531
6389 10217
2218 14908
3519 9642
398 1167
8303 9060
17663 18898
1467 3633
1318 12020
1876 8784
283 301
54 875
11379 14857
2743 4562
3443 6894
1694 1956
2795 5299
3723 5556
12334 13363
7553 10499
425 846
6595 13864
3068 3859
2665 3527
1831 5543
1356 12441
7770 14655
6360 19027
8086 9474
6718 17910
256 1369
13965 15438
740 6843
218 12519
1053 3761
5301 16928
17924 19537
1992 8257
7327 8215
3408 9426
14598 16517
4498 12154
2244 6983
9962 15718
4313 19241
1944 19242
9162 14013
5563 15390
1236 9907
8387 15960
1796 2757
9878 10062
2948 3202
16355 18679
14458 16559
251 740
4569 6000
3891 19384
636 2019
1231 2101
8249 16048
164 347
3228 5642
13721 14418
531 6647
10640 16684
5601 14454
2160 10219
4586 6852
556 16038
2922 10907
1549 11442
316 2739
3480 10017
15251 19329
5255 6374
5316 8537
4432 15911
5443 5826
4088 4545
2614 6557
7096 15502
15724 19804
11760 13629
13792 17112
11971 13596
3663 9378
121 649
2606 2901
6951 9986
76 1615
1508 18074
4780 7385
7093 15450
4344 6394
2989 3734
800 1928
1273 11408
3927 8795
1943 15605
110 1729
5484 6951
1181 5138
6570 8691
280 8217
15699 19032
2745 7336
9162 17210
9282 10487
10959 13018
8936 19276
2020 3093
3357 6614
2275 4204
4874 7525
4757 17654
3408 17903
7001 11482
1353 11217
979 4524
1295 16231
10604 10914
4495 16108
9539 11082
6882 8312
1916 10201
4166 7712
3178 6037
719 3398
1727 5040
9937 15899
3818 11685
3399 15608
3874 15646
5013 16336
2340 3917
540 656
5724 13687
697 717
4554 7742
3314 3887
16210 18429
1009 11629
2478 12678
8838 13172
1852 13180
9713 16178
466 11723
8682 8829
633 15506
26 1293
6186 8349
4343 6814
805 4428
12945 19006
3783 6918
4269 10488
3891 5495
6733 15485
6398 8406
6999 15530
1381 14697
8500 17156
191 207
13333 17050
1971 13794
4483 16693
5783 10417
5866 6074
4238 12425
1996 3349
599 1251
64 797
4300 18077
10702 14877
1306 14103
13168 16743
1795 17165
939 4445
1013 9016
724 6920
11561 13206
5558 14834
2665 6804
13053 16336
307 7905
12580 15645
5619 10056
2832 3731
42 9227
7331 15930
4551 16198
4489 4675
36 333
1127 1207
4802 5102
2209 6603
1772 19169
5680 13285
2475 11774
8113 9011
4168 10602
8659 18853
1224 1933
860 2124
11881 13754
16556 17432
9496 12734
4104 14948
609 2512
5168 16573
4092 11138
16828 18071
2950 6503
1599 4158
7101 8983
55 1386
72 186
12160 13199
58 1148
2399 19225
1694 5394
2073 2230
2083 19646
10476 14881
4925 12081
4383 17634
11598 13708
2894 3484
10632 18398
6043 8439
12579 13241
44 573
6442 8325
4161 19511
710 1751
1650 4866
6997 10988
6602 7402
6237 15415
4756 5365
6856 15149
1818 1973
12661 19843
4654 17915
3264 3754
1094 2560
337 1072
4394 13052
6180 11419
1270 2342
3390 7209
12476 14222
3196 15382
367 1043
10616 11224
2395 3190
5296 15511
3075 5827
1036 1891
292 520
1060 1846
8375 18066
159 521
662 1325
7691 17867
6196 19845
379 424
11634 11786
5485 11927
21 82
230 8541
3209 4800
14990 15811
1859 2375
900 3383
4734 6092
1656 15651
743 15287
16196 18816
1710 16191
10191 13822
7198 12673
105 2714
10639 14933
1647 3789
11944 19925
11263 14000
1809 14725
2069 2192
7871 15867
1369 4386
1710 18717
2139 7511
116 3378
10728 11345
3017 4952
2455 14830
10199 10939
2749 5450
10017 12600
8515 14242
2554 10958
5969 6343
5023 9476
1897 2048
3380 4618
10440 15133
8774 14466
821 2111
10475 18801
8841 10272
586 1955
16486 17185
9549 11884
11842 17473
2660 17057
910 1407
15757 17050
2840 11103
5819 18493
4100 6128
2421 15608
984 7940
6305 9423
1931 5082
5608 13808
1 2857
309 3718
6822 17162
16048 17255
13521 17151
6032 10753
6247 9394
2264 4445
1842 3137
10712 11349
1145 10719
699 9230
70 200
8595 16351
3833 6430
6408 8635
7932 11642
412 577
12137 17159
6119 7459
3853 14772
4129 13535
1847 9592
170 1573
7792 9207
6169 8249
482 1994
125 3818
5105 18583
2158 6286
8507 15813
1202 7691
2345 5721
4492 4547
1554 2285
1427 6352
6345 13841
9357 11469
11020 13361
3887 7250
6458 16475
215 2680
2406 12866
1774 11637
1551 11048
3009 6170
680 12698
2714 8901
4492 19517
33 188
8303 9141
611 1606
629 1602
4771 7378
3155 7225
94 1102
6898 13673
2 74
8284 19655
3312 10468
3044 10436
5225 15691
12567 15715
1621 10490
7055 7455
1813 5614
12982 13951
8657 18643
7308 12331
9363 15438
7640 11849
600 4820
143 2920
14079 15670
4531 7509
7630 8191
1336 2234
9082 18659
454 1164
859 1733
8506 8554
666 1480
176 2172
7064 16954
4062 16244
462 1034
8866 9942
9083 15903
3112 7406
3468 14909
158 1819
8686 12798
10443 16541
2646 15332
76 16569
9507 14766
15872 16790
6102 14733
9841 16611
4989 5291
10963 12426
3468 6123
2332 5194
2682 4942
1316 9437
3338 6116
5566 18375
2279 3458
1136 8063
785 5760
3320 3972
10766 17483
1654 3274
3471 6430
13091 18977
3892 17655
7304 14692
2379 5207
1036 5641
9380 13590
5675 17773
7959 18661
6263 18438
2101 3760
3707 8737
12348 17573
4569 19480
4316 5466
2716 16124
13665 19586
2685 12994
4804 14975
6570 14910
3964 7459
34 71
94 12385
16624 17724
10018 10272
1873 6665
5323 8616
1 1118
6846 11603
6643 19981
8239 17312
102 128
14269 18569
2944 18378
2762 4624
6025 10809
3526 4901
9533 11371
2523 3046
46 828
2607 19006
8437 10230
6831 11087
8660 12172
7951 8937
3160 13762
2686 4828
6508 13207
7286 8066
2569 3983
985 1202
5342 17759
2157 5367
9614 11161
1269 6837
1975 13404
4879 13514
1285 1544
10439 17557
4043 10540
6416 16855
3879 15903
17668 17947
2720 3040
1144 7685
5899 7190
1179 13961
14720 15262
7071 14197
1556 17850
1233 3924
1932 3487
70 3200
10877 13975
7739 15068
89 8825
8273 10730
12757 15520
6529 12666
1088 2811
345 3846
9425 13220
10730 19902
1117 1792
44 278
1497 2981
14993 15397
1659 4859
1446 7507
1582 5361
10499 19012
13274 13639
771 2544
414 623
9316 12763
10821 11053
2320 15149
1820 3390
10412 11100
165 1081
14737 17040
16806 17155
3582 12145
1158 13891
4617 7854
7660 9257
3304 8152
324 3763
4597 4661
3063 7130
15246 15913
975 1466
4747 10059
15334 18352
1989 10610
92 7992
1242 2947
7319 9622
13568 17633
611 15794
2259 3699
561 730
3236 3503
456 15875
10275 11042
865 7001
5877 6727
5571 6745
4106 12059
135 395
7366 10588
660 781
3593 15401
8949 10889
47 18867
135 3959
10431 13586
11404 19039
14398 19100
1757 7928
927 4756
4257 7533
2563 7135
5639 17473
4927 12733
11739 13371
1606 5818
371 8389
742 3878
10563 17984
11666 11985
570 675
14275 17545
2185 7867
8332 15419
377 9865
3258 5088
2461 10429
1172 17770
1607 2755
6929 11144
10 5123
15869 16376
14160 14656
7845 19757
5685 10456
13580 13952
66 5740
674 979
15763 17600
1784 5182
1526 1571
1188 1379
12614 17970
1284 3975
2595 18948
8460 18279
119 18704
5782 9821
9352 10970
18332 18874
4291 14916
1039 5033
2356 7295
6709 18887
3942 13855
9534 12266
2793 13329
1096 6409
191 4884
7245 12691
2914 7543
2007 11856
356 761
650 3069
6705 9625
2992 15822
1623 5272
470 12743
13867 17173
3945 8834
3756 9110
3896 6736
8512 10374
2750 2944
6179 14589
2122 4239
3979 19664
10163 11144
38 4411
9090 10387
837 1215
9674 10124
1232 1578
12218 12945
3680 19146
3638 16292
16335 18582
3382 6549
6837 14181
5212 12228
10334 10393
940 1377
4004 16387
9919 10190
11695 14060
1688 2170
13794 18729
1043 1153
15828 16021
6670 17657
16605 19344
962 1466
7802 13703
2423 7097
6528 13305
118 238
5196 9239
14878 18020
11195 19425
10030 10980
3718 5398
9527 12065
4331 15286
3522 14306
19274 19486
12605 13915
5779 6781
947 2698
3695 5371
14176 17044
13437 17908
3231 5624
438 3935
1324 2636
2454 6425
1803 14378
4194 19434
4125 7017
1235 2022
12507 18347
11350 14347
296 6590
9606 12940
5572 6631
6685 13567
5189 8788
1555 6932
6184 9223
12134 12911
110 172
15182 17703
135 7082
956 980
7139 7281
209 5030
5021 13419
2908 4332
2558 15577
14349 19924
7165 9940
867 3989
2204 6041
242 284
1126 17057
9875 17305
3107 11058
2860 7146
1029 1056
7106 9020
4559 17620
2157 4651
172 820
5836 12011
8799 12747
1999 10912
1136 2069
2921 16536
422 3898
376 9386
8539 15509
12297 14245
1930 13869
1294 1703
15212 19164
1801 4470
5148 18024
1997 7902
725 16809
6150 17249
6378 13566
472 3620
186 598
6599 7566
902 1132
5447 18120
578 1031
1286 15505
9149 12576
4422 5172
342 9043
765 2691
5019 8283
19 961
1877 5048
15263 17706
2149 6793
2973 9019
7721 12482
1938 12903
5926 11315
3410 19600
840 2298
11606 19311
13961 16907
385 2846
2253 17709
6496 10151
8865 12079
10649 14517
3219 7473
1180 2663
181 5784
1190 1794
991 5440
58 8480
1313 8234
783 1189
4767 5388
3004 4160
10114 14530
1998 9249
211 1112
11225 17853
1013 3713
5066 11942
3899 19743
8418 13344
654 786
5988 8007
11424 14591
2662 9283
3570 16029
6930 14314
14535 15410
2674 5228
9524 17287
3249 7101
688 822
6789 13354
4649 6599
646 9879
3733 8337
16536 18481
8746 10044
6598 9612
3441 6084
753 3065
8065 9719
7992 15380
984 7184
6075 7727
197 281
2154 2518
1732 2231
620 1217
734 14297
143 3112
3850 5510
221 2454
7854 13147
11240 12933
755 1217
1581 7575
2633 6856
1342 2341
14792 19822
3290 5449
2419 6181
18663 19055
117 2629
18231 18564
9500 11527
5637 9778
380 7584
10938 19162
8205 12619
8041 10149
8895 19107
7247 9086
9295 17638
249 5438
5797 13328
3545 4024
13625 14545
7977 8099
1121 19790
2586 11770
7468 17533
772 1059
923 2536
2941 9937
460 4142
9523 17238
13772 14406
147 3390
1140 1287
8637 9605
153 492
910 1023
289 9449
1339 9527
3167 8344
2475 18096
7959 13540
2088 5730
8939 14101
5901 11186
887 6345
1107 4763
2399 6412
5231 9610
5610 11547
2920 3764
65 16272
4037 4481
5484 15216
16211 18450
1348 1639
757 3114
16774 18752
406 1346
11591 18135
2440 7584
1481 3701
1296 1321
9147 11171
4426 17284
2626 5759
507 2661
3203 6085
14916 19518
1039 5531
12593 12650
8713 12554
2803 17663
3171 7510
4347 13582
4592 12823
4276 9604
17835 19866
6439 8454
15674 19584
14319 16862
5185 15591
559 18340
1497 2416
8915 17588
9111 10715
2705 5884
1589 16729
5646 14001
3569 9137
2928 12485
185 1092
6670 8909
7353 10573
10133 14167
333 3813
7338 12776
3381 14677
1161 1324
1514 17594
5422 7381
3657 11217
7554 16082
2451 5916
6445 9276
3788 9505
7625 14032
6644 8549
2845 5081
212 2408
2846 13754
9508 15742
2893 4103
1678 7407
880 4257
1822 5693
4602 5018
7706 8505
2352 14689
4921 8665
6034 9789
3026 6710
35 56
15943 16900
4934 18973
4198 5372
2207 4288
538 9665
2253 5764
2215 13617
9589 12748
111 7499
2068 12713
7228 14345
5289 15257
559 14039
5920 18910
423 14396
3159 6076
7402 11313
2859 5083
2739 13529
3248 5990
10290 12573
5953 6750
3703 7954
2031 17695
543 14944
6214 10361
952 2916
7929 8461
1140 7432
467 4718
3165 17036
752 3445
238 710
1341 16107
661 7358
8035 15086
9410 16934
434 1245
16727 19496
912 2064
11227 16743
13566 15720
8315 9871
5190 9138
3060 4091
7888 15360
7326 10854
6489 7817
8594 10055
11374 15598
13016 17435
2317 5092
12189 15226
5185 11135
2899 11412
6576 17496
785 18539
101 3033
16322 16818
3405 17474
2192 6956
113 2210
1842 8779
705 2708
1563 3738
2490 3890
9443 10801
4567 13306
3256 11919
233 2860
9118 10588
10581 14482
5516 11726
12125 18922
7122 10139
562 12144
405 8628
2522 19169
1106 7308
16099 17819
684 2482
1499 3413
14272 17784
463 6433
226 5069
4575 5728
1624 12905
15092 19119
6957 19253
4240 6303
136 270
5713 7113
3755 10421
2772 3496
540 16037
3683 8786
769 3677
2509 6914
725 7010
8922 15586
6255 13533
4343 17579
3952 10565
10138 17401
1849 3571
9719 15671
9421 16733
402 1662
4298 15456
632 3486
2569 4827
3338 12304
3286 6927
5663 9786
3641 8920
5340 9986
12869 17287
2782 11665
6541 18623
1282 4241
9734 10070
2402 3472
6228 8836
746 3101
5164 10281
688 875
4054 6629
299 2794
13822 19270
3063 13937
15522 18455
17347 17788
10551 12873
5280 9897
5874 19363
3768 5087
8742 19241
7120 15863
5788 6998
9254 9719
1896 6344
8216 12364
10709 17667
9206 15496
80 2817
12079 12220
5848 8561
4050 11391
4474 14502
15319 19768
5017 8540
2417 5719
8399 17166
2999 7036
3798 8195
3294 17847
13388 17771
754 3354
2326 10238
12278 15592
3105 11222
10688 19163
860 5913
14325 14519
1327 4304
2048 14468
11323 12667
2980 11120
3096 3572
5935 7150
8280 9981
5906 19509
1984 3446
3858 18359
564 680
5969 12773
3451 8180
4339 13216
3851 10221
129 2975
28 8617
1063 5635
2555 2574
3498 7773
2531 4385
632 2164
5797 9597
10061 15776
2218 10447
4394 16971
4177 12775
5254 10429
88 332
2250 7071
4835 7945
8322 15282
53 10010
1111 3367
14133 16281
2495 12701
7919 8918
905 1336
1775 14730
5950 11666
2864 4565
2259 7753
1 10322
6925 7715
3116 9894
2616 5409
460 741
2399 13637
7392 13459
1586 7080
3426 16133
4874 7991
5898 8550
3918 4830
4391 6686
1309 3794
2151 10538
2008 5223
5343 6447
12300 19802
5798 7504
12345 18054
4918 10544
7712 13694
1957 7890
2110 2403
9623 19790
4594 19250
1029 2645
10476 18884
3720 13985
7007 9829
866 2584
5107 6230
4616 7737
5444 17403
16861 17339
13826 18388
768 3037
8670 14870
2941 9320
1281 7650
2187 3308
204 16151
2671 4195
362 12724
17903 18356
142 6866
1243 1449
10514 11985
1518 1634
5427 10303
4059 8948
1935 5789
2585 17510
1202 2557
5383 6351
6839 19678
1166 5034
4711 8814
2655 10350
1646 10030
802 1634
3869 13656
2503 4085
3493 12145
2532 7543
1539 11849
13982 14216
57 12659
14996 18456
640 9726
1561 11020
12160 19483
2966 3004
199 307
9293 9645
8638 9568
2572 10185
7337 8552
9356 12514
3903 17944
6113 13313
5574 10254
4359 17756
1513 1730
3441 7174
423 18712
5426 15007
14156 17120
947 5426
4224 9783
3095 6883
5037 14640
1799 8178
2265 5222
3222 15583
5 8111
13878 14561
13230 15808
1795 9372
8638 12378
3647 5822
4974 10441
17243 19180
570 13271
9188 16267
42 426
1547 7858
14968 16041
8009 10463
155 398
10779 13884
6799 15484
572 1094
5274 11883
563 8873
8651 18608
9204 17874
2062 5452
3633 15229
4490 10827
4986 5988
3117 8108
4 732
2194 4710
5581 6693
4781 16768
618 13448
6538 10014
3833 5604
13164 17150
12422 18578
5625 11488
3726 6133
4664 8903
2495 16419
796 1122
4008 8467
8974 17662
9411 11838
75 2409
12790 17624
160 9830
4733 5129
12652 13964
325 399
1131 5098
424 8990
3904 9745
5177 14578
3140 7045
2121 19860
5074 5266
582 5247
366 1495
9367 17697
2726 14509
6896 9514
7377 11636
16514 17735
5950 8058
2477 16747
8477 19420
2586 3570
5066 17580
14919 16710
2888 4833
4648 14439
2884 5840
736 12808
1263 14820
10873 14608
18895 19745
10624 11146
5171 12980
6786 7989
5173 10613
6503 7236
12875 14452
5104 16394
7222 9687
3163 7933
6031 9947
7356 18478
5751 19509
6971 19696
1045 12857
7759 13444
5313 8423
8007 13424
3547 13364
80 1301
8457 18676
313 1835
297 7330
3794 15920
4595 8007
5283 8897
3682 4349
4048 4274
15781 15787
2081 4812
1177 2505
767 3407
2873 3708
12553 12763
174 767
2985 18693
242 2442
2250 3312
3359 4225
2863 15488
1070 1241
8666 9000
390 411
4234 10698
13199 18091
4158 8239
5669 19664
1131 3949
15539 18594
1806 1984
2721 12211
10520 15521
11146 11998
3083 3295
6383 10648
8964 19136
3964 11425
9256 16460
298 515
639 11881
4562 13610
2076 8866
4560 11572
5491 18144
2045 4561
6024 13676
956 3633
1282 1689
1415 2507
6282 10258
2796 4839
6591 17640
4284 16552
468 2449
8951 9008
1410 2617
11100 15012
4930 7138
3754 14030
13279 15631
7743 8320
3276 10922
1185 4435
2127 2224
2229 2278
13673 17466
6464 10395
271 384
2101 3222
1243 2569
9419 9622
2614 2642
18268 19565
1079 5182
8369 11701
10787 10974
4738 10876
3475 16903
10181 14671
7123 10720
1145 10207
41 4343
871 10853
4508 5459
14725 18299
865 2275
1631 12998
2436 4623
370 2443
5278 7239
455 913
6763 19517
2006 14268
8654 15661
14716 14865
1297 7569
2216 2547
2023 2438
6679 7011
8509 10984
483 3951
5165 8419
139 1658
101 542
6039 8736
4975 9857
2146 9958
1110 2103
1706 11944
1141 19090
9411 15752
584 922
176 406
2591 7256
8259 17434
1393 4349
2193 3231
7371 15432
5796 6039
61 812
1335 3931
3203 8518
7609 8426
4312 11632
459 1198
1374 17446
2578 14963
8463 8509
11021 15854
166 1383
10721 16922
16022 16070
15506 16362
6364 9753
3530 8688
2018 2279
1953 8933
9501 16677
363 6970
8018 10235
12667 16652
13321 17067
15875 16071
457 2062
500 592
6501 9335
9350 15160
1644 4708
7890 18974
711 7354
14204 17846
3649 12179
13088 15207
2946 10572
7666 11801
56 143
11 8285
178 1396
106 19537
7746 18358
6804 18146
9965 10195
2504 4940
4906 18769
9258 9696
2264 4554
2537 2692
14947 15768
847 2888
469 2242
8846 16079
2171 10203
4072 4896
7378 19472
976 5045
932 2652
6142 16249
3127 3393
3301 4926
651 7747
2018 2913
1688 12597
2145 10770
11003 13329
11856 18086
451 3570
17120 17816
452 1017
3944 7646
977 2342
253 19667
1310 8245
27 472
9971 19286
3431 7421
1360 1577
8124 8216
4830 13950
4386 6934
925 1531
620 1745
5336 17098
4577 8246
366 3777
1058 1677
3 728
2759 5663
996 2644
12627 17134
5927 6947
4429 8990
735 14561
5964 14285
11496 19335
6580 12822
1625 9563
155 322
6607 17337
2020 2182
11266 16740
486 8864
2551 7134
6124 17848
1272 7841
2279 16643
5759 10013
6083 8183
119 271
10263 17248
5185 18872
2428 4627
3252 11726
6260 7211
16028 16412
7419 18486
1040 6006
4875 5429
2425 11244
2650 3137
18845 19177
1027 1071
9039 14773
3385 6411
8205 10842
16483 19036
5227 5505
266 6154
8620 19321
787 17262
1337 4388
1809 12013
80 338
8509 12673
543 1944
4804 19074
13826 18096
1636 18516
5699 12193
5968 14015
16409 16821
7256 17565
16003 17473
295 5675
186 1719
651 2155
349 4315
2272 11208
2463 3908
6594 9402
10 17885
10980 19244
473 3594
1847 16665
160 1187
8853 14539
2194 9895
1000 1474
16813 18309
694 4947
2870 3735
3954 12715
986 1261
1994 2895
13889 15307
9293 11530
8 18884
19420 19891
59 1611
5223 7648
6823 15403
10615 13014
9611 16253
1172 7479
4466 7402
2652 2924
2298 3625
1981 3542
2678 6709
1730 7886
17216 18294
3102 11441
7694 15847
6727 9185
2560 3123
1347 6390
17431 18968
213 4986
11142 14640
338 9448
55 6127
5846 15652
1751 10127
1604 1949
4007 9785
7133 12953
709 15755
3861 18103
15399 15606
298 1527
9745 12936
872 1206
6702 15769
13780 16992
8406 8497
3437 16848
11299 11516
2021 11945
2161 7529
5898 12593
916 17877
9629 11102
13695 14967
5040 14531
8351 14095
5290 8757
5 3336
11694 12552
8775 13114
3702 5929
75 128
2577 12504
10197 16170
6681 8540
1200 2952
485 2770
2909 13001
2697 8312
827 6272
14 17542
7950 8265
10527 15186
2224 7854
5138 6938
1697 5985
10880 16901
3199 12002
303 13660
5748 19398
1632 12518
2817 7073
4283 14980
8987 10670
4985 19412
6774 8155
2671 9088
4807 5367
13063 19712
3847 4152
11759 15831
5727 8801
1254 1282
68 95
844 2290
1452 18038
13084 18648
3236 11537
9831 11830
6748 18732
114 7909
279 699
3354 7177
16364 18695
5926 9116
11538 18699
8641 14992
665 856
15716 17669
2358 4527
7254 10619
19 1164
3666 18912
10815 13301
6723 12029
5687 12692
298 357
7276 8383
8304 12481
217 4524
13791 19306
7500 14556
12140 15352
2576 11818
3152 10176
1248 1362
5 6984
9816 11644
3732 3796
5809 8173
13514 17677
5990 12279
651 3340
6008 6254
2746 13081
13363 16496
102 2847
432 1465
6458 6558
9246 10520
7972 9994
11241 15719
433 18948
4037 17979
14628 15604
6035 17737
6651 6888
209 4782
2793 3117
6770 15504
1109 13893
7843 11805
9907 11168
1141 19646
16762 17920
11212 12869
12041 13997
1468 2440
7019 12586
11682 14480
3612 6465
7941 9376
1661 7100
6555 7430
37 10169
6777 13722
59 4456
7412 18647
10494 13425
5573 10930
5266 15837
4898 9259
5545 10139
3167 14042
6600 8667
257 1296
1197 3182
5643 11915
684 2118
226 3885
3742 4316
2813 5138
8321 11869
1117 4702
8110 12755
6310 18372
5841 12105
819 7762
29 6127
2029 14435
9126 17722
15302 17076
12911 16920
1190 2613
3859 4065
3282 5871
608 12884
15313 17188
1179 2353
13221 18527
381 1967
3582 15291
5309 11343
1669 13841
3020 9175
8485 12821
849 9951
1038 5831
1545 3631
6931 19180
893 2625
17211 18250
5697 10875
4566 7802
940 1243
16648 17422
4340 9436
7077 9037
117 14165
4293 8865
9516 12639
10814 12923
7705 14217
8976 10853
25 2150
7811 8015
4958 13252
6095 19259
3994 4049
13954 19936
4717 19939
248 2601
942 4860
1033 1130
4399 12766
5022 13570
4219 11733
5560 16044
3188 3278
891 2529
5081 10786
1485 12192
1907 18744
2556 4130
2335 7149
705 10437
17622 17915
11001 12318
804 1481
2590 16989
759 4302
3391 3575
1744 5558
6585 18405
521 963
2172 10334
4561 12895
9984 11933
5582 10054
2714 2981
15249 16677
1393 3193
6979 10851
57 79
2914 8628
106 211
8904 13130
1465 2156
2196 5683
7410 16628
1442 3154
1504 5497
7931 19156
12909 12911
9955 16475
1839 4618
5946 11798
1510 1758
4053 4408
1195 2107
836 899
7783 17817
1166 15953
12867 16193
16 9255
4932 11788
1983 8683
1008 17075
74 3455
5616 9326
4524 6182
1008 2739
1670 2679
1398 6618
8239 8883
3901 5315
837 15718
1989 3214
286 5077
2797 19479
12338 13924
3775 7331
7365 12424
1084 1703
3913 6189
5595 13079
1239 1945
639 1297
6520 12934
594 7959
52 2555
16748 19348
1350 2387
15482 16940
972 3026
10852 14018
2352 17269
196 5521
2299 17163
8558 19827
2080 4115
1487 10991
778 15409
9194 16462
8763 12279
1411 7483
71 6972
6790 14193
5740 18932
319 3202
10041 15804
1620 4513
869 9568
8612 15185
11657 15571
990 3379
3292 10928
7316 14096
45 16867
3923 13376
3151 11902
8899 15556
1629 6458
111 228
2101 5191
11912 17777
9187 19514
2128 3541
3204 3219
308 12081
9229 12025
10703 17887
3092 15119
19751 19971
3128 13302
1236 3589
7575 8556
4996 16064
15470 16749
4829 9749
8749 18155
386 504
2424 9506
611 5092
1182 8150
3078 17182
529 10959
608 1474
2101 2776
1813 3742
1362 14974
3335 15868
1161 2603
2536 16070
4892 16859
9353 17609
1088 2083
842 17471
3420 12676
40 1591
1613 6511
86 680
12915 12938
6283 11900
1551 3078
3950 4733
1472 8333
2926 5722
215 1157
8109 9421
567 4632
5496 11571
10505 12788
8788 11043
503 7303
8637 13787
3965 7358
2831 3017
3101 7319
346 1745
1369 7883
490 4152
383 3468
9717 10074
681 10212
1175 1551
2397 3585
10809 12734
2851 6779
9222 10286
6240 9419
197 2766
1982 11277
1212 2731
3096 6191
11 19556
545 5062
2069 18049
9846 10579
7138 15002
10090 12606
9845 13621
17796 19907
468 2130
10435 17491
1011 2543
8956 12695
3118 8500
110 6241
2011 2387
6306 11410
7692 8925
514 9409
630 1315
8176 15910
12961 15264
6436 9126
11485 19881
1061 5662
6676 9256
13633 16020
3135 19714
3260 9620
910 5634
7042 18772
894 1943
6885 11701
2909 15538
2229 4619
5441 11882
3372 5925
11230 13261
6645 9964
4758 15474
922 1608
12638 13383
3856 5783
1089 3522
1981 2579
6191 17156
3506 10057
1557 2181
326 10052
3881 5897
15834 17883
5301 15184
5844 11353
9305 10554
8808 17686
7914 14223
3943 12062
7940 18310
4964 8554
2854 9639
2743 16746
1860 5584
4766 10111
11620 11834
8 905
10828 16420
321 681
4190 5763
3207 4461
2640 7319
7762 17415
1110 15300
16188 19349
19129 19991
2079 8630
5102 6204
1973 7443
6496 17852
2634 14441
5004 13193
2559 6209
3458 4503
412 10658
13150 16581
12318 16144
7393 9993
4160 4927
3528 12465
482 9928
3466 12811
9655 13981
9354 11867
1076 1867
3936 11429
197 9802
12522 16096
2962 11992
10406 13086
5652 13632
2115 10770
754 4501
5648 6614
7790 15580
11163 11427
193 819
1001 2418
5710 8737
6555 11143
8485 13489
6923 11346
766 1119
4740 13531
3702 7713
5611 13584
10467 11897
2465 17725
3383 15200
694 13129
6747 11227
9444 12163
9742 14748
3764 15292
3691 6075
775 1049
7464 11193
2374 3433
5438 12079
866 897
9530 9851
1883 10302
2606 16320
9268 16891
14435 15696
443 667
4445 7889
3235 5380
3059 6098
11423 16323
5301 16456
2437 6510
3822 4449
7977 16273
12093 14963
1677 11340
3857 11467
298 8635
9755 13796
1412 3460
3421 6510
15495 16993
1331 2416
1760 4399
9089 10375
6577 9080
1648 11801
7906 16989
3936 9281
206 3698
2757 8525
2063 8933
6507 7841
10410 12434
7537 9341
4729 9974
58 910
703 706
4451 17829
1862 2740
1346 10208
515 4160
5414 7904
2551 8483
16678 18287
2617 12494
223 409
3138 17773
2165 4412
4265 18248
84 678
4484 11086
16035 17265
15245 19393
11437 17180
453 8325
1548 5894
2677 8398
12212 15801
2588 7870
2397 3417
6697 9960
2356 4731
2658 16503
3548 6790
2293 9523
965 14203
10857 17384
6105 11317
12291 16161
605 10910
619 11387
3192 3875
2813 16146
5959 7201
2495 18205
2961 7426
800 1040
1960 3033
13206 19685
458 3681
7457 14396
786 17937
2112 5516
1870 5872
13735 17537
698 6770
8254 9622
13217 19859
3552 7291
179 2443
2464 7095
2946 18566
13092 13606
15788 18221
9939 16400
388 885
1890 6948
3592 4470
13242 18023
7012 7216
4595 5999
1734 12385
76 404
7655 15721
5783 7881
16531 17597
1567 5122
391 3492
941 1596
163 3662
9123 11678
94 853
5857 9476
11792 19469
11009 11098
3483 15389
4602 10756
5400 10766
1609 6169
3964 6742
15183 19776
5205 11266
264 5876
6184 11314
1900 6298
2175 5566
3055 5882
1722 9573
5305 8790
1197 5939
10709 10988
2690 10494
2570 9034
5530 8256
3882 4343
7825 17983
4457 8397
7754 10809
825 17620
5948 7982
889 1708
10442 10740
215 3566
2573 4380
13763 19511
2202 11912
6207 16422
4731 6223
3225 13912
10395 10494
2723 8869
2098 18069
3402 5227
2014 2911
1828 2032
1633 6318
5658 18066
331 543
913 2225
3331 5966
2671 6500
1107 2025
1556 5752
1857 4100
311 1578
4883 10663
9315 12759
107 3832
722 11103
6461 7978
1278 19310
9355 17552
2924 4977
13411 18676
9252 16636
5868 16391
4342 13024
1619 1795
2875 3106
653 6575
1873 6527
5906 16066
1277 3178
281 8398
7979 19484
3280 7836
8117 17753
5935 10626
5640 8200
1387 13837
5355 10130
8042 18247
9700 17574
8003 13751
1734 8336
7934 9179
52 110
2530 11471
4470 10749
5140 18380
17 45
428 1318
3036 5159
1675 2450
1720 6053
5586 17462
12271 17557
2177 2644
1579 4111
6192 12645
6150 17755
2062 9807
11335 11730
567 1940
11427 11694
5729 7228
6762 12229
1105 1388
352 1088
8646 18893
6370 17609
12446 14727
2392 4095
73 10249
4578 7057
6411 14018
1333 9772
14537 15481
10935 16010
18193 18828
5587 7972
1500 16608
313 6222
892 5256
236 1342
495 9624
12815 14042
4366 8866
2289 11401
3747 4697
1038 18972
11299 12703
1323 11350
262 10735
314 1355
5941 7429
5012 6389
13787 15661
4564 4947
10325 16831
10066 18782
2789 2962
3873 6749
62 11619
4844 6114
7289 7562
2036 9117
3612 11443
36 8615
3815 6330
3831 11439
1109 1278
14 24
5543 7489
3006 3030
1938 3270
2038 4774
2816 10151
13624 15642
72 6096
5309 6163
3702 17690
54 251
2106 19765
9981 10581
13852 16148
2194 6295
506 4205
3906 5846
7071 14098
726 1482
936 12116
803 14929
10976 14157
4621 9735
10207 17892
2466 18026
7713 13051
516 1140
8700 17060
4351 4376
1080 16740
5955 13141
946 16525
3 152
744 748
2339 3308
1724 11028
12409 12911
564 2549
6724 8851
37 1340
4295 8725
6189 12301
5266 7278
2470 16860
15462 16344
12258 19037
92 431
1933 4490
6141 7901
3043 5315
4733 17483
28 9962
877 7574
2415 6658
16754 17719
1429 15689
44 332
9736 18959
6808 9966
24 618
2720 13912
8055 8120
1258 8858
3531 14475
10276 10638
3740 7158
6538 7179
1368 1780
8398 11885
2863 16242
533 2474
10340 10854
714 4498
563 2157
118 1495
2900 5939
3395 10782
895 4102
14476 18841
7608 9846
2434 4785
3098 15240
9978 14007
15287 17351
10765 15408
4943 17268
1804 12671
61 3571
861 4399
3154 4883
2117 13583
12405 15049
1123 19944
24 15249
5153 7317
5862 17771
2684 5167
2625 2833
15393 16530
8641 10459
2080 3100
6732 9546
599 2317
832 1199
22 3731
153 665
7208 9362
283 681
6461 8543
13598 19944
4510 7239
14981 17948
6268 18916
2214 9032
5963 8604
2429 8806
10022 18700
14796 15487
2326 2671
15382 15996
4505 6396
587 7775
5768 11804
5056 14377
8366 9328
1238 2455
6 671
5146 6890
6183 19745
7837 12293
4617 12953
1123 5360
1309 8094
6690 8302
3053 4521
10641 11004
1 247
194 15006
599 14095
715 980
8569 15243
3410 8980
1038 13979
11339 15558
3303 18832
538 5928
961 2332
2330 9400
4178 4585
10588 13346
10752 11333
288 15821
18954 19746
4399 4482
983 11135
3448 3950
626 721
7634 10423
5054 6506
1863 16758
4488 17547
1121 1429
1650 4629
4638 16234
486 1263
571 13699
4192 6271
12469 15856
4093 14413
2293 13331
1157 7436
2211 16920
5615 7194
7609 13495
6554 8639
4343 10662
12254 16383
306 2442
7316 7413
6862 12263
3847 7688
6371 9106
46 1126
3846 11698
7599 9721
1359 3200
7627 19619
15049 16743
5776 13345
766 1157
2372 2699
1451 8240
3057 13772
9048 10021
19553 19656
7595 14771
15821 18789
3025 12013
410 7057
6669 19761
7186 17761
4619 7230
2715 11199
5348 19073
7151 16769
5220 15545
14185 18256
3191 15113
15123 18791
1797 4264
650 929
2942 8278
1364 7410
64 66
12267 15813
1086 1492
7704 18622
4799 13628
9293 10578
5831 10059
9304 16821
1153 2684
3220 10114
8809 11027
341 19256
1896 3330
555 3725
6220 19323
5234 5628
9248 15901
2680 13070
1704 1984
93 1067
14414 18704
6895 17190
3686 5268
5408 14877
9469 13643
7849 12284
14744 15052
8983 17373
4551 10623
2279 11578
9233 13195
1072 3907
276 4985
603 8831
12436 16010
6045 11201
1910 7209
7161 7255
82 192
7095 11789
1562 3735
3073 6107
10483 13832
2469 3289
5156 6609
309 4628
828 11331
7383 8732
2179 2920
6106 7923
811 1122
10124 14849
7423 14940
16710 16895
9106 15777
6094 6767
4598 5787
18263 19957
10686 19465
64 2281
3236 4227
11653 18513
13959 17830
6615 8081
6397 15766
8079 8408
9555 16678
2987 14061
3301 12772
6998 9217
3326 7411
83 130
3263 18590
1180 1335
1287 2496
13532 19914
149 9505
97 6556
742 14221
3443 14738
6093 8359
39 168
1892 6646
2769 15307
14397 15980
1106 1978
10286 11487
3702 5231
146 492
5969 10153
3516 12433
1500 2594
6535 11796
3987 11969
7064 17780
14246 18246
2010 13053
4142 6549
3969 14939
3834 14486
8606 10238
6745 18676
6183 19317
2710 2985
11620 19067
3035 3349
3288 15026
1707 2314
11870 12389
5220 7399
1681 6371
2767 10395
3335 7778
4426 7781
348 5212
8217 10111
2572 9899
1542 1558
934 1306
648 1950
159 5859
1276 4380
12029 18475
602 2985
1146 6766
9935 14675
9550 14519
3859 9741
699 12846
8738 9570
8034 14924
12146 14528
1490 2972
1286 10329
5535 10781
938 2489
9647 10099
888 6918
13694 17319
716 6836
75 4929
79 99
6989 8290
6207 12400
615 9272
11122 11964
157 1474
752 13357
10228 13729
3825 4017
4147 14910
462 585
7353 8759
3689 17030
3416 16863
6565 12919
2197 2238
740 6543
2383 3346
5181 7466
172 19047
16818 17597
4657 15032
3314 14232
2176 5149
1008 16929
1069 2581
1100 2750
8865 11706
4795 11444
3553 12527
8379 11504
2300 3017
1573 3087
759 1232
7000 9041
2210 7875
4642 13841
3143 5224
4928 8634
2506 16740
16411 18137
7027 10783
10253 15224
3199 11995
5530 11037
1478 7123
1461 2343
3872 4051
46 2210
4517 17813
969 3020
5998 18950
271 5178
6761 18104
1125 8870
4454 6517
7415 13525
452 554
52 195
12057 16687
6883 11853
1637 11454
9262 13679
6655 9787
4479 10080
3002 8138
2219 6745
1749 7374
12857 17622
1896 10790
10745 13556
383 6075
173 1018
12639 19689
3836 4671
8508 14967
6985 15964
7603 17304
3005 9122
2293 17109
4259 6523
1444 14032
6071 10250
753 1851
19 1243
604 6984
1042 2009
7322 16920
5990 9598
506 2350
1399 9164
1206 1727
16416 17300
420 11865
10126 15681
556 3110
4934 6918
1352 4698
2588 9290
1107 8435
1954 14909
669 4208
220 3265
3585 13772
1771 4722
1028 2920
5582 6904
4590 5890
5655 17998
540 6295
997 1589
532 4788
596 10852
2879 4374
1331 3581
10303 12908
7798 8279
10197 14741
15623 17609
259 2463
1271 4253
3046 4001
10764 14886
18027 19544
5238 7023
11668 18365
2196 2409
4221 13919
9470 18868
3620 10537
10248 19857
1529 4017
1867 4125
1240 2711
1270 3042
3802 5487
5085 8041
1671 12520
806 4888
5173 5478
1283 3291
5706 18074
8937 15162
2300 13223
1226 14267
136 6548
4745 14736
274 18583
11625 14828
395 6357
4572 11034
1233 5588
11175 18046
292 16295
4759 10094
1722 6380
2317 4745
2378 11257
4696 12547
1408 19806
12662 15319
1451 1823
13993 14785
276 7288
10221 13522
4123 11087
5328 7132
7337 8296
9573 15485
5800 16384
4403 8249
16 42
7434 8491
3201 6032
491 7172
106 348
643 778
4924 19219
4946 12687
695 714
3461 18403
10571 17268
732 2377
1858 10557
3000 7177
6626 8316
17818 18667
5209 9930
10961 11246
12669 16426
35 178
7464 16150
2045 2874
4917 9564
1707 4498
716 813
4213 5853
3417 19140
6771 14297
1149 5953
3898 16988
6085 8684
6511 11474
9067 11501
5289 12425
183 1069
236 4684
4002 11556
2252 4519
16215 17986
3722 3962
1078 6959
14982 17991
1210 2732
14046 18965
8794 12728
6935 16177
11573 13686
8742 16755
6095 6529
3738 4780
234 274
628 1865
7638 16277
5129 18792
4265 4812
568 959
13328 15212
216 349
14378 14718
1641 2217
2918 8273
6694 16380
5990 8796
1418 10373
5684 6543
1675 6047
4230 7175
338 789
2057 11573
2262 3215
4559 5075
4626 8956
1801 3725
1387 16589
10740 12933
10773 15065
4015 4744
13396 18758
429 4822
13361 19860
3992 7341
2504 9783
1779 5783
534 8516
3533 5776
3773 7179
130 534
2009 4458
15727 19401
3178 19867
6897 18557
3738 7209
391 1540
9825 15200
13261 18668
4686 7283
2323 18666
1669 5951
1817 1933
4236 6973
2653 12854
4769 18994
8959 14505
690 16627
2394 8865
6649 7283
7045 16670
1106 2562
6211 16458
5168 16082
2547 8271
985 3221
9826 17025
4327 5070
6962 8736
304 10207
4280 5899
10307 16382
9424 11982
878 1170
6083 6095
2666 5170
12803 13660
8401 11179
1244 6822
1082 4861
256 305
5 181
3020 9023
4628 4965
18078 19883
4381 5672
6717 6863
4372 7569
5125 12547
11822 14547
11608 17143
10556 11047
7073 10760
311 1513
1477 14514
15484 16474
4494 10731
1286 8740
11193 16641
10011 15084
6949 11421
98 626
9088 18398
472 16894
8903 9983
9306 12997
3393 5605
7362 14787
2338 8308
1037 1298
12856 16786
1972 2347
3171 3260
18730 19244
16317 18362
5874 5881
214 1295
10030 13073
452 6216
5095 15775
14908 16897
4798 10251
11518 15830
7999 14362
11305 15872
12534 13461
9732 14722
9361 11485
11457 18270
2767 19439
11264 11313
608 12001
4824 6781
1948 3353
6841 14761
956 7340
5148 6022
5743 9320
2894 5801
8352 8458
6359 19339
255 259
9933 19885
4758 15280
11356 13328
96 1174
67 8289
2374 3186
596 2439
3978 14156
843 967
3693 10812
5934 9287
1361 18198
14960 18517
3909 13598
10025 14602
4686 17942
999 1613
1426 4160
956 4856
9877 12327
4032 4117
7972 15570
6994 11308
2301 17557
6501 13399
2010 3481
11003 12763
607 7527
3620 10750
1709 16924
764 1451
48 61
9918 16892
5430 7998
9328 11800
1293 5344
7661 8206
10572 13410
1049 8449
2863 5826
6848 8876
3110 5580
10109 11071
3772 5580
6878 8103
498 2776
10339 13521
778 1363
2324 18016
403 10576
5642 9291
1695 10337
6170 11736
473 13310
9143 10366
221 7894
5261 9310
10339 11796
1423 5278
213 10234
61 353
552 1364
1944 10968
538 1997
2152 10426
3553 7900
6124 11645
517 14047
1074 3599
10722 12110
2024 4811
377 445
4407 7864
1223 9988
6495 9355
908 12702
15648 19586
8102 9061
937 9771
4765 5901
4619 11604
10404 14594
1824 4025
5041 5545
3231 5950
4070 13982
6522 9244
28 133
2358 6793
18027 18358
6494 10860
7446 12029
292 4941
6120 17350
18422 19092
5346 8709
12092 16369
6263 17694
2741 11456
1989 2003
4713 5668
2821 11228
1184 1306
14123 17803
7350 16119
15756 18973
100 166
75 2914
9589 19738
5094 18689
6551 12365
5285 12741
6543 14896
13925 14020
11049 15067
7346 18028
8366 12009
350 1042
451 3174
5041 11106
3636 15670
259 1189
7413 8254
381 8680
159 2547
6818 10677
3577 10666
594 1402
283 2374
6128 8574
8826 9385
12803 14980
561 16174
2601 4172
3954 4776
9255 11681
3749 5384
7712 7924
624 3497
11036 12163
5005 9316
979 2083
598 860
1640 17011
649 835
1369 16506
4620 13033
13836 18252
656 16151
9965 11515
6007 6245
584 1038
4755 8620
9451 19736
4266 14864
266 7884
543 1198
11696 12404
123 607
2423 2455
276 1148
9316 19151
6477 10925
1434 2549
7948 13839
10042 11294
6288 17697
4657 11893
4537 9527
8510 8723
1779 6724
13180 13750
1569 4991
17411 17704
1718 4274
16397 19156
146 5802
337 3622
4252 13460
4168 16747
10809 15031
6614 8033
1351 1934
3213 3835
237 9536
5193 11949
4893 15991
4268 11857
8479 11939
14916 16677
5765 9047
4695 10486
1678 15856
4870 12440
3106 8777
17937 19712
266 7269
781 858
9347 13357
1410 10139
5299 7958
4360 9154
220 390
1445 8215
3646 16243
10927 14495
846 999
6012 12393
832 843
1322 3741
15419 18567
3767 7812
2178 16139
8335 11603
1908 17260
2711 3202
9571 14472
5376 12441
9938 16703
583 1511
2630 8551
1996 3420
686 940
3589 18271
1832 5917
2352 17011
877 6807
7876 13454
2604 2972
7738 9588
12954 13304
221 608
3234 17841
1699 4687
898 1704
4298 10381
1402 14213
3037 16800
7067 12835
6321 7339
13876 14717
1161 1443
1804 10092
1957 8056
6093 12493
990 1359
9633 18335
140 1267
2138 13616
6619 9126
174 4607
3636 5993
7527 10484
5731 18370
3637 17562
1354 4746
179 552
2661 12917
2909 4082
4328 15463
6429 8335
1920 17262
4440 13919
13035 18130
1465 3264
1039 6702
154 158
3465 19998
5298 10945
2996 15669
1429 2517
5238 13917
2116 4913
16372 16784
6356 10213
2 19607
2075 3369
4933 12384
3394 12727
3082 3312
7479 8348
4145 6868
3379 19103
3751 6704
1792 3965
718 8312
4269 4656
1186 1235
1278 1365
3939 6701
6944 9552
13393 18042
1265 4837
71 4846
80 895
5718 10977
1828 3433
1383 12512
2296 3858
2545 4904
7218 9877
408 9744
1385 2476
2888 11140
14192 19559
227 1321
1937 16268
696 905
1629 7514
4000 6024
8359 12967
11707 16139
2626 2654
5944 12252
11228 14393
4863 9967
786 1516
1374 1435
3186 7220
520 2378
559 2241
8643 16791
7132 17428
2746 13669
6812 17121
13069 15411
10437 11495
8836 8928
10561 15346
464 2560
481 3107
11427 13781
961 17784
8403 12112
9511 18683
0 14701
9855 11524
9829 11614
4402 6818
14492 17523
17255 17334
2006 3559
15256 19720
143 147
6095 18987
11784 12094
274 2335
394 1060
69 18667
1164 1963
5976 9657
3879 4013
14823 14850
7788 9641
7657 10208
530 10483
12424 17070
7495 9294
9963 11089
3291 18338
5497 16246
1160 2650
967 4166
9720 11571
104 706
31 7183
3265 4110
1175 19366
299 1090
9090 11281
3454 11713
30 89
403 2908
123 161
1371 4179
3457 12013
2142 9368
2944 3126
2358 3573
3247 13605
4054 6189
235 1662
5350 13934
8126 10424
4865 6933
2282 9799
1736 2931
6691 6718
1328 14452
3526 8557
3 607
3252 8324
2605 9459
206 7007
6237 12354
2371 14345
130 8889
4101 5120
2046 2515
4560 11256
7269 11968
1282 4153
2626 4988
6882 9474
1035 14389
1866 2233
5067 8460
3593 8758
3954 5659
3025 13943
4477 10741
311 3498
9305 11473
3998 6409
5002 11554
6280 8079
7033 10069
3435 12163
11857 12355
1849 5600
869 2421
1611 6598
163 185
3405 6023
6897 7046
14676 17686
10812 17286
10152 19009
15638 16754
245 945
17 44
13538 13917
161 1973
1883 2005
8619 8968
2289 9207
1099 19892
7013 9709
2760 4927
5699 9297
5580 16682
8965 15277
495 2248
524 10943
5341 15140
12381 14033
440 654
12874 14412
6369 12516
8257 16894
11718 13086
6327 8535
142 458
27 158
4808 13878
120 3375
6237 12207
356 11003
2560 4453
1437 17113
1517 1631
9960 16063
10669 19795
5455 9262
1312 11556
716 908
1181 4625
3788 6222
1375 6306
5887 15741
8374 15170
5506 7074
8433 19659
8413 14217
5362 10596
2796 3324
1021 1849
390 4061
10897 15686
1327 10829
12675 13194
10006 10863
4507 9737
4151 14264
89 109
6739 14862
123 131
3093 8162
9040 18742
7463 18598
466 7796
9626 18999
3487 18038
5865 18363
1445 3611
1696 12505
2055 7173
8116 17360
8530 11565
482 1363
7519 18555
3623 4011
3294 10168
11937 16994
9140 9192
1707 3190
1918 3688
4375 10125
5978 15559
69 4622
12496 16870
1230 7015
1496 2379
9752 17082
1199 15872
6964 10487
812 4415
5282 5981
13726 14259
5852 14768
5226 14512
2 31
6103 8028
405 1366
1319 4580
7377 9590
12482 14659
6899 19885
1155 9270
1815 11727
11687 11761
1133 1231
5048 5971
10304 14853
17298 19644
8385 8505
103 6888
847 16595
1155 6826
204 4393
4263 8022
1871 8800
1333 18409
2077 6219
1564 9289
4602 17991
1976 9563
2143 2249
278 7311
504 6470
146 2408
5916 6047
3095 19125
12967 18986
8504 9628
3555 5849
1213 4684
2826 3764
1785 4096
3709 4316
3568 17430
11003 15142
7401 19604
2040 7414
338 16844
532 14710
1562 10326
6421 7054
2111 4792
13119 15650
193 4399
3770 7089
4558 11700
1749 9049
5054 5394
13255 19069
10820 18816
12547 13163
5032 19046
3513 10440
4815 19824
5786 13178
5075 19256
1259 13289
4820 6522
12239 19924
11210 12575
4365 9568
534 8359
999 13803
1614 5152
604 1256
507 671
587 1575
871 11000
4324 17177
311 759
9640 17439
3707 4992
1100 10283
2437 4720
1891 6667
3667 13925
6877 17148
4572 9171
8527 15120
11726 12031
76 340
6048 14891
4421 19927
3030 18369
5151 5618
7092 11629
3229 15109
17284 18822
4197 9903
2202 15497
3607 13445
3071 6859
1729 18994
7840 19496
5199 7598
4108 8084
4765 8704
173 303
1847 13422
1030 5330
7004 18901
2683 15124
11575 12832
8552 9287
116 10210
1127 1958
7465 12914
38 41
5314 13401
3295 14644
5275 5601
4101 5590
5798 18481
548 1176
2036 8722
13598 19431
6333 6744
3286 6446
6385 10646
1197 3409
895 17271
6174 19734
5508 12114
5629 10448
12293 17764
11755 13358
3716 11994
89 2191
483 881
4837 15376
4902 16685
8706 9241
8075 14462
880 15875
5556 14799
3378 9601
1453 2695
6538 8902
2013 15061
7024 7872
1275 4174
3913 8786
7732 13750
4595 6941
2165 2880
3461 12018
6287 11534
5033 6207
276 664
12635 13663
1788 2449
470 2399
3173 4096
3613 5157
1075 2204
11781 11807
6970 7179
2011 8938
462 1184
11643 14912
9077 12087
1061 6117
2826 18652
3635 6926
6610 7819
15200 16542
1538 11223
679 4971
5364 6621
152 18972
4196 5208
109 1229
10436 19212
7323 17835
2978 12249
8239 18734
2046 2641
241 651
710 8160
789 3066
11129 13022
5777 9559
2586 14900
9195 10862
2119 15805
3442 6776
1485 13984
5 51
1104 4755
5524 10400
4823 16843
105 11426
66 4202
3743 3763
2022 4034
9081 10951
481 4832
7078 13416
10628 17193
11234 15630
18463 19721
10978 12352
3491 7008
10 244
3637 8005
9043 18242
27 41
6158 18658
546 1896
3612 14410
859 2162
2596 8988
20 4550
1867 4458
2914 4881
297 4767
11369 12615
7884 19610
12930 19374
501 7618
532 10294
15929 18474
12108 17630
3062 11451
5983 13452
1883 8997
2116 6856
4981 5247
799 5022
2982 11857
7964 14418
15520 15594
8280 17272
4209 9054
976 18282
6116 13841
3881 18209
8884 18911
9119 17639
2617 4144
1466 6099
14544 16064
7189 8162
10383 18854
7299 9359
4808 9392
706 2840
569 7915
534 2033
905 14977
471 3006
1541 7372
583 1021
7441 9917
19946 19950
3966 8521
3730 12690
2040 17371
1128 7078
6311 7237
1653 5309
11737 12997
4859 5004
462 996
10671 11592
2005 3160
4254 6592
1249 2095
5913 15027
3468 15358
346 1761
7955 12152
14358 17211
8765 17391
7068 17249
10671 13469
6829 8177
13228 17122
5288 7708
1260 5891
5354 6693
2836 3485
6748 9728
486 786
6978 7811
6727 8282
5640 18909
11982 14404
910 3497
8352 12621
51 190
9096 10815
1008 2255
877 6870
11809 18667
1288 1947
93 2651
8456 15581
2869 16365
838 4399
9587 15564
15508 19579
10329 19689
4501 9320
9690 13562
2748 17374
2436 8664
9805 19240
899 8898
16245 18237
5936 10327
10885 14149
12398 18678
2151 10827
1567 2088
12800 13233
2303 7696
33 4313
178 5916
4114 18203
2463 2993
7571 16024
9453 17119
4123 7117
46 1558
1019 2064
14359 15780
9766 15824
4842 8170
3637 8333
6352 8752
4292 5112
5549 10978
13299 15208
7208 11018
11740 14661
12781 14662
1562 9962
6240 15670
892 1527
3457 11934
5308 16511
7509 7889
5947 18043
1404 7122
4106 12875
473 10983
588 9870
7031 16961
667 15046
2413 7321
8514 14975
1485 4047
10558 14569
14626 15050
1175 7779
5076 9327
482 13941
6754 15903
177 1346
10 12129
3104 5582
125 5037
865 5769
6293 16687
9987 17884
4694 6296
1366 9123
912 3859
645 6712
1849 3227
742 3880
6651 6796
9018 9647
10364 11669
5844 8779
48 2430
7952 8581
4472 5505
1236 1856
139 203
1372 5831
503 687
3462 7820
693 9490
687 723
7241 17777
7163 15200
14870 19995
7137 15196
7618 12228
4571 9374
7716 9811
11824 11858
2410 3463
243 3758
5680 16446
14913 14941
12333 13909
6478 10491
1800 8703
1600 13342
2754 4964
2703 6329
1337 2799
8117 16128
892 6753
10550 19194
2998 9167
1084 18297
1219 10786
5926 17023
11574 14050
6933 9821
5169 18839
8569 11516
1411 15525
549 6648
9787 13716
562 4892
3911 7001
4075 11030
1704 2643
581 3236
100 11769
4377 8252
111 1726
7468 19898
6408 7064
5056 12213
12348 13204
2832 14403
2797 4895
8170 11987
1697 4441
4837 16799
5494 19201
3443 6063
234 473
8764 19056
16915 17221
18111 19103
2471 4642
1642 4807
292 597
17448 19589
2663 12436
11255 15447
4759 6743
524 951
2677 3756
8947 10211
2348 3248
2221 3051
277 809
6654 14622
8961 14339
376 587
814 1768
3418 4891
1516 7417
3184 3478
147 503
8135 15349
6871 7311
5903 12561
2914 9317
164 2369
706 11812
6154 16149
12968 18037
632 4634
22 165
12073 18464
2017 2333
12468 19754
12211 17145
2160 3025
12359 15133
7411 16494
3449 14112
12798 17544
3774 4486
881 6494
1234 3520
1629 19651
2814 3577
15563 19289
13816 15808
664 1300
203 5812
436 448
7782 12633
10017 12921
9138 15026
10801 11267
206 1539
3 3788
6146 13688
9171 12482
74 2546
3783 13990
1277 3762
3726 4812
3823 4678
331 683
2980 5553
11705 14204
3934 12066
352 2626
432 1319
364 3474
4674 6766
10864 19939
179 4498
6851 11284
2094 3454
2087 5906
1495 11003
5601 8773
1803 2843
7442 19778
5940 11814
4457 8910
1393 6628
9426 16616
2132 9410
2336 8048
4489 15520
9654 14709
3164 6443
945 1075
251 11671
2402 8610
3186 17623
381 15005
4819 5304
8562 10018
764 1578
1299 1856
16208 18791
1461 2122
8918 12812
1791 3392
2163 5118
18007 18688
14795 18080
13057 16348
8366 14869
595 635
3271 5077
13368 18523
12982 13895
1655 16245
15577 19419
291 19043
598 1744
8084 9744
4604 6595
5222 10700
1490 14145
1319 5211
13312 18609
921 1579
2090 4343
3186 3819
4234 7960
9947 12179
697 6042
1187 1691
15411 15978
4222 10499
3211 13140
1461 13768
4387 11239
4363 10830
168 5874
11458 15345
1600 15973
1027 1137
9177 15451
2194 3274
5271 5425
94 1016
7093 7660
2434 3201
4842 12065
3610 5730
571 4617
1670 3621
546 13235
13379 19366
2356 9084
2306 16153
2565 2902
8188 19565
1987 10854
12220 17683
2930 10118
103 1924
11829 14926
856 2401
524 2714
2332 12500
486 750
3174 12431
7843 9270
7204 17788
2788 2887
1011 16257
5593 12870
5736 6672
16903 18677
3632 13850
2607 3592
2465 19100
1645 2003
9464 18723
1170 18097
11960 14821
311 5622
4770 15454
143 2167
3963 6431
16722 18503
174 4636
2309 19540
5491 6373
14574 19158
8169 11169
3413 9628
305 2478
269 14704
1953 5034
873 6463
208 3049
4686 14611
183 1078
4480 8820
4285 14415
7603 18517
13101 15919
4221 16954
886 5860
7955 11843
1814 4356
438 6294
13465 19969
1183 2363
13979 16821
606 1377
1508 5719
2874 5747
17464 19823
13816 17436
627 6091
10123 16923
2955 16725
5459 8045
7664 19405
10847 19287
10935 17928
457 11251
9588 14988
7018 17491
557 677
8865 9662
6290 9095
6108 8151
6126 7835
170 1018
7883 8137
7795 7842
9854 15639
3955 8247
3923 9584
15403 17922
3852 10914
1875 11525
15541 15909
11300 19807
7905 18252
845 7620
10645 18311
4269 8713
7048 9554
121 5422
1198 1980
865 6746
4654 10910
9752 12888
3144 9057
14138 16971
2438 6950
9512 14285
1418 14867
9038 9905
2734 11797
11140 12288
1467 2357
3262 5259
5705 7971
2861 3486
7674 13162
9898 10806
467 7933
6969 11354
9686 10401
12693 13477
2584 3275
17 35
3934 12264
1957 13351
14616 17903
14259 17940
663 13766
3042 14629
3614 18375
2547 4103
1408 8649
1622 16351
1333 11407
5870 6182
453 13967
6938 7702
1697 9669
1467 18130
889 2740
8278 14177
1238 2828
4241 13181
4901 11810
1098 1270
3290 7346
1744 5909
7645 8159
17666 19486
2330 7525
3842 4166
2377 4895
734 9627
1148 7478
3386 14674
220 1761
8267 9865
1002 1799
6603 19752
3076 7473
7027 8192
8543 12622
12175 19171
11141 17665
6352 16540
2977 8238
2188 18853
4368 11145
206 1153
11090 11632
1844 18949
1909 6481
5458 5889
8461 18351
5727 11238
16195 19554
719 1921
2283 8994
1443 5914
6627 16957
865 1393
2461 6492
1428 1757
14803 18897
148 318
5548 19996
6786 7203
4370 14779
1987 3459
14228 17612
4267 5570
6501 7545
114 3110
4864 12157
131 5457
8383 10009
1915 10946
2059 5162
3688 18097
5081 5171
427 966
12759 16810
9019 12579
4258 6442
197 12043
4077 10372
3625 12841
1156 7879
525 10621
13804 15250
7544 12828
14945 19493
3309 18817
1021 2545
515 1242
1214 2514
7031 13743
552 4426
397 1124
3158 8270
9785 10871
157 13648
12052 19629
327 2711
505 10976
10317 12913
2701 8106
173 2771
11057 12267
17423 18199
152 493
2657 3950
5933 7030
4266 16893
6881 8936
4018 12551
8490 18500
4261 12611
2497 4669
8865 10079
7662 18836
202 1213
4708 12152
658 3356
1382 15380
530 19850
2148 7184
59 9392
9772 15394
5013 18446
6473 14797
459 1764
3609 9700
519 3722
13087 19133
8953 14079
4292 9751
7643 13135
26 3880
11266 18629
2568 3423
3725 16865
12832 18981
681 6092
2642 2726
2151 10132
902 4457
1280 6916
5592 8922
8287 11261
8165 16028
9427 14106
3598 7904
36 691
8207 12996
5954 13441
632 909
3703 5951
9362 19369
1049 7235
9417 11044
561 748
4042 10718
11113 14737
4479 10356
1018 1023
1210 4744
9194 10497
212 331
1809 7760
191 2237
6034 19038
8252 17706
2979 6015
933 18629
1826 4705
2497 4509
4300 9097
8167 17946
17607 19538
11658 16836
5958 8949
3306 17134
3798 5844
103 5920
794 1935
4374 8949
74 3698
2322 6866
3476 15978
6850 19637
3 55
10892 15946
1288 2083
14198 18973
1082 2339
2643 18461
2306 4138
2789 16878
6192 7144
3332 18030
6669 8673
11828 15520
1004 9989
389 737
4361 6622
8177 9878
9525 9865
5793 11598
620 6748
8492 12802
1522 6975
796 4348
5020 14455
6290 12116
2633 5627
2552 2790
9474 18910
5191 6377
11370 14606
3885 12570
11291 15327
626 10436
855 12442
105 106
67 426
17655 19467
3649 10767
11922 18537
3945 7848
4143 8033
2654 4507
1698 1755
885 3069
133 1476
12580 18628
14188 15992
11817 13000
2456 8791
6563 19432
3130 19095
5287 9769
6265 11742
2672 6893
3584 8745
2083 9243
5101 10664
5038 18072
649 3785
867 13009
1205 1345
1747 13363
12791 17310
1534 10319
6214 14424
13877 17377
4688 13981
6413 15653
6877 15682
2898 13192
1905 10300
595 7421
11479 19000
10574 18023
19018 19755
7903 8374
1319 10255
7068 18846
2440 3880
4912 6573
9902 10984
5794 11401
8580 10309
6452 8370
71 438
1596 7789
780 14626
7829 18899
14256 17308
3286 10754
15754 19910
6677 7283
14842 18887
12741 19767
9034 17274
4723 9936
5593 17979
5820 8865
7584 12744
15936 16176
7796 16599
7915 15155
2647 6956
5692 7523
2202 4974
12428 19719
11898 19523
8408 14958
8038 14693
10321 16828
7599 7756
695 943
3084 3275
837 3022
6506 15724
5116 16740
12447 17224
3280 13811
2854 4392
535 11854
3234 3347
3637 15869
1082 3960
10296 14443
8595 14747
9027 19851
12015 17962
11364 16139
652 2044
5715 15653
7419 8342
7803 11075
12704 16409
4131 9309
2418 2510
0 686
14105 15827
4897 16238
1106 4691
1553 9497
15087 17112
1397 15246
2821 3975
149 1423
12824 17050
6408 16425
17740 17992
5312 13122
1580 6332
2654 4606
320 4854
3893 13270
3613 9884
10912 11384
9121 10606
5288 7085
1957 4748
4983 9161
5850 8744
2470 15738
2495 5551
12468 12512
2103 7737
13288 15147
6405 7909
4261 19350
7695 8256
14349 17746
2647 13897
4770 7239
3147 19773
1512 11002
12596 18586
2610 5599
10850 13379
13595 18398
1735 7787
8095 11313
9472 19464
6313 15554
7139 11355
450 4700
6796 7075
6901 17483
11 356
1772 6455
5984 13217
3502 17445
2411 10928
16341 17892
83 106
8533 11274
283 12546
4636 12091
7656 11904
4780 12132
11957 19216
307 6651
6779 7120
1179 2450
1296 12628
290 1174
1193 7363
1096 2263
5837 17704
7282 13774
663 2342
12147 16313
2436 7063
1200 4185
4062 11132
690 814
14342 14613
15212 19811
8435 12159
2713 14994
10825 13087
3277 4581
15596 18476
3166 17115
907 1655
2273 11863
7413 10549
2390 6531
12961 19023
165 1464
1467 12164
15707 17025
1782 14675
7819 11204
7040 15850
10952 13054
8646 14893
1174 2197
6417 6910
499 15842
1664 2051
1277 4745
2451 13316
5823 10083
2951 7942
172 1578
2421 12872
2499 7184
4995 13618
11178 13345
5054 6133
1668 6703
8024 18515
9831 17853
2652 3388
4474 6166
1214 1390
7274 7574
15540 16451
3076 6237
14717 16109
868 7883
5879 14201
4557 9192
9601 9638
9205 13244
2221 2684
1249 14589
11087 18397
1391 10590
4962 15725
8975 13465
7586 16055
3857 5321
757 14985
18 7771
5504 6672
128 900
12268 16826
663 1999
2951 3391
2976 7828
8172 19718
7006 17364
2250 7034
371 5234
7035 7234
8314 9728
3855 6074
12064 14853
4478 6761
1307 7647
10956 13064
1285 1904
1851 18021
9450 13611
6363 7934
1479 3775
3332 11050
1529 16882
521 17447
9028 16791
10926 11296
2702 16886
713 986
408 1751
393 8869
12017 14663
9264 16123
2479 18444
571 5908
11264 16011
9478 13759
1191 17058
1722 6260
3002 13213
7307 11863
1721 4758
5267 6010
9855 14308
1396 6427
15599 18145
5719 8790
48 3205
11453 14328
153 8143
7067 15737
2273 4330
3590 17211
12261 16372
1362 8283
3444 3979
3163 4685
548 6519
8357 8907
246 334
17248 19290
4 710
441 1312
12290 13806
276 10719
5962 10484
1290 2334
1771 2884
3766 9539
1938 2285
3222 13122
5043 17554
1380 1814
10331 15071
3930 10873
9011 9458
17160 17327
2365 7510
7552 7712
10710 16951
4518 15769
3458 7938
3321 5954
4195 14861
12926 12979
3526 19860
3478 9416
1745 5576
17617 18440
6711 11645
4729 15495
60 261
8938 17516
1527 15790
3002 10888
3731 16175
4644 12096
7782 11855
1643 2292
8211 15167
11344 13444
3403 8949
5092 5584
2590 4013
2611 4832
16510 19681
3980 17367
7335 7595
2252 5476
75 128
2636 3190
12344 16072
17084 17741
3202 10643
5017 5664
516 4330
16583 17188
9601 17815
1959 5767
3855 5692
5486 17624
3650 4947
501 6801
15426 18424
4321 4772
1757 2574
4410 17137
753 15061
2252 7276
890 1251
