118 8
1 5 12 14 15 16 21 27 28 34 37 40 41 46 49 51 53 63 66 68 87 89 97 104 105 106 108 110 112 0
3 4 7 12 13 14 17 19 22 24 28 29 33 41 44 52 54 59 63 67 70 74 77 78 89 93 98 109 110 117 118 0
2 3 7 14 15 17 18 24 25 35 36 40 41 45 47 48 49 50 59 61 62 70 74 78 86 90 93 95 96 97 99 104 108 109 110 114 115 118 0
2 4 7 9 10 12 15 17 27 28 30 31 37 41 43 45 49 55 58 60 70 77 82 83 90 92 94 99 109 115 118 0
1 7 9 13 15 24 25 26 34 35 37 38 44 46 57 67 68 77 85 86 96 100 105 107 111 112 117 0
11 20 31 34 35 41 42 44 45 48 51 53 56 57 60 66 71 75 81 82 85 93 104 109 0
2 3 4 5 11 14 15 21 28 29 42 50 51 61 62 70 71 74 75 80 81 83 84 86 88 89 91 93 94 101 108 109 112 113 0
8 10 14 19 20 23 26 29 30 32 39 40 44 47 48 53 57 62 69 70 72 78 82 85 86 90 106 107 108 114 0
4 5 10 17 19 21 26 31 33 38 41 42 43 44 52 54 56 67 69 76 79 81 86 89 90 93 95 107 111 0
4 8 9 10 11 12 14 17 21 22 23 27 28 37 38 39 43 44 48 50 51 52 62 63 70 81 89 92 97 99 103 105 108 109 110 111 115 117 0
6 7 10 11 12 13 15 19 21 25 32 34 39 51 55 62 69 70 72 74 75 76 85 88 103 106 109 116 0
1 2 4 10 11 17 21 23 31 37 38 40 43 51 52 53 59 63 65 75 78 80 81 82 83 86 87 93 97 103 107 111 113 115 117 118 0
2 5 11 14 22 28 31 37 40 50 58 68 69 82 87 88 90 98 107 108 113 114 0
1 2 3 7 8 10 13 22 23 31 41 42 46 59 60 61 66 72 76 77 81 82 91 93 96 0
1 3 4 5 7 11 25 29 44 56 58 61 64 66 68 70 87 91 92 94 95 100 105 107 111 114 0
1 20 21 26 33 36 37 43 44 49 51 56 67 69 72 78 79 86 98 99 106 112 114 116 0
2 3 4 9 10 12 22 25 30 34 36 40 42 53 54 59 63 64 67 68 74 76 81 86 90 104 106 110 113 114 0
3 18 19 29 30 33 36 38 41 44 46 48 57 58 59 61 65 66 70 71 73 78 80 83 97 100 102 104 110 111 115 0
2 8 9 11 18 22 23 28 29 45 50 54 57 59 69 83 84 87 94 95 102 107 113 114 117 0
6 8 16 23 24 33 34 35 47 50 55 62 63 74 75 80 81 83 94 99 106 108 111 113 0
1 7 9 10 11 12 16 26 31 39 41 49 53 60 61 69 72 74 78 79 80 91 93 100 105 106 107 108 109 110 117 0
2 10 13 14 17 19 22 28 30 36 40 41 42 45 46 47 62 72 73 74 76 77 86 88 94 98 100 103 105 111 112 117 118 0
8 10 12 14 19 20 23 24 25 27 37 40 58 59 60 66 67 70 72 73 75 77 78 80 89 90 91 92 94 98 99 103 104 108 110 0
2 3 5 20 23 25 27 28 32 35 41 42 47 48 55 58 65 66 70 72 80 83 85 88 89 93 95 98 101 104 0
3 5 11 15 17 23 24 26 29 30 37 41 42 45 56 57 60 61 64 65 66 70 71 72 73 82 87 94 109 111 117 0
5 8 9 16 21 25 26 27 40 47 51 52 62 66 67 68 71 75 80 82 89 90 92 95 96 101 103 106 112 114 117 0
1 4 10 23 24 26 29 35 45 47 49 52 53 54 68 69 72 77 81 86 92 98 111 112 0
1 2 4 7 10 13 19 22 24 28 29 39 46 59 61 65 74 77 78 79 83 85 92 96 98 102 105 106 110 113 114 115 117 118 0
2 7 8 15 18 19 25 27 28 29 47 54 55 57 65 76 85 103 104 110 117 0
4 8 17 18 22 25 45 48 57 62 63 64 70 71 79 82 83 85 89 97 99 100 107 110 0
4 6 9 12 13 14 21 33 34 45 50 51 54 56 59 64 66 68 76 78 83 84 89 91 97 101 105 113 114 115 0
8 11 24 36 37 40 41 46 54 57 58 65 72 74 79 89 96 104 105 108 111 0
2 9 16 18 20 31 38 41 48 49 53 57 59 60 65 66 73 78 80 81 84 87 89 99 103 116 0
1 5 6 11 17 20 31 38 42 44 46 47 52 55 66 72 77 80 81 82 87 89 90 99 100 102 103 112 116 0
3 5 6 20 24 27 35 40 45 46 52 53 54 57 63 65 72 77 80 82 90 92 100 108 0
3 16 17 18 22 32 36 37 53 54 59 71 81 89 96 104 108 109 112 115 0
1 4 5 10 12 13 16 23 25 32 36 38 40 42 46 47 51 52 55 58 59 69 73 77 80 84 89 91 100 104 109 110 114 115 116 118 0
5 9 10 12 18 33 34 37 38 40 42 49 58 70 72 73 78 79 80 99 103 106 116 0
8 10 11 21 28 39 45 50 55 64 68 69 81 92 96 107 115 116 117 0
1 3 8 12 13 17 22 23 26 32 35 37 38 43 44 46 53 56 57 58 60 67 69 71 73 76 80 81 91 92 97 100 106 108 114 0
1 2 3 4 6 9 14 18 21 22 24 25 32 33 42 45 50 54 55 57 58 59 60 63 68 71 77 78 80 82 85 91 102 109 114 0
6 7 9 14 17 22 24 25 34 37 38 41 42 45 46 48 55 56 59 71 81 82 90 93 95 97 105 107 110 112 118 0
4 9 10 12 16 40 44 56 57 65 70 71 74 78 87 91 94 96 100 101 102 111 114 0
2 5 6 8 9 10 15 16 18 34 40 43 51 53 54 59 63 66 69 71 72 81 82 84 88 90 93 97 101 103 106 112 115 0
3 4 6 19 22 25 27 30 31 35 39 41 42 52 56 58 68 73 80 83 84 107 108 111 114 115 0
1 5 14 18 22 28 32 34 35 37 40 42 46 55 58 61 62 72 74 90 91 97 98 100 108 113 115 0
3 8 20 22 24 26 27 29 34 37 53 54 56 57 60 68 71 80 90 91 96 97 101 102 106 108 111 116 117 0
3 6 8 10 18 24 30 33 42 49 54 56 58 69 72 76 77 78 79 80 81 86 87 91 92 95 103 104 105 107 110 111 115 0
1 3 4 16 21 27 33 38 48 53 55 57 60 62 63 72 73 74 75 80 85 92 94 95 97 99 106 107 110 115 0
3 7 10 13 19 20 31 39 41 50 51 54 55 62 64 66 69 73 75 76 77 90 91 112 116 0
1 6 7 10 11 12 16 26 31 37 44 50 53 67 68 71 72 74 75 77 80 83 85 92 94 96 97 100 117 0
2 9 10 12 26 27 34 35 37 45 55 69 74 76 87 88 91 92 95 98 0
1 6 8 12 17 21 27 33 35 36 40 44 47 49 51 55 56 58 62 64 69 70 76 79 82 83 84 87 91 100 101 102 107 113 0
2 9 17 19 27 29 31 32 35 36 41 44 47 48 50 55 64 65 72 73 82 85 86 89 93 96 100 103 105 108 110 111 113 118 0
4 11 20 24 29 34 37 39 41 42 46 49 50 52 53 54 56 59 60 68 80 87 88 89 95 97 102 106 108 109 115 0
6 9 15 16 25 31 40 42 43 45 47 48 53 55 61 62 65 77 80 86 91 93 98 101 102 107 110 112 113 0
5 6 8 18 19 25 29 30 32 33 35 40 41 43 47 49 59 66 67 69 76 77 79 80 84 87 90 94 99 101 102 105 109 110 113 118 0
4 13 15 18 23 24 32 37 38 40 41 45 46 48 53 60 73 76 77 80 91 94 97 103 105 108 113 117 0
2 3 12 14 17 18 19 23 28 31 33 36 37 41 42 44 55 57 59 61 68 74 78 81 90 103 108 110 111 112 0
4 6 14 21 23 25 33 40 41 47 49 55 58 60 65 75 80 82 98 100 102 106 112 114 118 0
3 7 14 15 18 21 25 28 46 56 59 62 64 66 73 82 83 86 87 88 89 95 100 104 105 106 107 108 111 114 115 116 118 0
3 7 8 10 11 20 22 26 30 46 49 50 53 56 61 65 77 83 93 97 102 103 108 117 0
1 2 10 12 17 20 30 35 41 44 49 63 75 79 86 87 103 108 111 118 0
15 17 25 30 31 39 50 53 54 61 64 71 73 76 80 82 89 91 92 99 101 103 113 0
12 18 24 25 28 29 32 33 35 43 54 56 60 62 66 71 72 74 80 90 94 98 102 105 107 108 109 111 112 113 0
1 6 14 15 18 23 24 25 26 31 33 34 44 50 57 61 65 77 78 80 82 85 86 93 95 96 109 114 117 118 0
2 5 9 16 17 23 26 40 51 57 69 73 82 84 87 93 94 100 103 105 106 107 108 112 0
1 5 13 15 17 26 27 31 39 41 45 47 51 55 59 71 83 84 88 90 91 94 96 99 106 107 108 114 115 116 0
8 9 11 13 16 19 21 27 37 39 40 44 48 50 52 53 57 67 79 87 89 93 94 98 103 104 110 112 0
2 3 4 7 8 10 11 15 18 23 24 25 30 38 43 53 70 71 73 75 77 84 88 90 97 101 106 111 0
6 7 18 25 26 30 36 40 41 42 43 44 47 51 64 65 68 70 74 76 78 86 95 101 107 111 0
8 11 14 16 21 22 23 24 25 27 32 34 35 38 44 46 48 49 51 54 65 76 77 82 88 90 91 93 99 100 109 115 116 117 0
18 22 23 25 33 37 38 40 45 49 50 54 58 61 64 67 70 74 76 79 84 86 88 93 95 112 0
2 3 7 11 17 20 21 22 28 32 43 46 49 51 52 59 65 71 73 78 79 84 87 90 92 95 99 101 104 105 110 114 115 118 0
6 7 11 12 20 23 26 49 50 51 60 63 70 77 82 85 91 93 95 96 108 113 114 0
9 11 14 17 22 29 31 40 48 50 52 53 57 58 64 71 72 73 77 79 81 84 85 87 94 96 99 100 101 110 111 117 0
2 4 5 14 22 23 27 28 34 35 37 41 48 50 51 56 57 58 62 66 70 72 75 76 78 86 100 101 102 107 110 115 117 0
2 3 8 12 16 18 21 23 28 31 33 38 41 43 48 59 66 71 74 77 82 83 85 93 97 102 105 112 113 116 117 0
9 16 21 28 30 32 38 48 53 57 63 69 73 74 76 80 84 85 88 89 90 91 93 94 97 101 105 108 0
7 12 18 20 21 23 24 26 33 34 35 37 38 40 41 45 47 48 49 51 55 56 57 58 60 64 65 66 79 80 91 92 96 99 104 106 107 111 118 0
6 7 9 10 12 14 17 20 27 33 34 36 39 40 42 44 48 59 76 84 87 88 90 93 96 99 101 103 104 105 108 109 110 112 0
4 6 8 12 13 14 25 26 30 34 35 41 42 44 53 54 60 61 64 66 67 72 75 78 85 89 90 92 99 102 108 109 113 0
4 7 12 18 19 20 24 28 30 31 45 51 53 61 62 68 78 84 88 92 93 98 105 108 113 0
7 19 31 33 37 44 45 53 57 67 68 70 73 74 76 79 81 83 84 85 87 89 91 103 108 110 112 114 118 0
5 6 8 11 24 28 29 30 41 49 51 54 66 75 76 78 79 82 84 89 93 96 105 108 113 115 116 0
3 5 7 8 9 12 16 17 22 27 48 54 56 61 63 66 71 73 77 88 89 93 102 107 109 110 112 114 117 0
1 12 13 15 19 25 33 34 43 48 52 53 55 57 61 63 67 69 74 76 81 84 93 94 95 99 106 108 110 0
7 11 13 22 24 44 52 55 61 68 70 72 73 79 81 83 86 90 98 99 100 113 114 117 0
1 2 7 9 10 23 24 26 30 31 32 33 34 36 37 54 55 61 64 69 79 82 84 85 86 89 90 93 95 96 100 101 104 114 116 118 0
3 4 8 9 13 17 23 26 34 35 42 44 46 47 50 57 59 65 68 70 72 74 79 81 82 88 89 92 97 98 105 111 0
7 14 15 21 23 31 37 40 41 43 46 47 48 50 52 53 56 58 64 68 72 75 79 80 84 103 109 0
4 10 15 23 26 27 28 35 39 40 48 49 51 52 64 74 80 82 83 90 94 95 98 103 114 118 0
2 3 6 7 9 12 14 21 24 42 44 54 56 62 66 67 69 72 73 75 78 79 81 83 85 86 87 89 94 104 105 108 109 112 114 115 117 0
4 7 15 19 20 22 23 25 43 49 51 57 58 65 67 68 69 76 79 87 92 93 100 104 106 113 115 117 0
3 9 15 19 24 26 42 48 49 52 55 61 66 71 73 74 75 87 89 92 97 104 0
3 5 14 26 28 32 36 39 43 47 51 54 66 68 75 76 80 81 85 89 97 103 104 108 110 111 112 115 0
1 3 10 12 18 30 31 40 42 44 46 47 49 51 55 58 62 70 78 79 90 95 96 98 105 107 108 110 116 0
2 13 16 22 23 24 27 28 46 52 56 60 65 69 83 88 90 92 97 100 102 103 106 117 118 0
3 4 10 16 20 23 30 33 34 38 49 57 64 68 72 74 76 80 81 82 87 88 109 110 0
5 15 18 21 22 30 34 35 37 40 43 46 51 53 54 60 61 67 72 76 77 88 89 94 98 103 114 0
7 24 26 31 43 44 47 53 56 57 64 70 71 74 76 77 79 81 89 102 103 109 111 112 116 118 0
18 19 28 34 41 43 47 53 55 56 57 60 62 65 77 78 82 86 98 101 103 106 111 117 0
10 11 12 22 23 26 29 33 34 38 44 48 54 58 59 62 63 64 67 69 81 84 91 92 96 98 100 101 102 110 112 118 0
1 3 6 17 18 23 24 29 32 36 37 48 61 69 74 80 81 89 93 94 95 96 110 117 118 0
1 5 10 15 21 22 28 31 32 42 48 54 57 58 61 65 67 74 78 79 81 83 85 90 93 97 109 110 111 112 115 118 0
1 8 11 16 17 20 21 26 28 38 40 44 47 49 55 60 61 67 68 70 80 87 94 98 102 109 112 113 116 0
5 8 9 12 13 15 19 21 30 39 42 45 48 49 53 56 61 65 67 68 71 77 80 86 97 107 113 115 118 0
1 3 7 8 10 13 20 21 23 32 35 36 40 45 46 47 54 55 58 59 61 62 63 65 67 68 75 79 81 82 83 84 85 87 93 96 97 108 109 110 111 114 117 0
2 3 4 6 7 10 11 21 25 36 37 41 55 57 65 66 72 81 82 86 91 93 99 101 105 106 108 113 114 115 0
1 2 3 10 17 18 21 23 28 29 30 37 42 48 49 54 56 57 59 69 74 76 77 81 84 86 87 96 97 99 103 104 105 108 113 117 118 0
5 9 10 12 15 18 20 22 25 27 32 43 45 47 48 54 59 61 63 65 70 71 76 80 90 96 101 102 105 108 111 113 116 0
1 5 7 16 22 26 27 34 36 42 44 50 56 59 60 65 67 69 73 78 81 84 86 93 96 101 103 105 106 118 0
7 12 13 17 19 20 28 31 46 53 54 56 57 58 64 65 75 78 82 83 85 88 94 106 107 109 110 111 118 0
3 8 13 15 16 17 19 26 28 31 37 40 41 43 45 60 61 66 68 74 75 84 86 88 89 92 93 100 108 109 114 115 0
3 4 10 12 18 28 31 36 37 39 44 45 46 48 49 55 61 68 72 74 77 85 93 94 96 105 107 109 114 118 0
11 16 33 34 37 38 39 47 50 61 68 72 78 85 89 97 101 106 111 0
2 5 10 12 19 21 22 25 26 28 29 39 47 51 58 62 66 72 76 77 78 86 88 93 94 98 102 104 108 110 0
2 3 4 12 22 28 37 42 54 57 60 61 63 66 74 80 84 89 92 98 101 103 104 105 107 110 112 113 115 118 0
