39 5
1 2 4 6 9 10 11 14 15 16 17 20 22 23 26 32 36 0
1 2 3 4 7 11 12 15 19 20 22 30 31 32 37 39 0
2 3 8 9 13 14 18 19 21 30 39 0
1 2 4 5 9 20 21 26 27 35 37 0
4 5 6 9 11 17 18 20 24 32 38 0
1 5 12 13 17 21 23 31 33 35 36 37 0
2 7 13 14 15 16 18 28 34 37 0
3 11 15 16 29 34 0
1 3 4 5 10 21 23 24 27 28 29 35 36 0
1 9 13 21 22 25 26 27 29 32 34 39 0
1 2 5 8 17 20 26 30 39 0
2 6 12 13 14 17 27 30 33 35 0
3 6 7 10 12 13 15 23 35 36 0
1 3 7 12 19 29 30 31 36 38 0
1 2 7 8 13 18 26 0
1 7 8 16 18 21 24 26 27 30 39 0
1 5 6 11 12 0
3 5 7 15 16 18 21 23 24 0
2 3 14 22 30 33 36 38 0
1 2 4 5 11 21 26 28 29 35 39 0
3 4 6 9 10 16 18 20 22 26 27 28 33 34 35 0
1 2 10 19 21 24 36 38 0
1 6 9 13 18 28 35 0
5 9 16 18 22 24 29 31 36 38 0
10 26 28 29 37 39 0
1 4 10 11 15 16 20 21 25 34 37 0
4 9 10 12 16 21 27 31 35 0
7 9 20 21 23 25 31 32 0
8 9 10 14 20 24 25 29 35 36 0
2 3 11 12 14 16 19 30 35 37 39 0
2 6 14 24 27 28 32 34 37 38 0
1 2 5 10 28 31 33 34 0
6 12 19 21 32 0
7 8 10 21 26 31 32 0
4 6 9 12 13 20 21 23 27 29 30 38 0
1 6 9 13 14 19 22 24 29 38 0
2 4 6 7 25 26 30 31 0
5 14 19 22 24 31 35 36 0
2 3 10 11 16 20 25 30 0
