123 70
7 8 15 19 22 28 32 35 37 40 41 42 46 49 50 60 64 65 68 70 75 76 77 79 81 82 83 84 86 91 94 105 108 110 120 0
4 7 11 19 20 26 28 30 32 33 36 37 45 51 57 63 68 75 78 79 82 83 84 87 91 93 104 109 111 114 118 120 0
4 6 8 17 21 25 40 41 43 47 50 51 54 56 57 58 62 63 67 68 79 93 94 100 102 105 110 0
2 3 17 26 27 28 29 40 43 48 49 50 51 56 59 69 72 78 80 86 87 89 91 94 95 98 101 112 114 116 0
7 9 10 15 19 22 24 25 28 29 31 34 35 37 39 40 41 47 51 53 55 56 59 66 75 85 87 88 94 100 101 108 109 115 116 0
3 6 9 11 12 13 19 20 25 30 44 52 53 56 57 64 67 78 84 91 93 101 113 121 0
1 2 5 7 8 12 17 24 26 27 30 40 46 47 62 63 71 76 77 79 80 81 86 92 103 104 108 0
1 3 7 8 10 12 13 14 15 19 23 25 28 33 35 37 38 40 59 64 67 69 71 82 88 92 94 98 100 106 111 0
5 6 10 12 13 15 20 22 25 26 27 33 36 38 40 43 47 54 62 73 74 77 84 86 92 94 95 96 102 105 108 110 114 118 121 0
5 8 9 10 13 16 22 30 35 38 44 49 53 55 57 58 60 66 69 76 80 83 87 94 95 104 105 106 108 113 118 119 0
2 6 16 18 19 21 26 27 34 35 38 41 44 47 56 59 62 63 67 68 70 77 81 93 94 97 107 108 109 112 114 115 117 118 120 122 0
6 7 8 9 19 30 33 35 36 40 43 47 48 53 61 63 65 67 68 71 72 79 81 83 86 87 92 93 102 103 104 105 107 108 109 111 115 116 117 118 121 0
6 8 9 10 17 23 26 28 33 37 44 45 49 52 64 73 80 83 88 92 99 102 105 109 111 114 118 120 121 122 123 0
8 16 17 19 21 22 23 32 35 40 46 47 48 49 54 55 60 62 68 71 73 80 99 101 106 109 118 0
1 5 8 9 16 24 26 29 34 36 42 43 52 54 55 56 57 62 63 72 73 77 87 90 98 105 112 114 119 121 0
10 11 14 15 23 24 25 26 38 39 44 52 56 57 58 59 76 78 80 81 86 87 96 100 102 117 118 0
3 4 7 13 14 29 31 37 42 46 47 48 65 70 76 79 84 87 88 93 99 105 106 108 109 116 119 0
11 18 24 34 35 38 40 43 51 54 57 62 64 69 71 75 85 88 101 104 105 106 108 109 117 121 122 0
1 2 5 6 8 11 12 14 26 39 41 42 43 48 51 59 66 68 73 78 80 81 91 93 100 104 105 110 111 117 122 123 0
2 6 9 20 21 24 26 30 39 50 52 55 63 64 66 67 69 72 75 76 97 100 106 107 110 115 0
3 11 14 20 21 28 42 43 45 48 55 58 59 60 70 77 84 85 91 95 98 112 120 0
1 5 9 10 14 22 27 32 34 37 38 42 44 51 53 55 64 65 66 67 78 79 81 83 85 86 88 98 101 102 106 113 120 0
8 13 14 16 24 29 34 35 36 37 44 46 49 50 51 52 53 54 57 60 65 66 68 73 75 78 80 81 83 86 88 98 101 109 111 115 118 121 0
5 7 15 16 18 20 23 24 30 33 36 39 40 43 45 47 49 52 59 60 61 62 68 74 79 81 93 98 101 105 107 110 112 114 0
3 5 6 8 9 16 27 33 34 35 42 43 48 51 64 65 70 72 73 78 80 83 86 93 94 97 104 110 118 119 0
2 4 7 9 11 13 15 16 19 20 26 30 32 33 36 40 45 50 51 55 56 60 62 70 75 79 80 82 83 88 100 111 115 116 117 118 121 0
4 7 9 11 22 25 27 28 30 31 34 35 36 38 43 46 48 49 52 55 58 60 69 70 76 79 83 88 93 96 97 105 109 113 115 0
1 2 4 5 8 13 21 27 28 29 30 32 37 41 45 51 52 62 64 65 69 70 71 76 78 79 87 89 90 95 96 97 105 108 114 115 116 117 120 121 123 0
4 5 15 17 23 28 39 41 45 46 49 52 59 60 61 64 68 72 74 75 79 83 86 89 94 100 101 105 111 113 116 0
2 6 7 10 12 20 24 26 27 28 36 37 42 43 53 59 63 77 79 80 81 89 99 100 101 105 108 110 118 120 0
5 17 27 35 36 37 48 49 56 57 62 65 69 70 72 75 84 86 87 92 97 99 101 102 105 106 108 109 110 114 0
1 2 14 22 26 28 36 38 41 42 45 47 51 54 55 58 67 69 71 74 75 86 91 101 105 108 111 115 117 118 0
2 8 9 12 13 24 25 26 36 37 41 43 51 53 56 57 61 70 72 75 82 85 87 96 97 102 113 122 0
5 11 15 18 22 23 25 27 40 43 46 57 93 101 103 105 107 109 110 113 114 0
1 5 8 10 11 12 14 18 23 25 27 31 35 36 42 45 49 50 55 56 57 59 63 64 74 79 88 98 108 112 121 0
2 9 12 15 23 24 26 27 30 31 32 33 35 36 43 45 50 56 69 70 73 81 83 84 86 87 92 95 106 115 116 117 121 122 123 0
1 2 5 8 13 17 22 23 28 30 31 33 42 43 52 56 62 82 85 86 92 98 99 103 106 109 113 115 119 0
8 9 10 11 16 18 22 27 32 38 40 41 44 48 55 65 69 72 76 78 85 86 91 100 101 103 110 115 0
5 16 19 20 24 29 45 52 67 68 74 75 77 80 84 85 89 100 111 116 120 123 0
1 3 4 5 7 8 9 12 14 18 24 26 34 38 41 46 55 57 64 74 78 79 80 84 90 91 92 97 98 99 101 102 103 104 105 106 107 108 0
1 3 5 11 19 28 29 32 33 38 40 52 53 54 55 57 59 65 67 73 81 88 105 106 109 111 116 118 123 0
1 15 17 19 21 22 25 30 32 35 37 51 52 60 65 69 79 81 83 84 91 94 96 109 115 117 118 121 0
3 4 9 12 15 18 19 21 24 25 27 30 33 34 36 37 61 62 68 71 76 86 87 89 90 100 108 109 110 113 114 120 121 0
6 10 11 13 16 22 23 38 46 53 56 57 66 70 74 76 78 79 90 92 93 98 99 100 104 106 108 109 113 120 123 0
2 13 21 24 26 28 29 32 35 36 39 48 57 63 74 76 77 80 82 86 87 93 100 103 105 112 0
1 7 14 17 23 27 29 34 40 44 52 57 64 65 71 78 88 102 103 104 105 106 108 112 114 115 118 0
3 5 7 9 11 12 14 17 24 32 50 52 56 72 73 80 83 84 86 89 94 95 96 97 104 105 111 112 113 114 120 0
4 12 14 17 19 21 25 27 31 38 45 51 52 60 65 68 69 74 82 84 85 88 93 100 106 107 108 112 113 115 117 0
1 4 10 13 14 23 24 27 29 31 35 50 61 70 78 79 85 89 90 93 100 101 102 103 105 117 121 0
1 3 4 20 23 26 35 36 47 49 55 59 61 62 63 70 76 83 85 90 91 93 96 98 101 106 109 110 111 115 122 0
2 3 4 5 18 19 22 23 25 26 28 32 33 42 48 51 52 67 76 77 79 84 85 88 92 97 100 101 102 104 106 108 119 120 123 0
6 13 15 16 20 23 24 27 28 29 37 39 41 42 46 47 48 51 52 53 54 55 59 62 85 89 90 95 98 103 107 113 114 115 117 120 0
5 6 10 12 22 23 30 33 41 44 52 54 68 70 77 84 87 90 99 103 104 112 114 115 118 120 0
3 9 14 15 18 23 32 41 52 53 62 67 68 70 73 75 90 93 96 108 113 122 0
5 10 14 15 20 21 22 26 27 32 35 38 40 41 50 52 58 67 71 75 76 78 80 81 83 85 88 90 100 101 112 115 122 0
3 4 5 6 11 15 16 26 31 33 35 36 37 44 47 56 57 58 60 62 70 72 75 76 79 85 89 91 93 95 104 107 108 110 112 118 0
2 3 6 10 15 16 18 23 31 33 34 35 40 41 44 45 46 56 58 59 60 62 66 67 69 78 80 81 84 99 102 104 107 118 0
3 10 16 21 27 32 55 56 57 61 65 66 67 74 78 79 80 86 87 95 96 97 99 101 105 109 118 120 0
4 5 8 11 16 19 21 24 29 30 35 41 50 52 57 60 65 66 67 72 79 83 85 91 97 99 108 113 114 121 0
1 10 14 21 23 24 26 27 29 42 48 56 57 59 61 65 76 80 87 88 95 100 103 105 107 108 112 122 0
12 24 29 33 43 49 50 58 60 61 64 75 78 85 87 91 92 93 94 95 96 97 101 109 115 117 122 0
3 7 9 11 14 15 18 24 26 28 31 37 43 50 52 54 56 57 63 66 67 69 77 79 82 83 87 92 96 102 103 108 118 119 123 0
2 3 7 11 12 15 20 30 35 45 50 62 65 70 75 76 83 85 86 96 98 100 101 103 104 105 108 111 113 116 119 0
1 6 8 13 18 20 22 25 28 29 35 40 46 61 65 67 75 80 81 89 95 98 105 112 115 118 119 123 0
1 12 17 22 23 25 28 31 38 41 42 46 48 58 59 60 63 64 72 76 82 92 95 96 97 104 108 0
5 10 19 20 22 23 44 57 58 59 62 73 76 83 84 86 87 88 93 94 102 103 109 115 116 118 119 122 123 0
3 6 8 11 12 20 22 32 39 41 51 54 55 57 58 59 62 64 71 74 77 81 82 83 88 98 103 104 114 117 119 121 0
1 2 3 11 12 14 19 23 24 29 39 43 48 53 54 71 72 76 77 79 80 81 85 86 91 93 100 107 111 113 114 119 0
4 8 10 18 20 27 28 31 32 36 38 42 48 57 62 75 78 89 94 99 101 109 118 121 0
1 11 17 21 25 26 27 28 31 33 36 44 49 50 53 54 56 63 74 77 79 81 82 87 88 89 96 99 101 107 109 112 115 123 0
7 8 12 14 18 28 32 43 46 55 67 68 71 77 79 80 83 88 92 93 95 96 97 100 102 105 108 112 114 118 0
4 12 15 20 25 29 31 33 38 47 56 59 65 68 78 79 82 83 94 102 106 108 117 119 0
9 13 14 15 19 23 25 36 41 47 54 66 74 78 80 96 99 101 105 110 111 112 120 122 0
9 24 29 32 35 39 40 44 45 48 58 67 70 73 86 90 95 96 101 108 109 112 117 119 121 122 0
1 2 5 18 20 23 26 29 31 32 33 39 54 55 56 61 63 64 69 76 77 80 81 85 88 93 95 96 103 107 108 112 113 0
1 7 10 16 17 20 27 28 38 43 44 45 50 51 55 56 60 63 65 66 68 75 76 79 81 88 92 93 94 96 98 101 117 118 0
1 7 9 11 15 21 30 39 45 51 53 62 67 68 70 71 75 79 85 86 87 88 91 92 95 96 97 98 103 105 109 111 117 118 122 123 0
2 4 6 16 19 22 23 25 28 38 40 44 46 49 55 57 58 61 69 72 73 80 82 90 91 92 100 105 108 120 0
1 2 3 7 12 17 22 24 26 27 28 29 30 35 40 42 44 49 51 56 58 59 62 68 70 71 72 76 77 88 94 97 100 111 113 117 118 119 123 0
4 7 10 13 14 16 19 23 25 26 30 39 40 45 47 55 57 58 60 64 68 71 73 75 78 89 94 102 105 106 115 119 120 122 0
1 7 11 12 16 19 22 23 24 30 36 41 42 55 57 64 67 68 70 75 76 81 84 89 92 103 105 106 110 117 119 122 0
1 2 8 26 33 37 45 48 62 65 67 70 72 78 82 86 87 93 95 100 107 114 115 117 123 0
1 2 10 12 13 22 23 25 26 27 29 36 42 47 50 55 59 62 63 66 67 71 72 84 87 88 91 101 102 111 112 118 120 121 0
1 2 6 9 17 21 31 36 39 40 42 47 48 51 53 57 66 81 83 87 94 103 113 116 118 119 0
5 18 21 22 33 37 38 39 48 49 50 51 52 55 56 59 61 63 68 75 77 86 94 98 100 105 108 117 120 122 123 0
1 4 7 9 12 16 22 23 25 29 31 32 36 37 38 43 45 47 58 63 66 68 74 77 82 85 86 96 97 100 101 107 109 116 0
2 4 5 10 12 15 16 17 28 31 33 36 43 45 53 58 60 61 62 66 70 77 82 83 84 87 89 90 91 94 96 97 102 106 108 111 112 113 114 115 0
5 8 13 17 18 22 23 26 27 35 41 46 48 51 55 60 66 67 70 71 75 76 77 79 83 95 96 99 102 108 110 111 115 119 121 123 0
4 28 29 30 39 43 47 49 52 56 64 69 70 80 81 87 90 95 97 105 106 112 116 120 121 122 0
15 28 40 43 44 49 50 52 53 54 55 74 78 87 89 90 93 105 109 115 116 117 118 122 0
1 2 4 6 19 21 32 38 40 42 50 56 59 61 68 77 78 83 87 92 93 95 100 103 104 106 115 0
7 8 9 12 13 31 36 37 40 44 51 61 62 65 71 76 77 78 81 91 93 94 95 96 97 98 99 100 102 103 105 110 114 115 122 0
2 3 6 11 12 17 19 24 25 27 34 44 45 48 49 50 54 56 61 66 68 71 75 76 82 90 91 92 100 103 105 108 110 112 115 116 117 0
1 3 4 5 8 9 10 11 25 29 42 47 61 66 69 72 76 79 80 84 85 87 92 95 98 100 104 116 119 120 121 0
4 9 10 21 28 36 47 52 56 58 60 61 64 65 71 74 75 77 82 88 89 91 92 94 96 103 108 111 114 120 0
9 16 27 28 33 42 47 50 54 58 61 62 63 65 70 71 73 74 75 76 77 86 87 88 92 95 97 98 100 103 104 105 121 122 0
11 20 25 27 28 31 33 40 47 51 58 59 61 65 71 77 79 86 87 89 92 96 102 104 108 111 113 117 121 0
4 8 15 21 22 23 24 35 37 40 44 50 52 63 64 67 76 77 85 92 94 96 98 99 112 119 120 121 123 0
13 14 17 30 31 37 40 44 53 57 58 59 69 70 73 88 92 98 100 106 109 111 119 121 123 0
3 5 8 16 19 20 26 29 30 38 39 43 44 45 48 49 51 55 60 63 68 71 78 79 82 85 86 91 92 93 94 96 99 106 113 116 123 0
4 5 6 14 18 22 23 24 29 30 31 32 34 38 40 49 50 51 55 58 61 63 69 70 73 74 76 83 86 102 103 106 108 111 113 114 118 0
3 9 12 13 16 22 31 33 40 46 49 51 57 62 66 71 72 80 83 87 88 92 97 101 103 104 109 110 113 114 0
7 12 34 37 38 40 45 46 49 52 53 60 62 63 66 67 75 77 81 84 91 92 93 95 96 101 102 106 108 111 115 117 118 120 121 122 0
2 7 10 12 18 19 25 40 44 46 47 51 53 56 57 63 65 67 91 94 96 97 102 105 107 110 111 116 118 119 121 123 0
1 3 9 10 12 13 15 17 18 19 24 27 28 29 30 31 32 34 40 41 45 46 47 49 58 60 63 64 71 73 77 78 80 81 85 89 90 92 93 96 104 108 115 121 123 0
8 10 14 17 18 20 22 31 36 37 40 41 44 46 48 50 51 72 80 81 87 89 91 99 100 101 103 111 114 116 123 0
11 12 20 24 34 40 48 52 56 57 60 68 70 75 82 86 104 109 112 0
1 5 7 9 10 11 12 17 18 28 30 31 32 35 40 43 44 46 48 51 54 56 59 60 62 63 65 71 72 74 75 78 85 87 88 93 95 97 101 103 105 110 118 122 0
2 5 11 12 13 14 17 18 23 27 31 34 37 41 42 43 44 50 58 61 66 69 70 74 77 86 90 99 102 107 111 117 120 0
1 3 9 19 20 24 25 30 31 34 38 43 50 56 73 81 88 92 93 102 104 108 112 121 0
2 8 12 13 19 23 26 29 32 39 41 47 50 63 68 73 77 79 83 87 88 95 97 99 101 103 104 106 109 113 117 121 0
4 11 15 21 24 35 45 46 47 48 53 55 56 60 64 70 71 73 74 75 83 87 89 93 98 107 110 116 117 121 0
6 10 22 27 29 33 34 37 43 44 47 48 52 54 59 63 68 75 79 84 87 97 100 101 102 111 117 123 0
2 4 9 11 13 15 24 28 31 34 43 46 47 52 53 59 67 68 71 82 87 92 95 101 102 106 114 117 0
5 11 12 20 23 26 27 28 32 36 37 38 42 46 48 50 52 53 55 61 64 66 70 80 82 87 88 90 91 92 93 103 105 0
4 5 12 17 26 28 29 36 39 41 63 66 84 86 89 90 93 94 100 104 106 112 116 119 120 0
11 12 16 18 19 26 28 32 36 42 48 49 52 61 67 72 74 76 77 79 81 82 85 90 93 97 103 109 111 112 113 114 118 120 0
2 9 10 11 12 13 14 16 23 25 26 30 32 41 42 46 53 56 57 58 62 64 66 69 71 76 77 79 83 84 90 101 103 104 108 117 118 123 0
10 15 17 25 37 51 62 63 64 66 67 68 72 74 79 80 81 84 88 94 98 99 104 116 121 123 0
1 2 11 13 21 22 28 30 39 43 44 47 51 52 53 58 73 78 80 83 85 89 94 95 98 103 109 116 117 121 0
6 9 12 13 15 18 23 26 28 35 36 42 43 49 59 67 69 74 83 88 89 94 96 97 98 99 103 104 105 110 111 112 119 120 121 0
11 13 18 19 33 36 50 54 55 60 61 66 73 74 77 80 81 85 89 90 92 96 103 108 0
13 19 28 36 39 41 44 51 62 64 66 70 77 79 82 85 88 98 99 100 104 105 106 113 118 119 0
