79 65
1 8 10 13 19 21 24 30 31 33 38 39 41 51 58 60 61 66 67 68 70 78 0
7 16 20 22 28 30 32 34 38 39 42 48 51 52 58 60 62 68 71 79 0
4 5 12 27 29 36 39 45 47 74 75 76 79 0
3 4 10 12 14 19 28 31 41 42 53 55 58 64 69 71 78 0
3 5 10 17 23 27 28 29 30 32 33 34 44 45 46 48 65 73 74 0
8 11 21 22 23 25 29 30 33 42 48 52 60 75 0
2 12 15 37 39 40 45 46 47 49 51 55 58 60 62 63 65 67 74 75 0
1 6 10 17 21 24 31 39 40 42 44 46 47 59 61 62 63 68 69 78 79 0
12 13 22 24 30 34 37 41 49 50 54 62 65 69 77 0
1 4 5 8 11 17 19 20 29 30 33 48 50 51 54 62 63 74 78 0
6 10 11 17 26 28 38 41 45 52 54 56 59 62 65 67 74 0
3 4 7 9 13 24 30 35 37 38 39 40 42 44 50 59 60 67 68 71 72 77 0
1 9 12 21 24 30 32 33 34 36 37 40 41 47 50 51 55 58 59 65 66 69 70 74 0
4 18 19 25 26 30 31 38 40 41 43 44 46 49 50 51 54 58 60 62 65 66 68 73 79 0
7 18 19 21 23 38 39 41 47 49 52 54 59 63 68 72 75 0
2 16 17 19 29 31 33 34 36 38 40 46 48 49 67 69 72 73 74 78 0
5 8 10 11 16 18 20 28 31 32 34 36 37 45 46 50 51 55 58 64 67 77 79 0
14 15 17 20 22 24 39 40 48 56 66 69 77 0
1 4 10 14 15 16 23 26 38 39 46 47 51 60 67 75 0
2 10 17 18 21 23 34 40 51 54 56 57 74 75 76 79 0
1 6 8 13 15 20 29 32 39 40 41 51 52 54 56 62 74 76 77 79 0
2 6 9 18 24 25 28 34 41 48 50 54 57 61 62 63 65 70 75 79 0
5 6 15 19 20 29 36 40 44 47 49 51 54 56 58 60 61 62 64 73 78 0
1 8 9 12 13 18 22 26 33 34 51 53 54 57 64 66 67 69 78 0
6 14 22 27 29 33 34 35 36 37 38 39 44 45 46 52 54 58 61 71 75 77 79 0
11 14 19 24 34 36 37 39 42 44 49 62 63 65 75 0
3 5 25 29 31 36 39 47 52 53 54 59 73 75 0
2 4 5 11 17 22 30 31 34 38 41 44 48 49 51 52 55 56 66 69 70 72 73 76 0
3 5 6 10 16 21 23 25 27 31 34 42 45 46 47 54 68 72 75 76 79 0
1 2 5 6 9 10 12 13 14 28 31 38 39 44 48 50 53 57 62 67 0
1 4 8 14 16 17 27 28 29 30 37 40 50 55 60 0
2 5 13 17 21 36 41 42 51 54 56 63 64 66 69 72 73 0
1 5 6 10 13 16 24 25 33 42 48 55 59 63 67 72 79 0
2 5 9 13 16 17 20 22 24 25 26 28 29 42 44 47 58 67 71 72 74 76 0
12 25 35 38 43 46 61 62 64 74 75 0
3 13 16 17 23 25 26 27 32 37 38 45 46 52 53 54 56 67 68 69 70 76 78 0
7 9 12 13 17 25 26 31 36 39 41 49 57 62 67 68 77 0
1 2 11 12 14 15 16 19 25 28 30 35 36 38 40 41 42 50 53 57 66 68 69 71 73 75 77 0
1 2 3 7 8 12 15 18 19 21 25 26 27 30 37 39 45 50 52 56 61 62 63 66 69 71 73 77 0
7 8 12 13 14 16 18 20 21 23 31 38 44 46 49 54 55 56 72 75 0
1 4 9 11 13 14 15 21 22 28 32 37 38 44 48 53 56 58 66 68 71 74 76 77 79 0
2 4 6 8 12 26 29 32 33 34 38 47 50 52 63 69 73 78 0
14 35 49 69 75 78 0
5 8 12 14 23 25 26 28 30 34 40 41 49 51 59 61 67 68 75 76 0
3 5 7 11 17 25 29 36 39 46 48 49 60 61 63 70 78 79 0
5 7 8 14 16 17 19 25 29 35 36 40 45 47 51 52 55 67 68 73 76 78 0
3 7 8 13 15 19 23 27 29 34 42 46 54 57 60 63 64 67 73 75 0
2 5 6 10 16 18 22 28 30 33 41 45 52 57 58 59 60 65 66 69 70 72 78 0
7 9 14 15 16 23 26 28 37 40 43 44 45 52 54 57 61 65 67 68 75 77 0
9 10 12 13 14 17 22 30 31 38 39 42 53 63 64 67 72 75 0
1 2 7 10 13 14 17 19 20 21 23 24 28 32 44 46 51 60 61 62 63 64 66 68 0
2 6 11 15 21 25 27 28 36 39 42 46 48 49 54 55 56 68 69 75 79 0
4 24 27 30 36 38 41 50 57 61 63 69 0
9 10 11 14 15 20 21 22 23 24 25 27 29 32 36 40 47 49 52 60 72 73 76 79 0
4 7 13 17 28 31 33 40 46 52 62 70 73 74 76 0
11 18 20 21 23 28 32 36 39 40 41 52 57 64 66 69 76 78 0
20 22 24 30 37 38 47 48 49 53 56 59 62 66 77 79 0
1 2 4 7 13 14 17 23 25 34 41 48 62 63 72 79 0
8 11 12 13 15 27 33 44 48 57 60 61 63 64 66 68 72 74 0
1 2 6 7 12 14 19 23 31 45 47 48 51 54 59 65 67 69 70 71 0
1 8 22 23 25 35 39 44 45 49 51 53 59 63 64 69 71 73 76 77 0
2 7 8 9 10 11 14 21 22 23 26 30 35 37 39 51 55 57 58 67 68 72 74 77 0
7 8 10 15 22 26 32 33 39 42 45 47 50 51 53 58 59 61 78 0
4 17 23 24 32 35 47 50 51 56 59 61 65 67 68 0
5 7 9 11 13 14 22 26 48 49 60 64 69 70 71 76 0
1 13 14 18 24 28 32 38 39 41 48 51 56 57 59 66 71 75 0
1 7 11 12 16 17 19 24 30 33 34 36 37 44 46 47 49 50 60 62 64 68 69 70 75 76 78 0
1 2 8 12 14 15 29 36 37 38 41 44 46 49 51 52 59 62 64 67 69 76 0
4 8 9 13 16 18 24 28 32 36 38 39 42 43 48 52 53 56 60 61 65 67 68 72 0
1 13 22 28 36 45 48 55 60 65 67 72 73 74 0
2 4 12 25 34 38 39 41 60 61 65 66 77 78 0
12 15 16 28 29 32 33 34 40 48 50 54 58 59 62 69 70 76 0
5 14 16 23 27 28 32 38 39 42 46 47 54 55 61 70 76 0
3 5 7 10 11 13 16 20 21 34 35 41 55 59 62 70 75 78 0
3 6 7 15 19 20 22 25 26 27 29 35 38 40 43 44 47 49 50 52 66 67 74 0
3 20 21 28 29 34 36 41 44 46 54 55 56 61 65 67 68 72 73 77 0
9 12 17 18 21 25 37 38 39 41 49 57 61 62 71 76 0
1 4 8 10 16 23 24 36 42 43 45 46 48 56 63 67 71 74 78 0
2 3 8 14 17 20 21 22 25 29 33 41 45 52 54 57 58 0
