92 37
15 17 18 19 25 36 39 45 47 53 56 63 69 70 72 74 78 81 82 84 88 91 0
3 4 5 13 18 19 22 27 32 34 37 41 45 51 62 64 67 70 71 73 81 82 85 89 0
2 4 5 8 9 22 42 52 57 60 63 67 68 71 78 84 86 0
2 3 7 9 14 16 23 26 29 30 33 35 38 43 44 49 55 61 64 68 74 77 80 86 91 0
2 3 6 7 12 13 19 21 25 27 36 39 45 48 49 51 52 55 60 64 68 69 81 85 87 88 0
5 8 9 14 23 26 28 34 38 42 44 46 49 61 62 63 64 65 67 72 74 92 0
4 5 17 20 24 26 32 37 39 44 49 60 61 62 66 70 71 75 85 87 89 91 92 0
3 6 10 12 15 17 28 31 40 42 45 49 51 56 57 58 60 63 67 68 76 79 86 0
3 4 6 11 14 28 29 30 34 35 39 44 45 49 51 52 54 62 69 71 74 78 83 84 89 0
8 10 14 18 24 29 31 33 35 41 42 43 44 47 56 62 65 66 68 69 71 72 74 78 85 0
9 12 14 17 21 22 31 35 37 43 45 49 51 53 54 55 56 61 63 66 67 69 74 75 76 84 90 0
5 8 11 12 14 15 18 24 28 29 34 36 42 50 53 55 59 61 62 65 70 78 89 90 92 0
2 5 14 15 18 23 26 28 33 37 44 53 57 59 60 62 63 64 79 82 86 88 90 0
4 6 9 10 11 12 13 23 30 35 37 40 43 45 49 51 56 59 60 61 64 65 66 67 69 73 76 78 81 83 85 87 89 92 0
1 8 12 13 18 19 51 52 55 57 58 61 68 79 81 84 86 90 0
4 19 21 22 24 25 26 29 32 38 45 47 49 54 55 63 64 68 72 76 80 82 83 0
1 7 8 11 22 23 25 29 34 36 37 41 42 43 48 49 53 55 58 59 62 63 69 76 77 83 84 0
1 2 10 12 13 15 20 21 31 35 37 48 52 64 65 72 74 75 78 80 81 84 85 86 88 89 0
1 2 5 15 16 26 28 37 39 44 46 47 48 67 72 73 79 83 84 87 88 90 0
7 18 25 26 31 34 40 46 50 51 53 58 63 64 66 68 71 75 80 83 86 89 90 91 0
5 11 16 18 23 28 30 32 36 40 44 54 55 58 59 64 78 79 81 89 0
2 3 11 16 17 22 23 28 34 35 54 57 62 67 68 69 81 84 85 88 90 0
4 6 13 14 17 21 22 28 30 32 33 34 38 44 48 50 51 60 66 67 69 77 81 82 86 89 90 91 0
7 10 12 16 29 38 41 42 44 46 63 0
1 5 16 17 20 30 35 39 46 49 51 53 54 55 57 58 59 66 68 74 83 88 89 90 92 0
4 6 7 13 16 19 20 27 33 34 36 37 39 52 55 60 80 82 84 89 90 0
2 5 26 28 29 31 37 40 45 48 55 57 58 62 73 75 78 79 91 0
6 8 9 12 13 19 21 22 23 27 30 35 39 42 45 50 52 53 56 57 58 60 61 67 69 73 77 85 86 88 89 92 0
4 9 10 12 16 17 24 27 29 33 35 36 38 39 43 45 47 52 60 61 65 68 71 72 0
4 9 14 21 23 25 28 32 40 46 48 52 60 67 69 77 82 83 88 0
8 10 11 18 20 27 31 33 35 40 43 50 52 54 56 57 60 61 67 78 82 86 92 0
2 7 16 21 23 30 36 40 42 46 47 48 57 58 66 73 78 79 80 86 87 89 91 0
4 10 13 23 26 29 31 36 39 41 43 47 53 55 56 61 64 65 77 81 83 0
2 6 9 12 17 20 22 23 26 35 36 40 41 49 50 55 58 69 80 92 0
4 9 10 11 14 18 22 25 28 29 31 34 40 42 47 50 51 57 60 62 68 70 71 79 84 85 87 88 89 0
1 5 12 17 21 26 29 32 33 34 40 41 42 43 52 54 58 59 60 67 69 72 79 86 87 0
2 7 11 13 14 17 18 19 26 27 39 48 51 53 59 64 65 77 80 82 83 84 85 88 0
4 6 16 23 24 29 38 44 46 49 51 56 58 67 78 82 83 89 91 0
1 5 7 9 19 25 26 28 29 33 37 42 43 46 51 52 55 59 63 65 78 80 81 88 90 0
8 14 20 21 27 30 31 32 34 35 36 40 48 49 56 57 72 76 79 80 89 0
2 10 17 24 33 34 36 50 53 56 57 60 61 69 70 75 76 78 81 82 83 0
3 6 8 10 12 17 24 28 32 35 36 39 47 54 55 61 62 66 67 68 77 83 89 0
4 10 11 14 17 29 31 33 36 39 45 67 69 71 76 77 79 84 90 0
4 6 7 9 10 13 19 21 23 24 38 44 48 50 51 52 63 65 71 73 75 76 78 82 85 87 90 0
1 2 5 8 9 11 14 16 27 28 29 43 46 58 68 70 77 84 86 89 92 0
6 19 20 24 25 30 32 38 39 45 51 59 60 63 69 73 74 76 77 88 92 0
1 10 16 19 29 32 33 35 42 51 53 59 65 68 70 71 72 74 77 78 79 89 0
5 17 18 19 23 27 30 32 37 40 44 63 72 73 75 76 77 82 83 87 88 0
4 5 6 7 8 9 11 14 16 17 25 34 38 40 50 51 62 66 67 72 80 85 87 0
12 20 23 28 31 34 35 41 44 49 50 51 52 62 63 71 74 76 78 85 0
2 5 8 9 11 14 15 20 23 25 35 37 38 39 44 46 47 49 50 54 60 61 65 82 88 0
3 5 9 15 18 26 28 29 30 31 36 39 44 50 54 56 57 61 66 68 69 73 80 84 86 0
1 11 12 13 17 20 25 28 33 37 41 47 54 68 76 77 81 82 85 87 88 90 91 92 0
9 11 16 21 22 25 31 36 42 51 52 53 58 60 65 72 78 88 91 92 0
4 5 11 12 15 16 17 21 25 26 27 33 34 39 42 55 67 70 72 77 80 85 92 0
1 8 10 11 14 28 31 33 38 40 41 52 64 76 80 84 88 0
3 8 13 15 22 25 27 28 31 32 35 40 41 52 62 63 68 75 79 80 85 86 89 0
8 15 17 20 21 25 27 28 32 34 36 38 45 54 58 63 65 72 76 81 88 89 0
12 13 14 17 21 25 36 37 39 46 47 59 63 64 73 74 75 76 77 79 84 87 0
3 5 7 8 13 14 23 26 28 29 30 31 35 36 41 46 51 54 67 68 72 75 83 91 92 0
4 6 7 11 12 14 15 28 29 31 33 41 42 51 52 65 67 74 78 82 91 0
2 6 7 9 10 12 13 17 22 27 35 42 49 50 57 63 73 75 84 87 88 0
1 3 6 8 11 13 16 17 20 24 39 44 46 48 50 57 58 59 62 67 69 72 75 89 90 92 0
2 4 5 6 13 14 16 18 20 21 33 37 56 59 69 73 80 82 83 86 88 89 92 0
6 10 12 14 18 29 33 37 39 44 47 51 54 58 61 77 82 86 87 91 92 0
7 10 11 14 20 23 25 32 42 49 52 69 71 72 73 80 81 85 86 88 91 92 0
2 3 6 8 11 14 19 22 23 28 30 31 36 38 42 43 49 55 60 61 63 69 73 74 79 80 82 84 86 88 89 91 0
3 4 5 8 10 15 16 20 22 25 29 35 42 45 47 52 53 57 60 73 80 82 84 90 0
1 5 9 10 11 14 17 22 23 28 30 34 36 41 43 46 52 63 64 66 67 70 73 79 82 84 89 92 0
1 2 7 12 35 41 45 47 55 69 77 78 82 0
2 3 7 9 10 20 29 35 43 44 47 50 66 73 78 83 86 88 0
1 6 10 16 18 19 29 36 40 47 48 49 54 55 58 60 63 66 78 80 86 90 0
2 14 19 27 28 32 44 46 48 52 59 62 64 66 67 68 69 71 73 77 79 80 90 91 0
1 4 6 9 10 11 18 25 46 47 50 59 61 67 75 91 0
7 11 18 20 27 41 44 48 57 59 60 62 63 74 75 83 0
8 11 14 16 17 40 41 43 44 46 48 50 53 56 58 59 80 83 84 91 0
4 17 23 28 30 33 37 42 43 45 46 47 48 53 55 59 65 70 73 77 78 79 80 83 91 92 0
1 3 9 10 12 14 18 21 27 31 32 38 39 41 44 47 50 54 61 70 71 72 77 81 82 91 0
8 13 15 19 21 27 32 35 36 40 43 47 57 59 67 69 73 77 81 87 89 90 0
4 16 18 20 26 32 34 37 39 40 49 52 55 56 57 64 66 67 68 72 73 76 77 82 83 84 92 0
1 2 5 14 15 18 21 22 23 33 39 41 53 58 66 78 79 0
1 2 13 16 23 26 30 31 37 38 41 44 48 51 53 61 64 65 67 68 69 70 78 80 83 86 87 0
9 14 16 17 19 20 25 30 33 37 38 41 42 48 60 64 71 75 76 77 80 82 85 86 87 0
1 3 9 11 15 17 18 19 22 26 35 37 43 45 52 56 59 62 67 68 69 76 80 88 0
2 5 7 10 14 18 22 28 35 37 44 49 50 53 55 57 66 83 85 88 90 91 92 0
3 4 8 13 15 18 20 23 28 31 32 36 45 52 57 64 65 66 67 71 72 82 83 89 92 0
5 7 14 19 32 35 36 44 48 49 53 59 62 65 79 82 83 0
1 5 13 18 19 22 25 28 30 35 37 39 46 48 51 53 54 56 58 62 64 66 67 71 84 85 0
2 7 9 12 14 18 20 21 23 25 26 28 32 35 38 40 42 45 47 57 58 63 64 67 69 79 86 91 0
11 12 13 15 19 20 22 23 25 26 39 43 44 53 63 68 72 73 79 85 0
1 4 7 20 23 27 32 38 53 54 60 61 65 66 67 73 74 76 77 78 85 89 0
6 7 12 14 25 28 31 34 45 46 53 54 55 60 63 64 65 66 69 77 80 85 86 0
