70 35
1 3 8 9 10 12 14 19 22 25 30 35 37 50 52 62 67 70 0
4 7 13 17 18 25 26 33 37 41 49 53 58 64 65 68 69 0
1 8 11 16 20 21 23 24 25 30 34 35 43 44 47 52 55 56 58 60 61 63 65 66 0
2 10 12 14 18 21 26 28 29 32 34 36 42 44 47 49 50 51 63 65 69 70 0
8 9 10 15 18 23 25 30 33 45 50 52 55 65 0
6 7 9 36 38 39 43 48 50 52 53 0
2 6 8 13 16 21 22 24 26 28 31 33 40 46 47 49 59 62 63 64 66 0
1 3 5 7 13 20 21 24 27 28 29 40 50 60 61 63 64 0
1 5 6 14 21 23 24 25 30 32 33 37 39 43 48 49 50 53 54 55 58 61 62 68 70 0
1 4 5 10 14 19 20 23 24 28 29 30 31 37 40 47 51 53 62 63 69 0
3 12 20 23 24 28 30 31 47 53 58 62 64 65 66 67 0
1 4 11 12 24 25 34 38 39 50 51 52 59 67 70 0
2 7 8 15 21 26 31 33 35 37 39 44 47 54 56 57 65 66 68 0
1 4 9 10 15 16 17 18 22 34 39 54 58 61 67 68 0
5 13 14 15 16 23 25 31 32 34 37 42 45 51 54 56 59 64 68 69 0
3 7 14 15 18 20 23 37 50 55 57 58 59 64 0
2 14 18 19 20 22 26 30 32 36 40 46 51 53 55 59 67 68 0
2 4 5 14 16 17 19 23 24 27 29 31 35 37 38 44 46 48 61 68 0
1 10 17 18 21 24 25 26 27 43 46 50 58 60 63 68 70 0
3 8 10 11 16 17 32 33 39 43 45 46 49 59 61 64 65 68 0
3 4 7 8 9 13 19 24 27 33 36 39 41 42 48 53 55 58 59 61 63 66 69 0
1 7 14 17 26 27 34 35 36 41 46 50 52 60 61 0
3 5 9 10 11 15 16 18 27 28 31 34 45 50 51 52 53 0
3 7 8 9 10 11 12 18 19 21 27 31 36 39 48 49 51 55 64 68 0
1 2 3 5 9 12 15 19 37 41 46 47 51 53 54 57 61 64 69 0
2 4 7 13 17 19 22 26 27 40 44 45 46 47 51 55 56 57 62 65 69 0
8 18 19 21 22 23 24 26 27 35 36 39 49 50 52 56 58 59 60 62 66 0
4 7 8 10 11 23 31 32 36 37 39 56 57 59 61 0
4 8 10 18 30 39 42 44 45 48 50 51 55 59 63 66 0
1 3 5 9 10 11 17 29 31 33 35 42 46 48 50 58 70 0
7 10 11 13 15 18 23 24 28 30 36 39 45 46 48 52 56 57 64 0
4 9 15 17 20 28 32 33 51 55 61 63 0
2 5 7 9 13 20 21 30 32 34 38 45 50 54 56 64 69 0
3 4 12 14 15 22 23 33 34 38 41 42 44 49 50 52 54 59 63 64 68 0
1 3 13 18 22 27 30 39 41 42 47 55 59 65 69 0
4 6 17 21 22 24 27 28 31 46 50 52 55 56 58 63 64 69 0
1 2 9 10 13 15 16 18 25 28 37 38 42 44 46 56 58 60 61 65 67 70 0
6 12 18 33 34 37 40 50 51 56 60 62 64 65 0
6 9 12 13 14 20 21 24 27 28 29 31 35 39 45 51 56 59 69 0
7 8 10 17 26 38 48 49 60 64 65 66 68 0
2 21 22 25 34 35 44 45 47 50 51 53 57 66 67 0
4 15 21 29 30 34 35 37 43 45 47 48 49 51 56 58 66 69 70 0
3 6 9 19 20 42 45 49 50 57 58 0
3 4 13 18 26 29 34 37 41 46 47 49 50 55 56 60 61 62 67 68 0
5 15 20 23 26 29 31 33 39 41 42 43 45 51 54 60 63 65 66 69 70 0
7 17 18 19 20 22 25 26 30 31 36 37 44 48 52 53 55 61 66 0
3 4 7 10 11 13 25 26 35 41 42 44 48 49 52 54 55 64 65 0
6 9 18 21 24 29 30 31 40 42 46 47 51 52 53 54 56 61 65 0
2 4 7 9 20 24 27 34 40 42 43 44 47 49 50 51 53 57 68 0
1 4 5 6 8 9 12 16 19 22 23 27 29 30 33 34 36 38 41 43 44 49 58 60 61 63 69 70 0
4 10 12 15 17 23 24 25 26 29 32 38 39 41 42 45 48 49 52 55 58 59 61 62 64 69 0
1 3 5 6 12 22 23 27 31 34 36 46 47 48 51 55 64 66 67 0
2 6 9 10 11 17 21 23 25 41 46 48 49 54 58 60 61 0
9 13 14 15 25 33 34 45 47 48 53 65 66 67 0
3 5 9 16 17 21 24 26 29 32 35 36 44 46 47 51 52 62 63 64 0
3 13 15 26 27 28 31 33 36 37 38 39 42 44 48 65 68 0
13 16 25 26 28 31 41 43 49 60 63 0
2 3 9 11 14 16 19 21 27 30 36 37 42 43 50 51 53 59 60 62 64 70 0
7 12 15 16 17 20 21 27 28 29 34 35 39 51 58 61 68 69 0
3 8 19 22 27 37 38 40 44 45 50 53 57 58 60 61 67 0
3 8 9 14 18 20 21 22 25 28 32 37 44 46 48 50 51 53 59 60 69 0
1 7 9 10 11 26 27 38 44 51 55 58 63 65 67 68 69 0
3 4 7 8 10 19 21 29 32 34 36 45 50 55 57 62 63 68 69 0
2 7 8 11 15 16 20 24 25 31 33 34 36 38 40 47 51 52 55 58 64 66 0
2 3 4 5 11 13 20 26 35 37 38 40 45 47 48 54 56 62 67 69 0
3 7 11 13 21 27 29 40 41 42 45 46 52 54 64 66 67 0
1 11 12 14 17 37 41 44 52 54 60 62 65 66 70 0
2 9 13 14 15 17 18 19 20 24 34 40 44 49 56 59 62 63 0
2 4 10 15 21 25 26 33 35 36 39 42 45 50 51 59 61 62 63 65 70 0
1 4 9 12 19 30 37 42 45 50 58 67 69 0
