15 14 5
00100100101001
11000111101000
01101101110001
00001011011100
00000000011011
11000001100011
11001011011001
01000000010001
00101110101011
01101000000001
10111000000011
10100000011011
01010101000001
10100110111000
01010011010001

10000111010111
01011110100000
00000011001110
01101000011000
01101000110101
10011010100110
10010000000111
11101010101110
11110110100101
10000101101100
10111100111011
11010000101011
01100000100100
01100000011011
01000110000011

11001100110100
11010010101100
10111110000100
11111110100101
00000100010010
00001010010011
01001000100001
10100111110000
00011101111011
00001100100101
01000110100001
00010001100010
01110001101110
10001010101011
01000010100001

01110000000000
11101100110000
01100100001010
01000000000001
11000100000010
00011100101111
00001101011101
10101011110101
01111101111000
00001111000100
11000101001110
00001000100011
10011001010001
01110000001001
01000001111101

10110011010010
01010001010010
01110111010111
11111001010110
00110100000010
10000001001010
11100111001100
00000100010100
10011100001000
00100011000100
11100011011110
00111011001011
11000101110000
10111101001001
00001110110010

