19 19 5
0000001101010011001
0101111001000101001
0100010011001110011
0111010101011010101
1101010110100001011
0001011111111010110
1101010100100011001
1010101000001101001
1101000111000010100
1101100101000111110
1011100100011101100
0101011110111000001
1111011110001101010
1011001010010100101
1001111101100001110
1101100110100011110
1100111100011110111
1110001001110010011
0110101010100100010

1101010110111111000
0011100110100111010
0110001000101100100
0001101000101011011
1010101011011100100
0011111101111101001
1011100111110001000
1000100111101101101
0100010010100101010
0011110100101000001
1110111101110001011
0111100111101111111
1110110110011001011
0100000101011100101
1101101000110001101
0010101111010010100
0100111011111001110
0101011001010111110
1100101100001101111

1001011110000100111
0110100111000111101
0000000010011000111
1001101011100001100
1011101110010010011
0000011111011110000
1010001001111101000
0111000011000001110
1000000111000010111
0101111001110110110
1110110101001010111
1111111111101000110
1010101010000110110
0011101101010100010
0010001001111101101
0011100111001111111
0010110100011101011
0111101010110100111
1011000000101001100

1001001110101100111
0100010101110111010
0100000010011101111
1011011000101010110
1011100011001111111
0101011111110000101
1100101010101000001
0100011010101010010
1001111100010000001
0100111101110011111
1111100100000011110
1010110001110111010
1001000101110000011
1000001001011111010
1000100101101110000
1010101010000000000
0010110001010001101
1011001000110101101
1101101010110001011

1011000101110111011
1100110011001110110
1111111101000100000
0110011011010000010
1010001011111100001
0010010110001110000
1000010011011100010
0011111010100110001
1001000110001010010
1001001001111011011
0010011101110111111
0111010110001000110
1101110100011100100
1111101010111111111
0011001001111010000
0001000011110101110
0100110011000011111
0010110111011011000
1100101000110111011

