20 19 5
0001010000110000001
0110101000101000111
1101000100111101101
0111101010110011101
1010110100000000011
1101010100011001001
1110001111101110100
0111011110000110011
0010110000111010001
0110000111011111111
1100010101111011100
1111001011011101010
0010101101001110001
0010101001001101100
0110101001111001001
1111110101111000011
0010111010110101110
1111000000111100111
1000111101001100001
0110101011111011111

0110010010010010100
0001001001000111000
0010100100100110000
0000101100110011110
0011100000110101111
1000110010110011011
1110110100010110100
0101101011110011111
0101001111010101110
1111110010010010000
1111100101101001101
0000100110011001011
1000010001101000110
1010010100000001011
0011100100000011110
1011100101001100100
0110111100101000010
0110100001110100001
1101110101010001111
1001111001100101011

1010010111110010010
1001000010110111101
0001000101010100000
0000010001111001010
0100111100011010111
0110000010101111000
1100011110110110100
0010011100010000000
1100010101110100000
1100010100101101111
1001111001010111011
1010111110101001001
0001100010101011101
0111110100100000000
1011111111010011011
1011110010000001101
0000111010110000100
1001011101001011111
1001001000011111100
1000100101011110010

1110101011001100100
0110010001101110000
1110101101111001001
1100110000011110110
1101100011011111111
1110111011110110110
1110101000001101010
0110100010100011011
1001010011101110000
1101111010000110000
1101100000100100001
0110000001111001000
1000100111111001111
0001110111101011010
0001110110111000011
1111110010010001000
0111110111001001010
1100111101010111001
0100010111001110011
0010101100010100010

0101101110011010100
1011110010011001000
0101011100111110101
1101111010111101101
1011010110110110101
1000010111011100101
0100101001111000100
0000100100001011001
1110001011101101110
0001101011101000000
0110011010101010000
0111111111001110111
0101101011000100100
0011100101010010101
1110101010010100101
1001100111111010110
0110101011001000001
0111011100010111110
0100100000100010100
1110110100100000000

