20 19 5
1000000011110011101
1101011110010110010
0101010101110110000
0000110100110100011
0001010001011010011
0001110111100100111
1010011101100001101
1111111101011000111
1111100010000100111
1000100011011100000
0001001101011110001
1101110010010000001
1000110111100100100
1000011001011010011
1000101010001010011
1110101010110011101
1011101011000001101
1100001011001010001
1110111000101011110
1010100111010011010

0001110101011110010
0010000111010101001
1100100001101000011
0110010001100011110
0100010111110101111
0111001100010011011
0101011101001111000
0111110000000101111
1011110010101100101
0010011111100000001
1101101010010110001
1000101000011110111
0100001100101101000
0011000010111000111
1010001100000101000
0010101001111100000
1110111010000001110
1010011010111011001
1111111011001011001
1100100000100100000

0010001101001011000
0111111110001000110
1000011010111010001
1010111010100111111
1001100000110001101
0111111010101001011
1100011011101110001
0110010011011011101
1111000011110011101
1101011010111010110
0110001001010011001
1000110001000011000
1010011000000001111
1101011110100111010
1101100100110110011
1011011011010001100
0101100001011011110
1010110001100001110
0010100111100101010
0010101010101010010

0100010001011011101
0110010110101011001
1101000110101010000
1010100101000100010
1000001110101101000
0000100010101111110
0111100101010000001
0100111110011001011
1110011010001010101
1100000000001000101
1011010010111011010
1000101111001101111
1111111000010011000
1110110110110101111
0100001101101100010
0010110110110010000
1011110111111010110
0110000110000001011
0010010111000100010
0111111000001101110

1011000000011000100
1111110110100100001
1100100000010100111
0111111000101000000
1000011001101011001
0110100100111010100
0000001110010010001
1001101100111110101
0011110001011001110
0101001001101010101
1011101101101100111
0001011101110010101
1010000101010111011
1011001010000010110
0100100101000000101
1010000111110001010
0010111011001111011
0110110010101111100
0011111110000111010
1110101000110001000

