20 20 5
01010000111101110000
10111100100001111011
10001001000010100100
10100101110110101111
11000011000100001100
11111011001010000111
01011110110010011001
11110011110011001111
00111001000001101011
10110001101010111000
10111110001100001011
11011111111101001110
01101101010111101011
01110010000010111110
01111010001100111010
00011010001010010100
01010111000000111010
10001111001010010110
10100000101111001011
00011001010110000000

10000010101000001001
01100001101110101000
01101001010100101011
01001101111110010010
01101100101010001111
01110001001110001010
11000010110000001011
01010001010000100001
01101111110011001100
00001101000000110010
10010000111000000110
11010010100010100100
01000101000001101001
00111111111001000101
11011011111000000100
10010111110011011100
10000010101101101110
11110000101001101110
01101101111101111101
01110110001010011001

01000011001101010110
01001011010111010001
10000000101000010011
11010000110000001101
00000101101000010000
01000000011000101011
10101101110100011011
00100000110100000100
00100011001100110010
10101010011000010001
11000011001111010111
10110100101111101001
00011011011001010110
10001010100011001110
00101010001111111111
11001101000010101000
10000000011110001110
01111001001100100000
01001000100111110011
01111111010011110011

00000001110100110110
01011111101100100100
00001101111010001000
11101010011100011001
10100010011101111010
00010010110101101111
11100110100100100110
11000010001011110011
11001100110011111001
00100100001011110100
11001101100100100110
01101010001100000011
01011111011111110110
00101000001010001001
01101011010111110010
00100010000000011010
01010000010111000011
01010100110100010010
01101101001000010111
00111101101011000011

00011101000011111111
01001111001111111010
11111111111001110110
10011101111100111110
01100000100100111110
01010111100010100011
00001000001011000011
01010110111000001000
00111110011011100011
11110010000000110101
01111010000010110001
01000000111000001000
10101011110000101000
01111110100001101011
00010111001010010101
11110001111011111110
11101011011011111101
00101001100000010000
00100000111001001001
00000100001111001000

