500 280 86318
37644 41719 4844
65191 70475 7016
5457 11752 7554
2466 6171 6810
36633 40987 5993
54443 59956 7911
22878 25178 4119
61374 63619 3070
10476 12774 3775
74146 76799 4490
22997 27866 6837
26301 27932 2417
10777 14435 5234
29565 34213 6470
65564 70445 7714
27989 32617 6298
55277 69222 16932
945 3605 4683
45112 47639 4432
10690 13825 5326
24265 27305 4031
13626 15573 2317
11822 80320 120296
4611 8214 4907
30413 63594 48257
46044 48707 4138
77051 80590 5899
65955 69703 4717
63111 66337 5177
10134 14118 7190
4816 26082 35494
28731 32474 5639
59204 63925 6630
18526 23916 7866
46686 49819 4428
77858 81184 5539
25407 29876 5603
41524 45874 5843
739 4145 5577
41970 45618 4740
66662 68890 2881
73587 76691 5469
13697 17707 5952
13158 16156 4617
54569 57820 5842
61268 65635 6590
39758 45926 8122
79743 82738 5038
9724 12608 5094
14278 18444 7717
54516 58770 7102
72208 76836 7386
65307 69684 7625
67513 71372 5303
14454 17906 5999
40533 45078 6201
32891 37121 7301
33131 36761 6555
59190 64079 8952
26940 31513 7750
5732 9559 6073
11979 64060 91413
57259 60874 4675
52986 67982 20446
68560 72128 6314
6335 10175 6549
28377 31803 4755
40885 44177 4802
61000 64534 5625
41112 46208 6378
71409 74287 4725
63849 68184 6222
42710 47542 8616
2915 7773 6467
1373 6224 6497
40418 45262 7418
60182 63723 4623
14468 17193 4386
82098 84777 4726
23954 39234 26660
59935 62861 4869
28557 33161 6172
52440 56512 6143
31728 38424 11660
61402 64772 5779
24688 27491 5144
77037 79874 5115
36514 40799 7929
56368 59197 4235
31820 34927 5207
56080 65480 12493
35250 39974 8237
5796 9331 5129
75392 79787 6568
11947 14999 5142
41930 46387 7240
24377 29031 6369
19643 23968 7001
38068 43571 10185
23414 26227 5214
72839 75597 3674
66977 70755 5418
63869 66505 4441
39544 41797 3847
59322 64500 6342
3229 6775 4594
15726 28287 22628
63796 69403 9681
16173 19201 3777
30125 34521 6906
10419 13049 3287
78813 83029 6271
26804 30342 4583
20936 24744 5215
19056 23847 7703
59848 63892 5018
45291 48749 6108
30779 35475 6260
52502 56983 8273
40693 42428 3149
39632 43389 6376
80968 84012 4374
18583 23102 7782
9342 13208 5897
68828 72917 7276
54467 59231 8439
19397 23073 6215
38814 40494 2305
37165 42239 6287
280 55800 91558
1462 5671 5359
14716 19393 8141
9174 14266 8868
7900 12650 7514
77686 82761 8806
36117 41524 9462
74206 77249 3925
44761 49230 8103
79067 83926 8916
44569 48247 4534
35143 38484 5227
20644 23512 3646
57066 61567 5778
1528 6784 8239
80790 83510 4473
8647 12908 5997
49732 53367 5376
66264 68752 4305
1319 5304 6997
42235 47180 8906
28084 31521 4836
13465 16842 6218
12286 14706 4389
16524 20754 5910
71144 75604 5535
76470 82023 9484
36554 39476 4592
57423 63105 7815
19837 23231 5151
36920 39566 3202
27936 32184 6381
46333 50813 8285
39283 43371 5081
60281 64514 5436
1053 5175 6598
8955 14348 8747
52131 54454 3018
25700 29688 5326
74775 78959 6314
29635 31048 2131
11727 15546 6274
47616 52065 8007
13618 24469 16568
66589 69803 4288
10128 15385 9187
9422 12871 5166
30806 33278 4348
30878 33925 5417
45977 49552 5359
73185 76251 5115
9635 37572 37174
62906 66188 5334
43161 59551 30161
24748 27686 4264
6251 83956 137025
6554 9003 3208
47459 50750 5241
24232 26541 2907
40707 45944 8989
11800 13943 2747
26021 30697 8163
65169 69016 6156
20103 25493 9596
10721 13402 3588
28021 31460 4908
23800 75964 74353
66683 70624 7088
24645 27923 4633
18210 22456 7369
68514 72385 4777
67765 71674 6715
72996 74698 2962
70994 75153 6703
71423 77861 11607
16846 30059 23526
79908 84500 7668
10895 16086 8846
46773 49236 4189
3074 7486 5809
5067 9031 6596
25793 29786 5593
6020 8991 3881
35560 38592 5300
11853 17115 8223
60131 64701 7339
77942 80774 4801
3885 7696 5289
75958 79691 6528
27773 31615 6935
75080 79920 7147
47814 52023 5882
62575 66492 6966
6666 10097 4635
13378 17649 5553
58358 60447 3274
78160 83207 8922
71991 76890 6530
33699 57286 38383
48421 52433 6365
71294 75037 6853
8783 45727 48495
15159 17543 3635
58146 61751 5115
16120 19532 4809
34762 36814 3595
76036 81574 7424
79227 83754 8249
27257 30404 4236
41820 44882 4704
74977 78544 6001
47905 51641 5706
51523 56408 6194
14591 18753 6023
10249 14170 6628
55133 59657 8190
11823 17710 8764
55371 58095 3899
58045 62193 7540
81553 84880 4836
24787 27886 4647
69906 72318 3091
32791 36716 5931
9198 13075 5022
25533 35687 18039
33398 37495 6980
1781 6339 8441
26513 31111 6452
8546 12415 6009
23982 28350 5937
29796 33330 4212
58281 63824 7744
40558 44109 4446
7499 11399 5946
53304 58651 7179
35700 38660 5126
31013 35344 5831
12756 19055 8033
36692 38929 3102
2215 6667 6202
20182 23911 5114
14965 20951 8742
71487 76923 8947
60208 64088 5423
44197 50936 11473
73300 77574 5935
63006 67497 7462
13622 16935 5437
52458 57520 7594
57822 62258 5323
21294 27025 8484
16138 20557 8092
17728 21229 5779
30274 35811 8890
4025 7208 5686
27174 28726 2788
62258 66064 6734
14087 17279 5389
64051 67441 5258
83371 85774 4106
74292 79167 6426
33958 37933 7106
2910 7667 6986
80097 82347 3952
839 6449 8730
3239 5678 4106
75629 81391 10261
6273 9426 5420
68589 74692 7846
441 7359 10523
55192 58201 3847
28271 31866 5947
53433 56975 4942
13140 16676 4812
35925 39127 5281
82546 86032 5975
64981 69163 5699
15991 47298 54548
4256 21480 22458
61030 65636 8427
36590 39638 4511
18100 20211 2804
17384 47980 50226
11774 21640 18000
71262 74210 4382
30485 55053 33772
6122 11021 8274
9415 13945 7133
67893 70609 3975
36346 39986 6259
43344 46834 5391
28835 34551 7044
41366 45258 6237
81567 86318 8081
6583 10066 4224
32209 36647 6826
45504 48099 3513
3371 6988 6538
58465 62057 5213
3828 5408 2212
71339 75507 5332
62891 81062 29512
52277 56607 5834
38803 45217 8409
16506 21213 7585
68344 74250 9370
28217 30879 3897
10203 12074 2941
59640 65016 7741
76178 80443 6119
71384 74733 4913
68317 71587 6006
63662 67826 7714
612 4545 5308
22989 25785 4759
36041 41106 9336
7029 11323 7379
76034 79384 5713
71996 75293 4385
75550 79983 8206
10896 15827 8443
35959 39613 6437
47877 49367 2155
3028 29208 46234
12556 68679 92235
41529 46037 7156
75600 81619 8277
59439 64425 8104
28260 30391 2838
25069 28387 4420
43730 46606 4118
36092 74362 67557
19959 23716 5094
76820 82638 7269
12167 16449 6976
43511 48116 6248
33913 39272 7663
60896 63952 4336
12741 15609 5145
76768 82572 8569
37974 41596 5599
12151 15647 6036
49720 54705 6789
67785 71710 6074
78892 83788 6160
77103 82377 6726
62130 66689 5881
1612 50662 90277
51339 54618 4062
9573 52826 70325
81207 85370 5028
41984 47879 7603
20220 21894 2384
70738 75748 7481
62872 65883 3675
35242 38472 5657
67202 71498 6024
2341 4354 3142
12718 70156 106381
58972 60394 1780
55026 60398 7747
40141 61317 36768
17979 23314 7899
16255 19812 5545
59797 64159 7670
59092 62637 5572
75208 79323 7501
70921 74867 4707
79729 83101 4785
80662 83154 3815
24742 28407 5913
75354 79221 6299
70236 72864 3497
67912 71323 6044
58369 61307 4204
62001 67713 7918
31216 35138 4712
5773 10838 6442
44133 46943 3902
4526 7071 4575
38209 40651 2930
31681 67799 44210
64394 68048 4933
24832 28205 4691
66316 70075 5554
73427 77536 5913
61258 66086 8072
55954 59448 4320
64582 68857 7870
24561 25535 1673
40245 42809 4381
75856 79633 6712
57132 61572 7179
63913 65411 2739
70798 75080 6938
8887 11953 3766
54335 58172 5518
34735 37387 4832
75328 80833 7845
14547 20004 7007
53139 55491 3995
75268 79410 5687
72848 76436 5294
3421 7781 5819
17918 21681 6720
22960 26430 4123
74665 79311 5708
7984 12157 6563
48912 52796 6781
34711 36667 3091
21516 24265 4083
73350 78034 8447
15192 19660 5667
57164 62115 8608
61823 66303 7270
80699 84702 7385
19003 21221 2702
39008 45853 8402
44978 49301 7593
16009 19873 4731
46037 50479 6539
24833 28992 6515
27121 30630 4328
37207 41028 6391
65618 69186 5955
40645 44758 6728
63055 65752 3437
23969 27607 4439
20249 24726 6279
9435 13414 5294
51308 53243 2748
73289 75160 3331
24339 28188 6013
42871 47411 8114
26547 31211 5710
40087 42767 4553
16207 18982 3408
55670 59160 4170
70372 74793 5397
38143 43163 7106
52251 57904 6912
15883 20366 5979
55955 60869 7458
16286 19133 4560
32974 40597 9803
1036 6219 8000
35555 38689 4590
58353 61845 5584
52171 55385 5441
6903 8340 1988
72935 78067 7688
77681 79257 2557
61911 66917 6527
40562 45258 7013
18629 22751 6658
72988 76518 5154
59145 64605 8931
83257 85592 3223
312 5577 7104
39182 43808 6217
83724 85701 2760
76731 81106 8104
3613 7713 7297
31871 37140 6451
34721 39874 7222
16872 22387 7197
66461 71849 9779
33640 36159 4243
47645 52223 8414
65230 68334 4203
59960 65816 9159
