50000
26384 43986
3184 36060
21108 3682
640 5733
4202 36011
5249 581
6859 43490
5851 15850
43726 16992
15316 10849
10726 11545
11203 8788
1465 18708
43504 4760
38844 9637
24283 43449
12827 39736
40584 3960
32022 21887
20804 1882
41461 28459
44827 14958
22523 26451
11030 33133
7980 41185
20150 44459
4019 1151
47343 27661
2724 32347
47220 17690
43433 22478
48331 4117
6262 12361
6858 16785
26338 13210
12330 10060
39026 18354
18258 42686
5146 35568
48738 44767
46998 25998
3949 38307
3144 9404
18246 27336
4641 22024
11929 45096
32015 24766
33945 17851
30729 13441
6513 49332
28347 22834
40799 10208
8488 47084
3715 30316
42469 40611
18201 30031
33261 7886
35600 39197
38872 44771
37128 1827
38617 8369
26235 19119
47055 11508
9365 30298
22665 46507
46560 37559
29056 33336
31594 44828
5078 47650
38596 35069
34548 29385
48597 29677
43218 10935
47890 34460
46381 44441
41736 21324
46863 37280
6611 30206
30499 9856
38956 33728
28377 2726
23054 11921
19183 2838
48293 32662
33911 44789
19902 2432
34831 13508
29503 23511
32550 30559
22089 10174
36577 38273
35386 9506
10659 4218
30907 27278
5118 13291
451 36360
37546 35653
16959 38526
1511 8758
43757 5551
33325 5774
4622 46804
3897 45619
44811 23496
46916 27449
25210 44447
13360 41415
19401 49906
31149 9586
29959 7182
11502 27322
34639 3851
37238 17589
22371 26961
9887 12458
33104 10553
1917 3130
42029 543
14739 2944
6970 5350
29886 1239
25958 855
34536 13546
32891 5867
19322 14582
10869 26933
23925 23189
25533 2013
31233 8194
40833 36459
22873 8802
37248 41489
16028 31119
41583 38308
9302 24688
34289 30365
48866 13684
24918 15750
4986 39726
515 17232
22192 30980
5788 47568
26964 24041
24186 45031
26049 39193
34869 30228
29768 38356
5598 984
35950 31346
42630 28960
38186 41818
15033 49257
44471 3379
24059 37186
6644 22563
42457 36243
11704 21956
20896 5273
25708 49273
10720 14093
36502 15633
10741 10839
30664 46147
45148 15731
45254 22478
16484 28219
19058 5011
3855 39396
998 17292
2451 4744
31949 16128
44704 24380
23650 21031
46383 29358
33039 39689
24180 19292
36494 17060
46669 3151
48544 27178
1428 25243
19111 31777
36902 4419
2675 32711
38655 39150
5939 17112
30714 28955
34199 35733
21105 42066
49834 30437
49673 14945
31129 46259
22723 7148
24453 42336
5646 19186
45277 39761
940 49728
33148 30722
49303 21017
4036 28768
17574 49860
49605 4708
3352 44001
42530 34664
14657 7634
27766 7874
42203 28536
32177 22122
40509 7931
3854 36512
13997 9495
36157 13145
27561 9484
39523 27746
33824 46021
29918 49519
13610 37592
29354 40109
32424 4040
19411 44015
18946 37722
21257 39739
38780 10365
43706 11183
11790 17687
39316 5533
44513 47999
19324 44406
44103 9332
5862 17590
19233 45441
38767 21605
49832 48493
29021 28489
24501 28628
11121 6494
44608 32105
6747 18729
7473 2374
13220 32828
43275 31162
43261 2258
8388 9001
27517 1106
9247 13475
30257 15539
23004 30907
47389 1595
6067 19142
23002 24798
34135 32803
48287 26885
40088 47635
1668 44184
45266 14709
6317 8018
31369 27587
35285 44414
45487 352
14011 4922
2957 20968
44811 20303
4273 11823
12703 38326
46658 25881
364 26841
42103 42753
29229 21372
26178 10466
20700 1320
32321 19587
37950 15947
3613 45240
22218 40274
937 39545
7151 41424
37279 32670
47742 15352
38731 47906
45100 30747
47531 6503
45366 5876
29663 46127
5113 41330
20325 44162
45481 2248
32205 1569
22475 29167
33885 41012
14631 26969
21152 33062
18651 14982
36850 14299
11382 15475
44581 22013
38247 45105
22081 25163
37670 5678
34625 26374
1259 5667
9886 28569
29379 5378
40083 47311
44189 42182
7748 9428
23614 29103
1380 12559
19465 18596
12613 47411
46067 9725
1878 44951
37188 6105
17759 27956
14044 39475
15903 33035
29645 5833
47567 25504
38592 41915
38994 25453
45018 47403
29905 47729
16957 36447
18761 41294
777 30843
20861 17886
41145 21413
33066 26685
49571 18313
2330 4175
47829 13147
10271 7793
15297 2107
43090 23272
29763 41776
49809 9048
36829 25230
45566 40773
36877 16490
36524 46045
34929 7228
13420 33877
11419 10831
29592 36711
17443 39492
10770 1841
21504 35738
43800 49639
13901 43146
44817 11711
4295 25211
7503 35465
30944 19465
258 33167
43996 15769
4319 30310
40459 27650
27557 44079
36956 16573
36325 27542
34997 18485
37354 7971
27182 32858
47867 42987
37132 5599
12469 265
21705 527
46603 8086
26407 26721
33555 12523
44687 34313
46049 40461
29693 15283
43020 18372
31529 5125
5525 42675
36412 6247
4186 43552
12386 34763
6182 26711
44599 45723
29159 20179
15209 10766
27687 48419
11444 40576
49253 31172
44420 7858
24017 32430
4306 19967
7698 11281
6088 25224
14310 2650
29655 16070
21207 37081
7427 7232
3887 8639
24752 30851
17115 17375
4101 7836
32462 3119
34971 23636
18440 42027
18248 37923
21313 19826
35576 13230
49138 40268
41992 48282
36283 47046
48277 48229
7199 5615
8069 38251
42431 23829
44783 7718
20309 35497
49440 48521
19806 4385
11639 13838
8441 1486
8678 37564
49934 48146
14963 6097
21232 44152
24521 16529
19690 38511
28402 32532
14457 21917
17769 39385
29194 24929
43936 1521
35436 22793
11988 34267
23159 20820
16019 9096
13768 24199
9851 40315
25108 12926
27817 19563
9561 16635
48239 42077
13449 20749
26765 34269
13512 40563
2630 29204
8104 5559
47777 39126
30469 18504
10217 27589
37417 41326
17470 41198
17220 925
32042 40056
41035 25004
41365 96
18612 24209
3428 34111
8158 31442
39893 23885
23513 16999
1679 35040
7300 10389
41304 2944
10458 3289
17646 26428
37590 30789
39843 27623
46785 10256
42409 892
25936 44688
17126 4599
22470 23573
16510 42155
27671 19317
20944 20615
818 47640
27926 5451
11282 49862
8347 16096
20184 47220
46436 49356
37436 11605
21570 23971
2890 23097
7543 8802
16092 8062
48211 25359
16717 41811
38149 46540
12692 2408
17725 19525
35710 33599
7674 47325
1037 32597
39751 14373
33094 27712
21625 49779
10743 46041
15620 13781
10959 37172
36335 4953
16760 35770
12334 7933
45433 22681
11512 47636
43039 44032
27266 24931
46770 12127
9210 3495
15902 10910
18581 26532
34110 27516
24916 13122
47257 40875
25974 45491
31263 18802
46616 43737
22495 6075
10601 140
17121 11726
27514 36258
26926 45144
10892 26943
35644 45423
11096 19244
8636 25165
22403 28563
30240 16049
17022 36354
1316 14089
365 26101
20141 5228
28669 19709
11414 41105
5674 31335
45456 37054
27841 24287
42251 30516
5693 41555
27710 40727
7344 19225
43392 36772
47185 42956
48066 22054
20663 48025
24930 8525
118 29454
4560 4997
14947 40353
12119 17953
10583 13868
44347 12950
8465 22565
45758 12404
16658 30798
13076 2965
46906 37186
4710 27906
16257 14224
3164 36245
43426 32232
7624 19704
24908 6665
23793 14523
36756 49174
41968 16402
32369 47004
44302 43195
23452 40592
48154 48789
17927 48038
37160 8400
39633 5736
4582 21772
9155 44528
3742 37890
3022 20341
27775 46322
44114 2903
30751 12723
34694 30908
17090 37345
25162 43194
27636 10552
6 31168
34519 47499
5332 45606
48816 49898
35951 42742
19165 35358
25857 33047
25137 7816
25355 8698
12187 26833
40638 16016
35476 22098
20772 5024
29392 22102
38466 28335
43933 42717
18756 47041
32050 22560
9362 7889
43734 1569
45250 34038
46583 22055
32378 12543
30842 44275
18773 16355
46370 19057
40664 3652
1372 21744
24133 9251
1238 6108
30404 48379
7662 43377
47954 44934
40180 32690
18016 37875
22652 34812
1178 47558
44024 10519
6009 42937
36137 33248
25569 20426
38028 8982
43409 7395
9518 36516
47681 15668
6010 30449
38641 22737
22837 41930
4300 32853
30425 28381
45818 34059
6545 17478
44835 8715
18432 37445
32502 9712
26585 19375
45543 18949
48301 43246
23003 10951
4 49162
23495 10987
38719 14736
31142 46025
28534 13789
3508 40396
36682 6664
43133 40874
38936 24603
9398 36281
13385 10625
15419 43003
21092 44322
36568 28545
43830 9365
24053 9358
700 27526
7303 8330
39943 31062
3862 17558
35995 31235
10203 17096
42309 26133
1189 4699
31855 44967
26325 26157
20892 15772
47961 32270
37797 8505
39719 13021
36370 15299
35502 2854
22810 20087
39704 47629
1844 3341
35891 25297
37535 17626
47237 41759
26194 19019
32641 5874
23308 29944
29715 12274
36729 17374
10658 9271
20778 47232
4727 15954
37146 49674
49071 6686
12036 2214
22493 7909
28966 31571
37771 7582
8916 12816
34546 46920
27362 10980
30222 35451
27846 13911
2174 26135
4352 12874
42244 37322
26192 656
7819 27387
9934 29172
2571 37776
18292 32015
28176 11900
41286 29679
34968 5993
8411 27216
28404 7487
7956 46288
38586 42111
35540 42083
31455 43835
38726 44775
12524 28213
3125 31399
34521 49914
12414 20043
42206 14134
18247 12698
2499 6862
44405 13850
3734 40652
15106 36037
5691 6991
14750 24583
23343 31365
33752 47873
24466 6736
15983 33471
42909 14648
2755 44023
48457 10382
44788 16645
40999 10286
37884 8980
39743 8329
9037 21375
16522 2090
4948 12980
38511 9402
3982 8138
35513 32459
12498 5005
48710 5048
47879 39957
30794 42214
49240 24164
34457 24281
4365 20655
24768 2404
48224 34072
11799 23124
18544 27400
44906 27755
20907 48818
9027 28763
41535 37328
13008 29989
35006 37387
44546 22274
22546 40266
36858 24588
20873 39352
28756 18879
7861 29619
27827 37422
12486 30525
23831 2442
11410 43125
45139 2608
14305 8699
13869 6942
9781 29460
36683 14409
36650 40122
6308 323
32651 35153
48439 15737
43132 11749
34368 13153
20787 32973
22315 2392
49049 29094
9993 34432
26398 48298
16907 40962
32332 9997
21112 46351
48305 25465
18049 48207
18250 24138
19485 9902
19964 7117
12738 8274
31800 25717
33759 33886
13628 45888
28512 45233
28128 30406
26715 43937
36017 33360
4520 12919
48957 30466
33165 47995
16796 14389
9141 22682
30420 32769
16858 15168
11738 28560
47618 31142
39059 34156
33679 45699
33206 23832
25173 12900
15658 22739
16499 28251
11602 472
17810 9480
31948 17251
47006 15490
14836 46542
3704 39288
48957 19576
15077 39014
19561 3644
9858 31694
38695 21013
34278 6508
9973 3106
49792 30773
41828 20059
30803 43054
31678 47114
18218 4560
20386 22358
43567 13352
30642 26526
17219 49014
47915 49220
12423 16377
29850 29552
45114 5163
33893 31474
20092 25312
21000 47031
32596 17505
47650 8804
20768 11811
6803 7602
43442 41429
11967 6989
25672 41569
27906 5876
122 19807
49596 26044
47437 30937
38100 41035
12548 40942
1165 31665
34931 47732
5953 40548
15472 41130
11788 34993
12551 47420
3766 7235
23330 10097
8579 2734
25067 47056
32986 33299
9988 8967
30491 14573
49728 36520
33737 49626
31624 24887
22946 5589
25282 16218
32976 10893
10252 6870
48283 21070
39005 40448
43385 16615
33193 39776
42578 32031
8402 21573
36890 28455
5802 35836
28171 47778
49250 9368
42875 6768
11657 35781
21630 465
23856 49650
33454 2423
44739 9922
15238 43150
38317 20277
12088 46331
22929 37517
31760 9875
25964 39744
5763 41497
16595 40589
25835 17530
39602 25989
33849 29926
16540 22203
30456 3166
8401 5892
33274 41259
19110 28322
49046 49666
42055 47370
22719 31091
40931 15707
6910 39340
33323 38800
3772 39249
17020 32798
46318 43893
44185 38639
48740 5502
15320 9442
41295 7144
7928 448
9007 38275
48896 26016
33492 26980
30809 9621
18472 10262
27574 16174
36368 5857
23447 35819
31461 30906
9595 41888
19868 22239
274 28487
27404 41182
41558 12509
25829 196
18067 28457
22686 49184
21110 31612
23030 49009
49919 13985
8779 27204
32724 38595
18370 6921
43814 40984
5764 39111
41466 44643
8175 4125
25038 14338
20351 23578
9028 42860
39832 39454
20330 10020
37775 36217
3384 26076
25064 16899
37334 9016
19645 22614
30600 24628
32647 31208
22457 38820
48203 39664
19857 17519
48880 1463
40277 11194
11202 40187
24927 6056
29224 44457
43512 6101
15651 13588
12493 35999
42429 38551
18614 45802
49172 38835
23153 12973
22733 3618
23149 12129
9415 39832
39131 28802
10647 148
7586 5242
1600 43784
49027 13070
17227 43729
10808 17105
10299 39239
12267 14273
5019 26697
26551 21307
48183 11591
49507 33029
31139 15562
33396 4026
47939 169
44839 26289
36276 30284
26147 45648
40458 24363
20543 20757
9126 17128
27930 42705
1458 43944
37439 2201
35263 19885
12637 45020
20460 15324
48075 39612
32704 29508
13456 5140
29226 11375
3918 40993
17627 37891
24214 3180
1766 12131
35346 37740
30473 35033
38657 34227
37225 22998
29352 31053
5467 41704
31762 27143
32103 2677
32922 32930
12215 24595
3181 27549
3555 6409
26015 18495
37802 21437
41754 30165
19646 14613
24682 37708
44582 32144
490 27537
10686 27568
20610 3260
11394 28795
11826 8147
27791 42470
18550 14498
28734 11302
37750 39080
42900 28028
43843 5737
38923 28656
17450 6329
31796 17401
48051 37257
39429 1178
15958 29207
41618 11476
6066 4216
19052 43605
40218 10631
42842 23040
24076 13181
27194 6249
32297 9684
38166 39679
17461 19343
14897 47411
28369 11655
39069 13648
26059 31273
46136 28154
7680 29347
19832 4480
31805 16674
47944 22083
27208 20258
23205 18506
13140 13830
16938 1851
28350 31265
26736 44728
32636 45651
31548 16711
1651 44691
43258 45071
17964 13805
4222 24757
38122 23729
36421 43056
2774 5406
33079 27481
5325 17900
21196 5281
32316 21504
29465 3303
24270 3953
29574 46769
40113 8567
14169 17577
21180 34743
48872 9328
45428 22896
30110 25019
18279 11435
35493 18402
18441 29657
3899 16750
40224 35536
243 35218
30817 45493
40117 41973
2786 15047
5343 2522
49937 2312
42720 27684
39332 15006
12838 30303
30824 44657
47389 41993
45324 2396
41006 34490
31987 35571
33433 33465
41019 27502
42593 5010
14145 33120
30926 24718
1639 46353
2041 12624
14503 5913
8656 6717
39280 40140
10693 24989
38057 15374
23860 17438
14431 19630
8273 40566
36230 32804
17788 36837
11152 15000
22622 13110
17612 26226
24834 34745
46714 13631
41440 38406
12803 31996
5213 21215
34269 4759
24557 7209
6126 45453
1623 48208
38693 44182
38118 42796
27 34570
37839 5953
44954 17825
9671 35383
16350 14201
36098 34382
23568 18032
16536 10889
31094 9334
22393 36567
13244 40254
14420 17599
22223 20764
22870 34647
860 31403
7681 23857
10365 11755
8143 40067
5742 3409
15504 21351
26702 46908
29540 47181
28733 34882
8611 47569
16969 20548
49822 47668
8605 3501
617 1052
44899 8389
40427 11869
49151 25198
42098 43926
3753 34644
26603 5711
3227 7198
44215 35972
7610 18959
17103 47179
663 30418
7379 9526
34057 33382
44008 48833
1250 32714
25092 13393
25016 44092
12360 4735
46742 49879
9788 18486
29861 16102
12588 4379
21730 43418
32886 48682
2753 1650
19923 47756
13155 25969
44417 49246
8333 20158
12228 13844
33271 11370
20388 36071
30987 16152
27578 29844
15011 28696
47886 44191
9285 40096
10242 45664
35071 24378
43612 26468
19250 17645
30482 11155
13185 13476
23319 13016
14461 38553
3736 31339
31271 27223
49036 2277
11187 6141
43330 12028
13834 39164
1550 8818
46553 36043
34852 34146
47978 10208
28414 43450
48534 19913
39747 44073
30076 12221
610 44195
121 22015
22390 41386
46380 2656
47151 7186
10777 10840
24193 2913
41449 20780
20274 48156
48592 13982
19999 20861
30019 21708
17991 1193
31801 36944
23367 38534
19236 32157
37281 23380
14295 29286
47721 24706
6154 13032
28226 9457
41834 299
43259 39325
3025 3085
43882 44640
26174 6423
14806 37740
43719 37652
30771 29016
22683 30850
33627 27527
28998 25668
8028 46728
34958 44977
46702 48052
40618 18615
29024 2199
30187 18573
34354 16213
14610 30323
3449 49909
47742 49704
2712 28077
34604 37572
9239 24182
35410 39705
49600 7862
35147 48794
19291 43219
6271 24436
12899 32596
31978 42803
4742 10608
23188 28056
4732 37963
39668 22561
31370 29983
5431 20794
8270 39981
17730 46396
34504 33854
44743 47155
37813 47479
18498 7452
11711 49223
16326 37438
22613 35342
16934 30072
45431 49118
37829 32813
20055 14419
29767 9808
20090 9626
37335 13705
22019 7427
9570 22462
36655 35920
5854 23459
35332 526
32054 29033
1377 2125
43450 22532
40727 269
15736 38748
2339 31837
15089 42591
33799 10249
38898 32994
5800 5108
25814 46087
10507 4237
18099 24826
14173 15068
46474 46958
10268 30521
10529 35217
9166 6145
22174 13295
12870 31196
32394 32178
22063 1940
40003 2471
8424 29151
41018 39497
20932 33052
21085 46099
35110 8925
22854 18906
49618 8046
44045 4388
27510 35544
16013 8681
40840 37448
23857 41502
11942 17420
20542 41679
33392 27758
6677 2680
44978 46073
21874 42771
41436 28193
25840 13185
31650 11028
33623 37360
40625 11278
29573 1536
47977 5441
11058 6035
18161 34125
12702 34518
41096 12508
14543 6504
6488 28412
48885 2731
15803 608
27719 17820
38562 26784
43199 25559
28283 13024
41534 1318
13200 12625
31338 31673
47891 306
16430 18530
8199 3619
36746 20424
4826 44598
28240 15313
35530 21157
39220 31676
14890 26013
40926 39158
48168 5246
4455 4109
37709 3574
37411 24787
41344 32024
15744 37969
1519 40453
35366 23340
3198 30355
38699 20592
47974 45508
12207 2354
37385 5684
48421 32531
44168 5835
4910 12349
33680 47336
6802 48192
26007 13356
44100 42868
46662 4343
4728 21877
41726 43987
22788 16457
26000 48656
20451 48116
33773 15433
4475 36964
22844 36449
42248 41543
15188 2067
14183 43670
23661 26531
37480 9420
22338 44213
34405 27562
7200 21405
35935 16265
14294 180
22457 25762
13947 17802
44272 27144
25858 22667
23960 4340
23659 40168
4819 35944
41689 35483
20627 27006
20061 29380
20524 6326
16550 10106
34338 8994
13910 32754
48792 15944
45718 24820
26083 37479
44670 15350
45525 28225
19933 46265
34565 29401
43496 19743
48416 46467
18072 32976
3252 21887
34140 39981
48755 26919
21659 43665
27799 19613
27641 1006
45901 29618
31712 22680
14361 34511
44126 4174
37015 968
40559 29676
13 47649
2783 47094
19384 18858
13518 48985
3633 19154
47881 33099
31331 16192
41338 40575
17851 44814
48038 38396
32420 14593
16470 47006
36579 43782
43179 28675
33298 36763
3233 27290
17821 49453
26590 11248
36561 15722
13833 11548
19348 35571
416 27612
10748 5241
23104 9907
16158 48467
9914 17363
7412 9408
13455 15516
10864 44320
7366 19719
49280 8247
2579 22850
18988 17171
38066 29512
23819 41425
4213 32765
25195 38286
47571 48581
13290 22835
36484 7261
38026 11546
23617 39942
7803 25533
38790 34242
34987 20702
47874 38711
99 6431
42485 11099
49518 29914
47906 40203
25182 33000
49271 29009
33475 11802
27318 27317
1396 5864
1924 19588
35020 427
21359 28337
11258 11317
7362 12229
28155 18637
14752 38681
26203 2794
6694 15175
17858 48614
21912 7725
20157 37056
10045 22946
47253 9635
26406 42327
14307 46042
1363 15867
6546 14834
4025 10807
45509 26673
13334 14013
3593 21834
47781 20629
4082 45451
22133 30556
23301 38728
31456 25791
37762 48657
49672 44573
46924 13058
1230 26118
27854 5980
48482 20306
35949 36001
24164 3813
8587 48730
19922 21462
23837 1786
46254 43023
10627 10802
11721 11834
13328 48022
36343 42689
38505 22540
26957 15571
37566 25048
14151 1682
39547 10580
44846 6570
286 600
37881 34959
43119 37742
38189 43337
21678 20637
42056 20073
26534 34163
5489 42207
35194 45905
18867 39524
6310 37647
24617 17187
46129 13590
48037 12114
26298 6861
39938 46255
16486 33801
39117 44002
33339 28629
31753 28369
26444 45028
11559 48084
13426 32037
10261 2491
26795 14973
13432 13646
247 27570
27261 38877
47803 42313
17314 26751
43582 24219
16053 986
36273 33300
17942 46933
7519 17895
1729 14984
33859 6100
15108 6041
17291 14525
8642 15453
11955 17894
41970 44283
38595 16284
3059 12286
41099 48142
37615 38295
47335 28982
47989 29325
25349 39487
49181 34437
47803 6574
22650 34683
31154 27701
24324 45405
1148 13599
16427 37090
45730 22020
8452 13688
35298 23567
4796 20957
4848 12601
8759 37260
13514 23987
6523 23627
15470 41124
32275 40806
27758 4125
30112 24896
46281 49657
44517 8710
1125 47525
41916 33302
3458 22138
27263 36834
8701 11022
34796 3186
4945 17370
48064 2360
22569 40144
25732 37826
45094 8853
1203 6034
1081 18265
18819 32428
49589 26663
20430 5077
32299 31692
46997 11272
44071 28564
20338 25614
1775 3784
4746 27667
21302 11441
4368 8709
15856 36798
15888 43178
6263 46497
26946 12491
14382 22335
253 1956
49742 2881
6219 3442
24119 24696
11622 26461
14783 1817
21239 21378
46057 22799
4117 20178
46657 17493
45941 8329
9779 457
13728 42905
23560 45758
34741 1566
38261 37474
1972 22176
15291 47446
27303 37743
9679 18167
20627 14252
20418 44118
21154 10351
30371 30484
43757 2176
15919 17110
37681 41323
26917 15576
21816 16375
30722 13987
30441 48166
7166 14122
31949 40544
46771 16455
36747 14891
37672 3513
49900 6604
46361 10676
6007 33571
37826 14784
27243 6236
39253 18491
33708 15174
46802 48772
35236 31753
48837 4904
25803 43261
14929 13862
28367 32376
19932 21332
5213 22299
17369 11606
12053 46000
40039 37317
14780 20457
28775 6419
39958 31937
42968 26401
2580 25042
15525 19008
15605 45251
1604 29886
43990 49187
49566 2280
43645 36231
17065 34692
40005 21421
10696 6581
20459 23298
26342 5201
30933 12504
9489 40306
15663 46741
47566 11283
2584 26527
35965 30392
22416 18559
34128 19391
19854 23370
13778 15961
26977 27785
12584 19892
36766 49432
13308 22031
41756 43501
13725 46473
40304 44554
42387 7734
29532 36004
32308 34739
41900 19134
46424 29887
25526 46193
44687 38847
48192 16037
6934 22623
2388 33649
44874 45352
1018 33143
15654 47386
26623 47323
39323 27459
3913 3409
39387 48762
2853 20093
29141 42526
27506 22551
1659 29674
15137 30082
22579 30193
31286 25573
44719 10380
29237 45466
20997 19100
42202 30204
9937 30268
12809 9220
16953 39041
1557 23407
34515 37733
2301 38792
37898 11220
49627 36544
45245 4172
11321 41899
15323 46537
48918 15331
1845 23614
22882 27280
45864 13579
18215 37446
2204 47670
7607 44587
34392 43657
30376 12111
31316 43123
35615 17199
49005 24777
3027 30118
17913 49639
38135 32599
46374 28156
5314 22439
21047 23203
32632 30017
23646 33513
21508 33505
48632 16445
43064 10247
1673 14073
27052 7389
23794 2661
13212 23452
28949 29851
41703 44112
26243 40011
35522 26482
8625 26384
11325 41533
49244 60
47087 9185
35128 20092
31573 41785
43279 19720
9588 24542
41286 26274
43789 42385
3960 30334
9360 2701
13119 19934
47729 40109
34202 30505
26039 