4866598667658152010783156862066634911097475855624820849152036883598244101206395723761054108592581049820499106720126344247653103476692524921065569734358977545239495989966749693785884656934365514859791144737647910737259637314349683747571051079831662205920786871541094723679485208731420268439310794103767852048202337110753715769581107493811075693933148649132074475109120578103848264756368610337207411487753582057766674205621478643
16110991073109101110447838848594820998999834961420679464493744137312048224798206205102316448971209910662095112097594920854812203649610147245369862202055105206998101010868594878209710585456920684934747731089772012010991099364120123859785943111374676539645157799685725520493581085661039910945411107810149208581354874158886799496920655378316851593767552033633731034203799323986461025520714492109326131651410
3164910943310875879685109104107910221071223206935920583439161096955862025207115749931056587852055233339367314421220988847109687387120102689581388220820167352077257910986943958108425164910814434939511582010489387921577410567481020713672397510467352088921020220510311123366110786866205110826238148720497265
5586265791065748910208399436910224769573524399204731059126981489597414262023111205994698244677976397554916898810984558234209444514382020642077736635464776205945214794110939897201320659943395851098988208104108723824234668368411020347611388202333495510976148695531069513865549991103985111072233767868941261026
139387823104410464859165789975861333596166610378569993638947943146108959499658696679208491687166491444639854584988343137843658657862637108161252094462236871104205852376216168589971057587257961013977863772032499710236158745699977822109968988757261053483838582615620774566767664581325825106203848593884720204495847385984396107732047
679787438945798471410674133674252458723105761559438161638522055562142069782123484444820471698448356120108143315915820972047935449324643648448898642063610455562013202095842066720891035266882110106378724397207669238224268201081543102353888462331072494374323965797596833248
364658365433388393792074499912083724464861510795810876677834741208722078937482056825205658669978887753587910972099793923552062337106814820686812062109347657220584161016553312110201014756201147599720520264654338872083411057964224334692131656574103165777399999232088775583757489737667310104447342104146710693624523682624857473958539736326394343310623568620879375693693108108876863259562392041074957312366893997144391
4591534822047799256479710771211012110866587458582477220631420233837456844783149203483345669810420610778871256103310497103895988108872315746947266966764996109974773491081089142343776335110544439632059593109320106810112038472582043920989220553410208488613244220246471047820852559571032448105462037449697777895323203769388820399335245168669207346101167689478581324595863753515539745582084
1524107883651382053887107947822385741039599544385141020520620985142087895463985579683109152516107620914979722010391010108833236376910888593415995757203824810513993352463155107468311081204910866837323498208110441320856109615447208434834671310344785546253731081204734871058484362391634913720867897874107142207947453102206996104162055589221088316102420475310472445
0
