4920838892433537620971697223877575209533853766887258861394726811095738742099610478641081011577847676720910846578513726899371088236886662536156102688879883784223101093265914257614425267976672033958386448510791061012020320208101576522042169745952052210841098779439204371024955268252324452
26443531102101016916726373201048169965551642075220952688311143566141220434856920210209710365585510813979979587710982322261102561488820634138913683991083748669392109748878837886585946657102022010206552107910102039161063103678676868239947337688862394389958971013843979208893324205878842039710741079771059595725966646265864224102067451062054331399942258838
365974473638413855234972242453811251106584820513876978592258336108108535420410420971325104655233842084616865472052202085221363976645548386642269209753925202312356545874895710610766767473455744921668462110899410720110611023599894578124107203533872664598231082204878877841020361081355798524559
473857442263937856899996123341313576339131587962020977981078420348101052420138910516685471510144245121023820720687109915912658856552312371621023911038756220379109584989656592207857893714883848789762620944936538763979885551389632639569207454202071016582697668510987249710525
5624215969498631102579569754589398820103712494920345756652020886875937546512479956571595794334583246673878209944623387810771052105220699351086715632388681469631107822310712688101207921078522241201020925373894374596411477578102068866439720945122165320255112549137521343967949102020599205104989443415833
2155610105798462466157824993969642091072474810884764611051544436878253673761211202081086994344916985435937573686847999688839347951021225568949169456110882620795224109310510820579393863847684546772461523598562201458107747385210203713621042089363432048258202208713148816972201310879342220111055916547456
259525947148202463413571043310442072039712034202024431121135696497326878204207620922574862096543652072020104649201673973104457867269202072155892354895667549108105376368866995552208123922097106442646456449444138341209764476751444844610710358343973487372094868910101056748714397492037145743620656814462420110267598138320920410520694686516598320351078977887637163257
310967221312538442085544882069310798732397106733465810848414689776925699455975748772013397966933833620364753641047393936937268810134614865996208758536875723478756204920778794138673246496547386682689536766688782245481520314771054541206202091561097682089873399982469208210683771088338743321039113612086376113976499911220320475399694162203654215659395535714921106492382033382099965207520520856
26433349104487532036910105563157754665659423973987571041310210433987161047811025977587241031098209497374833435961055103115777223987971087449220769133131388208206775258810911412010320976676257378965320898412547725810697964477539620205108898546949798387778597578787839465105203205688658651098103636254687436767543116931065820945742164678569542107689677213437645773593110762036247689352071379437104811020799478720759910825121478663885102058655478710610838858642054
0
