69878203775697911095410910595358104101048378538884101220879499520648633203615262323713554358833672088389269747348472135871574545386857398476512032049879768755737893777532016331581124115724314548492039785888491089891388795824659849997323920949587711107468420846874784761647103216988666212020365884494882337620675969561642101057973106208467102079244367376943716477203204201054758226310667209479593844
421524410853125494567994968206782387255745499659102516113734988469622371020514768679563120868742201115954761247968685823113887610547949785588796768659262020822479931010920775787552010910253439862205996991076810576692669245959220549893203544148520798420822098203932088104864684269345352109859147754710383209666471108109737336771202543922012109520497436771106379759695712094447859697251
46358443782076458488773969712076138209487494510611026514754894920899812087922202246958743771591098247496773989562074209431069564759246104788365774872098938656986821454521310345226578861107105345713209798382077106136722559457381391323944258107966149204988110367165657252425471057461077863939979939652238456374975878233996245739742082068889694541082038104771081010811
68816931206125310649941078657208758367446711010206243520104710794202074355782457206892072438437446513520482688349973385232481384743221512691538358986810372621568471487687525810997531677104939910789557698108753206313395374812042209110849881208831579498992109915431356493203869869695864739108101085964984871036107207739551207310854498612596823999205246267925310366762096
549653610207710743103898168388867876716754676868721148886868710626204874864832363688677410396786584122079725310364105579737669381025662058451043652010108633104208867761057995135245773969144158397114999320959667268201441107110816374520120738899711056720203131331015264391053384210565577775112675165325871246324435715854844774445897314859678
231073922567593310220584108577986969873573552610777215266785748559642107110848777549666583941101559587576102097794103244339116201020105920715965694831037965910672089415641620856898373669358894685443959256878420141053333652038736388358634106687699981144315575784542078877962204682072074410414744743984834256682032098675998463798578520341561064866838473207799786788889116476941693631068235325586741097738316954742320239787681389203554992262
371582036106389153984106513116699639104207454820392072452013636839836582567791010769763472113833897443664396244939613220210639212201020693913612024105893725566434220393375472059476720643844753312255358954463684755872391096561352311020220104781071064203142202464912696713913855487916220720210520489979103922093745799483985203978102010920148988651075825520585467468420107320
3161062494149920212097223912325235110759758751023747848932069968205349366392549534520842045752037892420131082089910434892026915351015774747579201359415837106472499643997591059653667865974772010133473761546578149759815568362588111381098768362096339879249410102643585208734563845826384449338479883367201107510202620
3389546847899998108210510788958108204831325359759465104785645526113216776883921483495736857749652510968888965378410311051010108710814253201048923208664999638743107516985758497816109203349108134147795421661347892209961046149692104545971078688466431088610696397843433621102010205999695558920202089886564896205549821064144267691092447364257520773399883932420649467585220636732016720951203832688156336644910383342355966201092355684661081
0
