413434210201046384720372432562565736257696789209208204448864768954888107521010756437841216816721651010771093995220832025120253466710396516233208985381520471121047677857762371091010107201044888563720520541020246555872020474824201593239710388489888367554952109432085832469885226106316924977548464865734944484571143892077166797720255964977941020892337766899957
3772249156815672520714588895208465111205511610858563858205961265925816679797534204543858732696998323822068921205778107623126915511057479788876813813874106475644810892323243247884672263688858387373126372020107695657720454813712207203857886854888873779620320443
135920962388102208593824213106268314997672083533108537473794223989723720592052095316335714369820711483107720589201021567810869479444251220846104871045648766998205699157125383738102641494714599820795935106436731085354544739715676782082395731209684209778258743820865374209499356822538882355616658587789487935981610148858
5685878261686137206206458888671047876651695948162269510765859375621588320766822020978203109789158201102396949969207931083325103833446992085342058632153942205556110677573363886486103369725873887539265120342620346895759765951077124263326152015994842388562047445488310538209815939109311420201399378599989826241073495757992048569366201087210209245107425774120699482203722053820957209139877
33152310720432052076489207249863711010255310358563596910996995203447106109684941310710475711547642441068879373343268959101014649835391399392010320349811558588844391076523662522684731437152014939103233108102112036847348614710541235512089944847916725525397563103886736121449992473876847910
2678735382209471010575761020369208969977320995320951697887991045726335924251120974987532078695733858935664310203522478610368447135882452410410879311068379336848632382209968123364209104657205653109720559743891098683816261057166251641410911583920220545934208416941220523103412051101042209737223352144624445953693693816666737492266943967
3824879997209116725120910396242202389661044107738102552015206910955794793126158573431375167766311056867735107457810239210210811103841568933777555742415334610561220371031079410363789310375763623542072107752152061667542079101035499106489899483757739889735234639684149710841020783695147496726120488796812104320477133553897105208208374387921101564320986420482591
62583653116874767761057579869266423965612078933871393566204208776207757410247465754248875867856234746633203958837201244968768716874987159858103415207711091220934773253481206610394812522102496620981544881209748567488916949512592494485396716836549920120978669103220765162447202516896810471567520477839920969552085720320106110810835439698849204775421
44745553557651022104710156206344791207661246711477861037613665131056235434423346332132107879934673963975854478884982207489156154557861205206633896310947845813842010131039655339520107375468562031089105310458132076388473366399621208945136965325478452399610920978103138844203437346861053847252023724310102088787532482024226543201107820472686943810585639837151102039266208379731020103846544
0
