316656102447141066966106395683483234108885438324561047688241204224852101268620537163261310763573364455161094938858477542097249910636967882088255226442062310937101525696220752105810512569416454399697581095921033851076699482105881020497314102093102025232072371103208334442364610208226788724958476235959738772010765361020
4796207962416437412414837351372076715433101095422016635457108687539820952088633445108109631311357785678589913124810872084441088211553469208769737959513654207494441232205882695887684464103437796478688822552039371378968886266912398358355891371094875941065463478989862065636961557454538145107563677261237432077738153101
42205214622247992115998799206776559614347169613324763876124755106312047468777103520764579794203447210920110210758741147578893654544595412014486654813877103234101016956973910123956879510741064263320591147679251631039233226220112014622393154433
67109438374353562652231549963656777257378676549102031259679838794461013262202034533478310939862201015611379810452041135972396767496331493549102478893688369544989896225791039473133254169933212010388436559156244988414761410783449899811631058481587469681086782054202087139941378724420978799820
59738322610831103836958853847898101069733986207957102058889641091015920495376797258579633420610578552152626849347878841253820545512208767102571013374531043478794638749465368768911025109352036920848825913763766614655410422510746331084322662523399139336821026753584208713912647761667220201120206762097105961410920824820544594995246910371010736991047971082051072084
688588825262083109137110487695266251095955205816510761095951016554566672043674103879220481020658945920649614106496201057498514947897820996851078397794772688939496834720979122020779777443412692156495310103147721088649510103788646310535483499206202112025899786741054665588688382233511369789102093107109649731262031105720421010810101479108515520734425499411434653362103765456647726953761045910376469108989815953831073535712320
15683920897109104958316206479772104143204106410546223552388432115988557978921420524936461349109951112034887206342624926799489364821123358162247658896620833937716962213638868397134410957541091032520694725410423878841410164443
59491372147949974212015585788148969556854692038987783531078541476332568433483561093834377946548726988332037820994362055381057615867474748778896359151038966985373638952107964205491655464410931459341078354742531637875669202410753210691020855916874662094968720595747696885269436546101257951668589472264163204710103779843691565252105577651010752375511620494104982102097985896598751035726233969665742497677594381095206878485664976101020310987
52025683453787103779210395897812226872322046579106439646986582067912097326131037735774102359769257426385642099933432022357569368610892532520538136310723764787814588692337374679237462097222539785259572549266344539444724212610442214448669744347208455101371061081043753
0
