325108437610784810547437243899866767734258245883101620124855587982520313795781097783965245852087881039523520594593158207109920883764156563871215664610232055585106997135985452099332472089797988109649910861476484874795979743738210949988812020892691585910132012205610881054165810769264820222667838823974856984874797952210209459859169477836954656
359638856511038245861024107626209264312581086394372022051110356768368202089920424251334667235849364205614220106975795372204631562057810997399789103339626220773310516745823310624103574120435968785766667974942056946942072044531388893636994932051561015679105548107106723262206395375510336921373484835582572420103120208820972377779658209473656797749766610202695337756101084688969637952108131472438104206881
386943787936458875209513105479999108357999720489961126474958987220867842488520626547643234433104782102063810348442076939786485102539252016595788835210433999814855120671693583201593741456423797610102086204207868557207935322053568139424610209653720820782681341561169785166139982071056910411020910610771057101041596710612012534835120983387725886662051098510154167104101056425310105835832010782078974585720154
58521024920312202073210491453111581083154524634201324820610392020674410214799726472221054691557975847967820648154745820649753459416106878784241498820833387984687415102086201058343810433120158365688257610649423641014871048820899893102248348722207856798347525520214720320163255
4686855975667542103786746676477947637953734632026310398810564551010813831335688266423474765720846923420785572092105846244131076209208375242063992398921424861046346233202156961092063377773897864892079399662095105109635111699983720312678778758202511571109720723585826745320210765342041259746986961413983331016758679376204239244773985
49586106678254825515762673767878498421493101266344841251099868520731054836876720378994779515881499677855857536357253683482410337145322684858258788973124387148785610952043105878565671394988101247269892064989314322587208153764531539988826984996478441078573714885209316
632056267552211037788725120962587494232058553104375153797565358123564997381014477493998207775251259264537168204581061696789352044672120671206154887103810220101093587987764467920920468965865513957692659649778379663994333109682049657497997463424153779964410749410912347895953856472584862010201097745525882099147216643454761091487661013258784310265
6473663342133823438882093933120963588339710357244236669884202057695826594595894610748337498210155835215792356425785920792257137676979864104331141014771107205784320535321073661445346916420333846886220484111520234153208768243339458320967510921024634875441691641026109205461088554372056555694547879667582248791389620322021
5987858797167104162591137110510399587793810898587612075936387610542366872049610746626796620837741525889542677107724710820741108783783853649256720810977159520588448596872101493984894948839675647956773141048949768715738591043810109652142567263959577756142042138894471122154167725591010169779685233869934748106596439108312036206981494875810881
0
