623463203689337967592259159972209665120910245146881088981432205758874320714102020102053665783989898736774334208975354264998748942695668721610720331210320792212201023783876562216381644321077206777692420657810761379698384687692204910363922420820483681551258364681120593592093568487461211045574783792138557715820395832084766978753937
233213888995781101075732633755310262251079937725101339943715920620467203934144267771310654748496324101668424781264799739102413578997644855205378336202071202620842252085541420967971099861226943679620374315911062696831047711136848491036532062324
1209495931113154572058997999599876209102073346663311576616545975620473435410695310376539203631072014967513204208898392375894420823377595226549314997810379236654797120933851088369782057665205647574741108515422206362043134320410465247796108973369462021342202267822093796266388159677379205810848397209109834259634720782055822023785820588102386966383848681075998246858942678203786208753439669116510245920520933389
578911094896858712064894210820252167208159952093888871098205816578796661058755489920208355722342102106781481048571613132076372059677551120735922043737207962236236116991110205945205520816416839203115468109481520575381059207657942095136589251064968226946984203895682586206881095514723494747248649941495867871015542032067
492410622361610835141371334101084751107837169920202113322151563585169811161074955209921510107526845521055796681220110376169220253993336108316993668597210104201386101468641208364254102344981691336472558938948943694
41511696225679131359831420491020201095101571377610768964571067244204311458514776521311037206549744515365624776858926102644791626351135572095374110623772210520822320982054367666835867365848344163996938455107157810858559423425483166883674355733820787205108
4242022209264779646420536410867320431087647920106423692599138643983691257201049368952203247203103931584105991383371234975843216205620101247487162091420852084782420510869252671661037724838742210893498142383320881037344967744697201109389564262695458793262209520731624486368878
688120681145107895597201241592591041073951596206315772068210108710494108868897852487720239410725712698589939820362682051043661537552323893661135766891379687569855887554209368105976201591082041555833573653389207691083625735103452110911071411107432695420644799101097662088120610441122037883569863862383523449203420558947825101520104836645737833
65531422065741113582055496797871391676866520148489742048321076961082012042069966257643768920793989675763137364746314985120437768782054438857611202077512048736931083595934494253738207139399884897743597991023510109542531657862059325335786776788978201072535201549731067389844310947694853831034634620756697321510310264783785232352466105162559534756658361051044220578582146242259
0
