60 70
0000000000000000000000100000001000000000000000000000000000000000000000
0000000000000000000010000000000000000000000000000000000000000000000000
0000000000000000000010001000000001000000000000000000010000000000000000
0000000000000000010000000000000000010000000010000000000100000000000000
0000001000000001000000100000000000001000000001000000000000000000000000
0000000000000000100001000100000000000000010000000000000000000000000000
0000000000100000010000000000000000000001000000000000000000000000001000
0000101000000000000000000000110000000100010000000001000000000000000000
0000000000000000000000000001000000000000000000000000000000000000000000
0000010000000000000101001000000100100000000000000000000001000000010000
0000000000000000000000000000000000000000000000000000000000000000000000
0000000000100100000100000000000000000000000000000000000000000000000001
1000000000000000100000000000000000000000100000000000100000010000000000
0000000100000000000000000000000000000000000000010000000000000000000000
0000000000000000000000000100000000010000000000000000000000010000001001
0000000000000000000000000000000000000000000000000000000001000000000000
0001000000000000001000000010000000010000000000000000000000000000000000
1001010000000000000000000000000000000001010001000000000000000001000000
0000000000000000000000000000000000001000000000000000000000001000000000
0000000000000000100000000000000000000000010001000010000100000000000000
0000000000100000000000000000000000000000001000000000000000000000000000
0000000100000000000000000000000000000000000000000000000000000000110000
0000000000000010000000000001000000000000000000000000000000000110000000
0010000100000100000000010000000000000000100000000000000000000000000000
0000000010000001000000000000000000100000000100000000000001000000000100
0000000010000000000000001000000000000001000000000000000000000000000000
0000000000000000000000000000000000010000000000000000000000010000000000
0000000000000000000000000000001000000000000000000000000000000100100100
0000000000001100000000000010000000000000000000000000000000000010000000
0000000000100000000000000000010000000000000000000000000000000000000000
0000000000001000100000000000000000000001000000000000000100000000000001
0100000100000000000010000100010010000000000110010000000000000000000000
0000000000000000000000001000000000000000000000000000110000000001000000
0000001000100001110000000000001000000000000000000000010000001000000110
0000000101000000000000000000100000000000000000000000000000000000000000
0000000000000110000000000000000000000000000000000000000000000000000000
0000000001000000000000000000000000100010000000000000000000000000000000
0000000000000000000000000000000000000000100000000000000000000000000001
0000000000000101001000000000000000000000000000000000001000000000000000
0000000010000000000000000000000000000100000000000000000001000000000000
1000001100000000000001000000000000000000000000000000000000000000000000
0000000010000000000000000001000000000000000000000000100000000000000000
0000000000000000000000010000000000000000000000000000000000000000000000
1000000000011000000000000000100000000000000000000000000000000100000000
0000000000000000000000000000000010000000000000000000000000000000000000
0000000000000000010000010000000000000100000000000000000000010000000000
0000000000000000000000000000000010000000000000000010000000000100000000
0001000000000000000000000000000000000000000100000000010000000000001000
0000000001000000000000000000000000000000000000000000001000000000000100
0000000000000000000000000000000000000000000000001000000100000000000000
0000000000000000000000000000000000000010000100000000000000000000000000
0000000000000000000000000000000100000000100000000000000000000000000000
0000000000000000000000100000000000000000000000000000100000000000100000
0000000000000000000010000000000000000000000000000000000000010000100000
0000000000000000000000000000000000010000000000000000000000000000000000
0010000100000000000000000000000000000000000110001000000000100000000000
0000000000000000010000001000000000000000000000000010000000000000000000
0010011000000000010000000000000000000000000000100000000000000000100000
0000000000000000000000001000010000000001000000000000001000000000000000
0000000000000110000000101000000000000000010000000000000000100000010001
