70 75
000000000000000000000000000000000000000000000000000000000000000000000000000
000000000000000000000000000000000000000000000000010000000000000000000000000
000000000000000000000000000000000000000001000000000000000000000000000010001
000001000000000000000010000000000000000000010000000000000000100000000000101
010010100000000000000000000000000000000000000000000000000000000000000000000
100000000000000000000000000000001000000000000000000000000010100000000000000
000001000000000000000000000001000000000000000000000000010000000000000000000
100000000000000000000001000010000000000100100000000000000000000010000000000
000000010001000000000010000000000000000000000001000000000000000100000000000
000000000000001000000001000000000000000000000000000000000000000000000000000
000000000000000000000000000000000000000000000000000001000000000000000000000
000000000000000000000000000000000000000000100100000001011100000000000011000
000000000000000000000000000000001000000000000000000000000000000000000001000
000000000000000000000000000100000001000000000100001000110000000000100000000
000010000000100000000000000000000000000000000000101000001000000000000000000
000100010100000001000000000000000000000000000100000000000000000010000000010
000000000001000000000001000000000000000000001000000000110000000000000000000
000000010100000000000000100000000000010000000000010000000000001000000000000
000000000000000011000110000000000000000000000000010000000000000000000000000
000000000000000000000000000000100000000000000000000000100000000100000000000
000000000000000000000000000000010000000000000000000000000000000000000000000
000010000000001010000000000000000000000100100100000000010010000000000010000
100000000010000000000000000010000000000000000000000000000000000000000000000
000000000000000001000010000000100000000000000000000000000000000010000000001
000000000000000000000000000000000100000000000000000000000000000000000001000
000000000000000000100000000000000000000000100000000000000000000110000010000
000010000000000000000000000000010000000000000001000000000010000000000000000
000000000000000000000010000000010000000000000000000000000000000010000100010
000000000000000000000000000000000000000000000000000010000000000000000000010
000000000000000000001000000000000000000000000000000000000000000000000000000
001000000000000000000000000000000000000000000000000000000010000001000100000
001001000000000000000000001000000000000000000000000010000000000000000010000
110000000000000000000001000000000000000000000000000000010000000000000000000
000000100001000000000000000000010000000000000000000000000000000000000000100
000000001000000000010000000100000000000000000000000000000101000000000000000
000000000000000100000000000000000000000000000000000100010000000000010000001
000000011000000000000000000001001000000000000000000000000000000000000000000
000000000000000010000001000000000000000000000000000000000100000000000000000
000001000000000000100000000000000000100000010000000000000000000000000000100
000100000000000000000000000000000000010000000000000100000110000000000000000
000000000010000000000000000000000000000000000000010000010000010000001000000
000000000000000000101000000000000000000000000000000000000000000100000000100
000000000000000000000000000000000000000000000000000000000101000000000000000
010000000001000000101000000000000100000001000000000001000000001000000000100
000000000000000010001000000000000000000000001000000010000000000000000000000
000000000000000000000000000000000001000000000000000000000000000000000000000
000000000000000010000000000000000000000000000100000000000100000000000000000
100000000000000000000000000000000000000000000000000000000000000000000100010
000000001010000001000000010000100000010000001000000000000010000000010000000
000000000000000000100000000000000100000000000000000000000000000000000000000
000001100000000000100000000000000000100000000000000000000000000000000100000
100100000000000000000000000000000000000000000000000000000000000000000000000
000000000000000000000000000000100000000000000000000000000010010000000000000
000000010000000000000000000000000000000000000010000000000000000000000000001
000000000000010000001000000000000010000000000000000000000010100100000000000
000000000000000000000001010000000000000000000000000000001100000000000010000
000000000000000000000000000000000100010100000000000000000010000000000000000
000001000001000001000000000000000000000000000000001000000000000000001000000
000000000100000000000000000000000000000000000000001000000001000000000000100
000100000000000000000000000000000000000000000000000100001000000000000100000
000000000000000000000000000001000000000000000000000000000010000000000000000
010000000000000000000000000000000000000000001000000000000000000000000000000
000000000000000000000010001000000000000000000100000000000000000000000000000
000000000000010000100001000000000000000000000000010000000010000000001000010
000000100000000000000000010000000000001010000000000000000000010000000000000
000000000000000000000000000000000000000000000000000001010100000000001000000
000000001000000000000000100000000000000100100000000000000000000000100010100
000000001001000000000000000000000000000001000000001000001000000000000000000
000000000000000000000000000100000000000000010100000000000000000000000000000
000000000000000000000000000000010100000000010000100000000010000000000000000
