90 85
0000100000010000000000000000000000101000000000000000000000000100000000000000000000000
0000000000000000000000000000000000010000000000000000000000000000001000000001000000000
0000000001000000000000000000000000000000010000000000000000000000000000000000000000000
0000000000000000000000000000010001000000010000000000000000000000000000010000000000000
0000000000000000010100000000000000000000000000010000000000001000000000000000000000000
0000000000001000000000000000000001000000000000000000001000000000000000000000000000000
0000000001000000000000000000000001000010010000000000000000000000000000000011000000000
0000000000100000000001000000000000000000000001000000000000000000000000000000010000000
1000000000000000000000000000000000000000000000000001000000000000000100000000000000000
0000000000000000000000000000000000000000000000000010000000000000000000000000000000000
0000000000000000000000000000000000000000000100000000000000000000001000000000000001000
0000000010000000000000000000000000000000000000000100000000000100000000000000000000000
0000000000000000000000000000000000000000000000000101100000000000000000000100000000000
0000000000000000000000000000100010100000001000000001000000000000000000000000000001000
0000000000000000000000000000000000000000000000000000000000000000100000000000010000000
0000000000000000000000000000000000000000000000000010000000000000000000000000000000000
0010100000010000000000000000000000000000000000000001000000000000001000000000000000000
0000000000000000000000000000000000001000000001000110000100000010000000000000000000000
0010010000000000000000000000000000000000000000010000000000000000100100000000000000000
0000000000000010000100000000000000000000000000000000000100000000000000000001000000000
0000000100010000000100000010000000000000000000010000000010000000100000100000000000000
0000000000000000100001000000001000000100000000010000000100000000000000000000000110000
0000000000110000000001000000000010000000000000000000000000000000000000000000000000000
0000000001000000000000000000000000000000000000000000000001000000000000000000000000000
0010000000000000000100000001000001100010000000100000000000000010000000000000000000000
0000000000000000000000000000000000000000000000000000000000000000010000000000000000000
0000000000000000000000000000000011000000000000000000000000000000000000000000000000000
0000000000000000000000000000000010000000000000000000100000000000000010000000000000000
0000000000000000011000000000000000000000000000000000000000000000000000000101000000000
0000000000100000000010100000000000000000010000000000000000000000000000000000000001000
0000010000000000000100000000000000000000000000000000000000100000000000000000000000000
0000000000000011000000000000000000000000100000100000000000000000001000000000000000000
0000000000100000000100000000001000000000000000000000000000000000000000001000000000000
0010000000000000000000100000000100101000000000000000000000000000001000000000000000000
0000000000000000000000000000000000100000000000000000001100000010001000000000000000000
0000000000000000000000000000000000010000000000000001000000000000000000000000100000000
0000110000000001000000000000000000000000000000000000000000010000000000000100000000000
1000000000000010000000000000000000000000000100000000000100000000000000000000000000000
1000000010000000000000100000000000000000000000000000000000000000000000000000000000010
0000000000000001000000000000000000000000100000010000000000001000100000000000000000000
0000000000000000000001000000000000100000000000000000000000000000000000000000000010000
0000000100000000000000010000000001000000100000000000000000000000000000000000000000000
0000000000000000000000000000000000000000000000000000000000010000000000000000000000000
0000000001000000000000000000000000000000000000000000000000000000000000101000000000000
0000000000000000000000000000000000000010000000000100000000000000000000000000001000100
0000000000001000000000000000100000000000000000000000000000001000000000000000000100100
0000000000010100000000000000000000000000000000000000000000010000000000001010010000000
0000000000000000000000000001000000000000000000000000000001001000100010000000000000000
0000000010001100000000000000000010000000000000000000000000000000000000000000000000000
0000000000000010000000000000000000110000000000000000000000000100000000000001000000000
0000000000000000000001000000000010001000000000000000000000000010000000000000000000000
0010000100000010000000000000000000001000000000010000000000001000000000000000000000000
0000000100100000000000000000010100000000000000010001000000000000100000000000000000000
0000001000010000010001000001000000000000010001000000000001000100000000000000000000000
0000000000000000100000000000000000000000000000000000000010000000000000000000000110010
0000000000100000000000000000000000000000000000000000000000000000000000000010100000000
0000000000000000000000000000000100000010000000000000110000000000000000000000000100001
0000010000000000000000000000000010010000000000000000000000000000000100010000000000000
0000000000000100000001000000000000000000000000000000000100000000000000000000000000000
0000000001000000101000000000000000001010000000000000000000000000100000000000000000000
0000000000000000000000000000000100000000000000000000000000000000001000000000000000000
0000000000000000000000000000000000001000000000000000000000000000000010000000000000000
0000000000000000000100000000000100000000000000000000000000000000000000000000000100000
0000000000000000000000000000000010100010000000000000000010000010000000000001000000000
0000000000010001000100000000000000101000001000000000000000000000000000000000000000000
0000000000000000000000000000000000000000000000000001010000000000000000000000000110000
0000000000000000001000000000000000000000000000000101000100001000000000001000000000000
0000000000000000000000000000000000000000000010000100000000000000000010000000000100000
0000000000010000000000001010000100000000000000000000000010000000000000000000000000000
0000000000000000100000000000000000001010000000000000000011000000000000000100001000000
0000000000000000010000000000001000000000000000000000010000000000010000000000000000000
0000000000000000000000000000000000000000000000000010000000000100000000000000000000000
0100100000000000000000000100000000000000000000000000000101000000000000000000010001100
0100000000000000000000000000100000000000000000000000000000000000000000010000000000000
0000001000000000000000000000010010001000000001100000001000000000000001000000000010000
0000000000000100010000000000000010000000000000000000000000100000000010000100001000000
0000000001000000000101000000000000000000000000000000000000000000010000000000010000000
0000010000001000000000000000000000000000000000000000000000000000001000000100000000000
0000000000000010000000000100000000000000000000100000000000000000000000000000000000000
0001000000000000000010000000000000000000000000000000000000000000000000000000000000000
0110000000000000000000100010000000100000000000010000100000000000000000000000000000000
0000001000000000000000000000000000100000000000000000000000100010000000010000000000000
0000000000000000000101000000000000000000000000000001000000000000000000001000000000000
0000000000000000000000000000000000000000000000000000000000000000000000000111000000010
0001000000000010000000000100000000000000000001000000000000000000000000000000000000000
0010000000010000000000000001010000010000000000000000000000000000000100000100000000000
0000001000000000000000000000000000001000000000000000001000000000000000000000000000000
1000000000000000000001000000000000000000000000000100000000000000000000000000000000000
0000000000000010000100100000000000000000000000000100000000000000000000100000000000000
1000001000000000000000000000000000000000000000000000000000000000000000000000000000000
