150
4495 3583
16596 18575
19140 8841
18511 5444
13216 17382
8100 25070
20139 6255
4872 24050
12994 14964
22815 8975
18017 19028
692 8101
16435 25423
28756 3237
9561 24356
21309 17900
4754 779
18642 14295
27678 13836
256 4439
20642 27987
13601 16092
5427 6912
26592 19734
24772 8883
16003 14489
11270 878
28013 3140
18746 7373
23339 4237
21961 4494
26706 14542
31193 23750
133 12406
11676 16049
9605 28129
21450 12713
3699 30299
9087 30873
12784 2224
27998 22127
16978 27045
21253 14565
9866 25689
24567 20362
25370 27495
9766 20284
4709 13007
23048 24451
8539 4957
27616 4944
24215 8733
10588 26416
18314 21638
15922 18022
10775 25291
25418 5479
4414 1470
29577 22159
3536 27310
1865 26434
8948 9075
29690 15602
16987 18859
26878 20367
12281 11905
4225 2211
28535 13218
332 4538
4504 3030
22026 31727
29753 31170
15215 8220
17305 13451
17734 7399
18451 26674
30718 12624
2960 26420
12348 24443
10982 23413
26515 19859
11149 14569
26335 18366
25534 7994
20258 4255
6460 23358
31342 11634
17903 5453
7106 13639
24222 31225
26711 11612
4109 688
19080 28999
17895 20801
13201 29119
20215 11575
24423 5646
17337 18448
9285 27276
290 21031
2167 1498
29718 25979
10576 18233
18216 15245
9320 10034
20295 1780
11049 28283
14657 13796
31993 5114
10663 708
30356 25273
29836 9273
5888 18273
15332 5957
14049 8565
21582 27066
7875 23232
31797 9732
9941 19582
18280 27619
9243 24713
29120 21584
22699 3057
25403 4980
3966 5894
4112 23691
26673 4503
4463 24796
18800 22488
28711 16112
3540 14782
9961 5622
27665 25723
22352 22930
8506 11834
8131 21873
5471 25697
10123 5304
215 17598
3724 25853
16616 12771
256 5284
9917 13335
6898 29615
26907 30829
31009 14721
26048 9286
28849 28663
4345 1899
23619 11033
