1000
3245 6297
2154 2208
9684 8248
7132 593
7932 3307
4190 5561
3896 9670
7172 8284
8052 7864
4073 6314
6938 7051
9884 3213
6141 3790
1037 6284
9354 2176
4609 1293
5391 4141
6216 1715
8233 6229
605 1328
4939 9298
5062 1736
5644 7927
5123 6002
2837 9592
6141 6687
9969 4534
9318 5486
2524 7127
8952 2029
8321 6168
5144 3038
6169 8105
8460 4043
9707 4189
6311 7569
5479 7653
2761 7824
2233 3205
4275 6358
3789 4628
8056 7377
5894 490
6284 3854
6165 4402
7356 7698
1280 5370
2917 8239
4310 6219
2277 4473
1297 5467
8530 3533
7429 1273
5747 155
5336 7682
2972 3596
1957 7526
3307 7978
3545 5335
2095 9062
2616 8826
5831 8212
9575 5722
9880 2664
9962 6963
1164 5227
6225 7917
8785 7163
2631 8945
1452 6030
2810 2516
2318 1932
539 4955
267 5582
1274 8556
5510 7638
2829 6342
6791 2627
453 1921
5859 9626
1764 3499
6398 5939
6707 4740
5706 4607
1545 8595
8578 4008
3728 7918
7328 2110
8145 9649
1820 4268
6203 5075
4261 1246
5129 1568
1751 8488
1948 2356
2147 2072
1983 4277
268 1094
5348 350
5799 4790
607 2334
1740 3577
1549 5193
6284 108
6194 3888
3504 9658
8510 584
2771 2673
8310 5957
6583 9510
1020 7402
4106 7910
5050 4969
1163 9987
3399 5545
8615 8728
6406 5632
739 3438
2605 9259
9820 3824
6533 4938
2353 1017
7107 5144
7595 4397
2649 4579
5376 847
8551 761
3105 1694
653 4860
7754 973
1459 2765
3207 75
9131 8360
7184 6827
8701 395
6485 1470
3377 7256
8563 8869
275 1955
1683 4704
501 4001
5417 3877
8775 4052
7642 5455
5308 2777
6785 4855
6444 9094
8261 6626
3516 7065
7186 7786
7755 7159
114 9138
6949 1451
7260 1605
3663 8002
9025 7232
4470 9836
3902 6865
2206 1632
4153 8612
175 7772
5315 1369
5766 8595
845 9274
6970 2824
9538 4620
4514 8454
8608 362
6733 4430
4080 2699
7217 3472
6777 9641
5597 410
8337 340
4844 9425
9868 4410
2172 6074
9237 9408
8532 1325
6939 1710
180 3705
1569 8502
4916 3055
2130 3863
8182 4445
787 9236
6512 5821
8607 7789
8707 7653
7930 3397
3366 1939
8009 1887
6474 6679
3606 9197
7724 6207
4907 3911
9111 1052
3730 4811
4762 702
5280 1730
2751 5223
4651 3663
8739 2830
4768 6382
2349 5892
9443 476
5904 3297
4209 3774
6134 8200
8091 1700
1415 2449
7421 7719
1346 3668
5895 4813
3324 5065
8404 2524
5534 8897
1643 3337
5904 1917
6500 4072
1673 6548
4870 2578
8377 5191
3388 1166
4909 7837
6294 4275
3363 6237
736 9541
1638 960
4642 6377
8112 5487
8359 9692
4572 7672
62 9408
614 8900
7930 7427
9885 9283
2657 2088
2631 9080
2868 4279
5263 6510
6445 9458
5301 702
6474 8731
9416 2294
2488 1169
5716 7712
6773 298
1640 8202
1092 4953
4391 2176
3559 1099
8042 4548
5252 1553
138 2622
2567 3297
7100 1977
6968 1959
1825 6755
727 6001
4279 6366
8749 6917
8210 3406
3682 5559
9958 6299
487 1188
3587 5946
7681 5381
3291 1819
1645 4085
7979 4416
678 5599
4705 7267
470 5622
2366 8344
3252 1454
4390 426
5423 5302
678 3126
6080 3733
535 8839
8694 3699
7351 8554
1266 8312
7880 4689
2880 1930
1848 7705
4501 9900
8308 719
2927 5870
6576 2949
2202 8807
9253 2839
2304 4343
7438 5040
7520 1089
4030 7566
5773 8628
8797 8464
3924 3869
969 4689
591 7355
5381 8061
9821 2227
992 3789
7707 6069
7430 7206
8705 8223
9284 5671
4336 3766
697 4403
8520 8947
5869 3023
4591 165
5809 9184
6618 4123
9685 5812
4606 3002
4528 534
5715 6734
7890 4511
4614 3580
1090 1191
9781 1707
6334 9950
5112 1100
779 9017
769 8957
4084 3899
7124 2901
9855 2860
2364 8738
4860 8047
9612 1441
4995 719
3906 1502
2253 2418
6004 4515
1414 3079
6080 323
4579 1448
3405 6373
4132 729
5117 861
5837 9117
6583 601
3517 9836
8140 5661
4535 4274
4417 4084
7592 5753
851 1368
7252 515
2466 618
7932 7965
2358 878
3324 2754
7246 9780
2436 8558
2737 9760
9330 3024
4080 5317
3066 818
7598 3825
8316 5140
7275 8806
613 1205
9024 335
184 6970
5864 653
8316 4208
4509 9478
1785 9399
2100 1430
8115 5855
7302 1448
7799 5064
9609 6940
2882 5130
7196 4483
3843 4469
7472 6171
7403 8
8320 6286
5343 8774
5892 6022
7844 6243
4484 2266
772 6974
2642 6855
8164 3014
8767 9390
7514 6956
7982 7777
5985 831
2740 5003
9933 5245
377 6532
4604 552
580 4313
1325 5174
600 6181
3659 978
3206 7395
8028 9060
4847 1545
1022 3325
1496 2812
7593 7679
8371 6972
1558 9277
3131 1124
820 2438
2673 1643
9705 2971
435 2468
6947 1630
4405 3944
3711 2503
2993 3662
3855 5321
3201 5747
732 7443
7878 6415
76 2025
5150 6230
4319 6880
4227 8441
7613 6818
5271 2096
9753 8348
1065 6717
7284 1815
7337 132
9537 6984
4013 2671
4551 2325
7799 3803
5191 1736
5084 1536
3665 6801
258 9312
7579 2776
5621 6077
4550 5665
4014 6629
3658 421
9012 3720
1400 4767
4330 7785
8727 115
2115 3258
7034 4762
59 363
8584 3504
6236 5256
3260 7211
5496 2118
2787 1994
9990 159
2021 9103
393 2205
2964 1683
6676 1527
2098 7470
4839 7487
1853 7855
1277 6897
4143 1593
5438 2089
1553 4181
740 9653
3739 9492
9622 923
8104 7355
6149 9496
6441 1061
453 4278
1370 7386
7354 1769
6675 3934
8457 5881
1855 894
5994 6765
5103 5480
5900 7285
9257 3957
1352 7370
9449 3330
6090 7835
1921 2353
1440 6307
9110 5676
6321 250
6737 842
9979 3552
4450 8374
2982 1557
8382 9951
440 4589
2016 1910
3885 2503
2669 6956
9056 4395
8270 8231
1303 5708
4884 7848
3196 9279
2416 6296
7536 8031
3477 3475
5628 1501
5078 2358
4055 9484
7069 8888
290 1446
1874 1412
381 3803
1254 4772
690 6832
414 3185
3859 1252
8652 1549
591 6642
9366 1503
7059 420
2829 7231
650 3021
2782 1334
4923 6677
5091 5881
9171 3930
9770 6281
6236 680
7655 7147
5486 9004
7942 9069
9217 2697
4366 6436
7520 5350
2954 6999
5684 1911
7671 4657
9184 8693
1182 1737
1872 6100
6108 3833
7570 8453
2140 2563
3329 3874
9214 9608
4011 8813
1923 4551
1929 7063
323 2509
6841 3224
13 5767
4990 7368
406 4034
3777 6065
9933 1659
8691 567
2012 3450
9802 7563
7205 466
1105 3064
1107 5742
5181 8087
3484 8262
2756 6173
3425 8858
5105 3319
6461 8411
8669 7331
13 6198
6646 6101
1968 1753
5724 7323
4075 8230
3456 7726
2949 8228
6546 513
6319 719
6984 8216
9891 9130
9773 202
6009 5239
8738 125
8228 7325
9130 5670
4471 6466
904 7650
7030 3127
601 7979
7393 3221
5048 4529
2169 9129
5451 1592
3559 9962
8211 5320
7877 3366
4884 801
8745 5320
3024 2857
30 3756
3139 531
9095 8722
7258 8106
8599 6776
1937 5460
7454 8527
2105 4109
6301 4991
9483 42
9225 598
527 1522
8313 1854
5993 7205
4671 496
8749 9810
3361 4249
1473 2024
3998 5185
8444 1430
6781 5960
8119 8558
7463 1404
4097 2281
8241 5576
3815 183
8981 8684
9502 1766
3970 5549
3095 3248
5658 3571
794 6802
5060 5226
1567 1193
1537 6311
9114 5148
2249 5569
887 2154
552 5187
3918 2966
5875 8706
4030 7352
6044 2682
8111 6562
8421 4450
6650 9227
3312 6018
5748 5867
7103 2562
3402 3358
8177 8923
5070 2559
5531 343
2216 3286
7483 8452
9086 4257
4054 7424
9846 7890
3760 1461
9139 3232
5381 5118
2391 6623
6169 1445
9882 5440
656 5408
9753 2904
175 5770
3360 7300
7158 4291
5153 3871
4205 545
6389 2604
8520 1630
1144 1492
9085 6545
5498 5363
5103 6198
7731 1369
8374 4787
9667 7389
6889 1268
2388 1930
8926 8754
4253 4737
7224 1303
1668 4026
9927 9330
87 4525
5028 7981
1677 9325
3149 9618
5519 6675
8691 7065
8995 8479
5828 1579
7726 365
5358 9732
9144 7648
7728 2988
2308 9236
3668 6023
250 2410
7240 1607
8119 8541
7541 7050
9261 3646
376 6606
5958 5871
4437 6992
1108 7464
3110 6238
1123 459
1830 7840
4796 2452
5119 1092
8001 5369
3225 6891
9819 3399
7584 9843
9994 2387
9743 3768
9232 3691
5204 6238
2509 6928
3342 661
8702 3193
2927 6745
608 2519
4067 3268
1716 3761
4714 6499
7735 4210
4611 6207
5957 2287
5051 7731
686 9804
5138 230
7788 2533
5770 2437
8320 8692
737 1153
6727 6105
6240 3255
3466 1739
120 3729
3346 7706
3495 2112
1540 3641
3129 6466
2260 8912
5919 8922
269 6536
2343 336
8000 4893
1030 8751
6468 2182
8881 3503
2617 665
8002 4907
9797 9765
3483 736
5513 3539
3886 5430
4596 2590
4810 3030
350 3036
3420 9060
6119 2593
7889 137
472 1020
6641 5271
6002 4076
5929 4308
5571 4084
8445 9306
9135 6356
2504 3779
4030 6477
3842 6480
5853 3149
9539 2602
4108 6815
7216 498
8137 7540
8068 7727
160 791
4192 2887
7027 8617
5327 3088
9830 249
2840 2766
4564 3307
3756 7214
7986 1207
2331 487
5323 6563
8643 3681
8247 7461
1580 7499
805 7235
5308 6098
5170 1324
2854 5933
9803 6835
9897 1137
2524 1030
6876 766
158 7506
607 3923
6781 8094
1208 5837
8284 753
725 4225
165 7862
7518 8539
4426 7541
5319 3645
2632 3356
7617 2458
3706 3273
7530 5971
8874 4545
3465 570
2073 5847
3317 3098
4882 4891
1132 6027
2411 3710
6766 8999
8106 1955
1249 6757
7953 3086
9037 4630
2266 9181
6910 2514
6418 9542
6588 8493
7394 5967
8934 3085
1051 6214
3829 4338
4260 7936
280 4693
4452 142
1912 4314
3565 4598
4821 1570
6407 6887
8552 6838
3237 7271
8013 1344
4764 4852
7658 6569
1590 3223
3975 4481
4832 5226
7751 4539
2504 9005
3883 4816
4893 7375
2044 2121
1888 7426
7619 9336
6356 475
9819 3886
1021 2800
1978 5491
4476 3633
3392 1439
4820 5703
6881 8910
8914 3552
7363 1941
7914 3808
4692 7732
3488 4044
3452 4620
78 3058
9799 67
6696 4644
6877 2805
3114 478
434 7620
9555 7464
5098 2740
3184 5881
7812 2414
2500 5432
5042 8680
6007 5620
7023 7253
6953 3986
6016 2096
5066 3324
3932 8092
4991 8656
6989 6565
8684 5135
2240 1249
1346 1543
4309 3110
5068 774
6828 3538
3927 6961
7422 5781
4330 3256
9946 8446
4347 4526
3682 4165
1796 348
268 6573
3510 9075
8243 1077
9700 9199
9234 8330
6920 2493
3338 4712
9985 6963
2832 5558
2300 5812
753 4110
4233 9648
7519 8508
3567 8035
3660 6554
458 7927
7500 6562
9636 6153
7814 3627
4285 5683
9746 5961
5822 5481
8112 887
9253 344
2288 2583
8927 1957
7159 3826
4347 24
3971 704
4538 9595
4626 229
1979 9664
236 1639
5613 9181
1116 4706
7740 973
2770 6356
4789 1699
7302 1959
1108 2991
957 9949
9575 4774
9238 3724
6870 5858
3751 8367
2410 3645
4418 6512
3131 6914
3245 4249
7114 7269
9095 4446
7122 3628
5405 6567
8327 6637
2624 4753
9564 5059
9584 1852
5971 2988
5893 3381
7594 6700
5015 502
722 2353
5554 681
2359 6311
9673 4321
6790 1980
3764 4080
2680 2101
3301 549
7035 6993
647 7049
5966 3105
1516 601
9356 5623
6601 1372
5326 5289
7746 8214
8112 3701
3778 2175
5263 9818
1734 592
8776 3548
219 4826
479 9184
439 8312
8268 4103
