123 121
6575 1466 -3032 -5000 -6728 5673 8251 -6096 8215 -1072 4329 8730 -80 5026 7998 4741 -2344 1714 -6236 8511 8675 8862 7549 4261 -1800 5759 -2096 6370 -1840 8545 -7344 861 5942 -5792 6239 302 -4400 5633 8493 4099 4827 -1316 5261 1610 4647 -5788 1677 231 -5568 2333 1238 7938 463 7353 2589 2922 5286 8286 3806 2771 -7640 1515 -3960 8709 2419 585 -7396 4546 6307 8482 8301 -3200 -4156 7653 5467 -5792 3806 4635 1997 8589 8177 291 1109 -5620 2610 -472 6387 1437 7105 5443 -3028 6483 6725 8494 -612 6897 969 6602 8483 -5424 5666 665 5243 2414 6987 7127 2566 4067 3590 5541 1167 -36 8519 8679 -572 4178 3786 4378 5066 5546 -5220 
-7176 -7428 383 1509 4050 6521 8651 -3376 3503 1958 7399 -8524 3387 -5156 -8420 2578 1249 1582 2851 7573 7945 3694 -5576 -1908 -3428 1531 6215 7341 5882 923 -2964 3737 8255 298 4838 1241 -904 2310 5346 -3912 2897 2869 -5032 7570 8214 1029 8243 -6868 599 3950 6990 7366 7685 -2412 7455 5809 5113 -1260 7745 5946 7610 5315 3767 6634 7643 771 -3264 3745 1614 6818 1395 4206 4946 -5528 2086 -512 4914 7761 2262 7009 5317 -1408 -1288 2823 4753 8305 1193 335 3094 1231 -540 1007 7409 8871 5466 8146 7325 4914 -8576 -1408 2758 5638 6865 2001 7306 3186 -7512 7037 -1284 -2840 5497 2005 4494 -4292 2353 -1784 4279 6502 5301 8517 -2168 
3547 7870 4079 5519 -556 2279 6677 4119 797 7243 8275 8655 -6868 4914 2773 -4712 3525 3042 878 47 7965 -8604 475 -3704 3845 1653 8779 5255 -4308 5902 -7744 7981 4661 8605 -2204 541 -6560 -5136 4182 659 654 6017 3983 3363 5589 7982 7825 7049 378 -60 2214 783 -76 1799 1566 663 -3696 -3172 4101 5938 4198 5873 5674 -3876 4226 463 1402 -7368 4433 2577 3609 8190 8871 6949 4995 -6584 3323 6871 310 6633 5658 6078 3503 2861 8167 6347 5970 7591 3731 -5004 -3364 3007 -6604 6869 -5900 6959 5317 1534 3714 -8796 2006 6466 5026 -1820 3881 203 5026 7265 -3444 4839 1085 4858 -7852 -4664 -6744 178 5951 -5444 2755 6109 6307 
6231 -5356 2410 3090 7379 6233 4454 6730 5645 5553 4086 -4024 8475 -8728 3959 5302 3334 4343 6763 5695 -384 -8472 8863 1566 7634 5481 7527 5742 5878 3833 410 3486 5459 -3500 8391 2035 -1596 3338 3578 -2936 2333 6917 -6808 4553 2165 -800 346 2778 -3000 1430 1974 8214 -5760 7102 6058 6165 6401 6998 907 6082 1397 4690 5691 -8824 639 5246 -8088 538 29 -8608 3901 -2544 -2600 6033 2549 6021 4739 1306 -5424 2739 -4680 7567 7754 2835 7305 -8384 4449 -5412 3406 7642 -3536 -136 -5236 2437 -7144 7771 4879 2358 5145 5479 4606 5363 5789 1277 1858 7570 6365 4806 3453 4071 490 -4284 -3480 -7824 2567 8251 1138 7854 4034 5921 -848 
-2700 8667 7953 7747 6326 5993 7998 6793 1798 8659 4670 5431 733 6337 -2376 4106 -2748 2655 -3300 -1580 8843 5922 1115 718 -1500 -5548 2574 5837 7534 8078 4862 1211 -7840 6911 -1824 3761 4045 5743 8331 -7384 -2688 -5772 1991 8453 134 5581 2657 -5528 4790 8095 719 -8792 6519 8223 6709 -1016 -212 5013 -4512 4309 2977 1051 1519 6479 5141 3067 8053 5867 8435 7810 5011 1973 2298 6510 -4004 885 1770 3193 -4004 2055 7393 7062 6879 -6884 1899 -8204 7497 3618 -4528 7726 -7120 5442 549 5058 -8708 -3720 2499 8693 2746 8575 7074 1786 1086 3701 4285 8571 8059 5126 4238 -1740 2049 -1308 6183 7381 7515 6118 5650 1774 -8264 86 66 
4910 4342 7977 7246 4501 1351 3950 1795 5897 4218 -188 -3692 -6788 6418 2794 1079 4071 5177 2970 889 6905 -6200 -2108 845 5223 4139 6053 4269 3150 -3768 3369 1010 -260 -8820 4163 -4880 -6912 -8568 8238 -884 6361 4882 786 190 4877 -8732 1966 4979 8579 8655 1570 5031 7090 3023 -1604 4446 5411 7294 3813 4210 401 -844 6819 1485 -5624 -176 4709 7258 6057 7422 -8216 -4704 -2456 -4248 1871 2630 6602 8150 7981 3537 8837 8075 -6140 7803 6673 461 -4324 -136 51 4541 -4452 8278 5638 5522 5719 667 4161 1517 -6748 -248 4798 1999 1393 7066 2254 10 1079 6621 -5744 3258 5114 6539 2330 2543 2262 790 2518 1969 1619 3995 5381 
-444 154 6638 -456 8438 2971 5997 -1428 939 -4388 3239 8830 4945 8349 -5484 5413 5635 -6720 2466 6538 983 2181 3966 205 3495 -3416 -3948 8797 175 185 -1564 7206 3843 -3528 -3672 5987 1571 7882 -8344 -8708 834 2799 8577 6883 1011 4917 2310 3973 8534 -2556 -916 -8580 6994 6658 7611 4378 8434 643 -572 -1008 1574 -6112 8763 -6428 1335 4637 1378 8371 -4224 -7176 8398 5163 7879 2447 5442 1767 -3364 -7252 8179 7833 4018 5147 3449 7381 1191 130 1715 7418 231 2619 7202 -4172 2782 -4724 1495 7170 1127 4910 1963 6435 2093 1438 2626 -3236 7614 3463 3331 3403 630 3567 1511 -5416 -8800 8583 4731 -4380 7245 8661 3001 2398 4269 
-3312 -172 1675 1017 75 1294 -1004 5309 2587 8194 1735 4010 4709 8591 5318 -3120 -380 7558 913 6331 2082 -136 6070 7557 1486 3951 2681 7690 461 -1748 5730 -8360 6039 8413 6957 -1624 5753 -3592 4283 -3628 4049 129 8206 7806 5495 6018 7599 126 -8832 5141 -3404 6518 -1248 1627 -6904 7738 2685 -8312 -6488 2762 3501 2117 8478 4562 -5856 5630 7358 7889 2874 -6780 67 2106 1170 59 -8540 3981 1719 5302 6737 3549 3193 7838 7301 -1236 7534 5142 1843 5534 1451 6625 7494 5595 2933 782 4938 3625 1657 7839 2707 8098 7915 5777 4346 3661 1411 4871 -7996 3379 8441 -320 2231 8530 -1916 -7764 8403 7459 2353 3935 8042 6398 3926 
8869 7790 6938 6486 4785 -444 8474 1302 3171 627 2758 5949 1353 841 -312 -2072 1685 7361 5482 3279 -6460 2749 1265 1694 8583 5829 -4800 -1480 939 -40 2142 1545 -6828 6598 8566 6627 4057 -700 5681 -7744 8646 5093 77 5141 2494 8698 8711 6239 -296 6046 4885 2137 -7064 2874 -1612 -1036 7035 1834 3342 -856 7610 8341 6155 3639 -5640 -4528 -5184 -8860 4166 6974 43 6247 1939 6681 5554 -6196 1938 8131 7931 15 1827 4333 6809 7206 165 4782 5502 5698 3561 8042 -7072 6539 -2516 -5660 5871 -5196 4666 -5528 1494 -7372 7010 1082 7065 7846 5911 -5136 6015 1497 -3592 -5492 4873 3655 -7932 4133 5031 -7752 2618 479 2162 5822 3555 
1122 4554 3573 6425 3147 3181 8587 3846 8801 1717 3703 5873 2809 -5156 -5064 4330 4382 5717 5179 6085 81 5937 2863 -2684 7095 -2964 7518 249 5827 8151 7690 5375 8341 6287 234 1302 7415 635 1347 5771 890 95 2325 -5168 -6640 1726 4283 -4608 -3956 5094 6273 -8312 8811 5186 3786 2511 2193 7929 3185 4217 -4988 -1440 7243 729 1955 4885 -2016 5757 -7496 4629 -164 4025 169 4295 2074 -5176 7265 715 4942 -3976 -3684 938 5749 863 7382 4307 -7040 4762 7267 3337 8543 -736 787 1973 8157 294 6722 6819 5775 47 -5476 1113 -7840 387 -7928 7253 6529 6986 8438 2422 -4928 2831 6159 6167 -2844 -892 3779 4914 8291 8471 6951 
6111 6457 5651 2855 -7192 2889 -4904 1239 2273 963 5514 1681 2981 4707 2927 -7860 3370 -6964 3261 8117 314 7446 -2960 7842 2594 -2460 2422 -6180 -96 3682 6173 3446 1123 2379 1998 -2784 3931 5974 8059 4803 -4360 -1116 5533 3215 1155 -772 -4072 3967 5 -464 -7856 7411 7243 6033 -724 3459 -128 1111 7533 -2836 4838 5110 3502 6411 -5832 -3764 1086 -1700 3719 -4664 7058 149 1533 5967 6378 6886 -6780 6613 -8728 -7548 7514 6919 4126 7947 2553 7354 5353 242 8562 -4472 8158 -4488 2105 5554 8418 4653 8793 1811 2550 5598 -7652 7658 -4840 -3024 1339 495 578 939 1289 7659 1138 -3660 6239 3729 2742 -7268 3346 6690 2246 835 7003 
3703 -1216 7539 7591 3025 -7092 3149 6827 -3964 2449 2405 -1192 2897 6491 8558 8358 8801 1931 5893 1314 8837 6713 -272 5301 174 6558 2642 -3992 1962 1811 5795 6263 -952 6034 2105 8177 7327 1406 925 -8668 4753 6986 6189 1758 5989 5871 7309 8079 5281 -3112 4929 4030 3870 5182 7319 1466 5059 3397 -4348 1098 594 6246 -4916 -6312 7129 -8012 2109 8595 107 79 -5392 143 685 1521 2339 2138 4770 1394 3763 142 8343 -988 1023 -7700 7233 6006 999 5550 801 3666 2906 5263 4457 -7088 2409 1913 -832 2983 7950 -4252 5625 -3652 6391 -3836 6170 3065 -3076 -3212 1581 3279 5205 1907 2305 -3444 5603 7146 1685 6979 7433 2099 1179 
3694 -1528 3519 2735 1242 4515 201 -3528 4729 7207 -3744 2943 6641 -7504 3099 1678 8013 8737 1810 8187 8307 -6992 5237 6686 -7360 -7616 5533 747 2309 4247 6683 1789 5002 6361 7519 -5604 7593 8641 4963 3839 2218 -5912 4713 3097 4111 6418 4105 8358 -7724 1234 4647 6355 2109 3258 743 5279 -5616 5533 -3796 807 3454 8419 785 7157 -5972 5105 5767 -1280 4198 8026 4742 4073 -1440 5247 6282 -2412 493 -6844 -5056 -2340 790 7086 6299 4051 -8436 -2040 2477 5307 2175 7842 4081 1859 -3444 5025 7078 7285 8142 6822 238 1827 4786 5037 3649 8583 1054 7193 -1592 -6840 8749 5735 8774 2559 6962 -7048 -6164 3827 -7412 5390 -4640 2815 -2672 
7781 -8348 -6692 4853 5622 7223 4885 5107 213 6825 7486 8010 -5544 6081 8579 941 -5900 3223 6769 5347 1621 4775 -3740 5398 3021 8294 -6484 -32 -7600 -568 7991 -1884 1734 3945 1414 -2280 1803 1362 7417 930 1043 -5628 -804 923 -1028 4246 3342 5437 7954 2605 6419 2894 3414 4357 2750 -1900 -8432 2938 3682 8038 1439 801 1319 1062 4599 -7780 1742 1533 7546 6614 8562 4727 2073 -4408 7669 -68 2559 1882 4957 6351 -1444 8307 7429 479 811 -5920 4066 5998 5362 4730 3449 4113 6735 -540 1794 5359 8022 2990 3134 3063 -4112 -8256 -7412 959 8414 2747 4285 1687 2321 5478 -6128 1519 1170 2661 2766 3699 7190 -7620 4014 4334 7493 
-7328 5283 6009 77 2197 801 -4012 2858 7499 -1948 4959 4581 3014 -7284 103 6506 -5424 -6964 -8424 999 3085 5118 651 299 4365 7095 5395 -7920 -2184 2905 5071 4030 -5592 4459 4127 3911 3835 3290 4414 4622 7781 6642 -6608 8631 3145 6482 -7280 3098 1982 6607 6649 7111 2711 5993 7167 5067 8273 2427 -6740 8359 8193 3270 -948 4338 -1272 -1356 5261 2678 5218 4953 8126 6463 6234 4093 -2500 5237 4621 7143 5246 6037 -6960 4099 -1428 1659 7147 -1608 -2540 4754 -5772 -7524 5067 2311 5689 5422 3107 1869 1106 -4804 8581 -6300 -1120 6555 5183 -3184 7930 8703 -100 5503 8698 539 6095 1261 545 6563 4033 1590 398 1095 2239 1722 -7408 
4015 866 470 6475 4066 2803 -8420 2243 1606 -4896 -5168 7047 -344 -2068 1126 1633 8245 8345 1553 2161 -4168 1054 3371 4493 2850 3530 431 5299 -8652 3837 -748 5762 -2372 4682 3589 2355 2102 3126 507 -5048 3495 4914 1629 -6136 4681 5687 2362 3739 771 5047 1687 -4980 7390 2369 -2056 -7012 8234 -924 269 -3748 4330 7085 4466 7627 3046 8658 -4352 445 5605 3955 -4380 -4676 7494 446 -148 309 370 8282 5523 -8152 2935 -2428 -1512 4641 2485 4759 -8332 -704 -2728 4782 -3280 6234 1549 7449 6438 -2812 6358 7158 8327 178 -3908 4511 2098 -7604 4629 1882 -6724 4377 233 2641 7594 1023 7887 626 7855 4081 3253 8286 1458 835 8642 
-3120 4855 1911 -112 989 6835 -4884 -7292 -6064 -6504 6765 583 -1756 -7800 3431 1018 -5448 -3632 6237 6027 8595 7933 3798 2949 7467 3757 -3160 7677 985 8758 -4632 1870 205 -6236 7450 1393 -6632 6469 -6364 3622 2338 6922 4027 -8580 7329 -3796 1062 1609 665 6431 6019 2249 -2472 6481 5638 -2692 8646 767 4718 2933 565 3283 1986 3313 -2244 1235 6329 5765 6174 4431 -5920 -8748 -124 7195 4807 7162 3623 5497 -4768 2097 6709 5853 7447 -1016 1713 -8044 5841 -3500 2090 8774 7790 99 2237 3246 2510 -8348 6675 -3224 962 21 -2460 5949 4639 4234 -1184 1099 8009 6202 -8252 3773 8311 4085 -7988 8426 5734 4913 3810 -2156 3715 1967 1975 
-1752 926 2126 1577 6686 2046 -8068 -980 5571 671 7986 2274 327 4786 2641 5418 8865 5870 5375 3595 7223 -4484 6994 2738 -3196 -1640 7454 -6836 313 6595 2366 2658 7537 3786 8447 -5224 8473 8873 2425 -4332 -6812 -2784 4963 5777 -2080 347 4930 5209 3762 6305 3718 6127 -7472 8129 4361 8806 6687 6219 5546 2413 -4104 -4660 -5728 7583 6605 787 4737 1607 4881 281 5274 922 2099 5539 2089 -2248 2961 8371 246 -5688 2482 5966 -6644 -6712 6058 6469 2109 1121 6465 5095 1357 6493 7302 1499 1054 2299 -8804 -8536 1586 -3924 6725 879 8297 -8088 -2272 5029 4007 -5712 -4084 -6136 8387 4543 8749 5886 5978 7749 7310 2647 5201 -1484 -4340 
7833 3637 7939 5935 1478 7357 677 -7176 8315 -7640 5582 8506 8117 -8088 5674 3826 -1812 8485 3626 -5644 8429 -372 3743 5585 287 3782 -4092 4537 5887 1199 8661 7217 3874 -8860 -6628 1557 6655 -5288 2262 2205 6826 1438 -1576 7697 -5228 -8 8258 3766 7998 -2328 2254 7635 -3836 631 -1116 -8668 4475 8710 7213 -1408 2561 6001 -5416 965 1085 3847 -6616 -416 4801 1050 -2976 8303 -6992 2853 1070 6931 -7628 4243 4621 739 2761 -7412 7561 -4240 2699 6617 -3656 1847 -5556 -7752 -4872 3967 4286 3982 5901 2981 419 1686 3223 2925 5005 8117 -4456 -3172 350 795 6295 7197 2242 7710 4883 1941 269 826 1165 -864 998 3595 3762 6499 7393 
-3796 -6756 4735 -8768 1822 -3608 4169 -2216 -2596 8375 4293 4691 3809 2355 2177 -2020 1854 3669 -6864 4573 7067 7249 7753 -1372 -5116 6407 5311 4450 4162 -768 8693 -7332 7657 1991 3757 7 4135 2286 -7848 8575 6307 6237 7899 -2588 4135 3327 -8160 -5524 8399 5591 -6988 -2196 5706 5721 3942 4042 -6456 8331 1349 3941 6434 4113 -640 1214 2074 4490 8614 2187 5725 3925 -864 7514 3998 7795 3097 7286 805 -5472 -6184 -6480 8707 -1300 3491 -3844 6470 3218 6173 5413 6439 7335 -3380 6109 -7884 7101 5803 3715 6325 6975 -8784 -1828 3666 3235 7258 7237 5895 7953 603 -2836 4034 -784 8010 2255 541 3410 5111 1387 694 8475 1569 7085 5021 
7491 -4144 -5908 7890 6066 5645 5511 6421 6986 -5004 5386 671 -192 6866 5210 7190 6454 -7852 8239 5302 4434 6082 -5284 7458 -2772 -7272 5517 -6828 -904 3158 5831 138 -5124 3883 743 5639 -1112 4301 4593 -5068 31 -3548 6387 -5344 3870 6547 7179 -3636 135 -2940 -1544 -4448 -7348 7821 -8300 -1092 4070 4077 8253 -8796 3558 8731 4669 4542 -8112 -112 3574 -5028 7977 -2232 7981 -1956 3153 5093 4786 -6520 5469 4866 -3248 5559 5035 3421 3098 3270 2153 4203 6978 -3288 1767 6891 583 -5684 2110 5293 -1416 8886 2323 3469 6223 4318 8138 -4376 1841 1853 -1948 -592 -4432 637 3030 3586 -804 6915 2975 1451 8623 6498 6915 3082 8313 1977 -1744 
-8560 4111 2383 3713 1423 4875 4663 -596 6409 2998 1941 226 467 -7960 2286 4693 5479 4627 -200 6483 8534 2686 7438 -2320 -3968 -2100 7247 1138 8391 3889 8514 7321 -8840 -6424 -4812 3059 4521 8430 -5096 3174 4471 -6156 6797 4625 954 6415 1817 3605 2 5274 4030 2383 7018 5198 2599 1330 -928 4069 -6284 5915 4951 -6424 3749 2575 575 6371 -6880 5561 -4672 545 5885 4733 2102 990 -6636 6053 7529 1174 2851 8201 1978 7710 6454 8337 129 3865 541 -4428 6577 5394 1402 3510 3465 -5076 -5308 7923 -6868 8325 5087 -2024 2609 -6956 7175 -3800 5455 -4152 2181 1998 837 -8448 3483 691 2546 5226 8229 7687 -804 6255 3387 -3236 3481 
2590 1071 5527 1102 -3688 4543 3273 794 7847 5998 1517 -5392 7339 -7820 521 6313 1019 4606 5491 7627 5399 1846 1169 5262 7025 2471 5319 -2224 3969 4109 1619 -1800 4874 -3252 7201 7275 7002 8453 -7544 6293 1053 8625 3106 -3240 967 5685 3839 4905 682 1579 -5408 5895 1422 -2144 1073 -7768 3101 8809 247 -5136 8490 2005 8073 8034 1965 4065 2246 -6532 -1020 3717 -5088 841 7357 -3740 8393 -3180 3061 1210 3179 1162 4198 7375 7131 5551 2086 6577 -1828 2307 7143 4218 2561 -7376 6759 -4628 -524 8882 2119 8118 8234 3282 4805 1917 -8792 2587 6891 1810 1659 363 -992 8010 -40 1345 1591 5718 3894 -1916 1475 7254 6567 2131 5283 
8710 -6388 8197 -276 153 4210 8777 3322 -7440 6381 57 2194 477 567 393 1819 2597 -584 3419 857 3167 3525 3237 2802 6897 8761 5809 -6848 4026 4983 1314 4241 8643 5841 7609 717 6721 -3308 4830 3329 4698 -1532 19 131 4443 8231 4769 4765 8787 5713 7915 6602 6054 7645 -6800 6361 -8776 5022 6483 7389 -4084 -6176 1510 6238 3491 798 7637 8213 -896 7447 5490 3141 2651 -4004 -2964 -4308 7798 8693 -5008 7091 1045 423 7291 5057 -5604 -6772 2597 2859 933 -1500 4038 2437 5630 863 2041 -288 -7784 1307 -7220 2770 3742 5099 5089 -4032 6539 5006 8435 -84 4754 3238 7387 7545 701 -2184 2001 6145 8857 5377 7437 -560 -6480 
2374 4342 3325 3547 -3628 -3556 7283 8533 8209 1819 -4788 -5892 -4648 2426 2253 1734 7194 7394 2545 -2488 -8620 8306 4587 4433 2954 6610 5545 5659 -7416 5246 2594 8861 355 4131 1691 8166 8022 6461 3399 8817 2445 413 5207 3406 -7340 5295 5310 843 1687 8549 1897 1726 8754 4221 6857 1893 -7552 -8656 -2628 -2068 3245 3899 -4380 1475 7515 3363 789 803 2134 -1292 8759 3602 3926 -508 -8576 3811 1339 2103 -2880 389 -5412 3154 8038 2407 5718 5322 5178 1475 -6144 8817 2167 6547 2177 3538 953 8219 3526 6067 2801 1029 -1568 6794 -2468 3237 6162 -52 6009 8677 5686 8599 5079 8206 4978 4415 5775 6534 1922 2513 2795 1913 6378 
259 6541 -3228 -8552 4767 6559 7595 8673 6246 6289 8330 4221 -8524 2565 2439 -5024 3481 2506 5726 -2236 870 8514 8270 6210 7414 3483 1111 5651 5817 -2836 8363 4766 7293 3890 5950 5547 1665 -1168 783 2835 6006 7146 3758 -8552 2410 -3164 3429 -2872 2566 1293 849 -1776 4363 3327 -3304 7473 -5440 -3912 8161 -2404 8726 1659 6333 4271 4345 5361 8554 4622 3839 6271 5749 279 -7744 111 8123 5934 1273 -952 6677 1433 8217 4802 5667 -5300 1813 -224 5171 970 8382 6922 -3060 8687 5707 4453 5613 5391 5579 6073 -6828 3805 -1300 2921 2914 7275 8638 7942 6319 4091 -5732 1463 -1164 5453 4767 -976 8697 217 7206 7943 441 2394 3149 
-4932 4622 2147 1977 -5436 7763 7861 -3276 -4160 447 1918 -1408 -3188 630 4273 4778 -3872 6281 2913 2279 -6180 4930 3551 2947 225 4687 8851 1873 2923 4001 -408 -7756 -2728 4490 4334 1025 4226 2249 6237 601 -3564 1449 4066 3351 7254 921 1857 3014 7639 6510 6 -7200 3410 5214 3242 5277 6835 8339 3843 1194 -7360 -5980 6817 -2500 -8504 7102 -2992 5975 8754 1567 6090 798 1555 1987 5197 3233 -7812 -4936 -8636 7278 1847 -5232 -7196 -6120 1493 5637 -784 4482 -2788 5690 6290 310 -8276 43 8230 6823 5937 941 6013 1487 8569 6997 -1224 -5816 2991 4675 -788 3649 -4752 899 7141 -5316 5175 4179 -4668 1091 4394 -2404 1369 5441 -1564 
8866 2855 8327 3838 8461 2602 -3604 7419 -880 5513 8551 3885 -3304 7719 1930 2429 2643 7281 2767 4894 6789 3617 8810 2619 7837 -5852 -8772 8129 -1372 -2712 8702 -6728 8718 -8768 969 2357 7561 4035 -2964 2495 7447 1185 6338 -8076 7882 3530 1286 7189 6183 7910 3191 -5016 2927 -5632 498 2315 3441 7534 754 2345 553 5519 8707 815 8266 8437 8395 4951 7314 -6192 799 7585 5499 -1244 1103 6566 -860 3362 8163 -5592 1145 -1748 8805 6949 2754 854 -4244 -4228 2293 -8568 3167 3817 -884 4174 8585 3510 8682 1218 4815 6650 1597 4649 845 -6444 5142 5739 -2024 7095 6738 1110 -1272 -3660 7065 2739 8698 6110 3937 5502 1206 1129 599 
-1532 7203 6286 -4304 -808 3295 -2948 3969 6197 5781 6641 8318 7279 -8772 -7876 4154 6258 3230 6369 6165 7875 7262 4619 5454 4179 7877 3746 -6400 3741 6818 3145 5702 3253 -472 5710 119 -3536 -136 3210 8575 5615 -6300 2146 5263 5361 106 8597 6595 5013 7823 4797 -1020 4042 -1056 8655 8207 -2792 -6496 3814 5470 646 7722 -4716 1833 1235 5721 7542 6882 7486 2514 -5876 3241 3243 8394 4501 7877 1363 -8220 5794 2967 5910 7870 6605 845 1799 4387 3145 -5124 -396 -216 4911 711 2761 7621 3490 6319 1199 -2128 7058 4771 8369 -2760 8794 8637 4067 8325 8173 4693 -1284 6906 601 1094 -7248 1491 8447 6725 8633 8633 4378 3149 6654 
1067 2573 8847 166 -7028 -580 3373 1701 7038 1546 691 1002 3125 -2484 -6344 2681 3177 1107 6391 -16 4127 -4568 8359 8326 6903 8470 -7348 8111 -7244 5662 8410 -1952 3006 6057 4866 597 5089 6878 995 2153 3549 5534 4787 8297 7447 1969 2334 2783 6643 5046 2413 6207 5031 226 -8308 2774 1486 3479 -1804 2921 3373 2599 3822 -2804 1082 4243 2466 2057 5359 829 7321 -4960 8621 462 -8772 -2520 8383 -1468 3991 4810 3139 -3676 1594 3779 5822 642 5719 1717 -4564 6153 6402 3607 1770 5695 -8540 4097 -2984 2781 4969 2049 -7288 -236 5818 -6296 541 865 4910 4126 -6228 1686 -4112 739 -5748 6829 3265 -2148 8231 2326 5265 481 -8412 
-2176 1578 -8076 8625 90 5455 4561 4107 1595 2667 954 3121 6499 -1368 6767 6238 1534 5689 2343 -7168 4593 5710 3911 371 8443 -4096 -5724 6978 2539 3101 7789 4779 -7972 1765 1966 5507 362 2798 4175 2206 207 831 22 -1152 2734 -676 2837 1935 8438 7913 6629 -496 4477 -3696 5122 -4072 -8728 5007 5351 4982 837 7989 3861 2251 -784 6606 -392 2105 2843 -24 4963 -5972 -1220 -2848 2314 7233 4034 1799 3771 3239 8623 3790 -2324 7383 1877 -2908 8087 838 1305 5183 6262 -5920 5966 4093 -5136 4607 1573 1594 783 7510 1913 4309 5697 1021 7886 -6036 -1932 -4736 -8848 2847 -5036 3647 3681 7645 4187 -636 -3344 -8244 7903 4663 7485 
4815 -4960 2045 4422 5629 4087 7734 -7440 3098 4311 5771 7335 7421 7914 1607 762 443 5954 -6664 5131 -780 6959 5855 -3956 -6036 2077 -1088 695 1983 -4484 -7216 -4620 1998 6547 1658 -1992 2385 -7004 6434 3538 -7616 8481 -4700 3214 8843 241 -6056 2226 4805 -7184 6639 -7184 1271 6370 7221 1277 8090 6101 -7476 7046 8582 5753 6909 1119 8495 -3300 6519 8811 1766 7162 -8128 8730 -8864 -6028 6490 6966 5673 613 321 1317 4851 8869 918 -712 1151 2806 -5164 3242 -2932 3673 151 2303 5797 277 3089 -7864 -7888 6117 5147 1499 -8660 6515 4909 3483 1314 4530 -1564 1749 -8524 434 5253 6007 4203 7145 6163 -1188 -2308 4443 -3608 -392 7555 
5827 4485 -8224 -160 -2400 2895 6746 6759 8657 3287 8722 4855 7065 -3704 -4992 8155 1985 4406 1554 6490 -3092 1777 5525 8537 -2856 2219 3241 3857 6659 -6720 -2576 1023 7287 2143 4409 7565 3587 -5852 6130 2741 2046 5231 741 2585 -3880 154 4218 4571 -3772 6355 2330 3691 3501 4706 3715 -4800 1683 7954 5487 6286 8525 7689 4798 -3608 5655 8046 3713 2334 8079 5021 1463 7935 7886 4761 7447 -5836 1562 -5324 -6424 -6400 8874 -7884 -3636 4293 7851 -4104 6478 -6780 5111 3053 -1344 1206 -2228 3694 7723 7237 787 -4992 6423 3933 7298 6491 3450 631 1453 2058 7222 5302 638 7881 -1304 -4532 5158 341 7166 7910 5299 3034 2467 2527 -1328 
3113 -7360 -5840 6147 650 -7380 2589 5229 8566 -4676 -8672 1743 714 8321 3067 379 2586 8727 -3296 2569 134 -5960 2757 3167 1941 650 -2604 702 3078 -3768 -8424 6543 -3304 4765 5702 -4632 -8856 -2704 641 995 6105 5043 2403 217 751 3939 3579 2605 -7036 941 6774 -8144 -916 6937 70 -2252 7870 3546 8442 2803 6305 519 3945 2631 4986 -3264 703 1719 7743 7750 5430 5737 1305 3482 7734 483 -2416 5566 8771 6074 7134 7639 8703 -2952 3138 4735 -8420 -5548 -8324 3322 -4488 6146 5022 4865 3819 4529 2927 854 -1468 8011 2005 -960 -908 -5072 7805 4962 7906 -5600 1306 -4972 5206 4566 -2552 7574 4349 6109 8541 8750 -56 -7584 1678 
7830 391 3231 6885 -416 5013 2867 5145 6035 7555 3650 6271 2293 6386 7273 753 5531 -16 7653 -6852 858 1007 -3452 -844 525 -7532 2398 1619 7738 -204 6818 8579 -5560 6839 6309 2858 5738 5658 3914 5633 -5928 262 669 -4444 5683 -6376 7270 7515 2306 -1760 8506 -2444 6314 2931 4694 -736 7271 -1316 7087 1314 -3632 2383 3497 3134 107 1138 982 -8756 7942 8465 763 3073 8239 5363 -7824 6790 -652 6386 4958 -744 2278 -4688 1769 -7600 3047 4365 -8536 -8420 3335 2281 1369 3523 -1112 4906 -624 693 1115 1010 3602 4822 -5056 8439 275 4909 5791 710 223 4273 126 -1144 290 8331 8611 4313 8246 4277 -7044 -7920 3639 -2384 6482 
858 1907 2719 8501 3687 -6640 943 6510 -344 -1644 4618 6989 5329 747 5929 5491 1877 321 7695 2371 -5116 3971 3493 6486 1302 7785 4425 6473 -5792 6742 7939 533 1954 -1808 7730 1719 7839 -7120 2603 -532 6726 -8692 6130 3801 445 8853 -7320 7473 -2900 3390 5886 2803 -1232 -8844 -8328 -2348 -7640 6218 4621 8426 -3876 -4736 -7884 8802 -3252 1329 6063 46 977 1429 7306 3714 -5724 3631 2998 8077 -8100 -5184 8307 2577 -1316 8005 8666 -7056 -1644 -5792 3497 1999 8299 -2276 6051 -3540 6695 8490 -8420 6645 5207 189 -7940 4323 5897 -5500 4939 1691 3023 2987 3893 -3380 755 4183 -6528 6510 7449 926 4678 431 -3332 4909 3090 1214 6434 
-5556 3502 -2984 4741 2262 3129 7469 7865 -7140 -8392 -5728 -1932 5806 2829 853 3754 2174 5329 541 3931 8562 -7696 1958 1449 4423 -6380 -680 5413 5921 8515 6583 7755 -5752 1531 3267 1847 5567 -1228 8750 1646 6594 -7024 5411 -8204 3402 3311 -3276 2830 3 1774 5458 5617 7091 -8128 -2568 8113 5801 2882 695 -980 5055 1118 5725 3295 3269 -3416 6437 6457 -1188 3802 -6460 2162 1490 -572 -5296 818 5337 6122 6674 6118 3982 6101 6763 -6568 3038 974 -1812 1517 7615 7387 -8052 -3396 5898 8581 8417 -4076 7106 -5580 1073 2709 7090 -116 4195 6421 6226 5169 1870 3314 649 7402 -8464 -6008 6803 5565 -3400 -5664 8581 8178 -1452 1317 4069 
8874 4979 -8348 6299 2983 -6732 357 3338 1934 -1048 4717 3762 5387 529 8289 8349 3931 -440 -4288 5647 8587 -4492 410 6071 1978 2758 -204 889 2722 8278 -3524 -1852 4067 7049 -2440 2513 6155 -2016 8029 4561 4354 2591 5218 5662 7827 2865 110 393 5098 -8616 -8428 4241 -8068 7718 7647 6861 7786 3670 6678 6571 807 -3976 1874 1035 3578 -4016 -5456 3189 7566 3139 4641 6927 -3724 -1300 1207 335 -7420 6618 -4752 -3024 794 2913 2098 -5824 595 7801 3626 6729 -8844 -8248 2025 -6944 8787 8611 7026 7614 7533 3231 1082 5585 5871 7017 6118 4599 7233 3131 -2228 5321 6886 65 8559 3053 8297 7002 3647 -3508 5386 8033 2922 -2588 1606 
638 -1336 -5584 8777 6630 4491 7642 3081 1583 -3376 -3676 5575 -4916 -3260 2359 2762 6202 3785 6747 1603 2170 -7524 8769 -1780 4139 678 5737 3098 6025 -3748 -5048 8518 -4088 5191 923 -8420 7357 -7428 -7808 6261 110 4822 -5856 -7924 8695 5562 6010 -2720 4077 1887 -8508 6934 3797 5118 1379 1930 7723 6222 -1704 -3956 291 4623 2931 7703 4051 1219 8538 -524 8271 8394 7227 8010 -3032 -8000 1889 -1824 -1584 7329 -4080 1587 7285 -7540 3839 4161 5417 206 8695 6797 1979 6982 -6316 -8516 4730 5503 1369 605 -5964 551 7486 -1332 7709 -5576 4589 1686 4963 -4072 4426 -8388 -6112 2551 8014 8021 3906 5434 4126 3121 5350 5853 6951 3198 3335 
7587 -2044 1377 2447 6399 8338 7491 -500 3203 5569 -2504 7513 -7448 3895 386 -7972 533 6790 1906 602 7849 917 -6072 5770 -2392 505 -2644 122 4571 -5004 3899 6142 91 -7752 8401 8215 485 4606 6990 7995 7673 2798 8273 5723 1510 5257 4339 7113 8171 2533 462 5622 -2704 5515 1190 4258 2559 4874 3751 6329 -2892 2835 3410 3691 4437 3705 2162 6526 4470 4025 158 3222 4829 2345 2306 2431 1585 2945 1138 -3520 117 -8792 6581 8759 2630 5871 -952 6571 2702 6529 1045 -7160 211 327 3741 6451 1539 57 4741 7946 8671 7101 8638 4775 1385 6261 5027 1486 565 8243 1179 2590 1283 257 6230 -4480 3254 6267 2082 -148 2850 
4106 2326 -6312 8618 7598 5470 -1752 5613 8627 -2372 -184 -8400 8501 7823 -1556 950 -4016 8035 -332 7394 -312 -3884 8261 -7068 2515 2249 -6784 809 -7836 -3336 4934 2889 686 6486 4193 3955 -4612 -4988 2361 2682 5693 6110 8482 2465 4367 -6104 -4344 6814 -7188 6325 1926 -3812 -3344 -1568 -1680 8834 8629 3779 478 2034 7921 4826 5085 8389 1483 8542 6029 -4720 -3452 7246 4269 7407 -568 3937 -4028 8574 6439 5687 -276 1093 1775 3357 4627 3947 4297 7019 5970 -5728 6253 8601 2931 1738 8533 5157 4811 1471 -8396 5313 4610 5294 705 3651 -940 6078 1762 3763 8665 -4744 8725 -2012 5298 563 4683 5935 5507 7581 402 949 65 2537 7806 
3619 6713 2325 4993 3890 -5580 6619 4305 -4748 -720 2970 1863 4710 -620 8345 6679 7663 -8064 6458 -6284 3747 8438 -4524 -2008 1101 -5080 2719 3854 4783 -5608 5585 -3940 -2560 7098 -6484 -6108 -2000 2245 3721 769 397 -6452 914 -2104 4957 -3248 -5948 465 1166 4158 3130 5033 3221 5946 694 4815 1477 2697 -4672 2566 -5672 4602 7757 3285 1077 8363 8553 5715 931 4226 2677 4199 -7832 7169 2755 7697 5807 -476 3375 3189 403 -8156 8421 8346 3238 3614 -6068 -8844 -5552 4625 5815 2145 3309 -2708 6974 4930 -5216 561 2954 -2016 6654 -744 4242 8667 7486 4325 -8028 6978 2861 -6320 -4344 1767 2078 1890 -2224 1454 4746 745 -2744 613 -2668 
-6440 811 3437 1290 6149 2199 3745 121 43 6646 2986 -8048 -92 6018 -3820 -6080 -5984 6555 1627 8450 -2032 6766 -8036 4055 2031 3858 -5732 -6664 -8444 6054 4561 6777 2625 -6036 -6128 -3480 6726 178 7963 3833 -3844 5777 -8128 8583 357 1533 5013 -4748 3309 4495 8190 7059 -504 2993 3927 502 -1272 8606 3401 5771 6654 8469 -8368 5323 -6348 -568 6478 3611 4935 1606 3186 6825 -1016 5191 -8384 6369 -1980 117 3517 -7224 5269 7845 4277 -4756 1563 5227 -6712 -2084 769 6323 -3248 2035 4746 -4820 4587 3846 879 4234 819 3601 109 8669 6085 4185 -288 1550 -268 4013 1598 5551 -1756 -6136 6211 -7748 1831 1483 2218 -8808 8089 -2588 -3812 
3826 1135 6762 5826 -3472 -8280 2554 -7716 5037 191 -3476 8350 6545 787 -356 7830 3514 1865 7299 2646 -8696 4403 6517 2955 271 2463 5945 1025 -1484 3762 -4020 130 1495 8525 6590 2211 -6008 2105 -2424 4165 -6068 1861 -3244 -4184 7398 3217 2945 6114 1303 -2340 8707 5986 3395 -4352 2802 6718 2185 1069 5158 7487 -2704 1667 2459 3867 83 7649 -4600 6298 2963 3029 8493 -2744 6346 6662 5807 3210 2385 501 2190 1185 3133 4045 3042 3351 7322 8345 1479 2563 4263 -6944 7593 2939 4307 3838 270 8078 -5792 5734 2195 4842 5598 5789 2871 -580 8034 7605 -488 3025 -6364 6675 4566 -1048 -6896 4303 1054 6773 2617 3137 6206 399 1913 
8233 -1448 14 -4468 6246 7005 5949 5605 4325 6599 8629 -4704 3647 -4840 -6716 -8248 5310 8831 -2660 -7076 6470 -3952 7486 -5536 -3572 3347 443 -8460 -3408 8494 1891 8875 -6828 -2744 5138 8177 -8212 8546 2187 7170 6603 1098 1449 130 3285 6099 5417 1783 5281 -7224 6707 2189 -1032 7341 -3332 5711 8462 8045 5374 7015 -1776 -424 2383 2430 6397 2333 333 7069 7539 -840 4046 1029 1633 5918 6262 150 -4228 7089 6483 -5880 1166 6873 741 1182 853 2617 -5088 -6992 3251 4474 461 4642 4183 938 1686 6838 7367 8597 6330 5474 2821 395 719 3771 5834 -2488 -756 819 7133 462 3434 6697 1773 5990 1673 3194 5507 6859 125 8514 8035 
2873 1225 3534 2914 5689 7151 -428 8795 3210 4709 1841 1873 2626 7315 6949 4887 2955 2246 8669 -8528 3259 -1624 2218 6474 -6084 7425 1298 5795 5185 -4572 -7692 663 2498 6669 -2244 -3492 5705 -1920 -4244 -36 -3404 1259 2794 -1636 2086 1651 -816 2279 6371 2966 -248 709 1281 -2820 -3500 3210 7746 3674 7641 4181 -2560 5442 8710 -6840 7823 5286 8690 4813 -8164 318 797 -3312 3409 2574 2009 2646 3774 30 7451 -4452 7834 -1268 1497 4394 6335 718 3819 4518 -1268 1453 7507 2243 370 6425 -740 5826 4093 7983 1329 8511 2377 6301 2907 6439 -7312 3323 4269 8435 -1716 6690 3406 -8376 3031 -1060 8611 5005 5767 3447 5557 5155 2391 
-3748 -7908 7191 7843 -5400 4109 7166 217 2737 2007 2645 8506 8839 2390 6463 2157 3491 6225 -6700 2610 6418 2985 -7172 4567 2289 6365 8270 1681 -2380 5755 4225 6606 4498 -6284 7257 7635 2937 3694 -6908 -2032 4497 -8832 6905 -8364 7433 -2428 -1776 5658 6297 -8340 4405 1735 7321 7229 1205 2562 1819 2023 1221 4914 3031 858 7145 1005 -3188 6315 -4144 5067 1914 6475 -6528 1407 6797 5985 4661 -3176 2314 3921 -2432 -968 8610 2083 7503 2361 1743 -5696 -6944 5519 2802 6034 -1584 3731 6223 1955 5546 -7216 8378 3199 2651 2690 4133 1217 -2264 3589 -5352 2027 5725 3001 4431 522 -5296 151 3999 3419 2954 3969 6098 1819 7286 -2608 3439 
4567 6969 -7992 3097 1034 -8608 -3060 8703 1033 726 6727 -2420 99 -3704 5897 4014 7902 3430 2219 6125 1455 3993 8834 -3912 3327 -248 -2804 8125 4450 542 -704 8874 6241 -796 -5680 1006 1077 4118 -4176 8049 -5736 6601 5402 2534 5767 5893 8059 2657 -5420 7417 3042 -6904 4423 7667 969 7475 2363 1702 3770 3705 -4000 4257 -1580 7149 1558 -4808 8821 -8176 -48 7845 6633 1503 -6844 8227 1950 4315 1553 -5892 809 1407 -3364 5423 5869 6946 1655 2611 73 3779 -7676 2606 4159 -3936 -2464 5449 7571 8627 5383 1699 769 5946 -5540 1745 4014 5350 1054 5703 5623 1454 54 -5056 -1044 4897 930 4458 1770 3983 8491 -6176 5767 5669 7575 
-2336 -7048 8741 -8436 2417 8797 -8544 -92 1365 2221 6515 -6196 6213 -5044 2857 -256 2054 -7880 4327 7293 2409 -4420 -3736 7809 4365 7102 3471 -384 6274 -4956 3018 6197 779 7009 8078 -5376 -6916 5114 2566 7673 6615 4463 -1524 8567 4451 7083 6870 8305 917 4163 -5772 4271 -332 2469 2018 453 1271 5651 3134 -6588 -7688 6897 321 4445 7681 6307 791 8274 5631 3823 -5996 7379 2249 7906 5617 8067 662 3495 267 3541 1451 6490 2158 -3020 -4040 141 437 -8760 5621 8795 7667 -6272 8714 -3372 4242 4378 5415 7831 829 4958 -8728 4739 837 -2664 -6008 7139 2283 3461 439 5963 511 8433 854 5915 1509 4879 -2384 3190 -6880 -2004 327 
-2112 -4964 2226 3049 1431 2639 6790 1694 3442 -1928 4638 -4668 3875 -1976 6171 3893 4093 7579 6255 1585 4583 2625 1663 7223 5307 2465 8669 5178 2303 5266 6282 2905 6170 86 3234 8167 445 4491 639 4717 1442 5881 -6276 711 7830 1974 5366 1394 4114 133 4578 3639 166 -2404 -488 7469 2126 5482 2831 1009 6498 7010 566 -3360 -6028 1211 2246 4593 8331 -6724 8631 3519 2683 8407 5619 43 4849 3002 911 -4888 6303 3890 6498 -7260 2810 7947 5377 6251 -5824 813 -1244 -1308 -3448 8710 7407 6305 3126 7111 763 1673 1339 4427 5922 5069 3046 8730 8786 -2792 4611 6798 3987 -3552 3094 4079 -8712 6557 3917 7091 1023 1287 8165 
1211 5447 3399 7935 1593 4706 33 811 6662 -7744 3825 2671 -188 7205 8098 7899 -2716 3945 4691 -3564 7219 7682 2571 2738 -8712 915 7170 6675 5053 4623 1002 8386 -4808 2998 7230 3 6533 2266 -7156 8015 7511 6455 3563 -7580 5193 -1692 3538 -5848 -2744 1511 7746 -7276 2378 1267 -3896 5245 5097 3583 4109 3627 1355 1415 2957 6427 1539 6475 -4716 6298 2413 6170 4069 1503 1491 927 5910 2193 4213 7546 1971 -8760 7042 6358 -4852 7319 -2900 7634 6714 4810 -8000 7443 -6088 -7556 -2864 8090 4230 8311 8349 8558 6499 -656 -2072 4413 -4980 7305 1302 5237 -8344 7622 930 1249 3159 1695 -3260 2035 2195 -4812 8486 2818 3753 8177 -4872 
-96 -4660 4621 4730 8590 8483 7177 -6532 4234 7706 5939 8759 -7004 7301 6477 6570 -3244 7446 3358 2623 2223 3375 -3408 -6408 -6528 7319 -5256 -3904 2547 -8760 -8572 5254 -4720 3894 2199 2047 5401 -8588 7235 4921 5007 4021 939 5089 3890 7557 3338 3506 -3112 987 8361 -7092 -8764 7798 -876 2261 8842 8282 -300 4095 8717 5598 5222 5037 3083 4531 2985 6398 -7692 8821 4573 -3352 2539 1289 -8304 -7848 2641 2713 7867 3786 -644 1735 689 7819 -5572 -5092 6097 7985 4534 5682 6071 446 -5552 1431 7038 4577 883 6101 6237 2214 5325 4717 1393 -8512 -3056 4721 -7092 8667 1855 4735 3754 8442 7718 7327 -6892 8846 1206 5318 6510 8323 7754 
-5732 2529 1743 8189 2441 -4916 1830 7997 -4512 -1800 6562 3706 4978 4789 618 7329 8549 5618 777 -468 3583 7311 2839 -1740 235 -2988 6951 8266 3571 1525 -1512 3507 5331 8553 875 1805 3978 -3340 2091 -7916 6299 5567 -4900 6389 4978 3795 7542 8885 2981 2217 1663 -500 -3716 1638 5406 -8760 5347 3053 6427 -1764 -3172 4707 1874 2569 7977 1873 8402 2042 3909 5221 1147 61 8669 4253 -6824 2866 562 2961 6989 2395 7895 2506 1614 -8628 -6164 -6924 -356 2979 1819 8486 -1256 2375 -4240 -1344 2721 7054 7597 5889 614 549 -5392 8721 8835 -6616 249 -8656 6903 5563 5574 -3300 525 6147 8158 5390 5094 -7276 2501 6970 -6296 4017 -5508 
7682 4106 4694 7811 1177 6015 8727 561 -212 4973 881 3521 1322 5511 -568 4978 7979 606 -6772 366 1090 5663 1469 5354 -3588 5201 7873 -6176 1365 1247 3921 2778 -7000 4437 6097 8191 -1764 3849 -2636 -6984 1729 -3820 3022 8542 -1204 6749 3831 7846 3149 -168 2451 -504 45 -6116 545 7929 4358 2571 2001 -5176 7431 4727 3294 7522 1454 -7928 2931 7494 6314 5759 -940 2657 4205 7473 6075 -7852 259 -336 8855 -4024 -5648 5509 7286 3185 5430 -1460 6842 6669 2702 -1288 813 2755 915 -4736 633 7482 -324 4706 4042 591 4741 7262 -632 4842 5521 -1208 4043 -1812 7185 714 5066 -3552 6750 1773 -4056 6011 7663 8733 -2416 1619 6205 
3737 631 3618 -1060 2686 -7236 6346 -1060 4565 4557 438 1446 3689 5109 6707 1625 7471 1778 4883 -2712 1693 7699 3965 4363 4734 2074 2323 6178 2930 7659 7873 -3832 -1088 6281 8470 -6856 -2212 1210 1850 1911 4317 2949 3002 1122 4651 -6108 2570 3529 7999 6295 79 2291 7535 3587 7530 -3240 2173 6214 6598 3390 4174 7830 2561 2261 6865 6767 8374 4085 -1612 1378 909 6111 4013 -2140 2562 2439 1755 4767 1218 2733 6111 578 8122 6887 5515 873 7006 3514 8547 -5636 1206 4630 1390 5241 -1704 6233 8645 4435 3099 54 -3880 -8444 -2960 5979 2741 3469 287 5625 2141 7351 7442 7202 3234 3750 -2512 3030 5454 475 -2984 -556 1226 
6290 -48 -6992 8326 -6880 -8476 -4328 -8608 -2976 -7320 -1732 -928 6601 2146 -7280 -8080 1437 -5164 -7600 7670 5577 4923 585 5299 5425 7882 -7196 8054 -8228 4793 67 7717 -608 4737 7917 -7532 5575 -1320 4475 8738 658 -3332 1747 4597 -1632 -7184 8485 783 7057 -6796 -8232 -1092 1937 2170 -1568 -5232 5986 6037 7859 5646 -2068 7154 898 5121 3862 5243 3666 5265 -1668 4841 3006 -6884 3077 915 -660 5891 797 361 1971 8513 4191 2303 -1860 5462 7167 5122 4018 1810 -3796 -2940 8326 6813 -8060 6471 -7992 5823 7093 8770 1409 -7744 -3708 1954 2893 7731 3450 -7028 -4468 8446 -6432 586 5914 2493 3283 3990 3925 5738 6111 2547 5902 6017 7229 
-1540 7181 9 4142 7265 349 -5508 2598 -6632 6087 -6384 6315 -2340 3391 2198 3462 6566 7855 8570 8389 5601 -3208 -2724 -5444 8129 -3392 -904 3007 1598 1942 -816 4062 -3212 3450 2265 4283 363 6250 6001 -8880 305 -8844 6679 6051 390 4537 6463 8366 6930 -5048 3417 8771 5410 -6216 6006 7749 3006 1011 -1372 5413 -7172 7119 5509 4587 4099 2538 5731 8141 5751 833 7269 5238 1595 3301 4961 -7340 7511 4050 4285 6257 -1232 2783 -3660 1982 -4088 3399 1905 3373 -5984 6821 6510 970 2018 435 6709 4874 7389 -8872 -5972 3893 1958 4610 4919 4607 5718 7017 -4004 3586 3182 497 -3764 6711 2913 3739 -8636 6827 7639 6235 3561 23 7621 
-548 -6764 8263 8709 8835 8267 809 8171 -7160 -6140 3427 -1700 709 5689 6518 -688 2605 8353 -4724 4491 -7324 -7772 8053 2507 6333 -152 6350 7851 -7780 2193 4098 783 3117 -796 1025 -4348 3289 6915 7703 2895 8722 1295 6889 -5628 851 4894 8533 2214 -5284 7123 -7556 6674 -1308 829 4911 8451 3078 2778 4583 4085 2311 7526 6182 -3444 6754 366 1399 -6868 774 1062 -2520 2791 5477 5002 3461 3901 8806 7091 603 4897 6487 4670 -6640 4273 7805 -2920 3842 -6520 3634 5854 8369 6099 -7352 5953 -1556 7122 7971 2954 8626 7213 5542 -1712 -5408 5957 4059 2382 -1132 -4596 -7512 1739 2578 -3512 301 3566 3187 7419 5361 3175 7890 7911 -7956 
6203 3577 5291 -820 7962 5878 -2776 -6648 -7216 -2152 7798 4710 465 8439 -3164 6113 8527 1734 -7744 8533 8662 935 7503 2835 -4284 8182 -1540 1307 4385 1650 591 1801 6522 7249 3354 8431 8115 6690 7647 7279 3457 3389 -4084 3945 -5732 2671 7023 -5564 81 6989 1841 5679 -3900 -7444 6477 7569 7005 1274 -6456 -7932 3391 6913 8715 663 415 162 -5772 4073 -7424 5670 2271 2797 910 5630 1261 -3972 8705 6314 2595 4770 7354 4107 3193 3169 -3020 3733 4511 8354 2310 -5436 -7976 -7812 4778 -332 8162 6283 6387 8089 7257 7899 2605 -3908 -7668 7041 -7236 -4224 -1980 3982 5919 -6276 3047 7171 8437 7518 6643 2627 2999 2685 6239 -4040 5343 
-4192 7062 3731 -7012 387 7645 1543 3419 1717 2207 5933 -4724 1698 51 2593 2901 5061 1935 6493 -6432 3697 -1316 2727 -280 8234 8277 5317 -4772 3150 177 4262 523 -2368 5931 6593 8238 3550 2794 3399 5633 -4532 5542 1182 -7920 1438 2686 327 8518 1555 8166 8881 -8632 7931 -8476 7958 2182 -64 8793 -2084 2099 3497 2614 7059 137 -1144 3699 1982 4167 5129 929 1154 4473 -1996 2221 5222 3369 5407 6938 1453 -3108 -196 8517 2327 1025 3789 4705 282 935 -6576 6234 3067 -4668 1457 1759 6595 -968 3938 -1080 -7556 -7136 5934 1642 5198 4729 3411 6083 -7952 -4096 666 2197 -524 -5348 -1740 6158 -2456 6082 8614 -5536 7793 1041 6417 
-3572 5815 8637 7203 6 2166 5625 5039 2091 3769 8598 2805 -4640 3046 795 -820 7058 7737 2126 8293 -2736 2775 4279 -7848 -5344 3459 2794 926 1978 1225 2345 7458 -6136 8674 1767 7883 -3716 5381 -1756 -8384 6629 5499 565 -6976 8437 -2660 8243 5623 3698 -1820 1231 -5608 6199 7122 -2936 3135 5135 1339 737 -7944 730 3218 -2656 -2508 -6604 -7808 -6408 -4776 5293 8186 3447 -12 -5044 5995 2713 -5896 -8848 8882 3217 -124 -1088 8369 1813 5377 2353 7287 6743 2219 498 101 -4592 7647 8219 8037 -7400 7606 4413 2967 -6352 3002 6571 2929 11 8789 3663 -4708 6298 -6372 6790 5898 -3940 6179 7019 -7220 1205 -8540 -7652 6742 -1608 6889 589 
2238 2370 -24 6991 794 7243 -1328 4513 -1300 8409 5773 1046 4678 7138 1310 4345 6005 -5392 1834 8793 -8512 -1764 7845 -4316 5297 8262 -8444 922 -7616 4495 8113 8218 8459 -8124 7099 2787 2599 4607 5999 2395 2413 2323 -1484 4977 130 5230 2125 3691 8179 1710 4449 1713 -6156 -324 3039 6462 2479 7078 481 4174 2630 5955 3885 8601 -2176 8710 5878 782 2343 -6200 4313 6382 2958 8803 2290 2327 -6940 4678 8845 3479 -4176 5302 7227 -4576 1379 2063 8293 -8208 3994 6149 -640 -3760 -20 3147 741 7271 8130 8041 7807 3695 4979 -2524 4585 8397 617 6982 6303 577 1754 6275 -2600 -3856 2755 -1940 3950 2821 2897 4034 8326 -8560 5095 
2919 2282 -5924 -3796 -2576 7595 3751 4698 2635 3627 -2216 1265 3847 3509 6997 7046 1878 3031 1074 -6568 -7240 37 -3600 5123 493 8833 -452 7075 -3072 1182 8155 -104 -5292 4630 -1388 -8136 8442 7974 6025 7634 606 7107 3927 558 -584 5546 -4100 3802 8642 7642 7671 8757 2390 2034 5683 -1712 -1252 -7468 6819 2982 -3844 231 8410 8438 522 7770 -4932 1507 6129 4415 7403 7693 -3104 4035 1881 6626 731 1254 2642 5055 -3460 -4544 4229 -7236 5047 570 5246 -4084 7925 2438 7501 5695 3399 4043 5993 -4348 3073 -8268 2241 1666 8221 4581 -6004 3810 6505 3481 8457 1357 1534 4394 6901 1769 8207 4631 4303 3433 3435 -644 1669 7555 4318 
5693 6021 2923 3855 8179 2302 3411 -3004 3565 -3388 4625 1243 2798 881 -6376 5791 7685 6579 1943 1271 4341 4734 2086 6935 1838 4274 5085 630 6102 5043 -1108 2179 3877 7041 2265 1015 5498 2339 -1060 4714 -4588 -848 1695 5941 5911 4946 5054 6534 -6420 986 5758 7870 -5736 -7844 8242 -2604 -784 8811 5526 6582 366 -7996 -1320 5042 -7008 4095 -7816 4019 4861 3159 1542 4185 2927 4794 4399 -2240 729 6043 482 1754 914 2078 -1976 1381 8662 7803 3147 343 3331 3589 5014 1977 7482 -6608 1913 4513 -8160 5463 -8568 4933 1614 6871 3421 62 1446 7630 5926 -1120 -6232 4879 7071 -1932 3305 5910 414 -3664 2549 -8308 5277 -2176 5550 
3170 7889 6427 5238 -1468 -8764 7373 -1356 5725 2905 8785 3711 2511 6615 6245 4518 605 8591 6291 -8872 1377 5795 -5276 2647 -5312 7842 822 7667 8786 6674 8611 -6736 6093 -4876 4463 -368 3382 7713 -1284 1023 691 5634 6911 2155 3738 -5320 8758 4553 -2940 1645 -4128 3802 -8044 1759 206 2047 1146 2907 139 -4592 -6312 -8424 -3372 -5708 2277 310 5142 1138 -52 -6172 8442 -2760 -2032 8399 3303 -2368 249 865 3191 7535 2297 8873 -6092 -2360 715 7907 -8732 6451 -8632 1519 -1432 7563 5511 -6432 115 5887 7309 5358 2375 1342 2977 3861 4177 2525 -2008 4594 -6228 2275 3063 -7508 2767 8395 8333 5494 2111 1526 6517 969 1571 -3896 7491 
4885 1007 762 479 4782 477 7649 833 3657 4838 8006 38 6070 2126 4371 4249 2082 4750 -6572 -7760 -4672 7821 8386 4445 3038 -904 8209 638 2039 2753 6729 2115 3506 4509 -7244 -772 -6180 2247 8767 5569 4170 -2660 5091 7333 -1760 3454 -3456 -2660 3710 1519 1105 8065 7026 5635 4978 -6460 3219 1710 2638 7489 3634 2635 1227 2845 1251 8797 379 5369 -5740 -6060 4509 4623 73 3046 7655 -5868 8745 2223 1418 1529 3447 -4476 1562 -3496 5191 8814 -7852 2095 -1144 7977 -8684 3426 -6584 -8812 2218 4745 6883 6749 6610 2970 7201 1113 8197 1671 2623 -5228 3137 7291 -4752 1515 247 6354 7382 2053 6266 238 -8632 5919 -120 -1644 -7436 
4599 1766 4253 -328 8134 -7044 -792 6175 4827 2579 79 2131 -1448 5879 695 -8056 1905 3722 3347 6845 6138 -172 1662 -8024 109 2330 7285 2682 -6856 449 6049 7385 7287 -4220 1442 -3428 7589 5825 -2168 5361 6811 -8680 2438 906 730 2122 6514 4261 4775 2799 -8204 1866 -2836 -8728 3355 -7128 49 2966 6529 4298 -7996 4757 -4716 -7272 6537 -7952 1063 6339 2089 3262 1655 5937 8683 7742 7391 6938 8017 2061 5195 -5012 -712 8126 369 -8080 4055 1279 -4788 -3008 -1192 6197 3426 5579 -7544 8326 -1768 1058 5453 3306 2050 -2588 1467 5322 4087 8406 -7968 -1112 7422 4498 -5216 -6004 1705 3975 3225 -1536 3642 -776 1591 3063 8027 -8064 2934 
-5192 409 6947 -6524 1294 8099 4503 -2924 3333 5447 6150 1727 3722 4211 7389 1909 5747 -6844 841 6602 3766 7921 4629 -4068 5657 -5372 -1672 7102 6865 7865 1734 3255 2614 5333 2661 5594 -6396 8766 1606 7541 2593 946 6315 3067 4577 1635 4766 1678 3717 -1000 6101 2742 -2400 6057 -8428 5825 1961 6013 6915 1642 1447 6915 2489 3334 -1908 982 -7708 1722 345 3537 6679 5653 1257 1198 8134 6142 3898 -4612 7190 8739 3566 154 1750 6303 7977 7082 -6364 4709 181 -944 8682 4086 861 2878 -3008 -1948 2143 -7704 -1560 -2884 7890 -8616 3294 6013 5014 2806 8390 6531 418 837 -4192 -984 8678 5125 -5596 2879 8659 2343 3631 411 6586 
5702 -3820 6802 5331 1150 5066 8449 879 3927 -5924 7053 331 -5700 -152 1699 6483 6786 -580 7770 -5300 7879 1606 2237 6953 -4380 4338 -4700 531 8538 3065 -2044 5789 4685 2925 -1248 -544 994 3953 3145 -2320 1069 7697 2681 6983 -5332 8135 -5468 3369 1309 8593 1923 8295 -4152 273 4721 3921 1371 -4212 277 8267 2835 7603 1267 7446 -8104 -3380 4102 42 5819 -628 4882 -4268 3933 -5296 5847 4447 -1976 2947 -4464 -1404 -3472 -8492 7791 -3920 2890 8154 7973 -2316 8082 6911 -4384 4050 4102 8090 6921 1237 7057 3467 6830 -7968 -4208 1631 1377 2713 4875 8291 3907 -1624 1238 3345 155 2198 -6932 2243 5231 855 31 3193 2679 4071 6105 
-2312 7771 1725 5609 8699 7498 283 5995 8411 -588 -280 6791 2529 -8736 1782 -2560 1327 8213 4194 -1660 5017 6841 7158 3354 -1020 1491 -388 5575 -4568 -2284 -4980 -1792 -6240 6437 4365 4637 1542 -5692 179 8111 6754 99 5743 6865 1850 7187 -2340 -7088 -7824 5369 137 713 533 6805 402 3654 -1912 7963 1019 6931 6747 6470 8555 3286 -8828 4250 4722 4495 -5176 7007 2509 8309 4229 2642 6698 -4996 3086 -5048 1898 -8640 -6804 2853 2697 6887 -6404 7567 2491 8054 4667 -2728 -1828 4226 -3784 -3320 4238 4906 2414 4379 6875 5021 -6816 -1936 1637 -7172 1331 3942 -8196 255 -2024 -3060 8410 -636 -2748 6299 4511 5501 6341 3018 5157 718 4638 
847 3171 -4932 1871 4801 3450 7046 7001 -4428 8005 2541 -1960 1357 -2776 -2676 113 -6224 1225 8257 8339 5141 1594 -920 -108 -8132 -6172 -3980 2995 -1656 3095 -7500 -4444 7221 6681 3983 6857 -2052 7334 -7436 5793 3561 5751 6818 8874 -8860 -4756 406 3685 1803 4575 -1164 3986 1565 469 6565 5534 8525 -6012 6621 962 5510 5630 -3480 -76 6081 7451 3866 -4540 8115 4910 7098 3649 -1692 1610 -5804 129 -5364 -7360 6921 -7728 -1580 1735 3346 6419 250 -3312 5133 2023 313 8318 8337 6098 6894 6002 7129 7778 -8568 4773 4419 4670 389 723 3574 -928 4903 7427 3383 6769 -5984 1218 5495 -1136 6325 4437 3077 -916 -1280 -48 8633 2709 178 
6313 -4572 7297 4041 -8684 7851 4665 -2752 3743 7754 7137 725 2666 3066 -3964 -3900 -2396 5377 -3164 -4920 -8348 7589 858 6995 -7380 6285 8425 6562 2061 -5944 -2692 681 8262 4642 8365 -5860 7503 1339 3041 1690 8843 1989 4459 5710 2271 -2876 7098 7383 3075 4054 -8488 3323 4011 6150 -6736 -3884 1063 8634 3977 470 4423 -3432 595 -2724 3099 7993 -3696 5805 3075 849 7371 -8856 2311 2807 5907 5599 5629 -3544 5367 6083 6423 4590 8255 8349 8409 8599 3349 7865 2334 6954 -8736 7626 -8452 -6620 5463 993 -7840 7485 2978 8479 3777 1145 3799 -1232 1707 1765 6234 -5664 -576 6999 8862 3742 539 4337 7178 1311 8067 6930 5249 8027 8786 
6509 6607 8449 2009 8813 1906 -8880 -2700 8873 6489 -204 2547 6782 98 1198 -5456 -8596 6190 295 -8404 1209 3550 3446 2478 -7272 5453 5643 3859 6623 2853 -4600 6783 7582 3155 8313 2254 6559 37 -2196 7734 6559 3827 -4596 18 1282 198 4038 878 2577 8259 1358 -1408 7051 2649 -8816 -7140 4789 254 -7860 4998 2539 -6500 14 7263 -2108 -7428 6837 2522 8697 -604 -1184 379 1642 6651 6934 3793 138 3338 4283 -3624 2235 5893 -1160 2578 3929 3777 5059 -5556 491 2466 -8660 -6864 1213 2721 754 5014 711 -3712 2363 8498 -4656 1189 242 6291 5101 -1836 6953 7791 8613 8702 -4972 -7900 2351 -92 5225 -672 8187 221 4587 5289 -5396 
3155 -2528 -3120 8501 7797 3135 3861 -4976 -5272 4166 7161 -2252 5457 582 -1372 -3056 -7752 7013 3863 3934 765 5137 3443 -2792 8698 -3072 7489 5417 8778 7443 3766 4863 2369 6414 8131 -1312 1211 6869 4614 2875 -2996 8527 3343 1534 -5348 -4752 -3616 -1008 4779 6101 5483 4305 5351 4535 -96 5389 2094 -524 1763 -5740 -8532 -3600 8435 2527 8465 -7944 -8052 -3468 7329 -1280 5049 -7156 1279 6406 -5796 -6308 4270 3797 5863 -7876 3963 -6356 -2156 4987 947 7315 5826 -6092 1998 -6460 6339 -7568 781 6913 4287 5949 -2920 5495 1877 8226 5486 -4756 269 6094 1843 799 4173 3647 657 -124 -8300 8625 -3384 4830 3894 3246 -504 6535 4627 8581 4581 
2490 7491 3421 -4636 1746 4874 362 2919 7497 2495 -4868 -4080 8325 4171 7905 -1316 8878 8649 7182 253 3118 2571 7779 3853 -4676 7911 738 5289 6746 4163 8319 4345 1957 5553 -5404 -5044 2673 2563 947 -2000 -6308 8525 6001 978 6825 2417 4950 -5700 7989 -1220 6653 4706 -4140 -5132 4206 -4280 3971 6833 910 8187 5650 8414 1694 8587 3510 4343 -2804 3471 -3696 5933 2330 -3256 6910 -2636 4083 -7304 5891 2238 3787 5139 6374 6045 486 1357 543 3023 7661 -5780 5915 7582 5969 8470 6621 -1760 7961 -496 8139 6726 1333 -6108 7667 4263 1601 4671 -5076 7763 -5744 15 4925 3799 2077 -1936 -544 8182 2395 4505 1481 8305 1483 4267 8182 
4518 5926 -3928 5234 4349 7730 7473 1126 2153 -7596 1389 -4416 7853 7587 4751 -2420 -6536 5787 -8780 1262 4634 3590 -4624 -3328 8783 8879 8302 6613 1811 6926 3858 4377 4137 2634 4893 8786 -7596 6255 5553 7342 1637 3387 6338 8189 450 6801 623 3410 -1384 7641 6949 -1380 4626 -832 217 3522 -1040 -5180 8675 -7748 697 441 -5568 7330 7863 3338 -1724 3839 2665 5289 8063 4919 6274 -7324 1585 5434 -4488 2093 8266 6902 1427 2785 7993 -1712 2851 8255 5430 -784 307 7563 -6792 918 -6988 -5704 -8428 8401 2674 -8224 5067 6830 3361 5058 7741 -7992 -2000 7005 1325 8078 -8852 7373 2774 -7076 6674 1001 -6856 -4248 1467 -2776 5042 1649 3334 
1873 3902 939 -8324 -7620 -1708 -1596 8749 30 6070 6617 5171 270 3486 3159 498 2029 6458 1287 1043 599 -4720 -2980 6642 -7504 3453 2053 -1232 -1564 153 7522 6255 -6372 -2908 4115 -1880 4686 5486 1657 5245 -7608 -260 -7360 -6340 8257 -540 707 -3120 -2484 1622 3445 2586 2489 8271 4849 3478 -8328 -420 7021 3717 -1768 -2296 4758 8759 8874 -1884 -4920 2345 6654 274 -7008 7990 8026 3095 253 4486 7491 -636 1654 -5168 -2484 6839 7455 1461 -2552 5369 4734 7294 -4880 -1548 2478 5614 -7852 4630 438 2711 5963 5245 601 6237 1133 -5928 8266 514 8446 -4620 6705 3150 482 -64 3551 4754 -4588 8651 2130 -6212 5682 1523 2441 8863 5003 
6105 4127 4646 -6900 426 -5360 -4028 -2260 4603 2659 5697 8587 5369 2033 -8248 -5852 961 -224 -476 1669 33 -2392 430 7229 -4752 6597 -2532 962 2335 1283 1245 -5812 -6552 8403 -5312 5261 2711 -2820 5947 2854 -2716 1423 6351 6685 -2980 8229 5226 8011 565 -2024 8797 4483 -5732 4077 7226 5549 -4336 -3104 -4848 4201 -8224 1539 8398 2254 -2908 6057 -6572 6558 -1384 4087 3109 8066 2678 1785 6834 6397 6957 2406 2010 5515 3930 233 299 7405 590 103 6954 -444 2211 2673 -1840 5746 8633 5729 1571 8597 8503 1694 -1176 7889 4165 -7172 6714 -7708 1798 3767 7361 3035 2986 2474 3389 7569 8165 6639 4782 4865 -5616 3027 7938 3178 3974 
4898 6479 7386 1229 8778 -3204 4675 630 890 5203 5778 -4072 8819 6702 3169 -6204 5701 5157 2678 3302 1086 -1224 -5252 5917 4914 -8284 -4748 -2448 2131 593 3633 4425 7325 -6884 2435 -6020 -1320 -8508 1726 3147 -2720 5339 165 1150 8497 1245 -4784 1249 6426 7838 -6908 8211 -6572 -8800 8727 4855 1755 6090 3373 241 7157 4359 -2700 3001 314 7259 6662 6734 -7596 -8844 -6772 3999 8190 2478 -6480 -780 1907 7005 902 -3840 7914 3110 3222 6379 -8636 -4972 7982 5930 -2904 -716 -520 -1688 -4260 8273 8669 8625 53 3034 -2592 3690 1609 6593 2114 8803 -7888 4962 8785 2718 3042 -468 -8060 5317 5031 3639 2187 4829 -192 -5688 507 2430 95 
2010 -7968 1445 2189 2010 7879 -1636 4065 3417 763 -7388 2825 8797 -3264 7545 6122 1758 7539 219 -6892 479 -8292 4642 733 8231 6526 6619 4658 2915 2321 5987 -2664 -3724 1058 741 -2232 6417 4263 -6040 6247 -8168 7427 2215 -8128 5221 357 -3952 467 -176 -3260 6859 -1876 -3532 5887 5638 419 5007 -1632 -2544 -1040 3494 4063 -5536 6546 1941 -8740 -1716 6257 4867 -8700 -3688 7274 14 3439 8797 -2704 7051 3150 -2932 4177 1543 1858 8810 7237 4790 869 5929 -2452 725 2739 -392 1337 6599 -2996 5214 4859 5041 5745 3550 2346 3795 8542 8759 6966 6293 -4036 4133 -5436 5905 535 2753 6370 -3776 8106 2826 4021 2698 -560 7457 -8736 837 
2426 7937 3111 6635 2366 -2704 8073 -8620 1859 -4584 8237 6741 7107 6670 8194 4085 -3288 -1300 3303 4370 -7724 1885 -5080 5818 -1604 6858 -5172 1975 4582 6497 4638 1453 5882 -932 2125 1563 5479 7453 7603 22 4214 -7004 6571 -1088 2757 8603 5827 5211 8605 3993 -7588 7870 253 7598 6454 3862 8229 6851 1902 -6904 3667 645 2334 1797 5765 1286 -6660 6 1631 3303 2594 -84 7222 3662 -4292 1703 7454 350 2005 7330 6039 -508 8665 -6416 -6320 4549 3230 2243 1607 -5540 7954 7237 8631 7358 -7536 -4296 -8192 2606 -5072 2887 -2012 -5808 6890 -4344 5933 1875 7397 4498 5158 7545 -8480 6330 5965 -8740 2282 2651 3454 8678 -8580 178 5051 
-8240 4479 8827 -4552 -5340 5391 6471 871 8762 3311 3387 7825 8170 -7320 1751 -6896 2693 2847 2578 -1124 5754 142 7161 1981 229 4641 3995 5725 1391 499 -1420 -2164 6893 3782 2717 3847 3210 8282 -6920 7335 -8312 -5884 -3772 6419 7523 -3768 -6132 1662 -8532 -336 -2792 4266 2210 7226 -8728 8430 7573 -7200 6807 1155 -4836 3245 7738 7970 3902 6810 2497 5781 3210 6753 8882 -3948 3879 6901 4722 5635 2517 -6456 -5076 3287 4430 2161 -900 467 8509 2611 -7636 -5404 474 1707 -1072 -8832 -6296 246 6071 8034 381 710 6581 2159 5411 313 -5740 2121 578 1269 3169 -5220 2183 1377 5786 -7476 -8088 -5904 -928 510 5547 -3988 6978 1895 -5636 
-6420 8406 6038 5223 5674 8018 6175 -7932 6819 5945 -8204 4341 7429 1170 -5964 7322 5886 5813 8119 6173 -1044 8673 -6616 4927 505 3763 662 2671 -7048 5478 8850 2371 6617 8425 3327 7949 1747 5679 8677 5893 7962 2631 893 8026 4259 8222 6685 8406 -4812 2034 -4468 461 118 3181 -4172 8042 -3608 5603 -7136 8131 -3404 1175 -188 3398 1438 1970 4758 993 -1500 -1356 3182 -8356 -4508 -5044 4577 6499 235 3722 2099 -4568 5343 3834 7223 6023 5131 8571 8201 3549 -7936 7118 3154 6701 662 603 8629 2699 653 6755 8259 1607 -1996 3990 -8000 -1116 461 -1916 3779 -4020 6002 8027 -5552 -6476 694 2043 7410 6163 -3316 1013 6495 4901 2473 
1838 1919 425 3033 -5900 2654 4439 7714 -3872 6966 5691 -5060 1383 3458 6855 1690 7583 4317 6815 -212 1079 -7560 5927 7517 5889 1967 6253 -6376 1279 3147 7953 5537 6510 -2696 -3592 5321 1651 3230 2555 7810 1667 1746 861 4263 8866 1206 1590 1187 1522 611 -5596 8653 8670 7289 3565 5985 614 4430 5 3506 3551 4959 5794 2291 4286 -368 8579 -412 4729 -1204 7519 5967 3855 669 6333 1275 21 -2516 -544 -3600 6897 7167 655 4803 1669 5607 4147 4357 -5272 5989 7466 -4676 -8316 7298 8787 -2860 8586 4782 6727 287 -2084 -2556 -4632 1282 8405 -5904 1890 7443 4739 4239 -1180 7073 3969 6073 3643 4325 -2272 6735 5950 5466 1089 
8513 8285 8637 635 5045 8089 1333 3717 7058 6015 8810 -5892 -1884 3367 -1296 750 -8368 651 2463 1038 335 1173 6425 787 -3988 381 -8600 6595 -544 5035 6538 4655 -1964 2839 8205 6222 -8856 4902 1315 825 2626 2569 6890 1245 -8476 3154 1855 3735 6659 2330 6645 8282 5127 -4936 -692 3973 -5788 7850 -1488 -5604 4118 1837 133 29 -2272 4714 -244 -8692 1697 1695 7494 -3232 5810 8085 26 5643 2486 2839 -4088 -8508 7937 3889 -1108 -4236 -5784 -4476 -4552 2743 4161 -2780 2705 266 -4396 4167 5438 1323 -6396 -8056 3811 2507 3099 5707 -48 -7512 4146 -2184 4939 667 7587 -6308 3521 870 2989 6963 7041 -2412 -352 8518 -3332 2637 -3796 
-2812 122 -1888 801 6489 -4444 2593 5505 2547 3190 -6288 6735 1126 8578 -1464 1803 4269 4457 2582 -5592 -544 -8768 3263 4855 2967 8091 -3564 6734 -2128 8055 -6104 5267 -5236 2397 4123 2294 -5192 7333 5209 5874 690 8586 5070 -4940 1030 -1372 -212 2175 7073 5029 4638 -528 4321 5762 -5280 7961 2873 7389 2594 3919 -6204 -96 7757 3039 -3160 5862 3035 -5988 -5960 -2916 -5572 -128 7655 7747 -3212 6703 979 -6704 414 5071 -3144 -3808 -7640 -6784 7022 -1688 590 5166 3517 1411 3410 4070 4498 -2784 4610 2685 -7916 -5596 2827 4363 7939 4377 1465 3485 1521 -2776 4781 3698 -2204 -8208 -5024 3350 -7356 4618 3187 6873 -28 6170 4051 5191 -7496 
7221 7977 8638 4955 822 5649 -2648 751 3730 7498 7825 8047 8095 1361 7559 8053 5141 8666 727 29 -1276 4006 4598 -8708 353 8339 7089 650 -7140 -2964 8534 2097 -8472 -7640 3050 6175 8235 5255 4462 8157 -1732 6582 738 7329 -3616 326 2341 6265 -4304 -8572 4483 2303 1303 1525 -4228 5806 6034 3970 2851 7047 1086 6970 8691 -376 5583 8614 5923 -8028 -8564 1371 2442 -6132 334 5027 3982 8770 8887 -6640 5382 1367 7803 4886 6539 5666 3779 6987 5349 -3676 -8460 3238 -648 7323 3695 -8444 1733 1267 -1436 -4740 -7748 4082 766 8623 6558 -3996 597 275 3639 7870 2166 -7916 2006 6767 7822 7099 -7196 2975 -5996 -4840 5375 -5256 871 
-5804 6762 -8376 8198 2878 3733 -3956 -8760 -2652 8379 6359 3643 8743 5583 4803 -8228 866 7517 2803 -4732 4379 -4968 -2316 6703 709 -7592 743 3538 5013 8519 -8612 2419 7685 3526 -200 -7008 4265 3671 -3136 7867 8545 8081 38 7075 6613 4482 7497 1722 4443 1306 3194 3762 8861 2163 229 -7968 3787 -1416 4775 4403 4735 6822 4910 7990 5807 918 2133 -8804 2047 -4412 125 8867 7527 4198 4867 -5168 2729 6925 -5508 2061 6994 1842 -6048 2051 -1724 1594 5058 2033 5259 7399 8831 5263 -4492 4967 927 -3736 3785 2322 6830 4122 7862 741 -6096 -5260 6607 8419 2774 1761 3105 1370 2145 3974 7551 2517 666 4961 555 4714 5773 4135 5943 
-6728 5637 6683 -1960 7370 5138 966 6179 6209 -7924 5442 -2148 8179 3881 1714 1693 8134 2442 -128 -672 2143 4819 -2832 6386 3379 8685 -4180 6361 7059 -1372 -7300 115 2782 6338 5707 2753 -1408 5211 8593 6410 -3844 8249 958 6598 1375 4343 1790 -2976 8593 -3636 -7116 3814 1043 6733 -4704 -6980 -1660 5055 8754 2239 -2204 3926 1365 6030 8223 2935 3905 -8516 7834 -8868 1473 -7748 1129 7574 -2932 -44 593 -6536 6418 8095 2734 -3556 7918 7435 658 -4544 -3652 1942 2358 946 8590 2449 2193 1499 2994 5209 4923 -4284 6830 1475 6917 4090 -6304 3370 -6876 7261 615 2222 3522 -6160 5107 5494 5527 1358 3019 4674 2175 4081 -1240 845 5201 
6709 1286 5526 6299 -1388 -460 -1240 8705 3395 1221 2115 -1944 215 6593 1198 -3000 7697 5694 1417 5806 -3260 8227 -6156 7954 7698 2119 -8252 4469 511 4673 5997 5626 1097 6509 -2288 -5572 5434 3766 3815 1323 4603 -500 -6792 8793 2571 5469 8077 2926 2253 5851 3587 2491 639 6551 -8028 2323 8434 1707 5085 339 -2256 5725 6627 5045 1155 5927 1055 6263 1787 1253 5685 7875 3227 3421 465 6311 6929 4773 4097 -2696 6407 -5880 -1612 -348 6421 6910 1997 -1192 6014 -4560 4867 -6412 1830 6658 -736 3239 -6672 7163 1765 8105 5894 1465 7101 -5032 7493 8635 6433 3574 -7036 5675 -7676 4411 -440 1950 -7120 2489 -7112 7554 161 570 -8840 
4906 -1504 5767 2206 1397 1309 8650 8290 -8052 1758 7387 2561 -6860 2195 -5052 4867 5593 342 -1608 -7656 -4404 8381 -6908 8371 -6524 5410 1073 2270 3141 3909 6415 1893 -7228 -1340 1025 2509 6003 4599 -816 2382 -4676 1362 8331 -6996 7955 3589 7363 1309 6153 5037 5334 6409 5101 -8028 8583 7147 7007 7047 422 7427 1849 2902 2581 1503 -2804 8293 214 3207 3666 6415 -244 5681 6118 6853 4513 8026 -8088 -4912 3554 4182 361 2117 6283 6241 6715 4245 8809 4639 429 7455 2661 1785 2027 4913 -3784 -4776 -800 1447 8299 2915 -1828 8041 8683 8762 6510 1491 -1184 4673 3730 8410 -8632 -3184 198 6378 -8168 -7456 -76 6730 -5832 129 -1500 
8634 4754 3847 8750 3587 1506 -2772 3001 -8680 6742 5499 2875 -7452 3370 7931 6241 2905 1175 5609 5913 -8076 3213 1331 3174 3985 4726 3091 2633 5022 5263 765 8606 5447 8682 7375 8749 7239 -3808 8583 -5968 4007 6833 3553 -4016 7109 8387 1053 8610 2771 -7808 8515 5499 -7020 5239 -7680 2635 -8048 -5140 5715 3207 -5272 7362 -164 6607 -4436 165 8045 1343 5178 8091 7125 -2052 -2192 -1212 2662 -8276 3701 -740 5393 7045 7949 207 6058 8419 -1620 5531 5075 2095 5939 8117 -3008 8609 7041 8319 7277 -3092 717 5134 495 5826 185 7797 7709 6537 -6796 5601 749 -1888 7726 -700 6279 8281 7817 5583 -6552 8127 7474 -7052 -1108 -1040 7914 
-4532 2289 6231 8423 4769 1525 2349 -4376 2982 4505 5683 7846 3405 7007 -7464 -380 -4356 -2140 -7848 4129 2613 2635 3405 5834 3867 -5164 3845 4314 2083 6497 8734 -5764 3167 -4876 -3028 1018 -408 7419 6451 4309 -6520 2222 8314 3021 8385 -1840 2638 2413 -8616 3163 -8480 3975 7735 4637 3267 -308 4650 5382 7365 8027 634 4770 793 6481 -6004 1574 5479 6654 -2080 3681 4683 -896 5766 2543 8638 2871 7147 566 7359 3323 2211 6823 4797 2975 5165 2251 -3488 674 6369 4770 110 6723 3874 6393 -2768 1723 785 486 3309 2 5611 -4368 1571 7433 4490 6019 1839 -6460 5939 1078 -4156 3543 5903 8775 5897 7898 577 -1216 3575 6734 -4880 
2034 -2508 2582 7337 8001 6338 6962 -2060 301 2587 2293 5829 2018 2073 6458 8637 -6908 5570 3090 1370 -1212 2251 6393 2513 -4600 3251 6627 2005 -4412 2230 3010 3030 -3264 7919 4790 150 -3708 502 57 5537 4277 1869 259 2347 2909 3773 -5504 7498 3638 3033 7773 1542 5105 -7644 622 1482 8561 2630 -7588 -2160 -2264 2405 4242 7587 2987 4226 -6840 1250 4590 -5408 5913 8719 2711 6887 4221 8683 4606 -5020 8101 1893 8323 2965 -1704 2677 5242 6993 5637 8535 -1900 6834 597 3145 1103 -1824 -608 5966 4943 7226 3166 8097 4387 6558 -1888 3543 3575 1335 3283 2677 2206 8726 -3828 -1508 -5352 -7332 2090 7189 4037 4546 2994 6275 -2852 
7591 -2552 1801 3754 -3720 779 5423 -872 4866 2741 1809 8266 4186 4351 -3908 5425 199 6683 -2508 7685 -2232 6718 8422 6074 8105 -2196 -7184 7639 -8324 7499 3189 5119 1402 2755 5887 1957 2029 -6824 -7200 7186 2954 8710 1233 4362 6774 7577 -1416 3486 1262 -8436 8069 519 629 5973 4597 2226 4383 4049 2179 8673 963 6205 -2820 -3952 446 -8724 2149 -5688 4737 6742 2030 7609 1102 2627 7671 -8428 2970 -392 1883 3249 7933 5494 277 -2688 3739 7839 4159 7522 7665 1734 -4220 -8732 2759 5810 3921 2753 6226 -952 7459 7881 5677 1914 273 2885 2533 3094 -8316 3450 -476 2813 -7336 686 8623 5163 -2480 4015 8177 8431 7422 -6544 1982 
7546 5902 -452 2129 8550 5162 -6116 1951 -8292 7262 -744 5058 3951 -1892 1503 5067 8335 7455 5701 2505 -4024 -8688 7065 5923 3685 5327 3817 6879 7355 8262 -7808 390 1666 -4328 3757 7419 6333 -4120 3007 -1668 5126 85 3162 7033 5114 3305 -3292 6497 5374 -300 1063 501 5910 5279 627 -5316 1026 681 5513 8333 3038 6239 2573 7310 8470 -6564 6802 3241 2486 6345 1885 -1560 5170 6051 -1904 3090 4866 1867 8041 2015 5255 2286 6294 7354 7373 8633 -7544 6654 5337 2287 -4768 1247 7089 -3040 8641 3537 7283 1046 387 681 4638 5339 4287 3089 1243 3926 -5280 1058 6785 7849 5701 3526 -7096 -1392 -5588 7039 -1824 -7316 582 7002 4294 
-5060 355 3797 8242 5609 -7408 2969 7287 3279 -4304 6139 2869 278 2966 3799 -2348 -8340 -1980 5481 4043 5438 -2904 3305 8367 2795 2621 6945 769 3603 -3284 1629 6942 -4164 6623 5025 6049 6622 2769 1458 7277 7905 -600 -4808 6837 4455 2647 4659 -7124 1953 4883 2409 5271 4027 -2808 -2280 7071 -1144 -3420 3865 6685 -7152 8601 -1508 1254 2443 7022 -3472 -8132 5689 2990 4855 -6464 2799 -6068 -452 4543 1783 -6160 3246 117 4987 8315 3346 1994 973 4082 177 -5816 -6720 7215 7654 6606 8773 266 7335 7866 4367 8309 1566 -4124 -7700 1079 1502 -6200 -7152 6429 122 -5948 7698 -8560 718 1999 -8760 3097 7114 -6964 -2476 -3404 6021 2881 -3924 
6937 4162 7154 5583 -8204 7154 -5060 5105 8797 1867 6146 -20 6947 5930 2423 7009 3265 2818 6625 1454 1669 8490 721 4337 4927 3874 7929 5518 5037 6251 -3324 -3472 -1956 5498 -5712 85 7741 6187 1947 -400 -3040 2769 5701 2651 -3004 4917 2343 6838 2830 955 -392 5027 -7208 -1032 4953 4687 3127 8323 5845 -496 -2020 3587 -4272 7363 -4520 5666 -5960 6665 2431 3069 287 3575 8874 3915 4375 5810 4590 -6644 3359 1002 1867 -152 1529 1507 -6824 2449 1658 6979 2618 -336 8611 4105 2357 -3108 3083 242 -2672 -5548 7029 -1544 1285 7917 8670 -3772 667 -5728 2806 2618 -5008 4223 6354 6698 1554 7814 -5584 1193 4898 6835 7005 4775 1638 
-1464 -3412 2462 -3408 -8396 1427 2862 3609 7669 301 -8872 5633 8603 1926 5901 -7800 7153 4219 75 4327 6162 4846 6503 7123 3661 1362 -2756 6859 5311 -2456 6437 4850 1503 1913 214 1503 5186 1947 -6380 4329 1843 -7700 8291 7905 1277 -3744 1130 5963 2989 921 7049 7863 4117 174 4710 1943 6767 5098 -7896 5082 4223 1823 4678 4374 -2160 615 834 74 8045 4011 7798 1241 -2452 -480 4135 5258 4481 381 2690 -2360 6057 2867 1859 3537 2225 107 4277 2338 -5756 8837 2665 6621 -2900 -2964 -6132 8753 7634 5035 2994 4405 -8220 1406 8399 -4420 2423 5199 26 -8552 -1616 6817 7821 1057 643 2073 8337 6683 2191 -7308 -4564 670 934 
6675 -8756 2445 -2404 5363 7401 2721 389 4734 7793 6657 -2732 8334 6209 2027 246 1694 1941 3573 2203 8273 -280 6375 2678 4611 -6648 7430 6814 8863 4739 2099 8703 7499 -6856 3497 -896 1551 774 2433 4694 1383 3855 -1524 -3764 -4476 2217 5425 -3488 8615 8703 165 -2432 2802 5790 5058 3101 3365 -8020 430 4878 97 1739 -8200 8149 3802 5727 6175 -5628 7635 8797 -4456 779 1363 7679 4671 -780 601 8187 5869 3441 3055 3770 7449 2014 2822 4090 7325 8173 4107 8139 1487 5031 -144 5949 -7860 -1116 7895 2074 2441 5246 5138 1483 5871 3457 3923 5251 2113 2982 3914 2895 8025 5030 1923 5738 -2512 6253 8169 -6248 1647 -3832 326 
3803 1745 -5648 1813 3015 5169 5463 702 -8728 1819 1641 3727 -524 -1068 6466 6085 2506 -5964 2905 -7284 3670 1247 -8636 158 7534 6375 2481 4443 7119 8666 7541 -4156 4837 4389 739 1835 6783 5538 4526 2365 4643 -600 8471 3119 1258 4171 -4608 8802 -6664 4531 1581 6777 -2036 -5644 4966 2842 -8180 7386 831 8831 81 -912 -1392 4918 3933 6651 -140 4722 6005 6499 3190 8281 -8404 3129 7765 1610 4671 -7952 5283 5559 3442 8633 -3876 -6364 3794 -640 3789 8598 7633 -7396 4681 3518 7021 7709 2475 3854 7311 6675 -2936 2210 -1212 5970 3390 -5380 7657 6170 -8604 8641 7878 -2220 2805 -4136 6707 7493 2218 -2884 8477 -6008 2347 7401 573 
8491 -352 6038 8550 -4664 -6356 4698 3709 2742 -3936 7441 5727 1026 222 8031 1089 -3504 5130 870 -6224 5749 8849 6845 678 946 -1444 -5884 5625 7794 1283 -5868 5415 7614 -4028 3329 -748 6567 3827 2723 6546 -3932 -7416 3119 8870 -3676 1097 8579 -5680 -4844 -8536 1434 5938 6721 7478 -5108 738 4141 6089 -344 2841 6555 126 -5096 1494 6709 6389 211 4191 2909 8622 6941 3167 -5068 -184 3791 1891 3851 6755 422 7697 -6128 3002 2223 1846 518 -6612 311 6811 386 6647 355 -732 -672 181 1610 2177 7034 -3780 -3408 -3528 -5172 -7788 6809 2589 5843 2970 347 8073 3650 -412 3897 -1376 -6640 891 6377 -6132 -1800 6630 5009 7590 -800 
5359 1338 7949 2455 3953 3589 3525 -3668 3833 1453 -8168 -3376 6410 -7396 8427 -2340 279 4482 767 -4388 3806 6950 -7952 6209 4658 774 7637 4923 4558 -1056 -8204 5709 6739 241 2875 -8512 -7832 8033 -7404 7294 -4372 6783 3599 5721 -3024 -6828 6437 -4520 2874 7107 8786 4893 8523 461 0 -4720 5775 3686 7073 2779 2022 7154 -5332 1129 6343 -1656 7989 -36 2347 5329 4509 -3764 7577 -5568 1375 6086 -260 17 521 6235 -8600 -5992 7983 8083 87 1093 5069 2441 -552 133 -7272 7647 3199 8607 -1044 5363 5397 3422 2013 4802 5874 -5220 4945 211 3523 3090 735 7446 -1612 -5220 -8700 3667 7545 -4964 82 4926 6087 2887 3381 -8068 -6848 
4886 3698 5541 5314 2466 -8288 6357 2030 -676 -1440 8331 -1016 -8396 2137 2631 3587 5058 6025 5765 -7652 -784 5678 4189 1797 -1752 -7624 1445 6689 -7436 5777 -1960 4679 871 5975 1779 5705 -2636 -8040 -8824 -684 2397 3585 2059 7202 -8232 2649 -6064 -1740 4650 -5816 8611 5674 -3212 2093 4361 -5232 7173 726 6718 5207 1878 2343 6175 1467 -776 1286 214 2007 -7376 7935 4805 -7672 1226 7795 841 -1404 -1492 -4568 1318 -7832 953 2506 4903 1642 7541 2029 1586 7777 -8588 2093 -4672 4017 8227 4442 4735 4665 5529 999 -2016 -5852 3313 4409 4125 8154 -6472 7398 4405 706 -5220 693 8375 8791 2435 4581 8007 -676 494 979 3341 2715 699 
8278 3162 1642 7446 4090 1554 3977 -5336 8718 1123 1667 -6064 6117 -8656 6663 3477 -8496 715 -3888 2975 4667 8115 3118 6027 -6084 578 -3448 7171 4707 5887 8753 3582 426 8734 -1432 8090 7905 1079 -1940 8447 5573 3053 4011 -7636 8187 -7168 762 6307 5483 463 4378 7231 7430 5614 7422 1286 3926 6598 -8096 8490 8835 3774 -5384 2987 7829 5091 -5088 978 3742 2339 5227 6709 -320 930 -5228 -6136 -7816 5251 7739 2857 2147 5779 8593 6517 1935 -4424 2725 7894 5278 4125 -5268 4426 7765 5321 3209 6401 -4460 2278 -8484 -5452 5102 7618 -8656 8457 4309 2121 4389 7775 2441 6790 5666 6059 6953 4343 2493 2945 -4704 2990 1215 7217 5258 
4809 -8308 2521 3077 6114 3625 3234 1253 5086 806 -388 2399 7179 2545 7822 6434 6499 1749 1787 -8228 1263 1723 6387 4038 4382 -5928 8166 5514 -7496 3681 4701 -3528 2051 4297 2174 2598 -5488 2599 2451 2959 4097 201 -1628 -2120 7457 7366 -8580 -5756 8689 2598 549 -7496 -1900 250 -2700 -5680 1958 4805 -2132 -5324 -2092 -3368 177 5853 -6156 4481 8539 3282 6411 7649 419 8627 6445 4185 2731 370 -2732 2309 -3880 -4768 1103 2374 4242 945 5070 6749 373 1605 -428 6414 881 3338 -4992 -1024 1967 1019 -5776 -4552 6829 2962 -636 8198 5719 481 3135 2314 626 -7624 2205 -1836 3542 -992 6485 5522 -3672 6662 3301 5075 1899 7009 4793 
3363 -424 2653 6893 7865 -4184 -3984 493 3877 3459 4455 3731 -8012 -2720 1657 2026 6157 -7176 8650 1093 8411 3681 7249 -4196 7383 -4708 4485 -320 7173 2243 -136 -1140 5009 2610 3369 4126 -768 3775 6231 -2712 3681 -3028 1027 -8864 4405 3635 4343 5965 -6768 418 8651 3265 4130 5547 4617 -5052 4997 4086 7849 -5916 3375 274 4995 878 -7260 -2792 1862 6606 -3204 -7216 7747 -7516 2014 933 3093 -7952 1631 451 3265 -396 7961 -296 6485 -2512 -2504 -7848 506 1765 6906 286 291 4569 4699 4769 -4512 8489 7359 -5552 3757 8143 6290 193 6781 489 2215 -7296 -6892 -6732 7485 7106 -4700 7135 -412 2771 1777 4574 3813 1271 7422 2242 4317 
-6296 3971 -2500 7861 3631 -2396 8703 5823 6818 -6100 2283 3797 3535 -7408 2671 -1836 8841 -6504 7355 -2048 6334 349 5785 -3056 2221 8067 705 3379 -8088 -5364 -5880 -1176 2097 -2580 -7204 2121 5297 -8188 2259 -4920 5218 7170 5483 161 6630 -3016 1746 6154 3450 6614 1158 2317 7911 -5808 -7188 4286 2442 5543 2390 391 7570 6222 4895 8467 2751 3221 -4280 8046 -8268 5923 7553 2238 5263 -6020 -8788 8795 3026 5583 -5368 8562 1335 7143 8482 -2868 3222 734 -4720 -4424 82 7705 4135 6131 3111 6582 5814 6506 5522 7781 -8796 2751 3785 814 4575 -1900 -6332 162 -8636 3858 8305 2429 -7408 7297 1581 2311 -1536 7305 6649 6045 1285 2282 -1236 
5230 2085 7117 5574 386 -6520 4897 7019 -4768 7366 6770 -164 7950 -4684 4147 6089 3443 1589 3278 -5948 5211 1435 -5828 4805 -4096 -6388 3631 1525 3659 6982 3006 8163 3975 3958 -4252 -5784 2201 6242 7499 2770 -6864 393 575 3578 -1464 5861 3139 -432 -468 -1456 2846 5295 1970 -5636 6525 4131 6287 8159 -3464 4573 -20 6435 4101 2193 6757 8275 -5708 -6128 -816 2989 8777 5727 7917 3725 -2244 146 37 5363 8054 3186 6346 5230 2307 2810 3362 8511 7021 6935 5338 -8252 4509 625 46 -7192 525 -7660 2687 5590 7746 6878 4345 3569 3711 -3264 1610 -3556 6014 5795 1813 6775 5281 617 7955 5649 3201 -5896 2962 -4484 8357 5465 4153 
8417 2609 -6028 4101 6590 1007 3398 387 4899 8326 4630 4019 -5220 5526 2605 79 3077 4635 5807 -6020 846 3475 5177 5606 4242 7771 -4824 2506 4007 1279 -936 -760 -2384 2893 641 6341 6034 735 -7312 7870 845 3563 -6116 7237 -7912 6789 1819 4381 7885 1862 -7060 -248 8613 6865 4353 6877 6883 6669 5243 7482 8181 335 4926 -8404 7659 -1400 7631 7825 4001 377 8754 -7892 1802 5663 1238 -1228 1319 478 4917 1447 -3816 6165 -356 5929 8215 -3908 -2800 658 4367 7481 7115 3563 -8440 -8668 2630 -6388 4695 -4932 8158 5390 407 4518 4655 417 3274 5562 3919 7011 -5132 -5460 8325 7850 4918 -1248 6470 5079 8249 8731 5351 -292 7021 
6979 3079 8655 1541 778 6790 -2832 5683 -1268 5629 6675 8633 3653 1638 8007 7273 -8076 5779 2179 2395 2945 4313 2829 -1944 8331 1853 1722 7733 8706 6143 -3424 7829 -8148 7825 3410 -1780 -4888 6881 8387 5126 4443 4835 4915 7177 3943 386 1567 6047 2377 4990 8543 2891 -6452 6282 6033 6847 3058 -5336 2030 2211 3902 305 -880 1005 1882 3203 -668 5821 666 7327 7547 6007 4653 4987 7386 6299 2641 -1220 3905 -8180 3550 6929 41 741 7091 5615 8839 -7952 674 -108 4761 2758 7938 5677 3723 1359 -5000 8450 1227 6567 2619 2438 743 7262 -1256 2833 351 7862 6926 183 8462 2189 403 7102 -4812 7109 6901 1959 8113 2485 2795 
18 2095 2107 7443 2658 7570 7245 -2656 2721 3715 3150 -3100 2193 -6036 -3588 1930 6623 55 5287 7734 4466 1730 -3580 6109 5443 679 -76 573 7057 4511 1410 -2872 7431 -3292 1775 1766 8213 6649 -6664 7857 6295 -5556 -4676 -1284 4766 8574 2714 -508 6815 -4572 4771 7626 4043 7746 7589 6825 -8852 1983 3445 4673 -6476 -2136 -2016 3763 7262 -5628 909 -4168 4058 -1168 8151 7401 5925 621 5489 363 8813 923 3909 -7392 7001 -1860 3969 4770 5663 -5156 1819 8310 5242 2290 7386 277 5189 5645 4365 1834 7653 5185 8411 65 7581 2971 6217 5717 8707 -2124 3890 4939 7602 5937 -8464 6715 -5720 7030 1099 3897 -7204 8041 2119 3479 1863 
1061 7371 -1100 8423 4441 -1152 -1196 266 4829 8778 1555 1898 -8844 334 8581 -8484 1693 4417 1167 1361 953 4753 8514 -1100 4410 699 8542 4115 5513 2058 5502 5367 6125 -8300 -5896 -7500 3273 -2508 1142 8861 -2708 285 4889 -5220 7057 1863 -3756 1253 7118 3578 -5784 8434 8622 1978 2195 5367 7973 2478 6426 -6580 -2136 3067 5794 3403 649 5555 5823 1411 8306 -2420 470 5853 2798 -7500 -3304 -2104 905 2875 3375 4557 -4720 7395 949 7481 8375 154 -1124 6257 5835 8775 4331 1693 2501 -640 8042 399 2507 8195 1634 3497 4517 1663 1982 5362 6953 5401 4266 -7624 1309 2613 -5056 5682 7709 6022 7409 -5280 142 2550 3877 -8596 7291 
-1844 3562 7831 6203 3417 -4360 3162 8089 -1052 4197 7522 -7200 7441 -4156 -3208 1881 1005 7867 -2480 6403 2761 985 5127 4790 7486 6623 -4456 -8248 5917 3253 -512 8193 2670 8545 -3440 1947 1127 3521 2199 5662 -7008 3217 3957 -1148 1157 5043 8335 7014 -2332 -112 7506 7677 3954 6990 -7040 5726 -3176 1647 -5488 -2700 6930 4237 4002 1082 6929 8275 4969 8883 -2960 3585 -3988 6150 159 3197 -3576 6275 4889 6443 6111 -1764 3669 1542 4985 7079 8806 4169 7181 3423 -4028 2301 2234 -748 4585 -7980 -8832 6271 -516 -7576 8045 3426 1847 -1360 -1556 -1588 8254 1934 2894 814 1186 -5040 439 5863 8691 4213 3554 5253 2766 6489 -180 6638 1269 
1003 6975 2058 7774 4733 697 8230 -6604 8606 3486 3683 4199 8845 3274 2435 5282 2381 4898 3194 5245 6074 -7884 -7252 -844 7933 2341 8817 3574 2413 7922 8066 5702 -172 -1160 6554 1162 4045 3538 -4500 6361 2911 1634 1914 2810 475 1447 3653 6599 7289 6650 1447 2483 4934 -8564 -2188 6529 8871 7001 6667 1910 6057 1591 -2796 -7864 8335 7151 7634 7445 7063 5719 7322 1674 -892 3863 -580 -7704 150 2033 -5140 1566 3286 7911 7466 3145 1375 3443 6698 1769 -5552 -6968 8234 -8464 1675 8207 -7904 1611 8230 3447 515 4650 1251 -7228 -2904 685 5497 -1464 4489 1998 -1728 3503 6843 1425 -8644 -7028 4085 -2564 1415 4778 2426 1279 -5808 
5706 5842 -196 5402 878 901 3122 -4172 1621 -4508 -7040 7221 550 6006 -8368 2021 310 5034 7246 2814 4115 -688 7293 3138 2745 982 1907 6033 5987 3579 6287 -4576 3067 1638 6707 3922 -772 1215 1725 943 1709 4950 525 789 6545 -3748 6526 657 4351 7617 4091 8655 2203 4775 -8256 -1140 3311 6734 3782 4198 2343 3581 4535 594 6103 -3088 -6160 803 6102 2025 59 3346 7550 3423 -3136 7982 4751 5013 8158 6726 4091 -128 6742 5206 8509 -6972 4770 3530 -2304 -7456 -7864 4075 8443 4246 8738 -888 951 -7268 8039 4155 -1556 8794 -2000 -4360 -6808 -7788 5546 6565 5777 1765 6913 3353 8807 5717 8577 8745 3874 4695 445 7089 1807 
5871 1943 5217 -7216 5498 6305 6498 -7996 7809 1862 5017 5302 5543 2411 1002 1903 3243 -8340 1258 -2084 8163 499 5991 8774 -8748 -4400 6482 -2508 -124 -4960 7118 2350 7910 -216 6658 5201 2387 -752 1569 2862 1817 -6064 3215 8805 4671 2987 2581 7285 1878 6451 566 333 8505 6639 2097 -6504 6010 4333 7219 2642 5645 8418 4467 8674 -3260 8687 -4904 -4268 1582 7025 8509 -3800 -3532 6591 3655 758 -7212 5449 -8644 4427 3505 5002 1906 347 -1652 3641 -2644 1137 1439 6497 1230 8817 -4552 5273 8561 4459 5071 443 4549 3337 6685 1729 1763 2845 7087 -4528 7577 1283 2926 4581 3946 2618 -384 4102 1026 454 7345 -4216 1758 -3348 4113 
6355 6227 2034 -8120 1170 -2160 4135 -5812 6967 2527 1218 671 6351 4765 2998 -3076 -644 -2584 321 2777 6762 -7276 -288 6625 6583 -8880 -1244 4383 1865 3017 2546 2973 5254 2267 6437 4957 2938 4531 4338 807 802 1059 1403 847 3673 3694 -1988 2511 -1264 6523 -20 7406 1590 2387 -4908 -4492 -3792 3153 4113 3305 2246 2142 5245 5362 1478 6046 3363 5461 8501 -2888 4171 3841 854 4909 6485 -980 5977 6413 8158 3001 6647 4725 -8244 2907 2370 -2236 2597 6321 -3028 -2680 -4040 -3724 7779 6529 154 8102 5567 3829 6902 7703 942 -996 1905 246 -4136 979 -2656 1075 -5860 3622 4767 3011 5273 1170 793 8091 5245 -8544 1153 3815 1954 
-7708 4077 -412 4774 4542 6806 3350 2466 5847 6469 1443 -2016 5286 3095 -8800 3467 6686 -1468 -1436 5631 -3072 3349 4178 -4508 7531 5539 3398 7481 -3872 7963 -6340 6586 1646 8538 -8372 3507 3913 5555 1443 -6644 7066 -5096 6066 4017 2905 3645 -3656 5119 -4320 -2676 4911 669 8726 2511 779 -4772 -2188 -8524 -6524 -6244 7645 306 4082 7163 -816 1339 -6416 2394 -4624 5871 5638 323 -4460 -5512 -3912 -2812 4835 3082 7251 6298 2515 -6804 -7216 5755 177 831 -3576 -7616 3795 7601 5301 3858 5925 -708 4455 5621 4766 5090 7249 4561 1867 2921 7435 4109 -6364 5623 7599 1069 6549 43 6198 -1948 2702 -5088 -32 7307 -7632 8046 -108 8882 6265 
-1124 -6568 6059 8577 850 689 674 6109 1130 -6196 1755 3678 -6760 -8280 -6648 -1308 1901 1217 1562 3231 225 8095 -8032 6554 6050 3675 6975 3962 7810 1905 2490 1295 4518 4131 7293 145 -3700 2421 4289 -108 5245 5598 6687 -7624 3175 -3340 -5600 5042 6639 819 5283 2090 -1004 -6396 6393 -4628 6849 -6252 4043 -6212 8466 4679 -1304 -6600 6187 -580 8003 -3744 -6604 835 4329 7158 -2108 1223 8477 657 1863 4514 5718 7823 -7180 638 7025 6042 -556 -4444 -96 1547 -8048 -6024 -12 6531 3118 2866 1373 6731 3035 -8604 -5044 7567 -6224 8321 1345 3309 1542 4469 7455 -600 -5656 6171 -8480 1537 4609 -8400 -5360 7505 -1604 7482 4063 3595 -7560 
4578 -3596 2337 7693 4647 -488 5165 2795 -7320 -7436 5770 1417 2494 1017 1755 3167 -872 -1628 2462 -5312 1197 1050 7457 8466 6163 4458 4094 -8156 5103 6257 1506 2025 -328 -8760 6238 7029 6686 3903 5953 1405 902 2687 -6208 221 -5020 6678 1325 6369 6626 8717 5686 1085 6047 -7464 -480 8738 1087 7833 -4500 2798 7787 5630 4653 -7288 3781 3086 6434 3878 802 3174 666 394 769 -2496 -5716 6254 3222 2718 7782 -8480 5898 3683 -7280 5923 8269 2374 3982 753 -4704 8447 -1712 2367 -7168 631 8011 1310 105 8247 -7180 199 4983 3009 7714 8627 5830 8389 3489 6035 -8128 7130 6566 -176 143 4926 7947 6038 7933 8322 3691 4355 -5624 
3345 6881 -1012 7274 -6396 -472 2259 8207 -2176 2637 -708 -6444 8443 6459 -3860 5165 -2904 538 4127 -2708 3421 -2732 573 3025 -2736 6987 1743 8775 8373 2246 5966 3485 3371 5433 6137 4606 2429 5047 6970 -6004 894 1594 6298 6113 3685 4977 7851 133 -3856 -892 5510 935 5321 6153 6967 5913 -1152 -2772 -124 -3196 1422 -56 4138 4349 1217 3262 -896 5237 -5668 -5924 2259 -300 2419 8038 8354 1171 379 -4624 8765 -3096 -5376 -7548 -2708 2567 3625 -1340 5390 4711 2899 -5032 -8112 3597 -2312 -5640 3393 1830 533 -8772 -6612 3869 8205 2290 5070 833 2955 8070 2353 -1928 2325 1437 8147 2203 7381 -4996 5077 2943 -3832 7079 -5280 -5824 6283 
-5392 8259 -6636 -3948 7386 -8348 -2740 -984 -1444 7447 -4872 4995 -8832 7091 5323 3707 1253 7078 -8408 7721 3542 8429 569 -5072 -5560 431 2307 5371 7035 8631 -2208 885 762 1338 -2664 -2168 5651 8273 8775 697 8481 1793 -5732 7126 3950 3658 5693 -2952 -4548 5913 2339 6561 5478 6223 6145 4525 -3948 -1120 982 6814 3125 -6452 6209 -5292 5785 -4036 2005 2269 3713 1097 -6852 8169 -4012 -724 3695 3053 5319 3339 1415 -6672 7271 4467 6613 -8476 -6416 -8668 7891 2394 2163 7557 3251 1719 -216 4570 -5444 3094 843 539 825 -1380 8367 -1304 8262 -3476 7910 1483 1887 -4312 7970 3449 2919 498 6341 55 8099 4193 8019 1807 7879 -8556 6715 
