29 29
68383 72743 -42060 26050 11482 422 -62328 61839 39530 31818 -85852 29857 85303 21339 -1704 82906 82946 15295 61926 -40396 79586 -33084 59425 67091 -19764 71649 -73596 87191 54229 
2109 -34704 16027 -81744 82167 68678 20879 26987 65703 29477 16801 70298 38261 63535 19554 86617 41497 25887 81970 -19284 20491 60574 499 -8132 -71636 8162 23197 51969 51714 
51099 44049 34419 62993 32294 36194 4458 42819 -23416 24941 45375 81685 -49452 -82048 74065 -45840 57255 22527 61450 37322 35063 19375 2701 43682 28093 -64000 26047 78086 39283 
11466 -46052 85307 78406 88114 18434 52499 82005 27765 6271 9981 9450 57521 -74868 69063 7833 -49468 7601 -70724 6518 30599 -27148 88883 68129 47050 54006 2131 -75228 -73608 
39314 8977 80461 15201 3946 51250 78046 82558 21526 56618 16918 -16280 -24888 67035 -33820 24770 -63160 33718 87183 69138 -55584 23011 38258 6950 41554 -23988 79575 75415 31654 
82069 -54984 -348 -56680 43574 -59180 -66900 -57264 68446 7257 -17824 -83592 73538 18459 42395 18425 55313 12110 36409 25937 88331 -2508 52550 -72260 -77320 17263 30079 -64784 -77620 
23122 74555 5249 -20396 -1228 57237 2591 10150 80902 82511 64437 47434 56754 71593 -14984 -53996 -66748 36149 53251 50463 67925 26981 83081 17263 5885 23621 -65036 27370 35303 
62090 66298 45790 11178 51362 5034 33883 -66024 -45644 39909 60437 27535 48285 39781 -61824 -60004 3266 78147 61886 -36248 19178 46243 -45180 -24896 15746 16235 28359 40147 44567 
52225 5070 40793 -10056 22153 24550 65946 47935 -15924 -16208 56551 72525 72538 84255 21417 69931 3463 80391 31631 37630 84165 -63312 8129 81023 42539 17917 74678 22709 84878 
52247 3265 36211 76631 13675 46722 -68732 42907 82179 13047 -43704 15934 -33044 -41320 57606 -27896 23410 12657 86238 85338 28849 -20908 41714 58875 -88188 18485 64422 4859 44943 
-14868 -88336 88854 77085 -74092 -884 66487 -54444 64194 59687 25823 47853 49637 253 -10168 2299 7025 19151 53269 -3324 87573 12902 54431 11499 42998 87442 70162 63165 38799 
3279 64521 61311 73854 -4920 18401 5785 -4812 10363 2726 -43568 83395 77053 -43388 -29076 70921 -75752 80071 -76572 2186 -39916 85579 4814 25307 3510 51667 49421 50443 70275 
-30496 -86880 32910 -22876 88053 53159 61610 62421 17115 6545 57983 60810 -74764 64826 7778 79422 69257 74182 -79076 5285 20949 35566 86142 14611 16775 19809 72218 30747 12466 
46266 48911 24102 58869 67374 39966 44355 17170 22827 42281 67203 20031 -84060 67351 24083 85282 -55936 -48580 9847 -27108 10377 78363 45625 75393 54222 87681 67582 2282 19015 
18843 63498 19137 40989 -57912 82025 -68224 19330 -37916 -60380 60233 8923 35449 -11228 52049 49739 -34956 26910 85590 71631 49758 64838 69453 68322 15987 8709 17609 49862 -54584 
-37552 81647 -2920 39246 -924 52421 32279 -86556 34830 14838 28915 79429 45669 50473 15593 -78424 -3496 86567 -66256 57422 66170 24497 84474 54339 -18204 3250 61594 55694 18493 
16466 -4736 36135 87026 -20988 39790 -56192 31619 7805 36179 73361 29875 61417 73169 8841 74242 25209 -30028 14899 4983 20271 80166 29302 -21508 76131 -70152 -40704 55687 18154 
-70412 45077 79750 20925 8687 85810 54537 68483 66362 16619 37602 31586 67197 -66184 15583 1670 32077 15902 -16300 61511 2753 60129 8410 -8920 21802 47767 -86144 73869 37139 
-21792 82927 70955 -26292 -75428 27314 20578 -69724 51606 70574 45585 49963 -70984 71159 29045 35457 -28372 -37728 10325 51242 3814 63430 50631 -9456 38994 53466 52469 -14600 30347 
57987 66041 24403 25689 57478 49991 30195 -67332 25071 -62136 -80412 69697 79201 50125 45471 4419 37039 55911 27231 28381 36670 -75120 62985 -35560 56853 54850 78858 86999 -21176 
72979 68582 44330 63089 -62180 -50624 -44116 -13592 5249 27437 9843 3062 85718 43777 38247 -80452 -17108 77770 59481 46949 38363 10653 -4076 -37752 -47064 7833 50157 81407 -21524 
77089 -28376 -24296 85685 45665 19838 -25884 63233 78121 -76280 43662 16409 -9880 2443 -27528 88830 -83228 60315 -56472 -19400 -63304 60823 55615 68789 39935 64738 51713 -40452 14127 
21473 -17980 -58572 36817 23113 53491 -82872 12414 78326 25974 -86844 14378 -28072 20529 76853 63223 -47548 58590 23581 27598 -79692 -25432 16745 43115 32566 -4268 -87120 235 44317 
46423 -7192 54482 1270 26998 83738 35451 13338 43586 18522 75965 3606 14121 -76000 9786 34574 35942 45231 32634 -40852 83146 73315 87479 36814 -50528 4450 -85912 70999 85315 
4253 76123 66875 59086 5163 65326 70302 -15592 24606 -46576 155 954 -83784 54702 -78088 -18924 -62828 13609 55283 60131 906 74091 5161 35679 69573 20167 49751 -58728 45501 
7097 -57692 18165 60783 72127 63813 19477 62297 25967 22969 65598 49781 82893 53851 60094 52771 21607 73542 -81980 -65388 4590 87074 44158 73245 41239 7863 41913 18377 -58776 
1393 37145 87939 -35616 -57156 -63948 62859 1729 1067 81601 44463 28775 73518 -49792 -13752 41879 -72272 38721 -35604 -64200 68397 41594 7223 2133 -75776 57549 32154 79313 65514 
71258 74586 -5768 735 22862 81695 73358 2771 79163 -50340 -7956 33103 75595 25102 87649 58025 31925 21809 65770 -81680 50319 -66180 42133 1389 57830 60658 69542 12762 39509 
-21296 55906 -65848 83315 -22204 56714 85205 -68896 34107 7491 61518 32831 -120 79658 5498 73489 52851 18517 -88036 -77860 9483 17513 -30596 68322 29985 58613 -3040 50681 36549 
