1000 300
153 57
249 290
113 74
231 190
192 293
63 31
34 229
114 249
96 304
71 82
191 64
144 256
131 300
118 131
252 63
92 36
226 294
36 262
145 46
312 259
199 29
173 179
186 38
231 113
322 289
207 255
31 89
156 320
2 304
277 216
119 309
126 146
208 143
171 215
232 10
269 82
116 135
61 160
127 113
285 153
168 91
324 200
256 135
190 297
127 181
202 281
117 111
154 249
105 81
156 106
53 145
115 154
91 301
89 291
57 15
233 155
195 23
137 310
225 291
103 287
223 151
88 329
163 316
133 108
284 203
115 296
178 170
158 276
245 217
9 67
247 28
73 259
193 200
25 76
285 84
158 76
117 192
50 223
151 273
331 78
325 198
1 61
194 229
201 290
304 163
310 23
119 119
285 155
2 167
41 253
246 320
181 62
233 40
159 185
99 204
162 119
40 24
173 28
240 232
323 283
311 140
65 270
22 265
99 160
285 80
256 124
138 302
78 151
157 119
103 256
12 71
206 144
147 170
322 247
184 218
298 101
212 302
2 154
115 241
159 7
256 185
235 17
248 55
171 273
9 83
329 230
3 231
185 222
140 248
245 37
222 307
225 281
293 162
85 306
235 179
216 50
64 250
102 178
88 248
55 224
159 9
316 192
226 4
77 136
331 11
156 95
162 194
131 222
80 33
217 21
281 142
167 122
133 123
231 311
11 90
5 247
51 54
306 23
256 104
106 304
145 35
327 316
9 49
302 97
157 262
223 262
251 83
140 208
75 70
182 247
17 289
322 281
284 242
241 203
50 260
115 153
84 60
207 87
126 319
212 142
65 60
43 160
42 61
211 50
49 301
20 317
285 316
9 10
139 4
284 239
237 245
104 200
226 26
199 325
196 219
55 1
165 29
288 85
6 314
302 169
326 217
25 31
19 22
322 227
126 235
36 277
284 287
319 202
322 175
132 287
183 308
111 98
166 224
135 134
42 301
142 46
168 226
228 142
109 179
108 194
207 204
264 258
284 147
202 205
129 175
83 284
85 267
72 279
312 307
186 276
39 140
233 29
273 323
206 87
240 109
77 290
80 190
151 172
28 236
321 213
88 127
290 96
101 18
99 140
196 162
309 217
123 269
29 321
34 196
227 168
304 15
152 65
144 250
139 81
315 199
29 309
214 61
216 49
4 120
211 266
321 128
315 50
226 153
111 28
174 32
117 90
247 226
97 321
264 308
200 253
314 248
75 134
164 40
132 138
236 30
48 35
167 322
327 192
133 83
89 13
327 236
210 48
95 204
311 128
31 193
209 95
21 217
97 22
114 201
57 150
26 303
171 331
186 172
313 165
147 200
245 247
102 16
10 220
44 254
52 107
