700 250
177 138
1 86
201 219
202 198
214 124
150 90
56 139
43 28
72 137
70 105
16 15
220 167
144 198
208 104
186 181
208 101
175 77
122 89
138 156
215 191
46 216
84 172
37 156
202 211
42 82
176 66
144 152
87 167
66 74
115 169
184 182
231 82
61 92
32 121
53 135
192 214
149 28
221 25
217 87
134 196
74 158
99 83
183 209
101 216
192 85
46 121
170 211
21 71
83 110
132 36
222 115
123 134
52 154
92 174
180 109
232 2
146 176
226 201
139 155
183 68
216 128
159 75
195 198
151 232
51 220
101 19
88 78
228 44
67 70
148 165
20 184
116 143
155 135
103 86
109 17
223 30
188 139
154 31
165 147
149 154
28 30
188 59
34 154
20 180
59 4
213 118
66 175
218 219
223 146
189 152
205 54
217 32
183 137
119 189
11 92
61 101
194 29
152 164
205 58
95 175
14 19
226 166
135 221
204 113
15 189
138 27
188 33
102 180
58 172
168 29
215 18
129 223
69 205
153 197
143 118
109 161
44 166
164 85
13 60
215 11
169 101
139 196
96 13
218 176
135 178
1 169
191 135
147 142
199 5
231 56
161 50
32 55
133 213
171 161
10 94
169 92
9 207
25 95
119 230
183 60
180 60
52 195
142 230
47 80
48 31
187 186
85 97
206 45
83 66
184 207
212 93
46 39
202 102
73 134
122 66
61 119
55 147
76 34
133 151
221 28
19 33
208 209
63 184
82 62
205 18
43 103
108 137
201 112
144 13
137 10
155 91
5 67
116 96
105 164
98 127
74 121
208 90
63 25
152 89
232 12
149 138
120 156
30 161
102 15
99 151
43 42
159 202
160 12
107 114
20 96
179 140
139 223
56 209
74 18
184 68
73 212
162 41
117 41
185 206
7 77
9 90
221 76
33 12
18 49
148 188
186 111
189 175
123 93
205 189
215 58
121 170
116 87
119 128
98 171
176 35
152 85
71 224
212 25
118 22
197 99
91 66
61 219
164 12
115 5
151 59
135 13
35 75
174 180
86 45
211 86
154 177
152 214
139 4
211 132
9 201
8 27
50 118
224 89
112 206
121 116
4 69
147 49
145 46
85 119
81 55
123 230
168 76
174 141
33 168
108 172
