800 250
14 133
14 225
223 8
154 200
42 25
249 103
67 237
64 243
217 37
238 104
92 241
258 202
119 82
223 192
28 197
238 256
229 175
25 133
137 14
140 207
212 4
202 24
257 52
10 238
260 25
44 230
116 115
50 154
12 77
24 104
78 155
171 38
222 11
64 238
157 131
30 200
133 37
80 221
174 144
150 19
247 59
123 248
248 195
1 205
112 116
45 129
20 57
246 34
85 265
260 135
189 8
215 191
194 244
178 4
86 222
158 118
41 21
9 5
88 95
189 164
260 50
27 200
77 180
43 178
62 104
184 48
18 237
19 227
134 142
13 39
88 158
212 97
76 10
157 53
137 86
73 256
218 176
83 118
116 16
13 99
164 118
150 184
176 38
67 165
171 226
150 263
60 42
114 196
122 131
241 204
27 131
257 171
200 111
26 97
55 39
180 219
39 40
36 189
82 103
146 78
8 49
127 87
110 202
197 240
12 212
196 59
179 126
202 69
67 92
249 177
48 243
232 88
93 211
193 161
112 177
39 203
9 253
187 209
252 125
14 33
130 96
254 256
239 6
43 209
24 126
203 93
197 71
13 169
227 60
18 17
12 35
19 235
49 84
27 140
59 137
228 45
8 216
11 44
265 137
218 70
151 186
33 253
169 6
153 1
204 13
121 133
87 139
36 131
195 7
160 54
179 77
170 166
253 41
74 56
206 123
81 69
188 220
207 228
8 228
82 176
112 126
202 169
130 46
58 246
197 29
198 168
225 190
265 133
266 25
262 58
32 98
241 71
83 79
121 111
183 142
31 168
80 28
119 177
249 105
145 212
229 126
150 161
195 168
259 253
120 53
82 130
184 185
16 212
227 154
249 70
139 11
231 163
216 203
98 52
249 150
5 117
105 43
91 226
263 255
145 224
262 100
144 186
138 157
140 148
34 175
97 38
88 204
12 25
83 163
259 82
194 259
193 259
137 24
44 79
177 168
55 111
74 90
185 138
262 36
105 103
54 94
259 109
44 261
34 182
221 185
161 144
228 256
66 69
202 105
177 66
26 236
263 1
236 1
117 256
21 126
261 205
47 75
179 256
7 147
76 158
47 38
76 17
105 39
109 208
234 130
3 20
262 135
116 146
194 62
49 154
