600 200
126 184
63 31
171 10
166 74
173 37
161 197
73 52
30 47
49 200
188 107
102 82
19 8
125 54
188 200
5 129
107 20
112 87
104 89
200 43
137 70
106 141
182 195
108 180
113 151
120 151
185 67
30 174
95 95
31 3
123 168
146 168
144 85
84 155
170 36
57 172
30 105
152 19
62 49
153 65
54 80
108 130
190 114
147 113
74 153
11 17
159 99
23 61
175 55
73 187
5 189
9 65
23 90
62 86
62 13
123 149
183 2
151 161
19 165
73 37
111 117
31 128
87 39
87 91
187 28
200 95
132 127
20 132
175 138
38 156
140 194
30 83
28 23
143 155
132 32
172 13
190 198
163 93
150 94
95 93
142 132
33 44
48 104
199 57
190 91
93 85
181 31
174 198
161 120
147 165
190 184
161 195
105 50
88 17
125 96
89 165
112 95
194 113
4 117
84 10
182 172
45 71
200 32
95 177
87 84
77 135
57 50
34 35
139 133
68 97
152 87
89 189
68 23
148 85
86 162
88 18
154 31
4 136
10 9
117 31
192 93
84 40
193 131
171 39
45 189
88 124
21 97
124 138
75 132
87 64
6 180
30 67
59 100
90 16
65 119
18 41
37 156
175 174
77 160
129 170
105 99
179 57
65 58
6 109
168 39
10 7
39 80
138 128
10 141
56 198
99 191
12 156
48 185
38 152
162 180
70 22
64 58
117 95
3 40
161 122
92 136
45 66
200 122
136 124
90 1
197 120
101 30
133 145
10 78
161 116
189 189
63 87
84 176
199 92
33 135
25 18
88 1
176 118
72 32
107 42
60 138
65 84
189 193
146 148
143 50
48 115
101 56
39 63
152 160
46 191
15 124
27 18
151 82
75 164
82 157
79 13
81 16
115 90
193 83
38 87
127 126
