80 1000
7 29 24
22 189 47
380 574 44
169 827 50
190 900 14
826 361 49
613 627 40
65 345 16
496 889 31
833 616 34
289 445 30
129 752 13
929 715 90
913 721 28
344 589 10
703 836 95
493 90 100
670 52 100
236 224 37
14 311 21
300 271 34
529 513 12
412 63 35
556 961 44
694 570 6
652 546 11
868 37 100
936 340 38
245 449 49
567 171 8
49 875 46
272 270 15
450 60 46
452 931 24
694 823 32
497 832 100
479 909 23
832 706 10
104 306 16
240 486 13
168 104 34
116 53 100
92 222 48
42 767 23
13 768 39
182 845 45
648 953 2
575 601 100
188 218 45
777 69 50
264 941 19
721 207 8
452 180 27
472 866 27
974 144 37
694 390 100
350 488 2
260 535 40
250 624 34
794 693 14
86 684 36
109 608 20
134 697 100
728 573 19
797 516 40
612 572 46
281 984 19
59 872 25
603 309 12
596 43 43
267 984 30
912 471 24
302 38 22
853 659 45
828 880 34
510 280 41
335 879 38
870 656 30
681 999 100
657 175 100
0 24 17 22 16 45 45 48 34 1 39 4 8 43 3 40 7 14 1 45 24 38 19 43 49 36 35 21 13 43 21 24 31 20 31 18 22 37 9 18 47 43 15 32 9 50 2 45 29 20 45 37 22 1 5 42 27 41 33 34 13 6 22 8 27 11 38 44 1 13 33 43 36 34 22 46 48 5 18 4
24 0 21 34 5 1 12 17 23 25 19 32 36 18 1 30 20 49 28 39 29 38 21 47 10 18 15 39 39 28 6 37 16 40 32 12 28 41 21 45 16 35 10 30 43 6 38 48 17 25 11 12 37 16 48 39 26 41 2 40 17 8 5 45 43 25 4 32 37 14 6 11 32 20 2 33 47 6 13 5
17 21 0 38 3 40 39 39 32 19 46 9 1 45 22 15 7 46 13 11 25 15 6 24 21 29 2 23 36 4 49 14 33 2 24 32 17 39 18 38 40 6 8 33 48 46 17 35 17 31 10 3 20 36 35 47 50 15 26 13 37 23 49 47 8 23 12 25 32 28 8 39 29 11 13 15 37 35 8 37
22 34 38 0 43 20 41 17 29 32 14 37 12 26 3 8 20 11 27 45 39 18 40 43 4 6 40 46 12 2 28 44 17 30 10 48 46 26 13 42 34 38 40 44 5 2 14 41 23 25 19 32 14 19 37 50 34 26 50 10 9 16 23 6 41 20 3 43 3 44 49 34 35 2 15 29 40 17 1 13
16 5 3 43 0 45 36 32 22 2 10 45 5 25 5 44 10 44 17 40 27 50 31 12 45 20 31 8 9 50 37 8 3 31 31 20 8 32 18 14 49 45 18 17 48 42 3 34 10 6 45 7 28 1 23 17 48 30 5 18 12 47 8 14 50 8 43 36 9 18 4 10 32 31 43 39 5 17 31 10
45 1 40 20 45 0 14 24 12 38 1 21 8 26 23 43 18 40 23 15 49 4 18 37 28 4 40 14 41 47 34 36 38 31 40 15 4 49 26 18 1 9 41 29 35 30 20 1 10 36 39 7 20 7 10 40 24 47 11 9 35 36 29 21 26 2 50 6 36 42 8 47 26 26 31 3 40 5 48 26
45 12 39 41 36 14 0 23 6 24 11 12 47 2 8 16 34 50 2 32 37 9 5 17 50 37 40 11 21 23 45 9 5 30 12 29 17 25 44 9 19 40 40 47 38 9 5 35 41 22 25 14 47 45 2 28 38 26 38 33 15 33 22 15 6 12 40 16 34 38 26 2 5 21 50 24 33 26 21 38
48 17 39 17 32 24 23 0 13 32 17 20 5 41 42 35 33 20 14 25 23 15 49 31 30 36 30 46 16 45 9 28 21 26 48 44 31 49 14 20 16 33 31 3 38 16 35 9 41 10 21 5 3 43 37 38 32 39 24 29 14 37 32 39 12 9 7 37 32 37 46 37 12 11 37 50 26 9 14 2
34 23 32 29 22 12 6 13 0 18 25 3 49 46 44 38 19 12 41 39 19 11 35 13 32 7 19 50 1 45 30 42 20 29 12 30 39 27 22 15 5 36 47 18 16 8 50 7 25 16 13 43 21 17 47 9 1 32 48 33 43 20 21 9 11 21 38 38 49 36 38 12 36 20 17 41 3 39 6 3
1 25 19 32 2 38 24 32 18 0 30 29 3 46 42 36 23 50 15 21 35 35 41 20 40 17 18 34 46 13 38 29 20 38 3 8 10 48 2 1 2 15 22 8 25 4 2 23 23 49 39 28 46 10 31 34 41 47 2 44 15 23 32 13 17 7 31 47 14 42 1 32 17 10 15 5 40 5 50 27
39 19 46 14 10 1 11 17 25 30 0 15 20 18 11 11 37 1 41 20 42 17 42 39 46 37 36 38 2 39 3 18 30 32 30 33 44 3 19 39 2 37 5 45 47 42 47 43 30 5 41 29 36 7 19 29 49 19 36 46 11 5 26 27 24 19 39 11 48 20 28 47 45 29 23 2 23 33 10 34
4 32 9 37 45 21 12 20 3 29 15 0 48 4 12 46 15 8 20 38 20 49 12 48 40 4 40 12 15 40 12 13 12 38 1 19 48 34 45 42 25 23 23 1 38 49 30 20 13 49 35 31 37 33 44 49 13 7 4 5 33 24 35 12 13 44 33 28 41 28 40 19 9 43 13 47 11 40 15 45
8 36 1 12 5 8 47 5 49 3 20 48 0 39 2 44 22 37 37 30 4 30 14 34 49 2 24 2 26 8 50 41 44 9 19 44 26 19 48 14 10 17 7 29 50 29 29 5 45 31 19 46 41 5 49 24 6 39 39 24 46 37 49 23 28 44 4 29 5 15 2 37 8 43 24 46 37 6 22 45
43 18 45 26 25 26 2 41 46 46 18 4 39 0 25 2 28 34 9 19 7 42 50 44 35 42 47 5 28 7 33 32 3 21 37 44 27 4 34 32 32 12 45 48 44 8 35 25 19 34 30 26 42 6 13 3 29 28 25 49 25 19 47 39 3 46 39 31 17 21 48 24 36 36 11 3 33 26 48 20
3 1 22 3 5 23 8 42 44 42 11 12 2 25 0 1 17 24 18 6 26 50 20 35 10 21 12 18 5 22 13 34 30 4 48 17 42 50 32 15 43 8 24 16 38 11 49 46 46 9 5 10 13 31 26 10 38 4 33 28 49 28 43 23 32 46 36 25 6 3 39 11 21 47 30 43 17 26 21 22
40 30 15 8 44 43 16 35 38 36 11 46 44 2 1 0 44 44 20 2 2 40 47 20 34 44 8 33 17 50 36 33 27 9 23 2 38 43 17 34 27 44 4 32 49 40 15 45 39 15 16 14 41 40 6 34 27 10 15 38 8 1 15 5 15 50 39 23 30 23 43 45 27 34 47 36 46 42 15 26
7 20 7 20 10 18 34 33 19 23 37 15 22 28 17 44 0 5 25 39 18 44 7 19 27 47 26 22 28 33 12 5 9 3 29 46 43 5 8 37 44 24 14 8 28 25 33 16 20 19 50 33 14 15 6 29 18 41 14 15 19 43 21 16 7 46 31 48 29 19 5 34 34 29 25 41 43 11 7 41
14 49 46 11 44 40 50 20 12 50 1 8 37 34 24 44 5 0 7 16 10 12 36 36 14 45 2 50 6 26 10 5 46 40 41 48 32 34 5 16 7 28 33 23 30 4 31 4 2 10 12 9 9 3 34 25 23 36 21 8 32 4 20 18 19 20 29 42 7 31 23 30 16 22 47 48 48 13 12 38
1 28 13 27 17 23 2 14 41 15 41 20 37 9 18 20 25 7 0 20 23 34 17 49 37 12 26 10 12 25 1 4 46 44 21 28 1 21 19 16 4 38 3 37 35 20 39 20 49 24 27 19 1 42 7 17 10 43 10 47 41 7 16 43 18 49 47 3 40 1 17 18 21 3 10 11 20 48 41 6
45 39 11 45 40 15 32 25 39 21 20 38 30 19 6 2 39 16 20 0 31 25 16 45 29 41 20 44 13 26 22 35 5 27 26 25 47 10 18 38 23 12 38 15 38 28 12 11 41 37 12 13 23 1 48 2 37 26 48 40 37 20 18 4 45 7 49 12 30 27 47 35 15 48 2 30 23 30 34 37
24 29 25 39 27 49 37 23 19 35 42 20 4 7 26 2 18 10 23 31 0 1 21 49 45 2 25 10 35 48 16 22 29 14 22 10 25 31 1 31 25 32 4 9 13 38 23 5 49 17 18 11 9 36 4 2 1 36 36 4 44 20 28 43 43 43 1 37 23 31 15 24 11 2 8 42 16 34 32 39
38 38 15 18 50 4 9 15 11 35 17 49 30 42 50 40 44 12 34 25 1 0 37 18 6 20 41 46 23 40 20 24 36 24 40 38 36 23 5 1 6 13 7 39 45 38 40 37 19 31 24 46 41 49 40 36 2 22 10 19 46 43 28 1 5 1 47 44 4 30 41 19 23 29 24 27 6 15 28 25
19 21 6 40 31 18 5 49 35 41 42 12 14 50 20 47 7 36 17 16 21 37 0 16 31 2 29 18 11 48 16 11 17 23 12 10 15 29 17 20 32 35 18 27 10 4 8 37 14 27 34 20 5 27 27 4 13 50 50 14 3 7 1 34 1 34 45 8 38 38 19 8 24 35 16 3 43 30 18 47
43 47 24 43 12 37 17 31 13 20 39 48 34 44 35 20 19 36 49 45 49 18 16 0 10 30 50 14 39 14 47 17 7 35 10 9 47 32 50 13 9 17 9 14 9 30 35 6 35 13 2 3 50 42 24 37 29 18 39 12 43 15 10 23 48 12 19 39 34 40 19 2 22 30 3 45 40 3 9 11
49 10 21 4 45 28 50 30 32 40 46 40 49 35 10 34 27 14 37 29 45 6 31 10 0 11 15 13 47 14 23 17 21 14 46 40 40 44 48 10 22 39 46 13 16 19 36 50 1 10 24 19 43 48 3 6 10 27 12 45 19 46 4 29 41 1 26 23 42 22 26 36 30 1 40 47 13 35 37 31
36 18 29 6 20 4 37 36 7 17 37 4 2 42 21 44 47 45 12 41 2 20 2 30 11 0 17 32 45 43 29 37 8 29 17 28 20 46 28 2 20 6 34 27 8 13 27 11 40 48 12 5 26 2 50 46 42 32 16 30 26 22 12 6 36 26 25 49 29 42 31 44 27 25 7 4 35 2 39 38
35 15 2 40 31 40 40 30 19 18 36 40 24 47 12 8 26 2 26 20 25 41 29 50 15 17 0 34 46 24 7 46 36 25 17 8 7 37 2 25 8 35 22 16 40 5 17 30 46 27 37 28 3 48 11 33 31 3 45 43 5 16 33 30 20 39 17 40 49 45 16 8 42 23 1 5 48 25 30 30
21 39 23 46 8 14 11 46 50 34 38 12 2 5 18 33 22 50 10 44 10 46 18 14 13 32 34 0 18 38 13 9 37 11 1 28 4 18 43 30 16 19 17 32 32 49 5 7 32 16 42 18 45 13 37 40 18 8 19 28 40 17 25 4 12 28 7 41 11 15 17 31 43 18 20 33 37 39 35 11
13 39 36 12 9 41 21 16 1 46 2 15 26 28 5 17 28 6 12 13 35 23 11 39 47 45 46 18 0 46 23 31 13 44 28 28 46 37 18 43 17 1 24 27 3 42 14 36 34 50 14 8 48 14 26 1 24 26 48 18 12 28 2 4 10 10 4 8 42 13 38 49 18 28 33 26 22 38 34 16
43 28 4 2 50 47 23 45 45 13 39 40 8 7 22 50 33 26 25 26 48 40 48 14 14 43 24 38 46 0 28 31 43 13 1 5 14 46 24 30 48 32 28 49 6 4 26 24 15 26 6 50 29 25 15 7 36 29 24 3 2 35 23 30 8 34 16 12 4 20 24 7 42 24 22 35 25 35 25 20
21 6 49 28 37 34 45 9 30 38 3 12 50 33 13 36 12 10 1 22 16 20 16 47 23 29 7 13 23 28 0 30 35 40 4 6 25 12 27 10 20 28 18 13 6 30 17 26 50 32 3 15 8 4 40 26 50 29 45 14 19 33 34 12 21 44 28 35 49 26 49 9 32 5 40 2 18 17 36 1
24 37 14 44 8 36 9 28 42 29 18 13 41 32 34 33 5 5 4 35 22 24 11 17 17 37 46 9 31 31 30 0 13 1 3 39 21 6 24 10 23 45 10 9 38 12 18 23 41 49 46 25 22 26 43 29 7 36 30 6 22 9 35 26 21 11 10 22 23 5 14 40 43 12 48 6 16 43 35 33
31 16 33 17 3 38 5 21 20 20 30 12 44 3 30 27 9 46 46 5 29 36 17 7 21 8 36 37 13 43 35 13 0 44 50 3 43 16 29 9 38 28 36 9 4 26 32 36 22 8 9 11 5 49 32 32 50 30 46 40 10 31 40 24 50 46 46 3 31 42 4 21 21 27 23 46 29 15 8 42
20 40 2 30 31 31 30 26 29 38 32 38 9 21 4 9 3 40 44 27 14 24 23 35 14 29 25 11 44 13 40 1 44 0 42 24 7 17 20 1 27 11 42 27 9 10 48 11 34 1 43 3 1 23 3 34 45 37 30 45 29 50 43 21 19 37 21 16 35 48 45 2 42 47 34 15 32 4 46 16
31 32 24 10 31 40 12 48 12 3 30 1 19 37 48 23 29 41 21 26 22 40 12 10 46 17 17 1 28 1 4 3 50 42 0 3 25 50 8 37 7 16 12 7 3 2 28 23 26 14 3 11 24 36 27 10 38 49 33 8 4 23 14 40 27 24 28 7 39 47 29 49 21 32 44 16 24 11 46 26
18 12 32 48 20 15 29 44 30 8 33 19 44 44 17 2 46 48 28 25 10 38 10 9 40 28 8 28 28 5 6 39 3 24 3 0 2 7 21 41 6 4 32 45 41 38 16 42 22 33 36 48 10 9 11 23 25 23 1 12 29 1 34 36 29 1 3 47 36 42 19 17 28 46 22 42 5 47 10 3
22 28 17 46 8 4 17 31 39 10 44 48 26 27 42 38 43 32 1 47 25 36 15 47 40 20 7 4 46 14 25 21 43 7 25 2 0 34 45 36 37 35 50 37 13 2 4 12 47 10 17 9 47 12 48 41 1 20 13 13 11 2 38 33 41 38 46 8 15 24 49 3 31 12 9 30 22 32 11 40
37 41 39 26 32 49 25 49 27 48 3 34 19 4 50 43 5 34 21 10 31 23 29 32 44 46 37 18 37 46 12 6 16 17 50 7 34 0 13 20 40 48 10 14 46 21 44 17 25 42 22 29 2 26 27 5 26 13 23 4 5 39 39 43 10 21 41 3 21 47 28 16 34 37 27 48 6 14 42 24
9 21 18 13 18 26 44 14 22 2 19 45 48 34 32 17 8 5 19 18 1 5 17 50 48 28 2 43 18 24 27 24 29 20 8 21 45 13 0 44 24 34 3 10 47 39 20 41 15 11 25 36 17 19 32 28 42 34 23 22 29 5 43 29 5 26 29 46 23 9 19 36 19 38 45 18 28 1 40 19
18 45 38 42 14 18 9 20 15 1 39 42 14 32 15 34 37 16 16 38 31 1 20 13 10 2 25 30 43 30 10 10 9 1 37 41 36 20 44 0 19 48 12 18 28 35 48 50 28 39 34 25 37 18 13 37 21 45 28 41 16 29 21 38 43 21 26 41 36 29 15 44 43 27 30 46 10 2 20 35
47 16 40 34 49 1 19 16 5 2 2 25 10 32 43 27 44 7 4 23 25 6 32 9 22 20 8 16 17 48 20 23 38 27 7 6 37 40 24 19 0 18 34 9 38 49 8 49 21 30 23 43 32 13 2 29 8 46 4 24 13 35 8 31 50 14 48 3 6 1 11 17 26 25 33 47 36 46 27 9
43 35 6 38 45 9 40 33 36 15 37 23 17 12 8 44 24 28 38 12 32 13 35 17 39 6 35 19 1 32 28 45 28 11 16 4 35 48 34 48 18 0 16 41 28 24 26 28 35 30 8 5 38 38 44 2 27 50 20 28 28 38 2 5 34 31 33 7 40 2 20 15 44 15 13 29 22 6 27 23
15 10 8 40 18 41 40 31 47 22 5 23 7 45 24 4 14 33 3 38 4 7 18 9 46 34 22 17 24 28 18 10 36 42 12 32 50 10 3 12 34 16 0 19 23 3 9 30 13 3 25 47 49 1 25 45 8 42 4 13 45 39 38 43 20 39 24 23 48 46 14 39 15 44 37 36 33 11 5 43
32 30 33 44 17 29 47 3 18 8 45 1 29 48 16 32 8 23 37 15 9 39 27 14 13 27 16 32 27 49 13 9 9 27 7 45 37 14 10 18 9 41 19 0 24 24 28 40 6 21 20 13 46 30 26 11 18 7 15 30 33 21 40 47 27 50 32 25 37 50 47 9 15 45 46 10 3 47 33 1
9 43 48 5 48 35 38 38 16 25 47 38 50 44 38 49 28 30 35 38 13 45 10 9 16 8 40 32 3 6 6 38 4 9 3 41 13 46 47 28 38 28 23 24 0 20 26 2 45 22 43 26 6 34 36 13 40 38 3 39 24 15 43 7 22 14 33 42 38 30 7 49 35 6 32 41 1 15 30 25
50 6 46 2 42 30 9 16 8 4 42 49 29 8 11 40 25 4 20 28 38 38 4 30 19 13 5 49 42 4 30 12 26 10 2 38 2 21 39 35 49 24 3 24 20 0 11 12 44 33 41 44 49 23 10 47 30 8 29 14 14 7 28 21 19 4 37 27 43 25 39 2 43 49 3 29 21 40 12 24
2 38 17 14 3 20 5 35 50 2 47 30 29 35 49 15 33 31 39 12 23 40 8 35 36 27 17 5 14 26 17 18 32 48 28 16 4 44 20 48 8 26 9 28 26 11 0 10 2 35 16 3 43 29 23 15 36 46 49 41 8 36 39 8 23 5 5 24 32 12 49 15 22 50 23 34 15 19 32 17
45 48 35 41 34 1 35 9 7 23 43 20 5 25 46 45 16 4 20 11 5 37 37 6 50 11 30 7 36 24 26 23 36 11 23 42 12 17 41 50 49 28 30 40 2 12 10 0 13 22 5 34 48 38 34 29 19 23 7 5 47 10 39 47 28 17 20 15 5 29 7 37 4 30 41 49 17 7 23 9
29 17 17 23 10 10 41 41 25 23 30 13 45 19 46 39 20 2 49 41 49 19 14 35 1 40 46 32 34 15 50 41 22 34 26 22 47 25 15 28 21 35 13 6 45 44 2 13 0 49 47 8 43 31 36 34 21 17 10 32 5 31 7 48 33 2 45 42 36 2 11 46 16 31 33 45 33 50 2 33
20 25 31 25 6 36 22 10 16 49 5 49 31 34 9 15 19 10 24 37 17 31 27 13 10 48 27 16 50 26 32 49 8 1 14 33 10 42 11 39 30 30 3 21 22 33 35 22 49 0 45 31 43 27 7 8 35 21 48 5 38 16 45 17 29 30 5 19 14 11 15 8 48 22 3 7 12 1 20 47
45 11 10 19 45 39 25 21 13 39 41 35 19 30 5 16 50 12 27 12 18 24 34 2 24 12 37 42 14 6 3 46 9 43 3 36 17 22 25 34 23 8 25 20 43 41 16 5 47 45 0 25 25 7 31 21 13 46 19 26 1 27 48 30 12 8 44 14 39 21 50 3 16 2 6 18 45 38 34 48
37 12 3 32 7 7 14 5 43 28 29 31 46 26 10 14 33 9 19 13 11 46 20 3 19 5 28 18 8 50 15 25 11 3 11 48 9 29 36 25 43 5 47 13 26 44 3 34 8 31 25 0 46 9 28 33 17 20 18 1 24 39 8 50 18 48 20 4 45 4 34 10 30 12 19 27 18 49 40 48
22 37 20 14 28 20 47 3 21 46 36 37 41 42 13 41 14 9 1 23 9 41 5 50 43 26 3 45 48 29 8 22 5 1 24 10 47 2 17 37 32 38 49 46 6 49 43 48 43 43 25 46 0 15 26 23 45 1 12 26 47 22 11 43 5 49 33 14 14 48 42 37 10 46 11 29 45 25 3 24
1 16 36 19 1 7 45 43 17 10 7 33 5 6 31 40 15 3 42 1 36 49 27 42 48 2 48 13 14 25 4 26 49 23 36 9 12 26 19 18 13 38 1 30 34 23 29 38 31 27 7 9 15 0 13 22 47 43 40 9 16 24 40 48 10 5 42 41 12 35 23 7 34 15 32 5 24 44 30 23
5 48 35 37 23 10 2 37 47 31 19 44 49 13 26 6 6 34 7 48 4 40 27 24 3 50 11 37 26 15 40 43 32 3 27 11 48 27 32 13 2 44 25 26 36 10 23 34 36 7 31 28 26 13 0 43 4 49 21 8 9 26 26 8 46 16 27 27 41 19 9 49 1 18 2 36 15 12 37 44
42 39 47 50 17 40 28 38 9 34 29 49 24 3 10 34 29 25 17 2 2 36 4 37 6 46 33 40 1 7 26 29 32 34 10 23 41 5 28 37 29 2 45 11 13 47 15 29 34 8 21 33 23 22 43 0 40 44 10 7 11 38 22 26 44 47 31 22 39 7 39 16 46 33 19 25 6 22 43 41
27 26 50 34 48 24 38 32 1 41 49 13 6 29 38 27 18 23 10 37 1 2 13 29 10 42 31 18 24 36 50 7 50 45 38 25 1 26 42 21 8 27 8 18 40 30 36 19 21 35 13 17 45 47 4 40 0 26 12 34 13 6 48 19 5 11 11 26 41 37 6 33 38 46 48 33 8 16 39 25
41 41 15 26 30 47 26 39 32 47 19 7 39 28 4 10 41 36 43 26 36 22 50 18 27 32 3 8 26 29 29 36 30 37 49 23 20 13 34 45 46 50 42 7 38 8 46 23 17 21 46 20 1 43 49 44 26 0 8 37 32 2 38 28 14 9 15 21 29 32 25 43 19 9 34 5 24 44 24 9
33 2 26 50 5 11 38 24 48 2 36 4 39 25 33 15 14 21 10 48 36 10 50 39 12 16 45 19 48 24 45 30 46 30 33 1 13 23 23 28 4 20 4 15 3 29 49 7 10 48 19 18 12 40 21 10 12 8 0 2 47 14 34 49 8 29 43 14 17 39 20 28 25 5 42 17 28 27 22 20
34 40 13 10 18 9 33 29 33 44 46 5 24 49 28 38 15 8 47 40 4 19 14 12 45 30 43 28 18 3 14 6 40 45 8 12 13 4 22 41 24 28 13 30 39 14 41 5 32 5 26 1 26 9 8 7 34 37 2 0 11 35 42 23 11 44 19 27 26 32 11 35 8 23 32 12 27 50 4 10
13 17 37 9 12 35 15 14 43 15 11 33 46 25 49 8 19 32 41 37 44 46 3 43 19 26 5 40 12 2 19 22 10 29 4 29 11 5 29 16 13 28 45 33 24 14 8 47 5 38 1 24 47 16 9 11 13 32 47 11 0 37 8 45 4 38 42 38 27 3 8 45 46 46 15 9 40 7 40 36
6 8 23 16 47 36 33 37 20 23 5 24 37 19 28 1 43 4 7 20 20 43 7 15 46 22 16 17 28 35 33 9 31 50 23 1 2 39 5 29 35 38 39 21 15 7 36 10 31 16 27 39 22 24 26 38 6 2 14 35 37 0 2 30 48 40 46 3 10 41 15 27 19 10 3 30 23 22 15 6
22 5 49 23 8 29 22 32 21 32 26 35 49 47 43 15 21 20 16 18 28 28 1 10 4 12 33 25 2 23 34 35 40 43 14 34 38 39 43 21 8 2 38 40 43 28 39 39 7 45 48 8 11 40 26 22 48 38 34 42 8 2 0 14 11 11 27 37 42 38 48 47 13 10 7 32 24 30 41 30
8 45 47 6 14 21 15 39 9 13 27 12 23 39 23 5 16 18 43 4 43 1 34 23 29 6 30 4 4 30 12 26 24 21 40 36 33 43 29 38 31 5 43 47 7 21 8 47 48 17 30 50 43 48 8 26 19 28 49 23 45 30 14 0 43 36 15 44 20 6 29 43 38 50 6 32 39 16 38 11
27 43 8 41 50 26 6 12 11 17 24 13 28 3 32 15 7 19 18 45 43 5 1 48 41 36 20 12 10 8 21 21 50 19 27 29 41 10 5 43 50 34 20 27 22 19 23 28 33 29 12 18 5 10 46 44 5 14 8 11 4 48 11 43 0 32 23 12 36 47 20 10 9 8 11 15 19 16 45 2
11 25 23 20 8 2 12 9 21 7 19 44 44 46 46 50 46 20 49 7 43 1 34 12 1 26 39 28 10 34 44 11 46 37 24 1 38 21 26 21 14 31 39 50 14 4 5 17 2 30 8 48 49 5 16 47 11 9 29 44 38 40 11 36 32 0 45 30 47 29 20 17 25 24 31 41 42 38 11 13
38 4 12 3 43 50 40 7 38 31 39 33 4 39 36 39 31 29 47 49 1 47 45 19 26 25 17 7 4 16 28 10 46 21 28 3 46 41 29 26 48 33 24 32 33 37 5 20 45 5 44 20 33 42 27 31 11 15 43 19 42 46 27 15 23 45 0 22 43 22 25 37 19 7 34 8 25 13 29 28
44 32 25 43 36 6 16 37 38 47 11 28 29 31 25 23 48 42 3 12 37 44 8 39 23 49 40 41 8 12 35 22 3 16 7 47 8 3 46 41 3 7 23 25 42 27 24 15 42 19 14 4 14 41 27 22 26 21 14 27 38 3 37 44 12 30 22 0 48 22 50 44 7 42 37 8 13 38 15 46
1 37 32 3 9 36 34 32 49 14 48 41 5 17 6 30 29 7 40 30 23 4 38 34 42 29 49 11 42 4 49 23 31 35 39 36 15 21 23 36 6 40 48 37 38 43 32 5 36 14 39 45 14 12 41 39 41 29 17 26 27 10 42 20 36 47 43 48 0 26 42 13 2 27 13 21 14 34 39 26
13 14 28 44 18 42 38 37 36 42 20 28 15 21 3 23 19 31 1 27 31 30 38 40 22 42 45 15 13 20 26 5 42 48 47 42 24 47 9 29 1 2 46 50 30 25 12 29 2 11 21 4 48 35 19 7 37 32 39 32 3 41 38 6 47 29 22 22 26 0 48 27 47 7 18 50 28 19 8 21
33 6 8 49 4 8 26 46 38 1 28 40 2 48 39 43 5 23 17 47 15 41 19 19 26 31 16 17 38 24 49 14 4 45 29 19 49 28 19 15 11 20 14 47 7 39 49 7 11 15 50 34 42 23 9 39 6 25 20 11 8 15 48 29 20 20 25 50 42 48 0 32 25 28 49 13 22 5 30 24
43 11 39 34 10 47 2 37 12 32 47 19 37 24 11 45 34 30 18 35 24 19 8 2 36 44 8 31 49 7 9 40 21 2 49 17 3 16 36 44 17 15 39 9 49 2 15 37 46 8 3 10 37 7 49 16 33 43 28 35 45 27 47 43 10 17 37 44 13 27 32 0 27 45 22 16 19 10 17 6
36 32 29 35 32 26 5 12 36 17 45 9 8 36 21 27 34 16 21 15 11 23 24 22 30 27 42 43 18 42 32 43 21 42 21 28 31 34 19 43 26 44 15 15 35 43 22 4 16 48 16 30 10 34 1 46 38 19 25 8 46 19 13 38 9 25 19 7 2 47 25 27 0 43 35 27 42 20 27 4
34 20 11 2 31 26 21 11 20 10 29 43 43 36 47 34 29 22 3 48 2 29 35 30 1 25 23 18 28 24 5 12 27 47 32 46 12 37 38 27 25 15 44 45 6 49 50 30 31 22 2 12 46 15 18 33 46 9 5 23 46 10 10 50 8 24 7 42 27 7 28 45 43 0 9 15 38 26 40 36
22 2 13 15 43 31 50 37 17 15 23 13 24 11 30 47 25 47 10 2 8 24 16 3 40 7 1 20 33 22 40 48 23 34 44 22 9 27 45 30 33 13 37 46 32 3 23 41 33 3 6 19 11 32 2 19 48 34 42 32 15 3 7 6 11 31 34 37 13 18 49 22 35 9 0 19 13 8 13 29
46 33 15 29 39 3 24 50 41 5 2 47 46 3 43 36 41 48 11 30 42 27 3 45 47 4 5 33 26 35 2 6 46 15 16 42 30 48 18 46 47 29 36 10 41 29 34 49 45 7 18 27 29 5 36 25 33 5 17 12 9 30 32 32 15 41 8 8 21 50 13 16 27 15 19 0 45 50 36 19
48 47 37 40 5 40 33 26 3 40 23 11 37 33 17 46 43 48 20 23 16 6 43 40 13 35 48 37 22 25 18 16 29 32 24 5 22 6 28 10 36 22 33 3 1 21 15 17 33 12 45 18 45 24 15 6 8 24 28 27 40 23 24 39 19 42 25 13 14 28 22 19 42 38 13 45 0 20 20 17
5 6 35 17 17 5 26 9 39 5 33 40 6 26 26 42 11 13 48 30 34 15 30 3 35 2 25 39 38 35 17 43 15 4 11 47 32 14 1 2 46 6 11 47 15 40 19 7 50 1 38 49 25 44 12 22 16 44 27 50 7 22 30 16 16 38 13 38 34 19 5 10 20 26 8 50 20 0 20 49
18 13 8 1 31 48 21 14 6 50 10 15 22 48 21 15 7 12 41 34 32 28 18 9 37 39 30 35 34 25 36 35 8 46 46 10 11 42 40 20 27 27 5 33 30 12 32 23 2 20 34 40 3 30 37 43 39 24 22 4 40 15 41 38 45 11 29 15 39 8 30 17 27 40 13 36 20 20 0 36
4 5 37 13 10 26 38 2 3 27 34 45 45 20 22 26 41 38 6 37 39 25 47 11 31 38 30 11 16 20 1 33 42 16 26 3 40 24 19 35 9 23 43 1 25 24 17 9 33 47 48 48 24 23 44 41 25 9 20 10 36 6 30 11 2 13 28 46 26 21 24 6 4 36 29 19 17 49 36 0
