30 50
839 213 17
454 73 22
321 725 2
490 462 22
665 938 24
706 16 9
642 235 5
492 264 10
380 399 20
591 417 17
983 719 18
806 29 7
535 428 16
72 61 22
471 79 24
943 547 17
556 431 5
295 642 4
257 556 23
164 661 5
379 632 23
469 604 20
613 959 19
634 861 4
851 61 6
260 599 19
427 991 3
173 38 2
260 418 1
554 319 5
0 9 11 5 14 12 10 15 3 12 17 1 17 19 7 7 18 9 10 9 25 13 4 3 11 5 25 3 8 20
9 0 23 23 18 4 17 2 7 10 7 7 3 1 24 6 22 16 7 23 19 23 21 3 14 21 25 6 17 9
11 23 0 3 15 16 8 24 12 13 17 9 15 15 16 1 13 21 19 12 20 25 12 6 22 10 2 9 25 10
5 23 3 0 19 12 16 5 24 25 13 22 6 6 5 9 6 7 8 15 12 3 23 5 23 4 21 18 8 22
14 18 15 19 0 22 10 11 11 12 5 14 11 11 24 19 14 19 22 14 17 14 4 15 6 25 3 25 22 4
12 4 16 12 22 0 17 19 20 22 4 7 14 9 12 9 2 8 4 1 7 4 4 9 16 22 7 4 4 16
10 17 8 16 10 17 0 19 13 2 9 13 21 8 16 10 22 6 21 23 15 20 14 20 21 19 8 13 15 6
15 2 24 5 11 19 19 0 13 5 16 11 23 1 23 2 20 2 11 24 12 16 13 11 22 8 8 5 12 8
3 7 12 24 11 20 13 13 0 23 21 7 24 6 9 22 11 10 4 19 14 13 21 20 9 1 3 20 13 17
12 10 13 25 12 22 2 5 23 0 10 7 2 17 15 5 15 13 19 15 11 20 20 7 22 21 1 22 8 6
17 7 17 13 5 4 9 16 21 10 0 19 11 3 1 5 15 8 9 9 1 4 22 22 20 3 24 12 6 10
1 7 9 22 14 7 13 11 7 7 19 0 7 9 20 24 25 11 7 10 19 6 23 24 6 10 10 25 8 12
17 3 15 6 11 14 21 23 24 2 11 7 0 21 6 4 17 16 18 2 23 24 13 12 17 17 19 15 15 4
19 1 15 6 11 9 8 1 6 17 3 9 21 0 7 24 6 11 6 21 25 18 15 4 3 13 7 6 8 17
7 24 16 5 24 12 16 23 9 15 1 20 6 7 0 18 14 14 1 23 19 15 9 19 9 12 10 16 19 8
7 6 1 9 19 9 10 2 22 5 5 24 4 24 18 0 12 18 13 14 15 14 24 17 22 14 12 6 13 12
18 22 13 6 14 2 22 20 11 15 15 25 17 6 14 12 0 11 20 13 4 3 7 5 10 13 12 17 1 5
9 16 21 7 19 8 6 2 10 13 8 11 16 11 14 18 11 0 8 4 17 5 6 16 12 12 8 24 15 25
10 7 19 8 22 4 21 11 4 19 9 7 18 6 1 13 20 8 0 7 6 12 5 2 6 1 3 14 9 22
9 23 12 15 14 1 23 24 19 15 9 10 2 21 23 14 13 4 7 0 23 1 16 15 5 25 9 4 10 10
25 19 20 12 17 7 15 12 14 11 1 19 23 25 19 15 4 17 6 23 0 18 19 18 4 22 12 20 13 8
13 23 25 3 14 4 20 16 13 20 4 6 24 18 15 14 3 5 12 1 18 0 17 16 23 23 12 5 16 24
4 21 12 23 4 4 14 13 21 20 22 23 13 15 9 24 7 6 5 16 19 17 0 19 11 15 22 4 8 14
3 3 6 5 15 9 20 11 20 7 22 24 12 4 19 17 5 16 2 15 18 16 19 0 23 25 18 18 2 4
11 14 22 23 6 16 21 22 9 22 20 6 17 3 9 22 10 12 6 5 4 23 11 23 0 15 2 17 13 24
5 21 10 4 25 22 19 8 1 21 3 10 17 13 12 14 13 12 1 25 22 23 15 25 15 0 13 8 17 13
25 25 2 21 3 7 8 8 3 1 24 10 19 7 10 12 12 8 3 9 12 12 22 18 2 13 0 2 1 12
3 6 9 18 25 4 13 5 20 22 12 25 15 6 16 6 17 24 14 4 20 5 4 18 17 8 2 0 1 12
8 17 25 8 22 4 15 12 13 8 6 8 15 8 19 13 1 15 9 10 13 16 8 2 13 17 1 1 0 8
20 9 10 22 4 16 6 8 17 6 10 12 4 17 8 12 5 25 22 10 8 24 14 4 24 13 12 12 8 0
