100 1000
562 139 99
478 243 99
847 906 99
716 146 99
461 583 99
329 9 99
842 911 99
3 360 99
52 879 99
350 665 99
919 651 99
917 693 99
334 318 99
97 185 99
545 623 21
233 985 13
130 942 50
594 646 25
873 283 49
573 933 33
738 171 46
455 635 88
434 358 88
356 203 40
69 25 88
72 817 24
370 672 20
415 214 40
917 791 88
961 590 88
687 578 88
356 352 31
920 558 15
140 338 12
625 219 18
133 94 15
745 996 47
625 400 30
39 930 47
794 761 28
235 543 26
206 114 39
673 541 36
860 729 41
222 986 45
748 52 29
736 420 18
708 74 23
844 468 35
440 723 10
473 537 37
384 23 42
30 783 88
728 683 40
287 348 14
977 220 41
387 403 21
278 581 25
596 881 30
936 300 44
930 911 4
925 556 19
523 914 3
576 706 25
628 18 48
734 89 88
608 583 11
646 579 17
401 436 39
951 89 88
536 900 39
730 403 47
489 423 88
672 285 47
242 836 13
327 614 17
647 838 32
380 697 38
756 570 30
507 459 16
860 349 21
917 286 27
349 886 33
808 496 6
622 155 14
865 949 14
221 905 25
680 348 32
953 349 32
16 496 41
499 776 11
83 138 30
441 873 6
761 503 43
183 144 21
315 23 35
652 235 19
364 430 9
65 194 88
570 910 88
0 24 40 44 40 23 29 23 40 24 49 42 34 39 24 18 40 21 14 32 9 20 7 7 31 34 16 10 13 34 5 33 48 16 29 29 47 31 44 44 28 11 1 39 43 6 29 20 21 1 31 7 50 42 47 27 23 41 10 3 43 29 33 47 24 23 4 29 12 7 34 33 22 2 45 24 9 48 18 12 11 21 28 35 25 22 6 28 39 24 6 1 23 35 20 35 8 14 13 32
24 0 48 12 21 46 17 43 27 2 50 40 22 13 19 7 33 41 6 30 22 1 35 49 3 14 8 20 41 28 4 13 28 35 47 29 48 18 49 32 14 39 28 12 47 11 43 47 35 47 16 9 25 49 3 19 17 48 28 17 17 36 2 25 45 14 47 40 10 12 11 21 39 4 42 33 36 41 34 41 19 24 34 14 46 32 18 1 12 30 23 8 1 2 31 33 37 45 1 50
40 48 0 40 44 35 47 15 22 5 3 20 42 13 15 16 38 43 42 16 6 5 13 35 27 13 23 17 19 12 30 25 31 26 50 43 9 9 5 30 1 28 33 3 3 43 16 26 40 17 12 16 8 29 25 32 40 14 20 11 25 47 46 37 2 38 38 37 14 12 36 41 35 50 23 16 38 36 48 36 11 18 44 39 40 20 14 2 14 36 48 36 19 41 8 33 50 34 18 28
44 12 40 0 37 3 41 21 39 12 48 39 24 24 4 11 18 1 47 7 16 6 26 12 31 26 44 39 37 41 41 17 35 45 30 6 16 29 39 46 21 23 42 22 29 41 37 16 34 36 36 11 16 7 22 32 14 39 37 30 17 21 28 49 35 50 49 48 14 1 36 33 33 48 8 16 11 40 32 35 45 6 38 24 48 10 44 15 33 3 47 42 43 50 24 14 2 14 44 24
40 21 44 37 0 35 45 43 26 6 19 24 16 5 24 32 3 34 13 9 16 30 10 2 50 15 3 37 23 13 19 23 34 25 8 9 22 49 49 41 13 42 35 8 9 17 42 16 46 10 10 8 6 31 1 6 40 48 1 25 15 24 36 22 7 38 3 22 22 30 16 45 26 39 19 19 33 20 4 30 39 19 16 16 26 33 6 40 48 49 44 7 41 33 45 21 24 25 12 43
23 46 35 3 35 0 29 14 15 25 11 8 13 37 45 30 18 21 7 28 20 21 13 50 5 40 3 38 14 17 37 32 35 44 27 46 42 7 18 18 12 17 49 6 33 48 1 46 22 36 28 5 13 41 29 17 29 45 29 26 13 13 7 50 38 7 6 22 49 40 34 22 13 1 33 49 28 50 35 1 23 4 29 18 6 26 18 28 40 21 5 7 9 39 18 5 50 9 16 27
29 17 47 41 45 29 0 42 26 7 50 41 9 45 45 32 50 19 48 31 28 48 44 32 4 47 29 10 18 44 34 30 29 28 15 31 37 15 8 29 8 3 20 10 18 7 38 27 2 26 15 2 36 27 40 8 35 7 17 50 36 46 6 4 41 16 22 29 35 28 48 46 46 22 47 7 6 42 38 8 25 21 40 1 12 22 14 50 21 2 30 25 43 16 1 21 48 14 28 49
23 43 15 21 43 14 42 0 40 47 10 12 6 2 46 47 31 20 38 43 2 27 41 46 1 17 24 48 43 33 33 37 43 25 45 11 4 16 11 41 5 3 6 15 14 18 24 2 47 39 17 30 14 5 6 11 5 39 2 23 20 39 41 8 2 3 11 40 11 11 12 21 22 9 22 12 7 26 33 50 44 23 44 38 41 27 24 19 16 48 14 24 48 1 11 4 27 24 9 22
40 27 22 39 26 15 26 40 0 22 23 19 46 36 43 27 14 29 48 30 37 33 20 7 37 34 48 28 1 27 13 29 50 29 9 13 6 2 11 41 3 34 26 12 3 45 23 46 35 42 39 42 30 17 35 26 4 14 17 32 30 3 10 14 18 29 45 9 2 19 39 48 24 32 34 46 9 49 39 13 48 36 13 24 7 7 20 40 39 42 5 25 38 29 16 29 49 6 32 29
24 2 5 12 6 25 7 47 22 0 36 1 10 24 3 41 9 39 25 8 29 50 18 17 50 41 41 39 49 25 40 19 38 3 33 36 4 45 6 4 38 11 22 19 31 6 42 31 25 13 49 29 39 19 43 46 36 16 42 38 20 35 34 35 14 12 10 48 36 20 31 8 45 40 2 31 2 29 21 40 4 4 25 46 37 3 47 45 33 14 2 24 3 39 34 35 46 21 12 33
49 50 3 48 19 11 50 10 23 36 0 43 38 40 31 4 4 28 20 32 3 16 44 37 4 14 47 7 42 34 22 8 33 45 35 15 24 7 48 9 25 7 18 24 4 37 19 50 30 44 19 9 20 47 9 14 8 48 21 2 2 27 15 50 38 48 43 7 44 16 27 5 46 42 29 37 37 20 13 8 16 18 6 42 20 19 13 29 3 10 15 1 43 18 11 46 3 3 36 26
42 40 20 39 24 8 41 12 19 1 43 0 50 13 33 2 17 38 11 35 5 13 17 40 47 38 47 1 13 15 18 17 2 37 39 14 31 20 12 12 24 16 39 19 38 50 15 37 41 21 41 19 1 39 4 4 16 8 1 25 37 5 2 41 40 25 15 32 39 44 20 1 39 7 43 45 2 33 44 11 40 5 14 50 44 45 30 44 26 35 17 31 34 34 49 45 40 10 11 18
34 22 42 24 16 13 9 6 46 10 38 50 0 24 18 4 9 29 23 44 5 21 27 48 41 8 5 17 11 14 46 32 7 30 34 30 4 41 49 15 50 23 35 23 43 9 11 42 31 11 29 31 31 2 32 8 27 19 14 36 43 9 36 37 43 31 33 11 50 5 38 30 48 34 9 40 15 1 20 30 43 28 43 12 45 27 42 5 50 4 28 35 7 25 30 49 1 50 16 42
39 13 13 24 5 37 45 2 36 24 40 13 24 0 35 36 27 35 1 46 31 25 36 5 9 29 38 41 50 21 18 20 9 14 12 23 7 3 49 38 35 13 31 49 25 50 2 37 1 1 49 19 39 42 1 48 46 12 27 41 14 4 2 9 34 33 31 15 46 17 32 12 7 16 47 8 22 30 31 45 36 31 3 1 22 8 34 11 30 34 29 16 41 14 9 38 35 42 50 14
24 19 15 4 24 45 45 46 43 3 31 33 18 35 0 21 28 5 11 10 22 41 6 21 5 14 22 37 23 42 45 28 49 33 34 21 5 38 16 23 46 30 7 41 10 45 1 20 28 14 11 4 6 15 19 26 5 7 48 36 34 23 25 45 23 34 4 13 39 12 20 3 32 26 4 35 17 12 8 17 9 28 28 18 13 34 24 6 7 11 40 17 37 7 6 6 35 26 18 1
18 7 16 11 32 30 32 47 27 41 4 2 4 36 21 0 30 45 13 44 3 42 40 35 10 6 27 47 13 17 45 50 23 42 8 46 1 31 48 23 48 4 37 20 33 28 2 45 40 34 37 46 38 5 9 40 4 21 3 6 35 45 17 12 5 4 43 12 30 43 44 45 31 18 30 36 44 23 33 32 25 40 40 15 9 45 8 47 11 48 7 38 30 13 21 16 6 4 31 46
40 33 38 18 3 18 50 31 14 9 4 17 9 27 28 30 0 35 37 22 21 31 32 47 35 27 19 49 9 31 36 20 45 11 19 41 4 2 23 13 40 8 4 21 46 36 18 35 9 17 43 31 33 37 48 46 36 8 11 12 16 27 31 11 36 36 13 47 26 9 32 12 11 48 17 16 27 28 36 48 17 12 46 27 46 31 20 3 27 11 22 24 11 45 32 17 12 6 18 18
21 41 43 1 34 21 19 20 29 39 28 38 29 35 5 45 35 0 31 5 50 50 7 18 13 24 50 34 10 12 5 40 44 18 35 18 21 6 17 17 16 47 13 5 17 39 10 42 15 34 45 12 32 8 21 1 12 6 30 19 24 21 8 8 15 12 49 47 34 30 46 29 11 23 32 25 48 13 13 37 14 42 40 30 18 15 22 30 1 4 37 2 34 47 43 25 3 33 47 31
14 6 42 47 13 7 48 38 48 25 20 11 23 1 11 13 37 31 0 27 13 25 40 36 44 47 45 7 15 30 30 25 41 37 41 32 34 11 43 50 13 12 32 46 3 21 33 28 8 32 19 1 21 6 14 13 31 3 30 49 2 45 48 29 33 9 8 36 4 15 21 5 28 9 38 41 34 28 15 24 48 10 16 20 10 27 5 8 39 45 4 10 3 39 2 28 10 1 19 14
32 30 16 7 9 28 31 43 30 8 32 35 44 46 10 44 22 5 27 0 46 35 20 4 13 27 4 20 34 41 49 17 32 4 35 32 24 11 4 9 1 23 10 29 37 10 10 6 11 7 35 42 38 35 15 7 17 50 27 31 12 50 5 42 36 25 3 33 32 11 10 43 49 46 11 7 44 41 9 21 47 45 4 6 34 29 21 41 11 24 8 39 31 2 6 33 23 24 11 12
9 22 6 16 16 20 28 2 37 29 3 5 5 31 22 3 21 50 13 46 0 48 5 27 21 31 46 41 1 23 9 21 9 4 18 12 41 47 7 48 37 26 11 19 2 25 16 11 49 38 50 34 22 21 14 39 10 42 33 15 39 13 35 26 10 35 19 25 43 48 47 7 9 31 24 9 1 14 4 7 10 49 47 35 35 12 13 17 34 21 47 18 46 6 5 21 28 33 38 31
20 1 5 6 30 21 48 27 33 50 16 13 21 25 41 42 31 50 25 35 48 0 40 31 41 48 2 29 5 48 26 20 43 17 27 5 42 28 4 42 8 49 6 31 11 42 36 5 35 25 19 15 8 19 25 48 31 45 2 30 24 27 35 14 43 10 3 45 25 37 37 50 26 38 43 37 20 19 45 16 35 28 39 33 13 39 44 15 35 31 45 16 49 48 31 30 42 22 42 38
7 35 13 26 10 13 44 41 20 18 44 17 27 36 6 40 32 7 40 20 5 40 0 15 23 28 16 37 6 38 22 8 41 26 45 9 32 36 8 3 24 49 31 48 5 7 46 50 50 9 21 48 49 27 38 35 7 38 31 8 44 50 28 41 4 19 39 41 5 7 11 31 49 44 21 14 9 1 35 48 43 37 43 8 37 12 17 1 30 17 17 44 49 33 45 29 24 46 20 7
7 49 35 12 2 50 32 46 7 17 37 40 48 5 21 35 47 18 36 4 27 31 15 0 6 12 7 31 25 11 27 31 14 13 2 45 7 28 8 47 47 21 4 40 19 39 12 41 11 15 4 8 49 31 41 10 26 27 4 10 42 10 27 20 34 19 33 38 36 23 22 23 41 6 25 32 5 6 49 19 18 34 18 27 12 49 38 17 34 6 11 30 20 36 11 43 10 4 5 42
31 3 27 31 50 5 4 1 37 50 4 47 41 9 5 10 35 13 44 13 21 41 23 6 0 30 37 12 48 13 35 17 46 26 20 9 43 48 24 41 8 8 35 1 22 15 3 33 19 12 22 50 8 23 19 40 26 1 50 26 30 8 27 45 38 2 17 29 18 49 10 44 34 30 7 42 49 49 17 28 7 5 32 27 17 25 14 13 22 27 3 21 13 42 30 46 11 15 25 40
34 14 13 26 15 40 47 17 34 41 14 38 8 29 14 6 27 24 47 27 31 48 28 12 30 0 4 35 40 11 18 7 16 38 15 44 28 14 17 44 12 41 39 16 23 48 44 33 17 4 29 19 48 45 32 22 15 46 34 46 17 49 38 12 22 35 29 6 4 18 49 14 17 29 2 37 15 21 45 24 49 38 9 31 28 47 18 31 45 21 5 30 28 32 6 4 21 29 39 28
16 8 23 44 3 3 29 24 48 41 47 47 5 38 22 27 19 50 45 4 46 2 16 7 37 4 0 7 42 26 44 49 26 6 24 5 27 28 22 30 20 18 15 2 37 3 5 3 18 28 42 31 26 12 36 36 46 33 43 38 4 3 19 30 33 18 42 9 22 50 45 32 31 18 17 41 8 3 29 12 20 14 2 12 46 44 33 7 43 39 39 27 41 36 40 25 21 19 9 44
10 20 17 39 37 38 10 48 28 39 7 1 17 41 37 47 49 34 7 20 41 29 37 31 12 35 7 0 19 11 4 24 9 31 23 39 14 47 14 7 48 8 11 3 36 35 49 12 39 13 32 9 27 34 42 1 11 32 8 12 47 19 32 20 3 4 24 35 44 24 26 47 28 32 42 28 29 28 3 12 4 49 43 30 39 45 40 37 49 10 3 17 4 45 14 32 23 11 2 30
13 41 19 37 23 14 18 43 1 49 42 13 11 50 23 13 9 10 15 34 1 5 6 25 48 40 42 19 0 17 50 10 9 2 27 11 21 10 35 26 7 13 37 19 45 9 46 21 30 29 44 29 24 48 6 47 3 16 47 48 43 11 40 20 50 15 28 45 2 9 2 38 27 42 10 23 49 21 17 4 41 34 8 6 42 48 12 18 49 13 8 32 4 18 3 48 50 3 50 26
34 28 12 41 13 17 44 33 27 25 34 15 14 21 42 17 31 12 30 41 23 48 38 11 13 11 26 11 17 0 28 2 44 20 19 19 41 2 34 6 43 12 20 19 3 44 34 42 26 23 1 49 15 12 23 20 16 5 15 10 41 33 38 31 3 46 20 24 3 27 22 5 9 20 40 48 29 45 26 35 43 28 42 39 32 5 24 27 49 49 37 47 40 43 44 21 35 47 6 45
5 4 30 41 19 37 34 33 13 40 22 18 46 18 45 45 36 5 30 49 9 26 22 27 35 18 44 4 50 28 0 4 1 4 25 27 18 43 7 40 34 14 30 13 6 41 1 7 15 19 11 48 48 18 48 1 30 21 6 14 6 18 32 8 44 19 49 21 6 33 32 43 7 5 46 19 31 38 49 47 7 20 24 44 2 8 43 48 17 34 13 9 45 15 43 19 20 50 25 39
33 13 25 17 23 32 30 37 29 19 8 17 32 20 28 50 20 40 25 17 21 20 8 31 17 7 49 24 10 2 4 0 12 9 11 8 5 46 11 28 41 46 31 48 14 23 14 19 39 23 18 44 26 19 35 5 20 38 43 13 11 48 11 32 4 19 31 16 14 46 21 12 19 6 2 42 23 23 49 37 33 15 48 46 31 42 45 31 6 19 25 36 34 37 41 50 30 37 31 36
48 28 31 35 34 35 29 43 50 38 33 2 7 9 49 23 45 44 41 32 9 43 41 14 46 16 26 9 9 44 1 12 0 38 25 14 45 2 14 12 33 16 41 2 25 30 18 12 28 28 9 18 30 35 27 13 12 31 5 31 36 14 24 14 6 41 42 20 41 26 16 27 29 39 20 25 1 1 37 35 29 27 29 37 25 26 16 13 14 10 16 7 16 7 3 15 4 23 28 29
16 35 26 45 25 44 28 25 29 3 45 37 30 14 33 42 11 18 37 4 4 17 26 13 26 38 6 31 2 20 4 9 38 0 34 31 50 30 4 50 44 31 37 34 43 40 30 6 15 12 6 29 40 48 41 2 23 31 14 21 42 26 36 36 3 10 4 26 47 27 23 25 44 24 42 6 20 39 28 46 20 24 42 14 11 49 16 27 15 2 22 16 12 9 12 18 21 49 42 39
29 47 50 30 8 27 15 45 9 33 35 39 34 12 34 8 19 35 41 35 18 27 45 2 20 15 24 23 27 19 25 11 25 34 0 20 48 26 43 14 26 49 7 4 24 9 12 16 20 23 4 19 44 9 34 46 37 30 34 34 13 1 21 7 47 24 9 48 37 11 1 13 12 27 42 39 5 37 37 19 28 13 31 36 14 50 45 34 35 9 11 49 26 38 45 47 30 4 1 39
29 29 43 6 9 46 31 11 13 36 15 14 30 23 21 46 41 18 32 32 12 5 9 45 9 44 5 39 11 19 27 8 14 31 20 0 27 3 28 30 20 46 2 8 35 34 27 35 48 48 41 7 22 33 18 50 44 2 34 7 27 20 28 32 14 13 47 47 12 5 37 24 1 50 34 31 18 3 15 21 22 31 4 44 7 48 22 43 28 24 48 25 27 35 15 1 37 25 25 31
47 48 9 16 22 42 37 4 6 4 24 31 4 7 5 1 4 21 34 24 41 42 32 7 43 28 27 14 21 41 18 5 45 50 48 27 0 6 48 36 26 38 16 9 39 43 8 35 36 5 19 44 36 29 18 20 38 19 30 7 18 2 15 42 24 46 26 42 2 21 19 24 29 50 35 31 36 43 5 25 4 42 39 10 22 39 47 11 43 44 3 46 32 13 50 22 9 18 38 22
31 18 9 29 49 7 15 16 2 45 7 20 41 3 38 31 2 6 11 11 47 28 36 28 48 14 28 47 10 2 43 46 2 30 26 3 6 0 17 18 38 7 19 20 44 37 21 42 10 16 20 23 9 36 37 12 29 32 5 31 28 40 19 43 22 15 15 20 1 48 4 15 8 12 38 43 19 29 8 26 42 24 41 2 33 3 23 50 4 28 6 2 5 22 19 18 26 48 3 43
44 49 5 39 49 18 8 11 11 6 48 12 49 49 16 48 23 17 43 4 7 4 8 8 24 17 22 14 35 34 7 11 14 4 43 28 48 17 0 26 13 31 13 5 32 12 24 43 2 42 34 10 21 39 30 7 10 34 18 33 32 27 37 43 20 11 49 19 10 35 3 10 8 15 6 27 38 40 37 13 28 31 14 50 46 34 47 30 15 45 44 10 20 13 9 4 5 16 1 20
44 32 30 46 41 18 29 41 41 4 9 12 15 38 23 23 13 17 50 9 48 42 3 47 41 44 30 7 26 6 40 28 12 50 14 30 36 18 26 0 12 34 18 46 34 24 12 34 37 32 32 6 37 20 19 11 25 28 37 24 9 47 5 32 38 30 27 9 22 6 11 39 46 36 29 8 23 47 10 48 5 38 19 47 3 17 38 14 7 20 11 23 43 8 41 30 35 39 16 37
28 14 1 21 13 12 8 5 3 38 25 24 50 35 46 48 40 16 13 1 37 8 24 47 8 12 20 48 7 43 34 41 33 44 26 20 26 38 13 12 0 40 28 28 39 30 7 2 29 25 26 27 17 9 39 34 11 45 48 42 26 24 40 26 19 5 14 21 4 41 34 8 16 35 25 33 32 47 39 8 14 44 23 33 9 24 50 24 2 46 24 32 18 9 40 13 10 29 19 42
11 39 28 23 42 17 3 3 34 11 7 16 23 13 30 4 8 47 12 23 26 49 49 21 8 41 18 8 13 12 14 46 16 31 49 46 38 7 31 34 40 0 36 17 12 43 13 13 3 18 24 32 21 18 47 25 41 34 31 28 44 30 8 44 9 29 15 8 32 44 33 39 28 32 20 12 21 2 49 41 17 33 7 8 2 17 26 42 17 26 18 8 15 28 47 12 49 41 26 48
1 28 33 42 35 49 20 6 26 22 18 39 35 31 7 37 4 13 32 10 11 6 31 4 35 39 15 11 37 20 30 31 41 37 7 2 16 19 13 18 28 36 0 11 26 11 31 34 34 9 39 5 6 2 16 3 35 3 50 46 46 13 26 11 15 38 28 36 29 13 28 38 50 13 15 12 31 33 3 18 25 12 45 21 21 6 15 29 35 32 30 43 12 36 20 45 28 43 16 15
39 12 3 22 8 6 10 15 12 19 24 19 23 49 41 20 21 5 46 29 19 31 48 40 1 16 2 3 19 19 13 48 2 34 4 8 9 20 5 46 28 17 11 0 31 7 41 40 2 25 12 44 42 42 19 27 12 3 38 15 43 14 26 15 6 49 7 32 28 10 25 37 22 43 49 22 22 22 47 20 8 15 44 29 21 7 26 38 45 49 21 25 38 18 43 38 31 18 37 3
43 47 3 29 9 33 18 14 3 31 4 38 43 25 10 33 46 17 3 37 2 11 5 19 22 23 37 36 45 3 6 14 25 43 24 35 39 44 32 34 39 12 26 31 0 38 49 33 44 13 43 22 34 5 22 27 34 10 8 37 15 22 47 13 27 49 38 34 32 14 27 28 48 25 21 20 7 14 6 10 19 33 10 32 49 49 1 29 10 9 16 44 37 2 38 49 25 49 49 17
6 11 43 41 17 48 7 18 45 6 37 50 9 50 45 28 36 39 21 10 25 42 7 39 15 48 3 35 9 44 41 23 30 40 9 34 43 37 12 24 30 43 11 7 38 0 36 31 46 10 38 14 49 14 11 21 25 26 18 36 18 1 39 50 11 37 33 50 21 27 27 14 35 28 26 37 7 22 2 21 27 13 34 49 26 3 32 45 31 37 17 2 4 37 8 14 39 48 42 25
29 43 16 37 42 1 38 24 23 42 19 15 11 2 1 2 18 10 33 10 16 36 46 12 3 44 5 49 46 34 1 14 18 30 12 27 8 21 24 12 7 13 31 41 49 36 0 31 22 37 3 39 20 36 9 16 47 20 27 25 36 34 35 49 47 3 12 33 43 21 26 17 28 50 5 20 9 17 8 8 36 35 29 14 22 12 7 15 39 32 7 29 16 15 8 41 38 16 44 31
20 47 26 16 16 46 27 2 46 31 50 37 42 37 20 45 35 42 28 6 11 5 50 41 33 33 3 12 21 42 7 19 12 6 16 35 35 42 43 34 2 13 34 40 33 31 31 0 29 30 44 43 10 16 50 13 36 13 42 14 37 24 23 11 26 36 27 20 50 24 17 14 13 25 36 11 27 12 44 28 15 45 30 9 13 44 22 13 15 13 26 13 46 49 43 48 49 8 41 40
21 35 40 34 46 22 2 47 35 25 30 41 31 1 28 40 9 15 8 11 49 35 50 11 19 17 18 39 30 26 15 39 28 15 20 48 36 10 2 37 29 3 34 2 44 46 22 29 0 31 39 8 18 43 48 1 41 18 44 11 28 4 10 49 26 23 35 12 45 9 3 5 21 43 19 2 3 18 25 25 38 15 41 36 13 42 42 40 26 12 13 32 11 17 23 49 38 22 13 1
1 47 17 36 10 36 26 39 42 13 44 21 11 1 14 34 17 34 32 7 38 25 9 15 12 4 28 13 29 23 19 23 28 12 23 48 5 16 42 32 25 18 9 25 13 10 37 30 31 0 16 15 44 29 19 1 48 7 25 22 42 11 15 45 39 50 16 15 48 19 33 25 1 7 37 4 40 29 7 8 38 49 25 29 50 4 30 2 9 50 6 14 10 37 16 32 31 29 18 28
31 16 12 36 10 28 15 17 39 49 19 41 29 49 11 37 43 45 19 35 50 19 21 4 22 29 42 32 44 1 11 18 9 6 4 41 19 20 34 32 26 24 39 12 43 38 3 44 39 16 0 37 7 4 21 17 48 12 49 36 21 8 14 28 36 4 7 11 42 36 6 6 47 21 24 39 47 28 50 49 17 49 50 42 25 30 17 16 38 47 28 18 15 14 47 11 39 15 3 43
7 9 16 11 8 5 2 30 42 29 9 19 31 19 4 46 31 12 1 42 34 15 48 8 50 19 31 9 29 49 48 44 18 29 19 7 44 23 10 6 27 32 5 44 22 14 39 43 8 15 37 0 31 34 3 42 15 4 43 22 30 18 2 32 29 33 7 21 29 42 18 7 39 32 13 19 43 41 27 24 4 18 43 30 41 47 13 48 39 26 3 18 6 41 32 48 36 1 49 28
50 25 8 16 6 13 36 14 30 39 20 1 31 39 6 38 33 32 21 38 22 8 49 49 8 48 26 27 24 15 48 26 30 40 44 22 36 9 21 37 17 21 6 42 34 49 20 10 18 44 7 31 0 9 1 45 4 24 1 33 3 14 30 17 4 39 20 35 48 48 50 3 7 13 47 36 15 39 22 28 22 6 18 16 29 8 8 20 34 32 8 30 9 24 3 40 34 3 15 27
42 49 29 7 31 41 27 5 17 19 47 39 2 42 15 5 37 8 6 35 21 19 27 31 23 45 12 34 48 12 18 19 35 48 9 33 29 36 39 20 9 18 2 42 5 14 36 16 43 29 4 34 9 0 22 12 42 47 30 40 9 35 10 12 30 18 6 30 8 2 50 22 10 47 21 38 3 5 17 10 1 36 35 9 9 18 41 9 7 36 24 25 37 45 17 32 24 20 18 25
47 3 25 22 1 29 40 6 35 43 9 4 32 1 19 9 48 21 14 15 14 25 38 41 19 32 36 42 6 23 48 35 27 41 34 18 18 37 30 19 39 47 16 19 22 11 9 50 48 19 21 3 1 22 0 47 5 7 28 37 3 22 11 44 42 22 9 41 22 21 3 16 41 3 28 7 1 1 45 1 27 13 24 36 15 20 25 19 42 42 19 31 8 10 10 4 16 23 40 37
27 19 32 32 6 17 8 11 26 46 14 4 8 48 26 40 46 1 13 7 39 48 35 10 40 22 36 1 47 20 1 5 13 2 46 50 20 12 7 11 34 25 3 27 27 21 16 13 1 1 17 42 45 12 47 0 31 22 25 47 33 49 25 47 6 45 47 35 35 27 14 31 12 4 1 38 28 31 35 19 33 16 44 9 40 26 2 30 45 15 41 3 6 16 7 42 47 5 11 36
23 17 40 14 40 29 35 5 4 36 8 16 27 46 5 4 36 12 31 17 10 31 7 26 26 15 46 11 3 16 30 20 12 23 37 44 38 29 10 25 11 41 35 12 34 25 47 36 41 48 48 15 4 42 5 31 0 23 9 40 19 35 9 9 45 19 24 20 7 18 34 19 48 37 8 14 9 48 39 30 5 22 33 3 15 20 38 37 18 7 26 20 7 22 16 4 38 22 35 42
41 48 14 39 48 45 7 39 14 16 48 8 19 12 7 21 8 6 3 50 42 45 38 27 1 46 33 32 16 5 21 38 31 31 30 2 19 32 34 28 45 34 3 3 10 26 20 13 18 7 12 4 24 47 7 22 23 0 24 15 4 15 9 34 38 10 46 28 28 5 22 12 47 31 23 20 17 48 48 45 41 13 48 39 20 3 31 10 29 8 32 45 41 8 31 43 42 50 30 40
10 28 20 37 1 29 17 2 17 42 21 1 14 27 48 3 11 30 30 27 33 2 31 4 50 34 43 8 47 15 6 43 5 14 34 34 30 5 18 37 48 31 50 38 8 18 27 42 44 25 49 43 1 30 28 25 9 24 0 5 30 21 2 26 40 16 50 49 1 49 4 37 13 39 27 3 25 33 16 17 29 8 3 38 39 15 28 36 4 22 36 2 10 18 44 17 18 8 27 43
3 17 11 30 25 26 50 23 32 38 2 25 36 41 36 6 12 19 49 31 15 30 8 10 26 46 38 12 48 10 14 13 31 21 34 7 7 31 33 24 42 28 46 15 37 36 25 14 11 22 36 22 33 40 37 47 40 15 5 0 21 9 25 26 13 2 42 30 43 45 31 7 37 32 17 19 4 28 18 18 17 49 45 26 44 8 10 4 37 35 38 29 23 25 20 21 22 16 34 36
43 17 25 17 15 13 36 20 30 20 2 37 43 14 34 35 16 24 2 12 39 24 44 42 30 17 4 47 43 41 6 11 36 42 13 27 18 28 32 9 26 44 46 43 15 18 36 37 28 42 21 30 3 9 3 33 19 4 30 21 0 32 24 19 21 41 27 8 23 1 1 30 27 43 10 38 27 49 4 13 35 10 35 5 48 38 41 20 16 48 29 15 34 50 40 36 39 22 13 33
29 36 47 21 24 13 46 39 3 35 27 5 9 4 23 45 27 21 45 50 13 27 50 10 8 49 3 19 11 33 18 48 14 26 1 20 2 40 27 47 24 30 13 14 22 1 34 24 4 11 8 18 14 35 22 49 35 15 21 9 32 0 3 25 42 49 36 35 2 10 49 14 35 18 4 13 34 46 26 10 19 7 9 48 15 13 37 15 41 18 28 11 5 35 7 40 36 8 37 31
33 2 46 28 36 7 6 41 10 34 15 2 36 2 25 17 31 8 48 5 35 35 28 27 27 38 19 32 40 38 32 11 24 36 21 28 15 19 37 5 40 8 26 26 47 39 35 23 10 15 14 2 30 10 11 25 9 9 2 25 24 3 0 19 25 18 41 43 9 3 18 46 2 49 30 36 12 14 5 28 15 23 43 27 12 44 32 47 20 22 4 48 39 41 49 1 50 48 2 40
47 25 37 49 22 50 4 8 14 35 50 41 37 9 45 12 11 8 29 42 26 14 41 20 45 12 30 20 20 31 8 32 14 36 7 32 42 43 43 32 26 44 11 15 13 50 49 11 49 45 28 32 17 12 44 47 9 34 26 26 19 25 19 0 19 47 25 49 8 1 41 25 40 3 5 38 20 35 4 28 44 17 40 33 25 20 2 34 43 5 17 12 45 21 4 46 20 23 46 1
24 45 2 35 7 38 41 2 18 14 38 40 43 34 23 5 36 15 33 36 10 43 4 34 38 22 33 3 50 3 44 4 6 3 47 14 24 22 20 38 19 9 15 6 27 11 47 26 26 39 36 29 4 30 42 6 45 38 40 13 21 42 25 19 0 48 36 35 40 43 21 25 37 28 7 47 26 38 43 11 32 23 6 6 33 16 34 3 9 41 29 42 5 23 2 20 40 43 5 11
23 14 38 50 38 7 16 3 29 12 48 25 31 33 34 4 36 12 9 25 35 10 19 19 2 35 18 4 15 46 19 19 41 10 24 13 46 15 11 30 5 29 38 49 49 37 3 36 23 50 4 33 39 18 22 45 19 10 16 2 41 49 18 47 48 0 19 18 3 42 35 30 45 8 40 30 25 7 12 38 6 49 17 16 30 27 3 33 11 1 15 10 21 33 47 14 12 43 17 3
4 47 38 49 3 6 22 11 45 10 43 15 33 31 4 43 13 49 8 3 19 3 39 33 17 29 42 24 28 20 49 31 42 4 9 47 26 15 49 27 14 15 28 7 38 33 12 27 35 16 7 7 20 6 9 47 24 46 50 42 27 36 41 25 36 19 0 29 1 10 38 31 37 17 5 25 14 4 35 17 48 41 34 17 46 37 14 1 26 32 26 2 36 14 25 11 2 35 7 20
29 40 37 48 22 22 29 40 9 48 7 32 11 15 13 12 47 47 36 33 25 45 41 38 29 6 9 35 45 24 21 16 20 26 48 47 42 20 19 9 21 8 36 32 34 50 33 20 12 15 11 21 35 30 41 35 20 28 49 30 8 35 43 49 35 18 29 0 36 5 42 1 2 47 2 23 42 23 39 37 5 19 48 45 16 14 21 15 45 49 46 49 39 1 41 2 33 50 15 44
12 10 14 14 22 49 35 11 2 36 44 39 50 46 39 30 26 34 4 32 43 25 5 36 18 4 22 44 2 3 6 14 41 47 37 12 2 1 10 22 4 32 29 28 32 21 43 50 45 48 42 29 48 8 22 35 7 28 1 43 23 2 9 8 40 3 1 36 0 35 22 29 39 4 29 6 43 16 4 2 26 30 14 11 4 10 27 43 8 12 41 23 40 29 28 49 13 12 36 13
7 12 12 1 30 40 28 11 19 20 16 44 5 17 12 43 9 30 15 11 48 37 7 23 49 18 50 24 9 27 33 46 26 27 11 5 21 48 35 6 41 44 13 10 14 27 21 24 9 19 36 42 48 2 21 27 18 5 49 45 1 10 3 1 43 42 10 5 35 0 15 40 43 49 45 1 5 16 22 48 21 46 1 25 39 11 7 28 20 27 48 48 27 35 42 47 40 20 22 34
34 11 36 36 16 34 48 12 39 31 27 20 38 32 20 44 32 46 21 10 47 37 11 22 10 49 45 26 2 22 32 21 16 23 1 37 19 4 3 11 34 33 28 25 27 27 26 17 3 33 6 18 50 50 3 14 34 22 4 31 1 49 18 41 21 35 38 42 22 15 0 2 40 33 11 41 23 24 46 24 24 33 6 17 30 13 1 46 25 5 28 11 26 17 18 18 23 20 8 19
33 21 41 33 45 22 46 21 48 8 5 1 30 12 3 45 12 29 5 43 7 50 31 23 44 14 32 47 38 5 43 12 27 25 13 24 24 15 10 39 8 39 38 37 28 14 17 14 5 25 6 7 3 22 16 31 19 12 37 7 30 14 46 25 25 30 31 1 29 40 2 0 48 42 5 22 45 38 24 30 36 28 41 14 1 36 16 1 32 3 3 46 13 48 1 17 41 13 31 36
22 39 35 33 26 13 46 22 24 45 46 39 48 7 32 31 11 11 28 49 9 26 49 41 34 17 31 28 27 9 7 19 29 44 12 1 29 8 8 46 16 28 50 22 48 35 28 13 21 1 47 39 7 10 41 12 48 47 13 37 27 35 2 40 37 45 37 2 39 43 40 48 0 19 41 24 17 23 38 2 30 34 12 4 50 15 22 12 13 18 50 44 49 14 11 22 44 15 33 37
2 4 50 48 39 1 22 9 32 40 42 7 34 16 26 18 48 23 9 46 31 38 44 6 30 29 18 32 42 20 5 6 39 24 27 50 50 12 15 36 35 32 13 43 25 28 50 25 43 7 21 32 13 47 3 4 37 31 39 32 43 18 49 3 28 8 17 47 4 49 33 42 19 0 6 2 20 3 22 27 37 26 1 22 25 50 16 25 30 5 29 43 13 39 8 46 11 31 16 21
45 42 23 8 19 33 47 22 34 2 29 43 9 47 4 30 17 32 38 11 24 43 21 25 7 2 17 42 10 40 46 2 20 42 42 34 35 38 6 29 25 20 15 49 21 26 5 36 19 37 24 13 47 21 28 1 8 23 27 17 10 4 30 5 7 40 5 2 29 45 11 5 41 6 0 9 4 4 46 36 36 11 10 2 48 10 41 25 32 37 18 17 39 11 12 43 44 16 48 34
24 33 16 16 19 49 7 12 46 31 37 45 40 8 35 36 16 25 41 7 9 37 14 32 42 37 41 28 23 48 19 42 25 6 39 31 31 43 27 8 33 12 12 22 20 37 20 11 2 4 39 19 36 38 7 38 14 20 3 19 38 13 36 38 47 30 25 23 6 1 41 22 24 2 9 0 46 10 17 15 37 17 26 42 16 6 9 7 6 38 24 50 24 37 3 10 22 40 50 29
9 36 38 11 33 28 6 7 9 2 37 2 15 22 17 44 27 48 34 44 1 20 9 5 49 15 8 29 49 29 31 23 1 20 5 18 36 19 38 23 32 21 31 22 7 7 9 27 3 40 47 43 15 3 1 28 9 17 25 4 27 34 12 20 26 25 14 42 43 5 23 45 17 20 4 46 0 18 15 42 8 13 17 26 4 24 34 20 39 49 47 11 24 25 6 19 49 42 5 21
48 41 36 40 20 50 42 26 49 29 20 33 1 30 12 23 28 13 28 41 14 19 1 6 49 21 3 28 21 45 38 23 1 39 37 3 43 29 40 47 47 2 33 22 14 22 17 12 18 29 28 41 39 5 1 31 48 48 33 28 49 46 14 35 38 7 4 23 16 16 24 38 23 3 4 10 18 0 31 39 18 48 6 47 49 43 26 46 8 18 4 28 25 5 47 30 9 43 40 33
18 34 48 32 4 35 38 33 39 21 13 44 20 31 8 33 36 13 15 9 4 45 35 49 17 45 29 3 17 26 49 49 37 28 37 15 5 8 37 10 39 49 3 47 6 2 8 44 25 7 50 27 22 17 45 35 39 48 16 18 4 26 5 4 43 12 35 39 4 22 46 24 38 22 46 17 15 31 0 50 15 31 12 26 33 21 3 37 32 1 1 3 12 34 15 38 48 50 37 2
12 41 36 35 30 1 8 50 13 40 8 11 30 45 17 32 48 37 24 21 7 16 48 19 28 24 12 12 4 35 47 37 35 46 19 21 25 26 13 48 8 41 18 20 10 21 8 28 25 8 49 24 28 10 1 19 30 45 17 18 13 10 28 28 11 38 17 37 2 48 24 30 2 27 36 15 42 39 50 0 41 47 30 36 13 37 15 24 44 37 48 49 40 47 7 9 48 35 4 37
11 19 11 45 39 23 25 44 48 4 16 40 43 36 9 25 17 14 48 47 10 35 43 18 7 49 20 4 41 43 7 33 29 20 28 22 4 42 28 5 14 17 25 8 19 27 36 15 38 38 17 4 22 1 27 33 5 41 29 17 35 19 15 44 32 6 48 5 26 21 24 36 30 37 36 37 8 18 15 41 0 26 23 28 42 19 6 34 18 10 13 27 22 36 15 4 49 48 43 22
21 24 18 6 19 4 21 23 36 4 18 5 28 31 28 40 12 42 10 45 49 28 37 34 5 38 14 49 34 28 20 15 27 24 13 31 42 24 31 38 44 33 12 15 33 13 35 45 15 49 49 18 6 36 13 16 22 13 8 49 10 7 23 17 23 49 41 19 30 46 33 28 34 26 11 17 13 48 31 47 26 0 3 43 24 9 13 8 44 47 11 1 31 3 20 4 45 41 24 1
28 34 44 38 16 29 40 44 13 25 6 14 43 3 28 40 46 40 16 4 47 39 43 18 32 9 2 43 8 42 24 48 29 42 31 4 39 41 14 19 23 7 45 44 10 34 29 30 41 25 50 43 18 35 24 44 33 48 3 45 35 9 43 40 6 17 34 48 14 1 6 41 12 1 10 26 17 6 12 30 23 3 0 9 16 31 35 43 26 24 6 26 43 5 30 13 25 6 28 6
35 14 39 24 16 18 1 38 24 46 42 50 12 1 18 15 27 30 20 6 35 33 8 27 27 31 12 30 6 39 44 46 37 14 36 44 10 2 50 47 33 8 21 29 32 49 14 9 36 29 42 30 16 9 36 9 3 39 38 26 5 48 27 33 6 16 17 45 11 25 17 14 4 22 2 42 26 47 26 36 28 43 9 0 4 14 27 6 12 2 8 5 46 9 50 41 13 13 4 46
25 46 40 48 26 6 12 41 7 37 20 44 45 22 13 9 46 18 10 34 35 13 37 12 17 28 46 39 42 32 2 31 25 11 14 7 22 33 46 3 9 2 21 21 49 26 22 13 13 50 25 41 29 9 15 40 15 20 39 44 48 15 12 25 33 30 46 16 4 39 30 1 50 25 48 16 4 49 33 13 42 24 16 4 0 4 18 39 2 40 11 9 13 33 15 22 20 37 38 43
22 32 20 10 33 26 22 27 7 3 19 45 27 8 34 45 31 15 27 29 12 39 12 49 25 47 44 45 48 5 8 42 26 49 50 48 39 3 34 17 24 17 6 7 49 3 12 44 42 4 30 47 8 18 20 26 20 3 15 8 38 13 44 20 16 27 37 14 10 11 13 36 15 50 10 6 24 43 21 37 19 9 31 14 4 0 18 41 42 25 16 47 24 41 2 49 40 49 10 25
6 18 14 44 6 18 14 24 20 47 13 30 42 34 24 8 20 22 5 21 13 44 17 38 14 18 33 40 12 24 43 45 16 16 45 22 47 23 47 38 50 26 15 26 1 32 7 22 42 30 17 13 8 41 25 2 38 31 28 10 41 37 32 2 34 3 14 21 27 7 1 16 22 16 41 9 34 26 3 15 6 13 35 27 18 18 0 37 40 46 46 7 24 33 25 12 43 1 42 17
28 1 2 15 40 28 50 19 40 45 29 44 5 11 6 47 3 30 8 41 17 15 1 17 13 31 7 37 18 27 48 31 13 27 34 43 11 50 30 14 24 42 29 38 29 45 15 13 40 2 16 48 20 9 19 30 37 10 36 4 20 15 47 34 3 33 1 15 43 28 46 1 12 25 25 7 20 46 37 24 34 8 43 6 39 41 37 0 13 41 44 44 41 44 23 42 21 5 22 12
39 12 14 33 48 40 21 16 39 33 3 26 50 30 7 11 27 1 39 11 34 35 30 34 22 45 43 49 49 49 17 6 14 15 35 28 43 4 15 7 2 17 35 45 10 31 39 15 26 9 38 39 34 7 42 45 18 29 4 37 16 41 20 43 9 11 26 45 8 20 25 32 13 30 32 6 39 8 32 44 18 44 26 12 2 42 40 13 0 28 5 48 31 50 8 33 16 8 48 36
24 30 36 3 49 21 2 48 42 14 10 35 4 34 11 48 11 4 45 24 21 31 17 6 27 21 39 10 13 49 34 19 10 2 9 24 44 28 45 20 46 26 32 49 9 37 32 13 12 50 47 26 32 36 42 15 7 8 22 35 48 18 22 5 41 1 32 49 12 27 5 3 18 5 37 38 49 18 1 37 10 47 24 2 40 25 46 41 28 0 2 29 33 27 34 22 47 12 6 18
6 23 48 47 44 5 30 14 5 2 15 17 28 29 40 7 22 37 4 8 47 45 17 11 3 5 39 3 8 37 13 25 16 22 11 48 3 6 44 11 24 18 30 21 16 17 7 26 13 6 28 3 8 24 19 41 26 32 36 38 29 28 4 17 29 15 26 46 41 48 28 3 50 29 18 24 47 4 1 48 13 11 6 8 11 16 46 44 5 2 0 4 34 10 39 28 6 19 1 27
1 8 36 42 7 7 25 24 25 24 1 31 35 16 17 38 24 2 10 39 18 16 44 30 21 30 27 17 32 47 9 36 7 16 49 25 46 2 10 23 32 8 43 25 44 2 29 13 32 14 18 18 30 25 31 3 20 45 2 29 15 11 48 12 42 10 2 49 23 48 11 46 44 43 17 50 11 28 3 49 27 1 26 5 9 47 7 44 48 29 4 0 39 32 11 43 13 8 6 44
23 1 19 43 41 9 43 48 38 3 43 34 7 41 37 30 11 34 3 31 46 49 49 20 13 28 41 4 4 40 45 34 16 12 26 27 32 5 20 43 18 15 12 38 37 4 16 46 11 10 15 6 9 37 8 6 7 41 10 23 34 5 39 45 5 21 36 39 40 27 26 13 49 13 39 24 24 25 12 40 22 31 43 46 13 24 24 41 31 33 34 39 0 29 11 44 1 9 50 39
35 2 41 50 33 39 16 1 29 39 18 34 25 14 7 13 45 47 39 2 6 48 33 36 42 32 36 45 18 43 15 37 7 9 38 35 13 22 13 8 9 28 36 18 2 37 15 49 17 37 14 41 24 45 10 16 22 8 18 25 50 35 41 21 23 33 14 1 29 35 17 48 14 39 11 37 25 5 34 47 36 3 5 9 33 41 33 44 50 27 10 32 29 0 49 3 29 14 47 48
20 31 8 24 45 18 1 11 16 34 11 49 30 9 6 21 32 43 2 6 5 31 45 11 30 6 40 14 3 44 43 41 3 12 45 15 50 19 9 41 40 47 20 43 38 8 8 43 23 16 47 32 3 17 10 7 16 31 44 20 40 7 49 4 2 47 25 41 28 42 18 1 11 8 12 3 6 47 15 7 15 20 30 50 15 2 25 23 8 34 39 11 11 49 0 20 17 18 40 36
35 33 33 14 21 5 21 4 29 35 46 45 49 38 6 16 17 25 28 33 21 30 29 43 46 4 25 32 48 21 19 50 15 18 47 1 22 18 4 30 13 12 45 38 49 14 41 48 49 32 11 48 40 32 4 42 4 43 17 21 36 40 1 46 20 14 11 2 49 47 18 17 22 46 43 10 19 30 38 9 4 4 13 41 22 49 12 42 33 22 28 43 44 3 20 0 5 28 49 9
8 37 50 2 24 50 48 27 49 46 3 40 1 35 35 6 12 3 10 23 28 42 24 10 11 21 21 23 50 35 20 30 4 21 30 37 9 26 5 35 10 49 28 31 25 39 38 49 38 31 39 36 34 24 16 47 38 42 18 22 39 36 50 20 40 12 2 33 13 40 23 41 44 11 44 22 49 9 48 48 49 45 25 13 20 40 43 21 16 47 6 13 1 29 17 5 0 18 23 40
14 45 34 14 25 9 14 24 6 21 3 10 50 42 26 4 6 33 1 24 33 22 46 4 15 29 19 11 3 47 50 37 23 49 4 25 18 48 16 39 29 41 43 18 49 48 16 8 22 29 15 1 3 20 23 5 22 50 8 16 22 8 48 23 43 43 35 50 12 20 20 13 15 31 16 40 42 43 50 35 48 41 6 13 37 49 1 5 8 12 19 8 9 14 18 28 18 0 1 30
13 1 18 44 12 16 28 9 32 12 36 11 16 50 18 31 18 47 19 11 38 42 20 5 25 39 9 2 50 6 25 31 28 42 1 25 38 3 1 16 19 26 16 37 49 42 44 41 13 18 3 49 15 18 40 11 35 30 27 34 13 37 2 46 5 17 7 15 36 22 8 31 33 16 48 50 5 40 37 4 43 24 28 4 38 10 42 22 48 6 1 6 50 47 40 49 23 1 0 48
32 50 28 24 43 27 49 22 29 33 26 18 42 14 1 46 18 31 14 12 31 38 7 42 40 28 44 30 26 45 39 36 29 39 39 31 22 43 20 37 42 48 15 3 17 25 31 40 1 28 43 28 27 25 37 36 42 40 43 36 33 31 40 1 11 3 20 44 13 34 19 36 37 21 34 29 21 33 2 37 22 1 6 46 43 25 17 12 36 18 27 44 39 48 36 9 40 30 48 0
