50 100
566 938 27
163 557 46
832 637 25
737 283 13
363 384 49
981 506 30
210 780 28
835 985 30
227 611 38
305 672 16
475 968 8
58 68 3
897 701 12
375 728 20
207 968 20
552 900 42
851 346 41
981 435 41
188 936 42
17 356 34
935 316 15
443 543 12
107 858 31
684 491 50
566 170 19
408 470 36
616 972 32
600 171 1
212 375 20
914 17 29
416 609 33
827 22 11
787 296 17
342 970 12
270 731 3
73 695 39
673 102 50
668 743 48
438 661 29
141 428 32
438 360 7
759 23 21
749 200 2
725 120 12
409 641 11
788 821 27
294 1000 45
801 533 48
436 594 17
699 903 31
0 4 21 25 11 42 14 27 7 9 22 20 12 16 4 17 12 33 32 38 43 20 2 43 39 46 33 18 42 27 4 10 26 46 7 45 20 1 35 8 31 16 22 42 24 12 33 39 26 1
4 0 34 48 19 32 11 41 41 33 34 50 18 31 24 39 10 9 24 43 29 12 45 12 19 40 43 37 6 21 7 2 49 42 9 28 35 22 11 2 5 5 37 32 5 33 14 19 41 47
21 34 0 4 14 21 27 28 30 49 20 35 2 39 23 36 20 16 28 15 32 22 31 42 1 14 45 10 12 49 29 28 24 27 14 9 15 1 35 49 47 36 25 14 14 50 50 35 8 24
25 48 4 0 37 48 12 44 49 43 29 10 10 34 4 5 22 28 28 38 1 35 16 46 38 7 5 14 9 1 16 25 50 4 34 18 38 9 42 15 47 47 2 39 48 8 18 4 36 6
11 19 14 37 0 26 39 35 2 46 2 26 14 16 41 13 40 45 25 26 28 24 35 1 20 1 33 45 22 37 39 8 25 40 12 35 48 21 41 17 45 43 7 20 8 15 28 26 46 22
42 32 21 48 26 0 3 15 8 35 3 2 14 14 29 8 33 6 50 37 10 49 18 35 37 38 46 14 47 26 48 13 50 36 1 39 19 46 1 48 8 34 3 11 43 5 16 36 32 33
14 11 27 12 39 3 0 18 30 38 9 50 33 3 2 35 44 44 13 34 31 23 11 39 2 29 7 49 20 8 17 49 20 45 48 47 21 27 31 40 19 7 9 16 16 36 43 2 19 4
27 41 28 44 35 15 18 0 41 27 46 21 22 26 27 42 21 26 8 21 2 1 41 47 25 32 25 48 47 31 2 20 15 8 22 7 35 39 25 22 28 6 49 40 12 37 29 38 38 37
7 41 30 49 2 8 30 41 0 45 27 43 9 35 19 2 24 2 20 48 30 19 46 35 23 3 31 46 2 5 5 34 18 37 11 43 4 26 12 29 24 17 34 1 28 23 8 3 5 38
9 33 49 43 46 35 38 27 45 0 41 10 5 30 33 41 15 27 24 8 14 31 36 18 14 35 22 48 10 41 34 23 4 5 16 33 14 48 25 4 11 35 19 45 46 42 34 37 45 3
22 34 20 29 2 3 9 46 27 41 0 29 38 32 36 48 17 13 47 39 9 17 49 30 48 32 8 24 7 11 19 11 40 32 31 9 43 25 45 15 22 20 34 30 23 22 12 19 26 49
20 50 35 10 26 2 50 21 43 10 29 0 29 21 35 5 12 30 6 21 6 19 10 26 7 16 42 28 9 20 9 50 48 45 9 21 8 14 35 5 18 4 37 43 40 3 39 35 8 35
12 18 2 10 14 14 33 22 9 5 38 29 0 17 38 12 14 4 27 12 24 13 16 7 2 23 24 46 49 11 14 9 17 24 25 33 1 24 46 3 46 10 12 33 23 10 43 15 34 20
16 31 39 34 16 14 3 26 35 30 32 21 17 0 36 47 34 46 24 25 50 37 9 42 49 42 40 25 5 33 34 17 12 34 11 33 4 3 36 8 18 11 44 38 14 47 22 29 44 40
4 24 23 4 41 29 2 27 19 33 36 35 38 36 0 24 43 39 19 28 35 26 30 20 13 25 20 6 33 11 13 8 28 23 9 44 19 35 41 19 46 8 6 37 35 38 29 10 48 32
17 39 36 5 13 8 35 42 2 41 48 5 12 47 24 0 50 4 38 34 8 21 14 49 41 6 17 48 40 8 43 48 15 46 26 36 39 35 47 3 34 30 39 47 21 46 33 33 33 47
12 10 20 22 40 33 44 21 24 15 17 12 14 34 43 50 0 1 20 38 20 48 36 32 13 28 16 37 35 31 2 47 26 39 4 2 27 19 14 29 47 40 23 21 18 13 36 26 18 38
33 9 16 28 45 6 44 26 2 27 13 30 4 46 39 4 1 0 20 36 46 9 31 10 4 21 14 21 27 18 21 41 4 32 27 28 9 34 1 22 7 9 45 42 29 28 23 35 50 35
32 24 28 28 25 50 13 8 20 24 47 6 27 24 19 38 20 20 0 8 47 43 34 15 31 49 21 47 20 4 41 43 23 29 24 38 10 16 11 30 15 1 16 50 1 49 2 17 31 46
38 43 15 38 26 37 34 21 48 8 39 21 12 25 28 34 38 36 8 0 18 46 16 30 17 14 19 18 28 4 25 37 48 23 22 17 12 9 30 17 41 41 33 31 29 14 41 35 33 27
43 29 32 1 28 10 31 2 30 14 9 6 24 50 35 8 20 46 47 18 0 6 20 29 49 1 44 1 14 22 15 3 6 10 46 2 34 41 21 35 27 25 23 22 24 2 46 6 4 20
20 12 22 35 24 49 23 1 19 31 17 19 13 37 26 21 48 9 43 46 6 0 6 17 8 33 1 31 32 40 7 19 4 13 2 33 20 28 21 34 48 18 20 20 12 34 43 10 14 5
2 45 31 16 35 18 11 41 46 36 49 10 16 9 30 14 36 31 34 16 20 6 0 23 38 25 49 24 24 19 14 34 11 23 48 1 20 34 20 41 37 36 16 22 17 25 22 43 3 46
43 12 42 46 1 35 39 47 35 18 30 26 7 42 20 49 32 10 15 30 29 17 23 0 30 2 39 38 13 6 9 33 20 50 38 29 30 24 5 11 35 33 11 2 39 48 48 18 17 20
39 19 1 38 20 37 2 25 23 14 48 7 2 49 13 41 13 4 31 17 49 8 38 30 0 50 5 22 10 42 7 21 17 46 27 2 20 37 42 48 45 21 7 3 26 5 44 50 19 27
46 40 14 7 1 38 29 32 3 35 32 16 23 42 25 6 28 21 49 14 1 33 25 2 50 0 17 30 29 8 27 24 38 27 17 28 21 17 5 25 22 21 38 10 24 47 49 40 5 25
33 43 45 5 33 46 7 25 31 22 8 42 24 40 20 17 16 14 21 19 44 1 49 39 5 17 0 26 42 31 30 16 46 49 33 22 22 6 47 5 19 48 5 7 42 50 47 11 37 46
18 37 10 14 45 14 49 48 46 48 24 28 46 25 6 48 37 21 47 18 1 31 24 38 22 30 26 0 18 2 5 16 2 27 11 18 18 24 45 4 23 24 39 25 12 50 5 23 27 13
42 6 12 9 22 47 20 47 2 10 7 9 49 5 33 40 35 27 20 28 14 32 24 13 10 29 42 18 0 47 49 12 28 41 1 5 27 6 13 35 26 30 14 11 26 44 28 21 35 43
27 21 49 1 37 26 8 31 5 41 11 20 11 33 11 8 31 18 4 4 22 40 19 6 42 8 31 2 47 0 44 37 32 29 17 30 20 17 50 7 5 41 31 1 23 30 25 25 1 7
4 7 29 16 39 48 17 2 5 34 19 9 14 34 13 43 2 21 41 25 15 7 14 9 7 27 30 5 49 44 0 37 17 1 21 27 47 18 46 45 17 28 10 32 36 11 3 46 37 44
10 2 28 25 8 13 49 20 34 23 11 50 9 17 8 48 47 41 43 37 3 19 34 33 21 24 16 16 12 37 37 0 21 49 33 39 50 39 35 28 34 9 28 26 44 10 23 4 28 39
26 49 24 50 25 50 20 15 18 4 40 48 17 12 28 15 26 4 23 48 6 4 11 20 17 38 46 2 28 32 17 21 0 29 2 2 26 24 12 22 3 5 27 9 35 29 50 15 21 39
46 42 27 4 40 36 45 8 37 5 32 45 24 34 23 46 39 32 29 23 10 13 23 50 46 27 49 27 41 29 1 49 29 0 3 12 6 39 49 4 46 41 19 23 28 47 32 28 27 34
7 9 14 34 12 1 48 22 11 16 31 9 25 11 9 26 4 27 24 22 46 2 48 38 27 17 33 11 1 17 21 33 2 3 0 37 3 33 21 21 8 11 5 26 49 39 7 25 9 21
45 28 9 18 35 39 47 7 43 33 9 21 33 33 44 36 2 28 38 17 2 33 1 29 2 28 22 18 5 30 27 39 2 12 37 0 1 6 26 28 12 32 47 11 26 15 32 18 31 15
20 35 15 38 48 19 21 35 4 14 43 8 1 4 19 39 27 9 10 12 34 20 20 30 20 21 22 18 27 20 47 50 26 6 3 1 0 44 23 28 38 38 12 25 31 1 12 44 20 33
1 22 1 9 21 46 27 39 26 48 25 14 24 3 35 35 19 34 16 9 41 28 34 24 37 17 6 24 6 17 18 39 24 39 33 6 44 0 6 11 45 28 5 50 45 31 19 14 5 4
35 11 35 42 41 1 31 25 12 25 45 35 46 36 41 47 14 1 11 30 21 21 20 5 42 5 47 45 13 50 46 35 12 49 21 26 23 6 0 44 8 5 42 35 35 31 14 6 25 47
8 2 49 15 17 48 40 22 29 4 15 5 3 8 19 3 29 22 30 17 35 34 41 11 48 25 5 4 35 7 45 28 22 4 21 28 28 11 44 0 32 31 19 12 50 5 6 47 38 9
31 5 47 47 45 8 19 28 24 11 22 18 46 18 46 34 47 7 15 41 27 48 37 35 45 22 19 23 26 5 17 34 3 46 8 12 38 45 8 32 0 30 18 32 7 24 7 44 14 43
16 5 36 47 43 34 7 6 17 35 20 4 10 11 8 30 40 9 1 41 25 18 36 33 21 21 48 24 30 41 28 9 5 41 11 32 38 28 5 31 30 0 43 12 16 45 25 14 20 26
22 37 25 2 7 3 9 49 34 19 34 37 12 44 6 39 23 45 16 33 23 20 16 11 7 38 5 39 14 31 10 28 27 19 5 47 12 5 42 19 18 43 0 33 47 46 13 48 36 45
42 32 14 39 20 11 16 40 1 45 30 43 33 38 37 47 21 42 50 31 22 20 22 2 3 10 7 25 11 1 32 26 9 23 26 11 25 50 35 12 32 12 33 0 7 23 40 45 19 37
24 5 14 48 8 43 16 12 28 46 23 40 23 14 35 21 18 29 1 29 24 12 17 39 26 24 42 12 26 23 36 44 35 28 49 26 31 45 35 50 7 16 47 7 0 11 44 14 13 43
12 33 50 8 15 5 36 37 23 42 22 3 10 47 38 46 13 28 49 14 2 34 25 48 5 47 50 50 44 30 11 10 29 47 39 15 1 31 31 5 24 45 46 23 11 0 22 39 17 22
33 14 50 18 28 16 43 29 8 34 12 39 43 22 29 33 36 23 2 41 46 43 22 48 44 49 47 5 28 25 3 23 50 32 7 32 12 19 14 6 7 25 13 40 44 22 0 31 31 40
39 19 35 4 26 36 2 38 3 37 19 35 15 29 10 33 26 35 17 35 6 10 43 18 50 40 11 23 21 25 46 4 15 28 25 18 44 14 6 47 44 14 48 45 14 39 31 0 32 22
26 41 8 36 46 32 19 38 5 45 26 8 34 44 48 33 18 50 31 33 4 14 3 17 19 5 37 27 35 1 37 28 21 27 9 31 20 5 25 38 14 20 36 19 13 17 31 32 0 35
1 47 24 6 22 33 4 37 38 3 49 35 20 40 32 47 38 35 46 27 20 5 46 20 27 25 46 13 43 7 44 39 39 34 21 15 33 4 47 9 43 26 45 37 43 22 40 22 35 0
