60 100
310 947 49
84 391 32
814 90 15
844 934 5
842 743 18
592 839 48
512 839 25
966 181 4
622 287 6
971 275 18
218 97 30
950 641 44
508 378 18
465 837 48
501 793 17
859 167 26
958 622 44
210 232 39
150 656 19
625 970 9
237 642 13
928 76 17
452 16 36
519 678 18
289 709 46
356 737 43
676 797 1
709 115 32
943 368 8
594 89 8
274 407 44
533 42 9
267 415 11
269 245 35
116 709 49
240 103 26
756 901 5
1 671 13
669 574 24
258 928 9
173 101 15
275 702 15
660 500 14
728 357 2
494 988 4
180 990 22
135 391 30
210 373 26
159 508 44
221 320 48
213 786 11
301 299 41
975 134 10
398 687 39
87 917 3
169 820 40
319 156 32
252 233 37
265 431 45
414 554 3
0 9 41 48 26 25 29 8 38 43 15 42 41 26 26 29 18 7 40 21 18 4 44 31 38 1 15 13 14 45 22 4 2 17 27 50 47 43 43 12 2 29 13 42 13 16 25 47 26 38 3 14 28 4 13 20 21 9 42 44
9 0 28 13 39 24 10 26 17 19 15 44 19 38 1 13 15 39 35 47 40 1 35 19 14 21 41 14 44 24 4 11 13 39 28 23 19 42 47 5 48 32 33 17 5 34 50 16 35 37 45 11 13 19 17 30 32 9 2 24
41 28 0 19 47 35 39 27 1 3 23 1 8 1 16 20 44 48 3 38 15 21 36 33 7 25 43 11 20 3 9 19 15 8 30 24 42 45 28 33 29 35 18 9 31 35 30 26 25 10 2 5 45 45 8 46 49 39 1 41
48 13 19 0 14 31 29 24 31 32 27 49 37 39 33 9 6 34 49 43 38 32 46 45 11 30 50 32 46 41 15 26 37 44 4 35 27 14 30 15 39 34 18 22 7 21 28 27 44 26 1 37 9 11 37 9 7 41 42 50
26 39 47 14 0 18 14 38 10 34 12 17 22 11 42 48 17 19 3 43 28 14 26 46 6 33 26 34 4 9 30 18 2 17 15 40 35 36 6 25 25 7 7 37 2 49 15 2 28 32 48 24 45 40 38 37 42 4 35 20
25 24 35 31 18 0 6 11 43 13 41 38 10 47 47 41 22 17 33 21 46 28 19 7 48 31 33 16 32 34 19 27 48 22 48 39 31 24 14 35 35 33 9 2 33 50 31 34 39 12 10 33 48 29 17 28 43 16 42 15
29 10 39 29 14 6 0 12 11 42 38 44 11 14 22 9 19 26 31 38 1 19 41 8 33 16 23 5 3 41 20 7 12 49 32 49 16 2 41 31 20 23 24 19 44 41 16 17 5 5 31 20 50 37 26 7 50 23 43 14
8 26 27 24 38 11 12 0 15 2 15 36 48 28 48 12 6 35 25 3 45 36 19 14 1 7 5 9 35 18 12 27 21 46 10 17 22 44 31 1 37 46 2 44 11 2 4 16 22 48 15 50 23 9 24 18 20 24 23 13
38 17 1 31 10 43 11 15 0 37 50 29 17 27 44 20 15 15 28 50 14 23 1 21 39 16 25 43 32 30 47 34 16 43 37 28 39 44 50 20 27 36 30 11 32 9 10 9 41 18 10 15 10 7 16 46 15 49 5 32
43 19 3 32 34 13 42 2 37 0 8 3 4 6 42 35 17 43 45 6 8 18 39 12 46 21 8 45 18 7 20 19 3 9 18 48 48 14 18 35 23 2 20 13 8 26 39 45 15 40 11 16 30 38 34 30 27 32 49 6
15 15 23 27 12 41 38 15 50 8 0 8 42 18 19 27 38 24 5 16 22 40 6 40 10 50 40 5 17 43 30 35 46 50 39 11 41 8 48 10 39 9 19 34 8 11 41 22 40 42 23 26 25 38 47 18 46 17 14 49
42 44 1 49 17 38 44 36 29 3 8 0 28 40 7 21 37 50 44 20 16 16 47 45 21 14 48 7 22 1 14 37 6 38 46 13 17 30 24 33 43 34 19 4 4 12 31 27 4 9 49 20 1 38 22 40 6 23 50 33
41 19 8 37 22 10 11 48 17 4 42 28 0 41 41 40 28 12 36 1 36 50 11 21 32 33 13 23 20 15 20 44 48 3 42 48 29 12 13 12 45 6 41 24 5 31 31 38 23 43 10 39 39 29 12 49 10 15 28 19
26 38 1 39 11 47 14 28 27 6 18 40 41 0 17 31 13 34 36 50 12 41 6 42 28 50 7 28 18 13 2 29 12 20 50 21 7 6 34 6 21 18 29 3 8 45 11 28 2 11 49 10 19 33 30 11 25 42 16 44
26 1 16 33 42 47 22 48 44 42 19 7 41 17 0 34 37 26 12 21 6 16 20 31 5 2 13 39 50 46 22 30 18 46 14 3 32 19 6 7 28 3 34 38 46 35 7 46 4 6 17 9 8 32 44 46 32 32 32 14
29 13 20 9 48 41 9 12 20 35 27 21 40 31 34 0 11 1 36 34 43 19 16 47 49 3 8 16 27 26 6 30 33 11 44 14 22 24 33 39 43 31 31 2 7 28 16 13 5 21 19 3 40 33 2 5 42 6 19 42
18 15 44 6 17 22 19 6 15 17 38 37 28 13 37 11 0 4 20 23 44 38 10 46 48 28 43 44 47 45 16 47 16 15 17 27 42 22 21 32 34 50 50 17 35 29 42 18 9 38 16 16 9 2 30 6 47 16 15 9
7 39 48 34 19 17 26 35 15 43 24 50 12 34 26 1 4 0 28 2 26 33 6 24 14 45 2 45 48 21 34 36 44 43 40 31 21 2 18 43 17 32 33 21 3 32 35 28 23 14 17 22 5 45 37 8 1 50 40 23
40 35 3 49 3 33 31 25 28 45 5 44 36 36 12 36 20 28 0 50 26 21 12 39 11 34 8 32 22 38 8 40 8 5 36 46 37 35 2 26 15 49 1 38 23 44 46 25 49 46 6 33 14 26 36 37 50 22 14 49
21 47 38 43 43 21 38 3 50 6 16 20 1 50 21 34 23 2 50 0 20 45 26 43 2 33 8 21 50 34 49 7 30 9 41 30 37 38 50 6 43 50 20 19 15 25 35 6 13 37 43 36 37 5 26 9 27 22 44 29
18 40 15 38 28 46 1 45 14 8 22 16 36 12 6 43 44 26 26 20 0 43 19 12 26 41 50 8 33 42 8 47 6 8 26 15 19 42 15 11 30 42 27 17 43 25 30 47 25 28 1 43 43 33 10 35 19 18 14 19
4 1 21 32 14 28 19 36 23 18 40 16 50 41 16 19 38 33 21 45 43 0 34 34 42 8 9 14 46 9 18 27 21 5 25 44 39 18 27 34 50 5 50 16 39 37 45 37 50 17 11 19 39 48 40 1 46 1 46 47
44 35 36 46 26 19 41 19 1 39 6 47 11 6 20 16 10 6 12 26 19 34 0 1 4 7 48 20 31 6 28 45 8 26 13 1 24 16 1 45 26 40 2 24 22 26 17 8 14 14 45 8 9 21 6 49 15 49 39 13
31 19 33 45 46 7 8 14 21 12 40 45 21 42 31 47 46 24 39 43 12 34 1 0 23 37 45 46 2 9 29 4 22 10 35 18 16 8 8 17 26 41 31 8 15 10 31 5 41 44 25 7 38 18 50 4 14 25 35 15
38 14 7 11 6 48 33 1 39 46 10 21 32 28 5 49 48 14 11 2 26 42 4 23 0 16 30 35 19 45 32 35 23 44 15 40 9 50 27 27 44 8 41 9 48 45 17 35 7 13 48 37 35 6 9 18 15 41 17 19
1 21 25 30 33 31 16 7 16 21 50 14 33 50 2 3 28 45 34 33 41 8 7 37 16 0 15 49 46 24 35 15 21 31 36 33 25 30 11 12 1 48 18 22 49 19 47 26 3 25 35 31 24 13 34 42 46 17 37 24
15 41 43 50 26 33 23 5 25 8 40 48 13 7 13 8 43 2 8 8 50 9 48 45 30 15 0 16 39 20 23 33 42 16 30 30 16 6 49 38 14 49 26 48 39 36 3 14 25 3 5 30 33 21 33 48 27 17 12 50
13 14 11 32 34 16 5 9 43 45 5 7 23 28 39 16 44 45 32 21 8 14 20 46 35 49 16 0 33 11 16 11 30 24 46 37 50 3 9 10 7 41 10 11 22 13 14 31 29 39 39 16 38 46 29 3 5 16 25 37
14 44 20 46 4 32 3 35 32 18 17 22 20 18 50 27 47 48 22 50 33 46 31 2 19 46 39 33 0 11 7 45 41 5 31 44 29 15 45 23 4 37 27 19 33 35 31 11 11 20 40 43 6 17 50 42 49 50 2 37
45 24 3 41 9 34 41 18 30 7 43 1 15 13 46 26 45 21 38 34 42 9 6 9 45 24 20 11 11 0 4 47 11 40 15 45 30 29 5 32 39 22 6 24 2 43 19 29 25 50 33 8 5 11 35 19 11 9 26 8
22 4 9 15 30 19 20 12 47 20 30 14 20 2 22 6 16 34 8 49 8 18 28 29 32 35 23 16 7 4 0 17 45 44 4 17 24 19 1 50 30 6 8 34 38 26 28 6 46 41 44 47 30 9 33 14 9 50 20 1
4 11 19 26 18 27 7 27 34 19 35 37 44 29 30 30 47 36 40 7 47 27 45 4 35 15 33 11 45 47 17 0 3 15 47 17 38 10 27 35 44 12 40 3 50 28 33 19 13 26 26 33 32 34 10 5 5 37 44 20
2 13 15 37 2 48 12 21 16 3 46 6 48 12 18 33 16 44 8 30 6 21 8 22 23 21 42 30 41 11 45 3 0 3 41 29 27 23 35 14 16 21 25 6 21 27 26 30 27 24 34 17 9 22 42 24 29 47 6 47
17 39 8 44 17 22 49 46 43 9 50 38 3 20 46 11 15 43 5 9 8 5 26 10 44 31 16 24 5 40 44 15 3 0 36 16 13 23 24 7 35 11 50 7 50 47 1 43 23 45 26 38 39 40 6 44 50 8 10 34
27 28 30 4 15 48 32 10 37 18 39 46 42 50 14 44 17 40 36 41 26 25 13 35 15 36 30 46 31 15 4 47 41 36 0 45 26 17 46 49 50 2 23 27 36 21 3 11 24 37 36 25 42 40 32 30 24 2 16 15
50 23 24 35 40 39 49 17 28 48 11 13 48 21 3 14 27 31 46 30 15 44 1 18 40 33 30 37 44 45 17 17 29 16 45 0 33 39 1 27 19 38 35 50 4 44 50 28 34 6 41 7 38 50 22 8 10 16 22 20
47 19 42 27 35 31 16 22 39 48 41 17 29 7 32 22 42 21 37 37 19 39 24 16 9 25 16 50 29 30 24 38 27 13 26 33 0 3 39 28 29 19 29 3 2 17 44 25 35 47 48 31 50 24 24 40 25 14 37 7
43 42 45 14 36 24 2 44 44 14 8 30 12 6 19 24 22 2 35 38 42 18 16 8 50 30 6 3 15 29 19 10 23 23 17 39 3 0 33 24 49 44 23 49 32 50 1 24 2 33 13 26 50 30 11 9 4 42 46 46
43 47 28 30 6 14 41 31 50 18 48 24 13 34 6 33 21 18 2 50 15 27 1 8 27 11 49 9 45 5 1 27 35 24 46 1 39 33 0 15 36 20 34 4 33 22 2 15 19 43 15 34 13 25 37 2 1 41 45 10
12 5 33 15 25 35 31 1 20 35 10 33 12 6 7 39 32 43 26 6 11 34 45 17 27 12 38 10 23 32 50 35 14 7 49 27 28 24 15 0 20 2 30 9 48 16 19 29 21 29 5 34 10 46 7 2 13 20 15 17
2 48 29 39 25 35 20 37 27 23 39 43 45 21 28 43 34 17 15 43 30 50 26 26 44 1 14 7 4 39 30 44 16 35 50 19 29 49 36 20 0 39 7 27 15 34 13 50 29 10 29 47 46 3 5 26 28 28 40 9
29 32 35 34 7 33 23 46 36 2 9 34 6 18 3 31 50 32 49 50 42 5 40 41 8 48 49 41 37 22 6 12 21 11 2 38 19 44 20 2 39 0 46 43 15 36 5 33 48 28 25 28 25 40 6 3 4 2 10 14
13 33 18 18 7 9 24 2 30 20 19 19 41 29 34 31 50 33 1 20 27 50 2 31 41 18 26 10 27 6 8 40 25 50 23 35 29 23 34 30 7 46 0 29 33 32 32 20 5 36 46 39 6 12 31 12 26 29 21 4
42 17 9 22 37 2 19 44 11 13 34 4 24 3 38 2 17 21 38 19 17 16 24 8 9 22 48 11 19 24 34 3 6 7 27 50 3 49 4 9 27 43 29 0 11 4 19 33 10 17 48 40 26 31 47 20 24 19 10 23
13 5 31 7 2 33 44 11 32 8 8 4 5 8 46 7 35 3 23 15 43 39 22 15 48 49 39 22 33 2 38 50 21 50 36 4 2 32 33 48 15 15 33 11 0 34 28 46 2 22 34 3 32 50 19 44 14 14 35 6
16 34 35 21 49 50 41 2 9 26 11 12 31 45 35 28 29 32 44 25 25 37 26 10 45 19 36 13 35 43 26 28 27 47 21 44 17 50 22 16 34 36 32 4 34 0 17 42 12 20 39 47 9 10 45 35 22 7 2 45
25 50 30 28 15 31 16 4 10 39 41 31 31 11 7 16 42 35 46 35 30 45 17 31 17 47 3 14 31 19 28 33 26 1 3 50 44 1 2 19 13 5 32 19 28 17 0 24 2 40 18 23 36 34 18 1 35 31 4 32
47 16 26 27 2 34 17 16 9 45 22 27 38 28 46 13 18 28 25 6 47 37 8 5 35 26 14 31 11 29 6 19 30 43 11 28 25 24 15 29 50 33 20 33 46 42 24 0 32 3 48 15 5 43 20 26 25 5 42 40
26 35 25 44 28 39 5 22 41 15 40 4 23 2 4 5 9 23 49 13 25 50 14 41 7 3 25 29 11 25 46 13 27 23 24 34 35 2 19 21 29 48 5 10 2 12 2 32 0 48 22 6 36 19 44 27 10 11 15 27
38 37 10 26 32 12 5 48 18 40 42 9 43 11 6 21 38 14 46 37 28 17 14 44 13 25 3 39 20 50 41 26 24 45 37 6 47 33 43 29 10 28 36 17 22 20 40 3 48 0 37 36 37 42 40 12 47 35 23 45
3 45 2 1 48 10 31 15 10 11 23 49 10 49 17 19 16 17 6 43 1 11 45 25 48 35 5 39 40 33 44 26 34 26 36 41 48 13 15 5 29 25 46 48 34 39 18 48 22 37 0 38 46 46 20 11 40 46 11 11
14 11 5 37 24 33 20 50 15 16 26 20 39 10 9 3 16 22 33 36 43 19 8 7 37 31 30 16 43 8 47 33 17 38 25 7 31 26 34 34 47 28 39 40 3 47 23 15 6 36 38 0 38 2 19 19 48 5 31 2
28 13 45 9 45 48 50 23 10 30 25 1 39 19 8 40 9 5 14 37 43 39 9 38 35 24 33 38 6 5 30 32 9 39 42 38 50 50 13 10 46 25 6 26 32 9 36 5 36 37 46 38 0 50 32 28 1 40 35 36
4 19 45 11 40 29 37 9 7 38 38 38 29 33 32 33 2 45 26 5 33 48 21 18 6 13 21 46 17 11 9 34 22 40 40 50 24 30 25 46 3 40 12 31 50 10 34 43 19 42 46 2 50 0 4 34 7 9 21 29
13 17 8 37 38 17 26 24 16 34 47 22 12 30 44 2 30 37 36 26 10 40 6 50 9 34 33 29 50 35 33 10 42 6 32 22 24 11 37 7 5 6 31 47 19 45 18 20 44 40 20 19 32 4 0 14 35 4 38 12
20 30 46 9 37 28 7 18 46 30 18 40 49 11 46 5 6 8 37 9 35 1 49 4 18 42 48 3 42 19 14 5 24 44 30 8 40 9 2 2 26 3 12 20 44 35 1 26 27 12 11 19 28 34 14 0 19 10 6 22
21 32 49 7 42 43 50 20 15 27 46 6 10 25 32 42 47 1 50 27 19 46 15 14 15 46 27 5 49 11 9 5 29 50 24 10 25 4 1 13 28 4 26 24 14 22 35 25 10 47 40 48 1 7 35 19 0 1 22 38
9 9 39 41 4 16 23 24 49 32 17 23 15 42 32 6 16 50 22 22 18 1 49 25 41 17 17 16 50 9 50 37 47 8 2 16 14 42 41 20 28 2 29 19 14 7 31 5 11 35 46 5 40 9 4 10 1 0 44 41
42 2 1 42 35 42 43 23 5 49 14 50 28 16 32 19 15 40 14 44 14 46 39 35 17 37 12 25 2 26 20 44 6 10 16 22 37 46 45 15 40 10 21 10 35 2 4 42 15 23 11 31 35 21 38 6 22 44 0 43
44 24 41 50 20 15 14 13 32 6 49 33 19 44 14 42 9 23 49 29 19 47 13 15 19 24 50 37 37 8 1 20 47 34 15 20 7 46 10 17 9 14 4 23 6 45 32 40 27 45 11 2 36 29 12 22 38 41 43 0
