139
37 77 105 0
60 61 0
7 121 0
42 121 0
10 11 52 69 79 126 0
10 19 21 0
3 25 101 113 116 0
68 70 71 81 137 0
27 0
5 6 0
5 27 93 95 106 0
72 95 0
86 0
100 0
59 68 0
22 47 0
59 79 82 0
39 99 0
6 31 40 41 96 119 124 0
62 84 106 137 0
6 61 67 68 0
16 97 0
76 79 113 0
0
7 0
59 68 82 100 116 0
9 11 63 99 0
30 67 109 135 0
0
28 44 111 0
19 103 0
42 0
53 73 0
129 0
87 96 0
122 0
1 90 128 0
57 126 0
18 75 99 0
19 69 79 128 0
19 61 63 0
4 32 61 105 0
53 0
30 67 0
82 0
104 114 0
16 52 110 132 0
70 85 88 106 110 139 0
78 87 98 102 0
59 0
98 0
5 47 99 111 122 129 0
33 43 0
70 85 0
72 125 0
137 0
38 77 0
127 0
15 17 26 50 63 0
2 61 118 0
2 21 41 42 60 87 0
20 0
27 41 59 134 0
68 109 0
0
69 124 0
21 28 44 68 138 0
8 15 21 26 64 67 94 106 120 0
5 40 66 77 134 0
8 48 54 78 93 0
8 129 134 0
12 55 92 0
33 84 88 101 0
125 0
39 126 0
23 137 0
1 57 69 0
49 70 115 132 0
5 17 23 40 99 0
104 0
8 124 0
17 26 45 0
0
20 73 133 0
48 54 0
13 139 0
35 49 61 135 138 0
48 73 93 102 0
109 112 125 0
37 0
132 0
72 110 130 0
11 70 88 120 0
68 109 0
11 12 0
19 35 0
22 114 0
49 51 127 0
18 27 39 52 79 113 0
14 26 0
7 73 131 0
49 88 0
31 0
46 80 0
1 42 118 120 0
11 20 48 68 119 0
130 0
0
28 64 89 94 127 139 0
47 48 92 0
30 52 0
89 0
7 23 99 0
46 97 0
78 0
7 26 0
0
60 105 123 0
19 106 0
68 93 105 0
3 4 127 0
36 52 124 0
118 0
19 66 81 122 0
55 74 89 0
5 38 75 0
58 98 109 121 134 0
37 40 0
34 52 71 0
92 107 0
101 0
47 78 91 136 0
84 0
63 69 71 127 0
28 87 0
132 0
8 20 56 76 0
67 87 0
48 86 109 0
