140
4 10 77 97 0
5 69 0
70 120 0
1 45 49 68 81 0
2 37 111 122 0
69 82 114 123 0
110 122 0
120 0
47 0
1 29 46 111 0
18 68 86 93 0
38 0
56 91 0
69 0
54 104 0
19 114 0
77 115 0
11 60 118 0
16 54 62 86 88 0
29 48 120 129 0
22 0
21 73 101 121 139 0
33 59 0
96 140 0
57 106 0
27 113 0
26 123 137 0
30 99 0
10 20 69 79 0
28 46 91 101 125 132 0
0
83 87 128 0
23 38 98 0
57 81 95 0
51 58 104 0
64 84 0
5 77 86 114 0
12 33 53 126 133 0
96 106 140 0
0
46 81 107 116 137 0
0
48 62 117 0
106 130 0
4 53 112 0
10 30 41 70 123 126 128 0
9 0
20 43 110 0
4 112 124 0
51 76 0
35 50 66 68 73 121 0
74 95 100 103 0
38 45 81 0
15 19 84 85 0
68 70 113 0
13 67 74 0
25 34 85 0
35 90 120 0
23 73 86 0
18 61 72 73 92 122 123 0
60 132 0
19 43 94 108 0
108 0
36 95 134 0
134 0
51 0
56 119 0
4 11 51 55 98 132 0
2 6 14 29 103 0
3 46 55 91 0
0
60 82 100 108 0
22 51 59 60 111 124 0
52 56 110 0
78 135 0
50 91 114 134 0
1 17 37 98 0
75 0
29 101 0
89 98 134 138 0
4 34 41 53 0
6 72 139 0
32 137 0
36 54 89 0
54 57 0
11 19 37 59 0
32 0
19 0
80 84 101 0
58 0
13 30 70 76 0
60 99 140 0
11 119 0
62 131 0
34 52 64 0
24 39 0
1 104 109 0
33 68 77 80 117 0
28 92 110 0
52 72 118 0
22 30 79 89 128 0
119 0
52 69 137 0
15 35 97 106 0
0
25 39 44 104 126 128 134 0
41 0
62 63 72 0
97 114 0
7 48 74 99 0
5 10 73 0
45 49 0
26 55 0
6 16 37 76 109 0
17 0
41 0
43 98 0
18 100 0
67 93 102 0
3 8 20 58 127 0
22 51 0
5 7 60 126 138 0
6 27 46 60 0
49 73 0
30 0
38 46 106 122 0
120 0
32 46 101 106 129 131 138 0
20 128 0
44 0
94 128 134 0
30 61 68 0
38 0
64 65 76 80 106 131 0
75 0
0
27 41 83 103 0
80 122 128 0
22 82 0
24 39 92 0
