111
11 51 71 87 0
64 74 77 0
13 15 33 80 0
60 87 91 0
26 45 66 0
11 87 0
25 49 0
31 76 104 0
106 0
14 48 67 79 83 101 0
1 6 42 59 67 94 0
59 87 0
3 0
10 78 83 85 0
3 33 87 0
55 0
0
0
25 42 51 0
0
64 0
88 93 0
57 76 0
102 0
7 19 0
5 71 85 0
60 0
0
48 89 0
32 69 82 99 105 0
8 41 53 61 63 78 109 0
30 86 96 103 0
3 15 60 0
37 69 92 0
48 54 58 0
80 0
34 87 98 109 0
93 0
86 0
49 75 0
31 107 0
11 19 79 0
55 105 0
53 70 0
5 56 90 0
79 95 0
110 0
10 29 35 74 0
7 40 0
91 0
1 19 87 0
74 0
31 44 0
35 74 0
16 43 75 94 0
45 70 0
23 101 108 0
35 0
11 12 0
4 27 33 109 0
31 87 0
0
31 76 90 0
2 21 71 0
0
5 0
10 11 0
94 0
30 34 0
44 56 0
1 26 64 0
0
0
2 48 52 54 0
40 55 0
8 23 63 78 0
2 82 93 0
14 31 76 110 0
10 42 46 0
3 36 0
0
30 77 0
10 14 0
91 97 102 108 0
14 26 100 0
32 39 87 0
1 4 6 12 15 37 51 61 86 0
22 0
29 91 0
45 63 0
4 50 84 89 0
34 0
22 38 77 0
11 55 68 0
46 98 0
32 0
84 0
37 95 0
30 103 0
85 0
10 57 0
24 84 0
32 99 111 0
8 0
30 43 0
9 0
41 0
57 84 0
31 37 60 0
47 78 0
103 0
