1000 1000 0
6090 7275
3220 5181
1122 5527
5791 5821
2290 5462
2218 4537
6569 9640
1164 8624
373 5390
2211 3060
5099 5808
7196 8389
2738 2920
5105 9161
3288 5275
91 7851
319 9039
1920 5390
4801 6413
7130 9897
529 5348
723 5054
2125 7772
2458 3943
3527 7707
173 2310
5654 6819
3000 4036
9038 9140
9448 9996
1319 6617
5321 8923
2776 4340
2773 5605
4724 5383
4871 7009
1020 3031
4690 6632
4046 8474
8213 8802
7162 8594
1948 8350
1890 8456
5114 8697
3353 3830
2182 7172
186 9638
3934 4210
3315 6928
7374 8587
4745 5675
1410 6449
7585 9734
2980 5879
1241 9843
3409 4830
1626 6110
3911 6189
2802 6886
3729 5839
3445 7549
3435 7808
300 3251
1781 9038
329 5744
2715 2797
2705 4341
452 9840
663 4095
2457 3005
1282 7399
3859 5780
717 3248
3527 9893
1454 6944
1273 6765
7531 9411
1202 3518
2291 7466
5051 6712
1644 7713
1288 2959
2832 5415
3492 8823
1416 3764
3812 9954
8473 9272
3911 6644
3361 7544
7426 7713
2337 9299
409 8496
6295 8505
4215 4709
72 2729
7473 9641
1678 7514
2622 9618
3146 5947
2974 3722
2266 9826
661 4989
6545 7223
1248 6373
1504 5725
502 8138
1156 7455
7832 9152
290 6516
1061 9326
6537 9606
4780 8585
1638 6265
4680 6902
1299 8233
7781 8930
187 5565
1780 9107
1338 9892
1759 8236
1160 4998
6333 8694
633 6630
4933 8128
430 2705
568 3930
5218 8265
4679 5577
451 8411
9028 9847
8027 8073
9187 9689
2028 6332
4478 4924
3457 4437
7078 9071
6225 7290
188 7864
7427 8322
511 8378
805 7921
1546 6290
5058 5497
5429 5922
2792 6538
353 9350
2130 9068
5940 9744
5150 8796
5808 7615
4402 8909
3605 7924
1425 5547
3478 6303
2067 5275
2613 8818
1325 8453
1234 5576
122 4532
1477 8583
278 6590
3000 8351
5928 6222
1116 8696
3615 7706
1130 2581
3200 9837
2147 9781
884 4805
809 7482
3102 9737
382 9533
104 1170
7223 8422
1727 5460
3167 8018
853 4901
145 1211
157 216
2958 8050
1522 1933
5900 5950
5571 9371
3740 8580
2491 6597
8328 8381
168 3397
4864 9106
6134 7479
1053 8432
8020 8372
1116 3185
6877 9578
1566 8309
3042 8676
5648 9445
335 7558
5795 7042
5111 9323
4688 7980
1940 8906
3469 6771
2120 2662
13 2977
1982 5760
1087 6368
5873 7420
694 7256
558 1641
3024 9221
6110 8827
610 5478
4243 9375
5225 5369
7448 8732
4776 6401
2435 3604
386 3530
6760 9439
1872 1932
1696 5912
1718 3187
3110 9926
573 6432
1181 4885
598 1304
1984 9319
1794 6866
231 3923
3653 6817
7364 7599
5057 9228
1567 8505
130 7184
347 913
585 5186
5856 6503
1768 2019
2704 3998
3067 6287
910 6395
3694 7773
3038 3159
203 6715
7585 8454
2647 4071
3161 6715
1828 5426
2279 2649
8190 9325
7780 8149
1978 9975
6198 6823
3511 4406
4035 7081
914 6500
1463 2878
5489 9354
828 5566
107 2798
737 6274
2312 3232
3703 5621
2646 4466
1335 2811
2358 9855
1901 2383
1484 3349
3535 6924
1766 2070
530 7427
1462 6900
3668 7703
3219 8029
2995 7395
1356 9207
527 8403
261 4348
1859 6897
98 9888
7041 7192
4380 8921
5729 7042
2937 7299
3497 8016
5846 7317
1193 1747
2663 5111
643 3109
2447 5662
221 3902
2496 6913
8805 9955
2806 3934
122 7281
663 4974
1687 5506
3349 4859
761 8873
1553 3976
1552 7232
2636 3580
322 7359
2157 7322
2593 9988
1366 9055
1238 7551
4870 9405
5070 6472
1961 6221
7789 8708
5159 7218
2431 4317
2934 3653
2051 4179
7760 9033
3815 4580
2471 3371
691 7671
1708 9208
624 7704
87 6400
1413 6943
2172 6790
2367 2945
8223 9071
5080 6189
290 4050
1072 3545
1968 6868
305 3153
2479 5269
849 4905
1519 4848
3007 7407
2566 8532
2321 7637
206 2370
1009 7575
2218 3886
4029 9679
6310 6743
2042 3596
3190 4888
1655 8295
1968 3041
5063 9081
4103 4678
3146 5411
4484 4789
4085 6011
1839 7683
2707 4262
98 495
6428 6467
1137 1888
1084 4678
3019 5197
3085 3586
3745 5395
2822 6649
2333 2988
7394 8974
6286 8196
436 2964
1010 8487
4697 7330
3931 8998
693 5000
1196 2815
3546 9416
2345 3097
348 7155
3202 9325
696 9454
681 3599
1640 5566
751 3365
387 2518
1351 9947
3178 3754
738 9896
477 6368
5276 8202
2169 2505
577 5545
5101 8039
38 3495
394 1340
6053 8931
762 5216
8222 9497
5542 7058
5195 8432
3834 7035
4950 8261
3626 6592
81 4531
4244 9139
1597 4102
3912 8342
1344 2049
3666 7452
919 8631
346 6662
6116 9345
2518 3443
2226 6963
3381 9644
4110 7284
7468 8694
6195 6765
1302 4581
547 5016
5326 8713
4000 5627
237 3885
2991 5766
2186 7112
990 4613
438 1576
3688 5109
2516 2767
5160 9949
5062 5993
7101 7635
1000 7371
1520 3201
4163 7819
2803 6616
2170 2727
5744 6896
494 5676
7057 9189
5068 7667
4630 7390
1267 9160
3528 8954
3771 8582
4920 9432
3036 4944
5590 5640
7876 8591
3228 5219
1740 4605
3836 8035
2547 6230
1047 8914
6058 9667
1836 5607
1082 1485
1239 9076
4080 7100
1401 7375
1621 8682
5624 8128
561 9099
1795 4524
3612 4675
104 674
7595 7732
2458 7331
437 5576
2042 8744
506 9607
1925 6885
101 2491
8814 8957
5816 6745
468 4549
5778 7918
1980 6439
7379 8046
5287 5750
2581 4041
2423 6618
2261 8454
1972 4507
635 5349
6870 9564
919 7686
66 4613
3567 5805
6391 9029
2468 9596
1617 4759
8523 8881
8714 9772
4535 7116
6092 7040
2687 8604
1957 8907
1564 3042
2862 9580
6179 7242
703 7885
5718 6770
5968 6055
6141 8461
2908 5298
725 1087
4402 4659
282 4501
2100 2887
4096 7265
3133 7448
296 8464
4605 9031
6627 7711
8958 9043
7760 9667
755 4711
1285 8403
3653 3816
3531 7662
1313 4442
3719 8255
1103 5146
3366 4752
1914 2266
3188 7366
637 5653
7674 8811
6329 8039
6264 8802
363 2517
739 5718
1014 7698
8603 8980
1873 4207
6596 9204
1065 1894
4859 8580
808 2266
1611 5344
4360 5892
5598 9528
1178 4700
6522 7400
895 9919
1558 3020
4907 8440
1330 4641
763 8371
3844 4461
1032 5959
2325 5652
3747 6571
237 1504
2954 9159
6175 7927
5623 7321
7861 8429
2712 2938
3081 9196
810 5316
4784 8924
8310 8667
1192 8882
7715 9113
383 839
5756 7299
2248 5557
3219 4789
484 3848
6423 8541
2046 9325
687 9928
1624 3679
5801 6978
454 602
548 1358
2132 2724
5441 8198
194 3337
4269 8522
339 2493
3734 5920
3550 4343
4373 7104
1312 5559
211 3762
2383 6720
4036 6960
7579 8719
7445 8078
5781 9425
8372 8480
3907 9136
5676 7238
5146 5411
5516 5851
4130 6867
4373 5499
3241 9740
2058 2997
2842 6469
7073 9451
7057 7220
355 1191
2226 9361
2982 7530
1698 5136
4263 4830
3533 7562
1334 2479
1076 7870
3610 3809
1275 4359
4647 8644
3783 4405
2534 9098
6252 8156
2294 7550
8798 9726
3448 3858
847 7697
2330 7641
3775 4278
130 2626
4023 9522
79 2245
6328 7604
367 5548
6437 7718
1754 8916
1283 1832
5842 6754
783 8458
309 6676
4897 8593
6800 8014
2535 7718
1887 3295
3741 8160
3524 7318
1855 3026
3408 5662
8838 8892
8512 9352
2885 4148
6026 9364
2600 6907
1032 5498
9414 9984
8152 8864
3635 5585
4280 9654
2791 5815
1968 2159
1940 3027
5135 6731
299 504
3250 8182
3538 8981
5536 7734
836 8449
990 5106
2078 8637
5066 5479
1125 3914
588 8036
2332 8213
633 6467
4610 9980
305 2698
967 5654
609 8822
3838 4170
5254 9643
492 1089
519 1400
276 5077
3357 7799
5336 9055
8829 9468
2267 8894
6877 9917
441 4835
1624 8097
2811 8553
928 6912
3133 6776
2721 2727
129 4045
3883 6364
5067 6317
4227 7717
5574 6156
2133 4901
1910 5334
3688 5672
7844 8196
1180 3671
2618 6357
221 7850
2029 2822
8555 9219
4009 9964
7696 9853
798 9951
5575 6557
842 8642
2279 9332
3275 9786
1530 2656
9875 9970
2152 4909
1427 8661
4152 6872
6011 6787
3482 6745
8778 9223
2020 8600
1925 8782
8418 9949
1000 3870
7676 9741
3019 3724
7275 8704
788 9879
367 8785
6136 7947
4816 7311
6062 6758
144 2399
1162 8734
3531 4302
5364 8798
8764 9631
2929 3800
5164 8340
2912 9687
3728 9614
9066 9760
7219 7605
1913 5326
3999 6447
216 2500
2391 5970
123 950
2736 5647
1358 2644
3632 3955
2136 9829
5788 6644
3381 9309
6723 9910
4639 9316
1753 5676
4464 8548
4756 8598
5192 5326
4512 9846
1666 2880
1748 9366
3526 7083
1807 6703
3470 9359
4135 9288
3994 6434
7559 8105
4302 4651
5113 7342
3343 9415
5614 8472
3994 6142
2921 8553
7580 9712
5773 7267
7021 8804
2383 5818
3296 7658
530 4130
6845 7105
6527 7188
2866 4123
2334 5381
1456 7338
1596 7130
181 5975
5265 8134
2484 4771
4209 8928
878 6139
6768 9354
795 2247
820 9694
4435 6429
8772 9362
376 2635
2178 6762
1830 9983
4054 8314
5886 8970
1854 9743
236 8131
1281 6523
3280 7879
2132 9112
7503 8422
4392 9255
7813 9303
1207 5902
3615 7326
8346 8379
5544 7395
388 3333
5118 7371
5329 7334
2540 4532
826 9743
4976 9345
5315 9753
1185 8555
4399 6172
2016 5708
3376 9055
2258 8648
3211 3960
8467 9618
8609 9481
2370 7228
531 9517
9498 9661
930 8455
5984 6146
12 1353
956 8866
1231 3014
1830 4902
4319 9226
6078 9481
4025 6837
8970 9193
4903 7562
5198 7060
5424 5693
4492 7132
2993 6235
6244 8123
8642 9871
332 6377
1781 9705
4933 6871
106 7562
6600 7472
3351 8107
638 8685
430 1435
4223 7280
4579 6206
6195 8203
6293 6943
554 7524
3850 7626
9 4112
161 254
4573 5452
2866 3791
2855 9679
3340 4988
30 4656
1107 4428
1751 5450
704 738
4743 7863
241 1266
5105 6527
1209 8862
1469 3791
2746 6053
3468 6139
860 5295
4972 5329
2556 6337
7363 8961
203 2983
1078 8548
4331 5008
3179 9200
8141 8292
1315 3190
8590 9682
6153 7787
2020 2368
3796 4534
4358 4773
656 2709
769 3024
8006 9979
8223 9326
4645 5187
5654 8568
89 6912
3361 9105
856 2855
3397 6447
1210 5951
1990 7345
1344 7711
1360 9730
5896 9111
5074 8446
3510 4135
855 3317
2556 8196
4586 5107
5152 5940
6920 9695
3553 9875
41 5857
7390 7547
4814 6966
353 9409
3436 5781
1987 7769
7466 7824
1347 5754
343 2373
4613 9597
5067 6648
3037 8716
3644 9364
1041 5790
6534 9746
1862 4747
2760 9535
4870 8835
601 6453
3441 3589
2341 7349
462 1769
3832 4770
6095 8114
2059 2866
1365 6607
2798 3468
1243 9605
3709 8268
7385 9637
2237 9769
1598 7813
3334 9966
2557 9392
6797 7081
5798 6359
3060 7369
929 2933
2686 3652
6765 8397
259 3890
7793 8621
4751 7124
5837 8791
2159 6629
2854 7950
1575 3298
2329 9621
2868 6345
1172 2027
5560 6722
4747 6648
908 8107
2408 8959
2952 5523
4446 9543
2124 2504
4725 9236
6181 9890
2717 8914
1160 6831
4294 6714
589 6482
8769 9259
7747 7955
967 2868
6424 9056
6218 6758
1764 5675
70 8936
6238 9731
2043 5415
25 3352
5984 9589
1231 5412
2204 7236
799 9554
604 9811
8110 9678
5595 8560
7130 9347
2701 6662
8120 8650
128 2380
1470 4723
67 1555
7351 9792
1989 5543
485 5452
