1000 1000 4512343
2700 8681
3858 7900
1847 9842
3527 9636
5078 9994
1828 3815
3944 6175
4890 7315
3131 9664
1914 3784
5953 9950
3671 8693
2176 8744
988 5051
4267 6102
2874 5076
5536 7013
8159 8312
2835 4169
1987 9313
2641 9871
2345 2732
2213 4285
4835 8864
1757 6063
4251 4993
4244 4642
1448 3419
3389 9951
1962 7093
373 8646
3175 3836
1130 6323
983 4942
5916 8260
5645 9857
6059 7368
3543 9779
3462 9420
3218 6465
1895 7035
1197 8468
3420 7772
4285 6029
3010 5731
5232 5974
4833 6707
5457 6068
5760 7674
5650 6725
583 2490
3738 6394
2059 2363
927 4894
321 5831
1779 3605
4839 9344
4825 8173
6014 9063
8460 9779
3191 4482
405 6006
7970 9147
81 6336
2013 9479
5958 7116
6052 6819
4041 9896
4560 4650
6069 8088
4936 6498
1109 6844
2790 7158
2125 6325
4765 5050
327 8846
1176 3907
5424 6330
727 8466
44 1839
1343 9074
4785 9964
842 9178
1727 7021
4957 8132
6280 6958
4049 7185
2581 9242
3216 8153
5000 6484
74 1167
7183 8951
5988 7426
5579 6760
3408 9671
6297 7816
607 9184
1168 5414
1006 6859
3376 9777
2796 6350
944 8579
2515 6636
2169 7571
993 4896
2730 9381
1528 8976
5831 9943
7106 9003
2335 7019
5332 7966
8118 8303
542 2926
6210 6245
5618 7587
5300 5442
101 6363
3017 9445
2565 6441
735 1780
2187 4552
3945 4678
5476 6445
1287 6462
3072 8487
4827 5259
1744 8313
6298 7634
4211 6689
2692 9826
4667 4875
4798 5255
2006 9663
5409 7955
2186 5737
804 3981
1688 3200
3572 6022
955 4840
2930 4511
411 8432
5282 6895
2036 7908
7528 8749
8916 9789
4243 6486
2663 9342
3170 8221
2375 6012
2121 3699
848 1441
6431 9157
210 8561
5026 6866
2514 4347
185 6000
689 3750
1027 4758
6012 9358
567 5503
1463 4838
5228 9632
1787 9435
4846 9755
8464 8864
3089 3912
4100 9875
5587 5697
338 8755
3245 9942
4508 4940
52 6693
3788 5159
2606 4544
4716 7897
1710 2704
314 6124
6812 8843
588 2571
4894 6684
6207 7889
322 2121
84 9418
1867 2508
7960 9969
1688 6786
5117 9591
4142 4361
5414 6482
8000 8683
414 6751
221 8607
424 1181
2389 6035
4238 7127
1943 2048
246 9614
6625 8709
1815 8985
2509 6035
7291 7593
527 3900
2386 2466
2643 4110
286 8958
684 5791
4977 9506
376 1925
947 2256
1566 9348
4026 9101
5458 7210
6023 6859
9008 9325
6921 9060
8502 9700
2321 2477
1398 3254
1837 3822
2645 3432
5706 6632
4741 9927
4883 9055
665 3216
2822 8409
663 6846
4511 5393
5390 9535
4936 7354
2448 7507
2059 6197
6103 7019
1689 8642
3151 5149
934 3152
2120 5610
8811 9418
816 2691
3121 6464
303 9666
2929 5439
793 7511
3905 4543
2697 4079
277 1653
326 1006
1185 7517
289 4118
2029 9051
3211 4681
3524 8017
2304 7642
5076 8136
4850 9786
7681 7873
2490 9089
9728 9742
1113 7495
1007 8914
4209 8500
2709 5148
706 7028
4595 6147
95 376
926 1609
3980 8074
4318 6362
562 7069
7757 8375
2703 8550
2035 9160
2172 5846
1060 6265
6967 9052
1529 6851
148 3926
7149 8314
5429 7378
5622 8191
780 8113
4764 5906
952 4358
2833 3676
2452 5735
2390 8052
1655 7834
8588 9474
6777 8279
3517 9669
3991 8132
1483 5817
284 4179
9226 9869
2962 8922
3839 6076
4909 7280
870 7239
1448 7758
7356 8410
5217 5448
4500 4896
5172 6047
2054 6785
3137 8557
1300 4208
1433 9032
304 1666
59 6828
5030 9877
2778 8808
2602 9787
601 9397
7062 9624
6255 8624
2091 8189
1047 1170
8597 9943
4508 6749
3287 7813
1017 6846
1015 5503
292 4904
1138 4920
4083 5789
5419 9380
2991 7015
1209 7646
4286 9024
506 3063
8603 9387
3211 8627
3036 3335
901 9282
5795 7412
1350 7850
2388 5768
479 2365
759 7897
3417 8337
5835 9325
716 6886
105 2922
3175 7338
7319 7383
4634 5570
1020 8935
2682 9281
3076 5659
3072 9871
1596 5052
772 1780
429 1993
770 7455
2214 4094
8517 9391
4102 7190
2356 7873
2407 4761
3867 5614
490 2661
3693 5330
1424 5155
5586 8989
8463 9458
3578 4944
2596 9234
6191 9301
3775 4850
7 1182
4967 9348
3097 5207
1203 1542
6285 7413
9199 9545
2034 3208
1441 3654
1123 3373
3799 6020
3196 7663
1901 6038
4897 9849
2289 9666
4540 8301
4682 7128
241 9659
4036 5389
8469 9817
3604 8825
552 4774
319 1831
2916 6253
4723 8015
2808 7354
8435 9076
4243 4898
3672 5199
1815 8262
5118 7901
5312 8421
2885 6783
9096 9168
341 3921
2187 6195
3102 5369
847 4297
612 1873
3997 8139
2699 8208
3915 8572
915 8639
4293 9717
1507 8512
1929 7328
7536 7741
348 4334
3914 4915
4669 5949
1036 1911
2593 9266
4000 7349
3885 8352
1745 4194
1637 3193
318 1563
1472 4122
5896 8857
618 910
179 9702
85 7696
2715 3443
6610 7499
7826 8282
567 5720
1550 5815
1966 9466
1871 2881
1897 4659
3442 6812
6054 9416
4426 4803
6467 9509
4309 7283
582 2191
1617 6675
8000 8613
3311 6019
3630 8282
345 8549
2676 8663
5801 6354
176 3568
2368 6643
3296 5663
2088 8257
1309 6169
205 2159
551 8322
6167 6613
973 4047
479 3183
2856 4135
847 8062
6431 9500
1533 4799
2101 6268
2997 4616
3332 4785
951 1008
593 811
5341 6875
6720 9487
9706 9727
896 5575
1893 6418
6794 8584
1555 8333
1282 2079
2339 6018
1222 9810
6667 7822
3711 4267
2790 3467
3669 5208
1409 7008
733 6649
7380 9072
3197 7276
1268 8555
3416 7822
2999 8091
4716 6227
7856 9452
135 1213
5081 9681
5742 6307
2636 9504
2135 5718
107 4354
7527 9654
4056 6161
1169 1654
3410 5395
1606 1767
2663 8954
1458 2963
248 4123
90 4674
2493 9105
4013 9146
893 9786
4141 4633
816 5672
6823 8915
2353 3048
3111 5052
863 5268
2079 3419
5883 9350
9384 9988
2766 9643
557 3005
92 8775
4160 7068
3551 4113
1088 9807
467 8429
2321 6023
4880 9002
8643 8966
1864 4189
1421 4753
788 9104
4871 9778
4520 8479
4443 8805
6864 8949
4179 9785
5035 9306
24 5463
1564 7286
3137 9747
1538 3652
6195 9516
1803 4303
2306 4403
5321 6063
3846 5799
3477 5345
3580 6824
174 3511
688 5434
4298 9782
4229 7086
2372 5845
4621 6935
844 9288
4148 6124
645 7725
7787 9607
785 1948
841 1727
3339 5127
5115 6587
453 6522
1514 5951
3171 5911
5231 5872
5169 8405
1011 8014
1065 5209
3285 9004
1322 2850
7463 8299
6737 9432
7337 8134
66 9565
4199 6387
8140 8828
3513 8320
5804 9418
4040 9597
1101 1189
1257 4483
5681 8081
608 703
2274 5124
759 3893
1141 7067
3479 6873
2567 7589
5553 9216
2511 2775
4009 5889
6909 6949
1325 5107
1234 4769
342 9967
2947 7059
2779 8246
3919 6622
1638 1945
202 3772
6409 9850
6000 7933
8386 8454
101 6595
2181 4067
2552 2799
2521 7997
9521 9947
4298 9267
884 6755
3127 3853
4782 6933
3638 5112
3274 9968
955 4989
1131 6282
3913 9751
4640 7514
2384 2776
7647 8960
6953 7380
2163 5688
5686 9821
4886 7761
3008 9753
5635 7543
2402 7886
6358 6437
2457 9443
70 4303
2045 8514
1553 3329
809 4355
1770 5664
916 5874
4561 9279
3412 4456
4250 5321
1417 4184
1298 1433
8317 8827
7026 7618
4010 8002
4767 9438
3358 6721
3061 4212
5616 8760
2550 6395
62 6653
3501 9601
2102 4376
2279 5501
3779 9718
270 8371
3969 7954
1780 5001
2826 4283
686 6220
5278 6135
4116 5684
3121 6225
2184 7295
5518 8566
5857 8413
764 2306
304 6897
3113 5336
2513 6165
2280 5253
5314 6981
5021 9958
6215 6806
1961 3111
3510 8077
2808 7287
5773 6260
4779 7409
818 6204
3817 8239
258 2779
7679 9188
1673 5904
2389 5102
3868 4997
128 9015
3302 4917
4438 9878
7494 7889
8580 9036
4349 6887
8738 9683
4808 8733
2371 6003
1594 5508
3599 7486
270 3686
1545 6246
1274 4779
2316 7031
6757 9293
651 6700
7465 7648
2605 8293
3791 4949
1883 2504
268 6003
670 6416
757 3992
1106 4359
3399 9335
2794 8232
4350 5917
4381 6765
2600 6809
4658 7979
3398 7113
2821 8461
7874 8282
262 3134
1719 6971
3640 6872
3032 9907
2920 6814
7847 8929
3362 5233
4131 6639
1628 1979
6830 9989
4416 6129
428 1257
514 7929
3163 7971
7387 8833
1725 4332
2436 3802
2955 7889
1185 6512
793 3805
3972 6708
530 834
219 4952
7545 7792
4665 6682
191 2488
355 9508
6151 8915
9361 9418
1449 6625
1584 5445
2905 5227
1533 5347
2079 2702
6178 9718
2767 3887
6098 7498
7768 8917
400 1159
6236 8524
1397 5566
3682 6867
339 4896
6830 9374
3511 4810
2389 8323
4108 4408
7018 9856
6080 6323
6859 8469
3004 9199
5838 8365
8376 8918
1139 3641
2079 3935
1585 7176
8293 9028
4961 8221
5628 9526
1682 1771
32 6067
6094 7954
416 5754
281 2800
6581 6784
3709 6963
5043 6412
1667 2475
3635 9154
4648 8098
1595 5199
5200 6884
1232 9788
5660 5702
6266 6372
3719 6430
631 4064
955 2865
2769 9242
865 4078
3409 7280
1517 5044
2131 5079
936 5177
531 8487
3 7290
2457 5512
767 3101
194 6590
4872 5144
5476 7493
2349 7028
3945 8651
6667 7868
4681 8510
1147 1155
7850 8994
1279 5509
2030 3786
5897 6499
4648 9699
5247 7246
2545 4739
178 2693
1896 6010
1492 5590
6890 9722
274 2719
598 3880
1875 5163
5154 6131
3893 6281
4519 6243
5030 9705
4479 5405
2079 5463
6964 9255
1605 5981
2682 7702
5528 7729
2485 7114
6424 8854
1962 2630
845 3426
5301 8185
6185 6634
4031 9674
406 8087
2685 4307
7108 9360
1287 9822
7357 8946
3246 4610
5727 9753
7917 9862
5385 9466
984 1604
2365 7278
1782 9302
4880 7784
1975 5743
2120 4890
6384 9011
2347 7016
3888 7941
4479 4877
2294 8804
3436 3547
8259 8910
3610 4459
333 1441
587 5774
715 8245
5129 8043
5227 6695
6860 7765
5767 7397
4295 8575
404 3875
1516 9634
3201 9148
16 4217
5555 6547
1564 3352
3200 3274
2557 9388
326 5322
4665 5290
2553 6149
902 9837
1213 4477
6016 7757
4437 4970
3114 4281
4572 7540
5650 6685
3482 7594
4596 6242
1102 4460
2155 6762
3 3821
2871 5949
5611 8996
5390 9826
3498 8387
1210 7026
531 623
1023 3134
5154 7714
3323 7458
352 9798
2963 5204
834 8636
1581 7477
989 1004
4376 9204
8998 9572
1082 4932
3495 9953
1222 7550
8411 9527
678 9212
1994 2983
4553 9404
3452 6726
7017 8233
763 6624
6678 7181
7986 8603
1397 3747
9635 9874
2468 7018
6760 8784
8987 9586
807 7233
576 3032
1503 8426
1207 6896
2042 6379
1816 4188
3843 6166
166 6810
267 7182
4783 9688
5026 8087
2354 6244
1403 7336
2266 7947
4310 9072
3325 7259
4529 6954
3480 5854
1450 2406
500 9332
377 8171
7811 8474
3839 7989
512 8379
1970 3845
3707 6488
790 5990
526 8756
7809 9263
1861 4550
696 9701
3931 8405
347 2502
7090 7328
3691 8862
4337 8909
1924 5677
4169 9490
256 2715
97 3234
1808 7233
5328 8840
5790 7094
8085 9506
109 8873
5859 8684
2917 4066
7646 9078
679 6884
2634 6704
1136 5914
2791 9683
3317 6044
7437 7863
8714 8954
2504 9955
1317 8857
2481 5307
4343 8384
1691 3337
4507 9879
4656 7105
7915 8101
6978 8762
3590 7180
6417 7458
