1000 1000 2000000000
5857 6798
2292 7697
3712 4117
3541 3990
3044 4172
7671 8903
4709 7395
4569 6365
1704 6486
673 4300
648 1487
381 3049
476 7922
583 2759
1249 7182
6989 7428
754 7349
5707 7672
5652 6539
4762 5196
4161 5794
5559 6956
2951 4687
2036 3282
4094 5069
3829 9509
3003 6512
292 2574
984 4464
404 4160
3661 4544
4643 9278
862 2614
807 886
1231 2346
1537 4191
1401 3727
5184 9218
6151 8915
8382 8856
5034 8569
535 5644
2892 8310
4021 4814
1313 6214
3465 8086
2002 3691
2604 8764
4388 7338
4150 6348
4362 7803
1303 2622
1057 4953
5339 8047
5856 6630
9374 9907
3530 9079
1082 3503
3356 6194
5393 7420
2483 8757
200 9574
3560 8284
729 9711
88 1557
4352 6395
3139 7611
1623 2475
4125 7434
1860 7091
456 3935
417 3584
1223 5815
1399 4814
2304 2590
2754 5253
880 7443
5743 8774
8895 8908
1580 8705
275 3288
1810 6444
600 710
5624 8923
6073 6847
2564 5843
2235 4523
2180 3601
832 898
9275 9972
6275 8630
396 5088
623 5586
674 2438
1836 6844
2652 8076
1488 6711
4622 9961
2937 5480
90 9260
1126 2927
1910 2159
2073 8917
2808 5107
6225 7195
9542 9642
2528 3607
2451 4586
4317 5689
6272 6280
830 3675
299 7497
23 2686
758 3933
4941 5789
2630 9156
1675 4496
7425 9605
2633 3020
9010 9179
6443 7068
1937 5345
1182 3699
209 1257
5266 5777
635 4891
5333 8577
64 6491
898 6550
5331 5848
770 7142
2256 4531
2625 3314
6844 7236
2211 9210
5495 9591
7144 8608
2948 8988
5481 8854
4919 9271
1185 2827
1795 2582
3548 4545
3044 7071
4008 4370
4880 5014
117 3881
1542 7378
4935 8748
2532 4876
3016 8438
2664 3034
2216 8227
1558 9787
3027 6846
4464 5662
3143 5490
4889 6585
1590 7313
6860 9303
1196 4076
4723 8020
7111 9288
2400 3151
6640 7243
3473 4054
7827 9105
6429 9388
347 4708
3916 9789
4667 6508
2448 5383
1980 3277
7011 7731
68 7733
2482 7807
4134 7827
4063 9096
496 6311
5608 6955
954 3442
5522 5525
3247 4254
4185 8365
3375 8810
5402 9572
3804 6227
1913 5367
4025 5820
3756 7099
944 5174
4118 7398
3451 4601
2573 3873
2795 8116
2113 8390
5828 9477
3189 5404
504 7444
176 2040
2343 3584
7036 9460
2406 8213
912 3821
4717 8694
37 4806
1202 3764
4400 5731
890 9843
3790 6609
2351 4150
4601 7878
2108 6013
7224 7746
1083 6228
1249 8821
1430 9102
1226 8813
1252 3758
6913 9814
3208 6951
512 1401
3220 8528
3393 5451
4780 6693
5818 9979
1553 1876
1312 3066
793 7135
6416 7168
7338 9399
7521 9850
2035 3487
7722 8678
818 3019
1615 9598
1067 5688
3344 5609
3200 6812
1005 9645
3575 6362
4272 8152
4421 4912
3656 3851
4743 8574
51 5162
3090 8475
296 3916
2661 2880
269 7670
327 4378
2271 6032
314 509
84 1647
8655 9768
1975 2462
6052 7867
3592 4602
2661 4057
4102 7517
4917 6040
408 6440
6 7662
879 3897
2525 4904
1431 9291
6970 8958
7767 8689
3981 9681
2049 8738
325 6499
3614 6261
344 2195
624 3979
3301 6864
4930 6637
3961 5246
9110 9981
4552 4831
425 4143
2490 2536
3031 7752
2992 9464
2411 5591
619 2602
525 3807
4336 6041
2862 3571
3598 4032
636 4496
1880 7929
3253 3944
7815 8493
1389 6835
2736 6382
6254 7745
4224 7788
2539 9753
8762 9312
3405 5927
6533 7516
3091 3647
7263 9758
777 7736
8 2854
6284 8640
3536 4308
3584 7270
6118 9972
6545 8478
3201 6424
2778 5029
3842 9494
3135 8025
7322 7489
1449 7982
963 4568
3736 4028
1494 5373
3630 4410
301 2317
4200 5849
4003 5974
129 5696
3962 9045
7075 7801
8331 8885
1179 5773
5152 9072
5811 9068
51 6313
3710 5529
3532 3676
1707 9416
798 4236
149 2346
4840 8049
3925 7179
1143 4450
4294 5728
2594 8391
5699 6887
4569 9277
2153 6696
3414 7537
3582 3658
4403 9035
2587 3680
5813 7781
230 1571
6833 8297
8680 8863
6496 8340
5449 5900
5346 7631
1292 5849
4163 9885
867 5085
673 5951
2932 4508
613 9018
1333 6492
3312 7170
3927 7338
8272 9419
703 5487
920 1671
524 7312
4342 8194
2194 8458
5479 5764
5900 7180
3082 6871
3269 4492
1932 2606
942 1092
7209 9458
8004 9064
6396 8645
8240 8813
6394 8648
79 7990
2643 5205
4253 5752
3210 4117
797 5328
6115 6229
1482 4544
5065 9589
7722 9433
1300 9482
4577 8004
2987 4896
3397 8510
551 4037
2808 8971
6992 7641
543 6094
2872 4590
882 6783
3664 7150
1574 4409
8815 9928
2961 5194
2508 6060
4545 4859
6777 9474
7652 8870
6401 9469
3733 6514
761 1173
9427 9567
5033 9594
1235 8253
2262 4944
112 6411
417 2450
7908 8921
2309 4095
686 5137
386 2455
6249 9555
2958 5552
1037 8626
5917 5932
2649 3011
2694 9406
3700 9635
1514 1996
3653 9171
4047 7601
5055 5102
772 5352
7382 9981
4070 5147
4907 8365
114 4686
8790 9197
3039 8738
356 3129
8877 9958
6309 7619
2275 2798
2713 7643
5718 8361
4889 9339
1455 4657
5255 8592
5216 7289
2290 7611
3446 4487
4981 5318
1011 1518
3284 3563
871 2213
4997 9798
9070 9278
4210 4477
7279 8338
7772 8776
7907 9039
3699 7180
2501 4237
6822 9110
310 7906
4679 9744
1326 8802
8410 9962
5187 6366
7089 7874
3103 8841
158 8126
3337 9587
3439 6626
5699 9399
4448 4987
7547 9473
3134 5756
9512 9762
5477 6445
3600 7121
9069 9536
2149 4830
7691 9618
5049 7136
2366 5657
2109 6695
1750 8889
2326 7963
6177 9707
6195 9688
1028 9226
8754 8866
4270 4759
354 6798
1769 4596
2468 9983
5352 6139
3970 6460
2368 3988
820 9664
4380 6675
2920 9764
4189 7069
494 5906
2191 6817
311 605
6880 9719
790 2017
2601 7458
6076 7968
3021 9324
1107 3891
2876 7743
5387 6252
6781 7235
5606 5727
628 3046
1580 3840
2879 9663
1823 3820
7985 9160
1824 8017
1755 7825
96 8630
2090 2555
2798 6714
5728 8097
6223 8719
281 8046
2388 7328
278 6023
2877 4994
1545 8952
2653 3409
6693 7713
247 7891
2379 5100
9112 9704
7195 8381
1470 1567
7262 7702
1167 4462
2753 6337
1417 9238
3376 9997
601 7455
640 1116
4772 8631
337 9865
3806 8814
6709 6794
1511 6361
733 2593
941 3990
265 9397
2251 5129
6969 8979
4284 5794
220 682
6117 7032
2282 5855
1901 7416
2232 5526
1961 7584
1562 5898
838 1889
161 5065
1390 8067
5056 6953
2603 5427
4302 7989
3180 6608
1430 5395
5171 8979
1284 4941
2255 3546
4363 4971
338 3161
1391 9993
4320 5060
2922 5645
9241 9479
502 9295
920 8787
4930 9819
7493 8396
803 9678
2835 6165
5758 9454
1158 6601
1295 9530
2785 4906
482 9610
4761 5067
351 8697
1436 6860
2396 6854
9536 9864
6221 7540
1705 7095
1385 6945
1012 2155
897 3135
263 6396
3927 9669
5567 8226
3415 6307
7059 8474
2287 9180
8229 9876
7948 9690
42 4109
6530 7789
197 4384
7592 9410
3104 3953
5165 8074
2755 9642
8469 8847
1833 8723
799 9863
868 4309
1175 1257
967 3542
6897 9652
2755 8870
4253 7924
3279 8295
245 9589
2963 9987
1596 8464
631 8186
839 8666
3392 9750
3874 6013
407 8006
6427 8672
394 435
417 7328
863 9193
156 1864
4173 5248
1256 3271
1869 6123
4706 9667
5633 8998
1882 2873
3283 9184
727 2109
1029 3586
4081 4112
4175 5067
1187 8042
8437 9142
6992 8236
4919 7398
724 7614
8845 9637
980 4148
132 3317
905 1904
553 9568
1119 8266
2927 4155
6475 9203
8146 9700
1993 8089
859 7948
6359 7890
1524 9988
463 9515
517 5092
4509 5477
168 3929
333 1900
1076 4868
361 7155
340 5025
7901 9436
2519 4367
4422 8101
5167 7992
2084 4177
35 9453
602 3336
8143 8427
4585 9691
2107 5398
410 9929
2093 9600
133 1452
4806 5023
3335 7950
1918 8207
4989 5494
1173 1480
651 3174
572 7012
316 6629
86 6243
1578 5417
6396 8561
428 4948
456 1374
8552 9083
5553 7241
2495 7782
2640 8850
7196 8708
3462 5234
2383 5876
3675 8869
613 9804
9302 9468
1426 2512
2780 6857
88 7045
2770 4944
2962 9658
3585 6302
377 2809
3252 8419
1209 1910
1368 6997
653 8822
4104 9121
5162 6233
881 2531
700 4802
2308 3660
2158 9550
1939 9534
5712 7739
5743 8957
1457 9269
7478 9935
6764 9647
8978 9600
3782 4454
2803 5624
652 5851
766 6627
1796 9221
7654 9747
924 8058
3366 6336
4260 5759
1162 2127
1540 5530
6687 9963
9423 9551
7038 8960
276 5333
1114 5555
512 6979
8000 9789
4110 6444
2680 7347
3830 7479
810 7898
2071 4646
6756 9598
3993 7741
5848 7183
1188 2099
1018 7195
8068 8144
1606 1700
694 8222
7234 9218
8807 9327
3592 5782
4439 6055
3123 5797
553 6922
2788 6363
7327 7906
378 5774
2019 6695
770 2518
6666 7237
2655 5153
4617 7215
5549 7506
3179 8760
6100 8357
2476 4046
825 4042
895 9331
610 2332
5150 6521
136 8983
471 7983
1782 6908
6743 7909
4149 9876
3937 8660
6604 6870
1447 3968
5854 8814
2587 9348
1397 8108
1316 6785
4987 8064
2660 7389
3333 4977
1494 3161
1012 8930
925 9532
2218 3252
1653 4632
3426 5106
2240 2305
2280 2505
431 2865
7327 8556
2733 3487
6754 6985
6214 8368
4242 6028
7960 9005
4958 7727
3213 9216
2048 9257
41 7219
1941 6550
445 5848
114 4425
2179 5298
574 6721
7869 8390
2502 6522
4599 6901
4894 6926
2582 7417
607 6814
3986 8480
6052 8705
2741 4637
4779 9825
1871 6967
2371 5262
3264 8817
4531 6386
4082 8390
706 6170
52 6290
4731 5062
581 7686
40 2097
1827 3952
803 4998
3774 5330
9097 9116
771 982
6738 9910
2805 9235
7616 8753
1646 3135
199 4615
9942 9972
409 8578
6192 6367
1077 5708
7140 8604
939 1531
2465 2656
7124 9990
4632 7125
5563 9252
1529 4804
7936 8669
1459 2555
280 2165
4835 9130
4098 7702
2404 8223
6939 7566
1438 9467
7203 7445
4577 8835
4934 6164
1866 9497
67 3731
5430 8902
643 4537
6033 7297
6831 7541
3650 6741
357 5643
204 6360
1654 4287
4142 8099
2443 8889
7653 8117
140 364
7396 9475
681 8265
6408 8823
1996 5936
4821 9395
1014 7190
3547 8916
2341 8078
6058 9267
2338 9160
3630 4914
5873 6789
4524 5045
2279 3265
4987 5786
2755 3928
547 9764
3978 7632
88 5756
1537 4215
1818 6782
23 5290
4192 8308
1094 8506
4617 7479
4414 9299
2573 5621
3306 9168
5253 6357
5428 5505
2537 6372
5615 8739
5656 7953
1054 5895
1004 3320
8974 9317
150 1613
2453 6124
3583 8210
1258 1728
427 6295
1549 4790
975 2632
678 9429
480 5131
566 7519
6436 9842
5089 9053
7556 9080
4380 8946
986 4114
5313 6822
3580 7918
1877 6170
2661 5798
9033 9762
5787 7712
5011 9148
969 7974
2656 9238
1833 4903
3308 5217
5188 6355
4435 9608
865 9474
406 859
4954 6717
7903 9564
195 7676
6050 7470
9115 9896
2156 6294
7236 7647
1348 5293
948 7697
268 5279
5728 6776
1888 7210
2705 8074
5994 9178
2619 7925
2674 9324
3933 7956
2078 8082
4132 7539
1527 4809
5497 7216
6058 8896
4643 5497
576 8305
5038 5469
3055 8166
163 9088
296 8000
1344 3011
749 3050
4435 4823
876 4261
5090 7344
6759 8319
6051 9471
2527 4672
926 6878
