1000 1000 2147483647
757147 2850967
1413296 1971057
1749309 4890851
766283 1239567
2289532 3341499
427764 2215521
16298 3544257
1290985 3351900
1923789 4079426
1496675 4646307
3840143 4255883
3557670 4268514
378765 2583435
450675 2230956
4031637 4328617
1998138 4161648
3144979 4295360
3403109 3734289
710168 2313975
847656 3513779
449562 4362891
3439992 3570887
2689563 4065027
992773 4460723
504672 2676060
1621278 3763098
148098 2515584
257852 4363390
1525999 4329495
532815 2946160
827979 2942643
1140830 1829255
778778 4418592
3188800 4071382
545939 3713537
516906 1951872
43094 352680
1662240 1993264
474003 1804386
2979486 4615197
370403 391018
1085198 2727552
524688 3987765
1315050 2152244
3534596 4703684
430072 1304955
2807507 4683395
133359 2968732
474126 3015369
1129416 1205864
403288 4220124
1255817 2245754
2755259 3187615
1426732 1917160
3276669 4540364
256808 690033
2818763 3976347
3533420 4453695
2239760 2697303
3003920 3076747
2331591 3243658
2787429 4386275
1908675 3009966
289177 3213165
214479 3881760
2931679 4487045
2756985 3514930
2931666 3315572
485138 4221657
2506599 2559259
1924674 3260419
265631 3436150
1073106 1574028
3435162 4764300
633574 2544677
2562997 2818979
185841 2897668
3618472 3783768
2740723 4137966
1041609 1269797
526810 2046257
562746 4462246
931427 3483276
692826 4336116
890054 3743718
394395 3073934
328740 1396701
869911 2840338
3009249 3634365
3011093 4492477
1872009 2522487
1755517 1921344
3876703 3937506
3104716 4266169
1025229 4125262
1826725 4315605
280146 3342097
636287 4421691
4699080 4918902
2488494 2491684
2775207 3087975
1184048 4975494
1646352 1891511
3694209 3755420
2663328 3066012
743430 2503143
2355240 2435115
543221 2027146
1127835 4592164
705782 3282528
4848880 4872218
415079 3114692
3181521 4750878
705152 3401565
954852 3910860
747168 4803615
3388575 3807776
216888 4268127
3343116 4786340
2513457 3959997
1690918 4443218
1713625 3647584
2716572 4514904
821536 4342142
2358739 3986814
1902578 3356928
1077228 1170215
2496279 4541100
123821 2743557
150682 3248747
4548033 4807398
544656 1351347
2250278 4218438
534588 1340469
111700 2423568
3434682 4632930
28923 208733
2933166 3423322
3149663 4774442
1485342 4025397
752167 4380942
1851726 3860920
1412604 1538028
1055926 2114040
1995975 2338601
1217211 3142821
2510772 3579954
2761299 2861478
837344 3445114
4137602 4361639
2307384 4416731
1843363 2733639
366165 3216252
2019953 3395527
1237940 3257348
3579547 4133811
3090537 4836681
1373541 2947448
193947 4321750
1876410 2672973
2575140 4667882
574374 596708
3768640 4157335
2219771 3304524
1402661 1739008
931600 1137204
3030464 3728267
1414206 2645579
904497 3042900
2198055 4041036
763902 3035038
46571 249971
1610631 4701036
257754 1516872
487079 4843908
1169490 1402470
2511812 4892226
3387258 4763919
3751596 4753347
2441991 4550562
3952210 4430514
1370894 2347122
1606680 2372037
9831 3417924
2089536 4391783
2327142 2641077
2756316 4425658
25128 4228148
2486615 4598064
807363 2954209
415650 4332695
600803 4244377
3924012 4512513
1943966 3623043
2216238 3838820
3465365 4556086
1343428 2546342
1415133 1720700
4421169 4800256
435256 3635299
62946 3878881
599930 3137985
1079868 4038345
1761786 1788126
2459044 4067773
2300977 2387281
1480148 1837613
797883 4120180
1138440 4672376
1498149 3187715
146861 442851
2064981 4505053
2452616 2740576
669087 2134269
3231084 3390948
1096449 1287163
2684265 3028923
1818318 4077393
1739062 3525909
503634 654854
993348 4146180
920619 4485828
263537 1146027
2202301 4581327
1371022 4209553
376362 1686931
599112 4554383
810172 4250272
267990 1921704
1096692 4247967
841314 1536423
62511 3364645
2525360 3435264
2439804 3209760
623061 3744270
1233461 4755106
2023848 2811727
424374 3500013
1680531 4311384
2331765 2901789
436773 4496913
1295037 3573927
119393 2910474
468320 2249867
405603 4486974
4669124 4780962
2361006 4054179
2164491 4102329
440679 4193685
1506489 4908159
335547 1239969
182675 1512225
2502771 2540322
3881483 4497221
3345730 4930410
1761120 2737880
1848369 3091344
711105 4709676
479058 1947821
975501 2887371
1744969 4219019
2080781 4778913
2087682 4435725
1060976 3188463
4501846 4567280
2666667 3635609
55451 109140
1615955 2332670
3271089 4791546
1390971 2818861
2268623 2637198
339627 994912
3800529 3964452
2296471 2997948
3379986 3894759
1942496 4809802
80774 761868
351674 2620260
31689 2337354
512560 865270
1852459 2927847
1627332 2526429
2915088 2916126
1403501 2327172
2514114 4424028
433008 4098570
2803525 4637198
80269 178704
1365654 4930251
3226664 3881565
457880 751745
467350 2797755
2696946 3828855
2594885 4419489
3178052 3937384
30019 2706669
948714 4914594
240507 4926498
2393740 3030266
529779 4160344
939596 4924162
3010224 4101397
92694 3373395
373384 4756848
1727568 2870235
269155 3562311
2571597 3207729
1871763 3224301
95371 1181268
1849632 2952468
1426941 3907431
2826953 4082479
1270563 2935000
2496543 2564398
885803 2182067
2929200 3380151
412158 2102073
1230783 3619321
253209 3033376
667459 2943321
718794 4906412
2652153 4792706
3282659 4098588
1235483 2596617
212855 730680
35586 4852520
3261132 3840135
724851 2758872
781013 3805428
1012963 3853556
725788 4809690
2245466 3941001
1922068 2065714
3232452 4283022
1189314 2387966
751308 1089745
3484015 4960752
3297018 3821940
1804401 3363309
4251906 4587186
2507075 4669357
1696422 2198083
627972 1367829
667692 2768747
117407 2384507
2411092 3737164
1592515 3935316
4778830 4828959
2298395 4802487
1051640 4972380
2766052 2944740
506457 3561468
3638844 4381792
1642526 4920057
2575934 4992762
790389 2916867
2272088 4528111
536216 1610976
4191567 4842673
574938 2138706
474870 4059045
1281039 1784988
2068122 2911091
1245120 1936025
315661 739940
1875887 4176051
3056841 3751512
2645127 4140886
3058743 3691488
1611126 4755834
435271 927753
2812860 4332745
731769 3144170
1247163 2735291
258540 2457684
1384370 3732936
402353 4080027
1927588 2144350
347943 4334520
1355674 2424092
944979 4987217
144084 2366952
1763741 4701456
3394473 4948456
1387209 1711833
3375276 4319613
2263848 3269470
2570121 3192717
949159 1361787
1494408 2790813
2505329 3334325
4494931 4973599
632688 1495594
267681 2227946
2340513 3522816
1664565 2612459
1582994 4340729
56703 2591709
1173826 2514718
249051 4374336
1847324 2633085
1788500 2806833
2860978 3340552
552085 3647968
1953771 4723502
242187 1734320
290804 4699617
2631793 2702132
1874721 4859374
2573268 3156434
2761553 4475381
2557946 4329195
2187933 2629814
3089874 4232835
4571553 4881634
3896306 4609505
1958199 3507943
4092384 4823231
2891285 3247902
2218455 3403758
647659 3669660
2712504 3893481
595396 3528753
505956 4572856
1416607 4167805
2556159 3367267
3190317 3455985
2249331 4356636
154667 1720023
2108488 3213753
1492161 4123891
1643361 3225137
29898 102814
231647 572289
384753 2731254
239271 4313692
1770813 3385866
1131055 4091874
2548358 2596230
1250504 3942295
1561205 3240198
313879 2749587
1339683 2652742
56002 2433120
821304 4311289
3345830 3694410
991543 4882175
251706 4997994
3138804 3522318
3301865 4968348
2145574 2775099
1403088 1916482
362467 1993739
1121243 1816516
2243760 2882895
1382787 3336333
2632436 2876000
1130876 3096462
2534421 2825020
3189627 4314501
1049883 4209490
1688887 2702489
3644803 4971882
845272 1758717
157989 2981545
1686615 4756923
1365543 2993809
89687 205098
2345119 4958263
2744958 4070715
1102509 3192957
2510502 3507093
1871540 3513390
2562508 3692775
2220593 2431690
771504 3011772
645961 4142805
3917088 4543887
1451278 1494284
2968668 3951441
607673 2577029
1347031 3320080
886117 4631361
1026150 1180972
4265222 4666938
3496596 3883875
3412722 4338618
756332 2115273
2297761 4976516
1917186 2571245
508824 4522431
477949 4237655
3422790 3719829
1672001 4884377
4292275 4791381
4099316 4406479
187827 4164561
854712 4742547
1817220 4055768
3244102 4721823
1521851 4162931
753516 3880237
1375562 2669418
1287754 3295020
3517854 4891306
326674 2822928
2287368 3671994
4388099 4746120
2073957 3690671
385647 3221748
2864807 3595742
2190117 4177250
261995 2832446
1581048 3607878
570582 4101795
1081558 4475884
185849 3051072
2685791 3553280
1017558 3323816
125335 929028
1477169 3098457
349089 3855542
3417159 4336167
1816764 1973494
1863818 4356519
1368127 4730247
3825603 4742679
1195666 2783635
2521750 3911550
890805 3480591
980743 3967207
3064863 3673427
852207 1033884
649092 2739909
2971890 4493628
454938 1820478
1824410 2810585
648360 3292920
1444501 3397173
212507 997952
1050018 1836639
3833157 4237590
4873134 4910987
2502167 3648606
331245 3942345
675699 1766665
1257771 1456791
3708321 4200039
1091889 4154542
1354131 3892622
427794 1932083
1407949 4235928
659110 4771397
2952253 3664659
1736212 2553547
3439062 4220631
2881894 4518447
2495380 4596783
1298186 2369919
353163 1864047
2022075 3816678
194688 1071468
3560261 4060404
195085 808864
2957133 4878515
713388 2062454
325364 1743822
3634596 4349874
2669750 3435408
1349566 2351148
468123 2153297
1432539 2125582
3212577 3395940
2608391 4212432
2813856 3466449
2997324 3858552
1658265 3259779
29366 4175006
48537 1788788
1241254 2976729
525083 1450020
2634870 4497699
4031289 4488441
1770438 3860589
1196430 2669125
935539 1820942
359301 3290265
1366110 2357901
1740345 3423437
2151729 3523071
1835894 4245195
2975667 3905678
1825599 2528692
1738068 2085714
2654597 4485194
1488909 2240681
2097939 2960794
2115849 2374128
3747598 4378089
104349 4434654
3726548 3779430
3245580 3953809
2937193 4334376
2165879 4411371
577288 742188
1809801 2445570
1372197 3006399
691102 4133428
627144 2845027
1350351 2404724
153750 3647570
3259135 4328677
923063 1676955
151443 4972041
3463869 4978012
592666 3767226
1988437 2164200
2306097 3281103
2959926 4709162
2356615 4757246
1326621 3909408
1393599 3608741
3935257 4613307
908307 2031301
2524232 3405969
1071091 1154113
1919894 2587434
1594115 2963316
1526246 2198934
368181 3149268
47358 4578801
685452 2524541
3687907 4300770
2488902 3328797
1690489 2991028
849999 2695219
2714769 4371074
114707 3113553
728273 2463170
1375020 2822302
518363 4255842
284146 1594506
1465338 2353958
1801228 3410385
295911 779957
1708827 3751239
2346450 3342307
1664610 2820669
273522 2958087
3480392 3836334
282762 485773
1696314 3545758
2346717 4678011
2442053 4297780
966399 2010223
1681445 4840492
96435 4364769
1745493 2722709
1099366 2649772
2252895 4454862
973274 1128788
23754 4132980
1646286 4697198
2744031 2744694
3349482 3979668
1650502 1715278
2430577 2860314
1907706 2681126
2643489 4495901
866023 3510583
348240 2602805
489100 4769556
196433 3394010
341048 4564863
512873 1750180
1602217 2919834
1860586 2275197
2627061 4414707
272220 4727247
3521187 4296731
842811 3548954
1983237 2298916
3150592 3798916
663591 1052454
3053613 3616401
898713 2984190
3678839 4378343
842945 1032374
1362050 4763782
204330 4483919
757464 3162939
1220489 1468977
552401 630523
3890283 4425674
2299760 4136332
4026021 4292604
764130 2734743
542400 2554758
3432659 4669183
182097 1400787
2314449 2960427
2222321 3635872
1880801 2117864
827598 1595301
2168913 4653573
1107675 3088191
1302093 1872345
603885 1824701
111265 4510312
763180 4840899
7971 744593
633328 1080325
2422674 2439114
1594095 3053983
2463366 2597322
2293342 3383287
845022 1515349
414819 4197542
1274244 3851717
1331204 2934370
1166452 3877108
299664 2433564
3045632 4961583
1635867 1892937
1830745 4763781
2174791 3598882
1229671 3404727
2102547 2475143
392266 2244623
3695127 4282366
3858527 4393314
275031 4349299
1438722 3105837
3382749 3470526
948160 4592800
2130378 2649075
939897 2052930
1194440 4328546
1741117 3209616
1517256 3939726
3242961 3870097
394405 771622
369942 3537261
2140615 3264372
3784269 3911451
1086096 2534896
427447 2807845
608180 1093955
1134249 1583988
1969965 4522257
826605 4073909
3001836 3303272
2280405 4446665
390099 2503268
2298018 2441370
1157061 4159038
685595 1567620
555972 4042556
3682426 4818293
3727480 4050555
955247 3546862
3152475 3727140
3142742 4658586
1897368 3325548
19479 919434
842969 4035436
2619223 4464777
483363 3941608
150528 3459835
538362 4740312
4134294 4829273
2449170 2553774
162332 3524073
733811 1804547
2054337 2749653
328326 1989720
332796 2392562
1762537 4814711
1178032 1493358
1503295 2768394
1090792 1236098
1021236 2610822
3163735 3427056
3725765 4970640
1976288 3260111
1245662 3553251
2702078 3554437
1671650 1862950
3688884 4972814
881358 1319200
50612 54541
638538 3322447
2096424 4302336
393852 3130790
2978351 4243587
3410022 4850991
165810 4187106
3460725 4839822
539352 2791967
2602491 3016182
138682 1376064
3630777 4137924
2068550 2086923
1283388 3498662
1346169 1642991
1704523 4766629
2264814 3142286
103607 2332203
3584037 4255203
124974 2433598
1897079 3170956
3945753 4865529
157089 4655591
1504188 4069422
2092674 3375750
2703258 4462242
16972 368260
3103476 3550467
2232406 4947987
1733447 2093554
3915302 4841286
142312 378066
859382 4107191
908352 4726354
382668 3997677
1959849 2143576
2588919 3966579
637861 3047834
573545 4571653
3637740 3642155
2147973 2311690
3140658 3433737
2168424 3248496
2009412 2052984
657141 4623179
723156 3432055
1570038 2269491
795029 4113687
3312746 3711280
2657888 3065886
313389 4041791
173738 4762766
305090 1554331
796630 970608
1720941 4383759
2552182 4254372
171748 845532
249450 3770307
137660 2104497
2135855 4521163
1426779 1883403
594327 2635881
1097822 2148684
122614 3643768
2108993 2593019
158604 602708
913224 1569680
956121 3078304
3830715 4927692
2461677 4624996
810099 1827097
3087321 3160051
313650 1999048
2955387 3933366
1769318 1777726
204624 330006
3034992 3938831
118845 1070295
1973446 2101812
2033838 4865688
1257168 1524657
2436852 2765267
3357996 4641483
456089 772605
1708389 4174710
3572042 3742656
1784925 1944552
405253 4800729
2042123 2928618
798834 3659777
565995 2055588
951356 3251389
1475181 4681263
3876480 4529409
1442195 4749657
2115004 4522489
2865393 4940745
1145737 3592519
3384838 3861051
2232532 2498950
1996343 4911758
2714655 4182879
1554975 2734887
2964227 3674541
2476322 3090523
62100 3353217
464072 1238818
2054298 4779711
3129159 3645292
2946345 3413919
1185038 4753171
888230 915263
2666832 2709683
3323913 4256685
2393208 4105542
3606390 3639350
2987884 4533495
2228955 4713987
258172 3350375
1939737 2833883
1549260 2546423
3509730 4724890
129450 2010092
44697 4648128
1131345 2157750
2796726 3524616
2748667 4086661
1795486 3495013
3597417 4709019
568533 998885
1472671 3101778
927536 3659283
370155 3035795
2122209 4501107
1215216 3833616
200370 264918
153831 3625201
134106 591747
1345165 1822454
1581909 4677555
175638 961116
169938 2835429
4359767 4823321
2290847 3619571
456675 2318798
3193056 4899672
3868593 4235337
2434561 2440912
2593318 3348319
1989882 4010823
35720 2484731
150474 3404727
2604624 3692709
1924059 3832377
1098625 1706292
3360642 3394116
140280 645765
888648 1523638
1920873 2420700
2484179 4415274
1992129 4548140
2117526 4307856
4640268 4778002
895369 4875846
2113794 2701708
3044557 4702215
1279686 3194449
651672 2001588
426789 2144610
884374 4718112
686975 2160369
3459485 3902010
4203393 4826715
1148979 3197628
3913490 4238528
859336 4364218
407103 2882642
2684431 4635188
69789 1137340
1252321 3922569
1972091 2708465
2254285 4517067
383769 2786834
821784 1508768
2043406 3907748
684510 1841052
861279 2593060
1438881 1789632
636636 2653540
1623990 3589501
682784 4405807
57752 4807743
2032118 3868348
130182 3611131
435317 4952275
1071705 1094466
1049646 4827003
3115784 4731953
299675 3405853
1275938 2766896
1550489 3084303
1190781 2138642
3804700 4018998
1699015 2524146
209055 4603962
2184706 2729925
1183962 1315635
2486433 2645443
703278 2236401
147621 1168206
