70 34
897 0 74
469 65 63
699 50 42
637 19 17
706 12 100
55 44 55
206 68 85
490 0 42
798 0 90
958 1 70
391 1 16
896 55 43
879 42 94
500 0 74
102 27 38
2 22 83
465 20 28
563 44 67
955 7 39
441 0 55
855 1 99
994 8 37
768 52 14
421 50 85
395 66 33
464 41 63
958 9 72
196 48 23
232 51 54
307 17 17
249 65 1
229 43 63
383 32 49
878 8 38
635 47 50
984 12 90
376 0 4
509 20 76
200 0 31
523 8 16
962 10 25
235 38 7
531 52 24
431 38 89
408 20 39
369 27 21
524 64 47
922 65 93
815 66 59
9 38 16
870 20 83
329 65 20
597 51 39
344 37 18
125 0 90
790 54 1
115 51 86
138 10 36
726 60 71
848 57 5
620 48 23
209 32 17
416 61 67
463 54 35
267 0 8
575 2 43
848 55 26
6 17 80
995 42 87
121 0 95
