80 39
34 13 589
57 32 870
1 19 961
75 0 340
26 32 1000
74 79 399
74 20 260
18 4 114
92 51 463
10 32 36
19 60 986
9 4 268
55 0 808
71 67 408
8 13 416
18 4 636
69 51 642
45 32 7
34 0 997
85 0 777
43 79 476
74 19 574
79 42 1
74 67 612
62 67 375
65 51 543
39 20 263
80 40 660
68 51 583
79 40 279
19 79 435
78 20 902
95 51 990
62 32 939
83 51 831
49 40 226
85 4 503
82 40 599
53 4 462
22 0 943
46 19 695
85 20 648
68 79 420
61 19 855
9 60 942
90 40 754
82 32 143
42 79 528
49 67 524
37 40 337
15 20 868
62 67 840
85 13 674
59 13 832
95 60 383
55 20 845
75 4 252
69 67 292
38 40 828
29 0 587
90 13 751
4 60 586
78 79 618
96 19 174
53 19 304
7 60 655
46 0 286
43 4 706
69 60 942
33 13 300
44 32 524
22 67 608
53 42 386
10 60 849
42 79 890
10 51 790
39 42 789
34 19 208
45 20 381
98 13 392
