100 50
3 38 469
96 52 781
33 74 262
13 0 594
28 64 388
100 53 216
7 35 233
58 0 578
9 61 218
36 50 859
27 0 182
8 0 401
39 99 952
57 51 345
36 26 64
45 0 704
26 48 869
25 55 769
15 0 798
15 46 461
100 90 826
4 71 487
59 61 807
19 97 230
37 62 218
45 51 834
90 47 532
6 97 171
46 0 979
63 15 438
59 65 578
8 13 863
63 29 246
95 0 326
72 0 318
11 37 686
87 76 239
94 47 252
81 94 687
92 57 477
67 0 497
81 55 579
97 54 47
45 99 900
23 0 849
51 0 42
61 85 557
34 0 242
79 31 322
45 78 794
53 0 542
96 0 394
25 0 668
39 0 860
68 0 216
58 37 858
53 4 955
47 86 200
75 81 389
23 48 36
74 0 744
75 0 515
36 75 939
32 0 432
18 0 189
98 44 465
2 99 364
77 55 558
26 16 146
75 0 918
37 11 445
92 43 70
82 95 856
10 0 136
56 35 87
76 0 624
83 41 966
54 29 224
3 18 694
91 38 388
54 0 616
97 29 537
83 25 533
25 0 55
57 0 904
47 64 973
71 96 745
5 45 299
43 94 283
25 0 632
87 30 665
50 55 595
81 0 867
9 74 23
57 62 376
14 46 968
73 99 558
66 60 162
43 11 478
37 35 849
