1000000000 100 1000
592844.54 844.71
857945.60 847.54
623563.42 384.64
297534.43 56.89
2656.96 477.38
812168.79 479.52
392784.56 836.92
337396.07 648.08
3641.02 957.83
140350.77 870.87
473608.97 800.79
520477.46 678.78
720632.11 5.63
537373.14 758.94
105907.52 473.41
186332.26 736.77
2160.45 5.56
324141.01 149.61
222321.61 386.61
902598.94 449.68
6063.35 902.43
990.69 969.06
653140.66 170.67
358152.21 750.12
607830.31 325.36
38425.57 634.43
958949.98 652.10
63558.20 995.16
581850.65 414.25
474697.46 623.24
338007.15 674.11
317201.65 778.
949571.19 662.36
571. 622.09
673659.83 971.09
878193.97 509.46
55714.97 451.60
19987.73 441.03
979586.28 359.12
480893.29 688.11
885.31 918.41
222.06 565.69
865102.56 508.26
916722.52 921.09
83112.57 277.92
9.31 842.66
647174. 841.71
264730.28 397.18
5521.58 164.02
369808. 146.00
569618.67 703.27
288476.73 433.96
756106.24 396.57
896038.59 638.57
891554.22 680.95
449197.44 978.84
116201.69 767.29
4110.81 675.39
2796.88 3.58
965416.88 588.69
659668.72 533.50
233.95 394.64
618808.42 474.60
4702.01 716.30
2891.66 383.29
749169.61 878.42
1063. 92.29
354046.56 551.59
33625.57 968.65
320997.65 221.43
141263.89 97.36
984042.43 260.89
537022.80 447.70
99569.10 352.91
469249.71 841.99
904647.14 37.86
508315.16 166.61
779051.12 864.84
4196.80 9.56
33222.40 9.06
373290.69 420.45
50588.72 365.86
16627.97 230.85
764911.01 944.35
749999.72 339.17
489548.52 338.05
179490.19 170.01
46450.79 874.22
944119.34 608.92
59655.70 783.03
500026.16 50.62
699098.57 992.23
267262.93 679.61
864281.53 750.58
964489.73 554.31
212390.39 222.20
218749.18 569.94
452109.73 970.49
680544.22 85.25
56418.05 487.43
881004.31 976.69
617657.37 542.17
8546.02 743.06
478596.67 677.45
607045.53 714.89
469497.99 456.21
906418.66 7.26
229219.02 881.75
904424.32 645.38
3246.58 519.83
552 311.87
425451.27 885.79
679879.18 456.95
483408.68 788.21
229441.94 880.73
3692.25 957.21
471751.51 711.02
153694.20 730.42
646264.37 214.46
186458.27 807.58
747079.86 674.11
276893.51 174.
704474.71 463.39
840428.56 204.18
164958.14 124.48
722080.35 30.94
746994.76 92.74
217450.90 749.08
731693.55 45.58
209157.96 286.29
677263.24 63.10
555649.01 9.92
833038.66 984.78
703494.28 181.58
512393.06 580.48
787542.97 606.87
218402.33 455.96
869.23 492.94
715561.94 486.79
708548.63 498.87
844550.29 194.84
726.61 974.01
862309.34 780.14
985032.98 753.47
4048.49 269.63
41092.36 428.
297841. 401.18
120656.51 980.22
406120.09 569.86
343605.97 788.96
4172.90 359.77
399498.33 301.08
775219.40 926.23
325310. 952.05
948.72 533.01
3045.77 8.14
250622.07 677.08
810424.67 432.24
7524.42 9.55
379033.86 96.72
2569.27 591.
476477.05 487.30
458514.26 524.45
442015.68 852.69
433438.28 6.37
509342.18 86.78
66039.05 206.69
847275.77 681.77
178367.25 69.37
9688.58 892.27
65.37 779.19
925163.45 715.04
490818.79 469.07
8709.51 488.30
414567.57 174.95
475289.64 783.03
556429.43 159.51
1439.53 649.68
539223.27 325.12
1470.39 159.95
129412.18 578.90
92260.54 910.45
971.88 800.45
8770.72 93.39
426305.90 473.69
580197.69 716.32
27068.75 731.63
766963.24 9.16
3086.79 232.95
503427.45 953.59
557811.85 97.45
621678.95 863.57
157632. 992.90
85001.81 94.15
633607.62 949.39
936746.06 447.42
727696.25 742.84
306986.03 119.95
443878.35 391.35
531849.01 845.18
536274.40 680.92
609177.09 98.94
92027.86 55.45
86532.32 237.23
839512.61 522.03
5074.01 649.42
544590.06 32.25
580151.22 771.25
376226. 491.01
981639.11 244.61
374323.97 45.99
310067.40 831.16
807022.63 640.49
368102.98 312.06
801836.78 70.28
683572.24 380.66
633930.24 926.66
853940.51 497.42
427834.55 2.28
7326.70 447.41
968903.36 363.
397533.92 738.04
449083.23 937.34
257233.81 381.98
697141.96 897.90
121059.29 241.99
2263.24 489.10
891522.95 358.23
385237.68 916.05
1816.73 631.88
2815.27 374.37
324404.37 680.74
795534.23 503.17
296242.44 885.30
351870.83 738.23
555361.50 201.94
548519.63 519.86
3487.94 24.75
1489.69 1.96
707917.99 709.45
611748.07 671.29
447515.15 696.41
378326. 100.60
960256.38 72.89
19300.96 979.54
148478.27 258.59
215528.89 579.40
975751.55 273.27
970075.45 25.40
888043.24 708.50
277773.31 894.37
26522.52 625.75
329542.33 967.92
168576.86 901.04
329935.25 889.44
512451.10 510.34
3867.74 530.68
944707.62 892.71
677114.20 639.34
548361.67 272.87
1468.54 856.28
635056.03 299.71
460219.00 24.37
558065.53 361.92
502709.08 153.40
425507.02 906.34
8511.62 968.27
690893.20 99.11
289775.57 539.69
724147.67 388.94
227083.00 454.64
9720.60 833.58
914790.96 667.01
440666.69 685.81
648598.50 29.33
919531.79 542.09
991141.44 383.51
806669.69 461.09
64.22 539.41
887264.62 880.88
328303.61 404.
544647.98 621.87
379356.50 542.92
120919.54 680.92
287119. 42.96
116098.91 106.03
316487.17 246.38
562783.95 906.30
580106.16 597.88
238043.44 580.90
145870.16 335.66
625527.44 361.07
910993.69 878.24
434155.03 517.05
474667.06 184.90
434760.73 187.89
715207.67 523.52
320565.30 3.99
597302.36 649.47
5189.37 970.97
663866.17 293.32
200364.68 925.06
309251.60 403.47
633062.28 890.23
432606.51 928.36
592080.45 431.33
592780.97 354.
657019.09 652.34
1718.59 402.65
37565.39 984.99
448142.35 937.72
672041.63 266.81
564064.97 956.88
1485.76 272.69
057.33 765.14
21688.06 7.24
260628.43 871.52
179410.77 433.95
325117.11 583.10
936468.58 940.74
52508.84 596.93
891800.98 780.39
211533.38 764.14
189062.68 898.65
8931.86 90.09
6191.49 3.58
96562.24 984.16
896581.85 271.05
473190.47 479.11
508390.45 967.97
99958.42 39.85
483706.11 458.27
235262.40 58.39
123844.67 856.34
399667.71 381.63
21973.39 374.43
661607.61 625.07
9991. 671.65
3240.72 316.53
833315.11 775.40
281152.40 7.32
561577.02 399.73
530860.10 85.60
665677.70 29.63
889287.95 6.10
8914.86 1.02
937218.53 958.40
796319.52 992.36
355225.19 848.01
770674.51 720.84
633414.37 307.22
537279.08 274.08
8689.22 24.10
144286.26 5.06
222657.06 369.85
55107.16 911.55
884951.77 897.45
332190.15 712.19
426943.43 301.52
70410.34 421.78
388319.75 160.92
350207.02 95.89
871102.39 667.87
192717.69 918.98
579680.75 455.36
642351.50 254.37
551079.36 1.26
200516.49 514.68
97493.27 851.52
395543.11 233.15
585432.04 746.97
608988.00 579.17
170099.61 686.08
976801.88 608.71
328378.96 802.50
836364.30 415.54
415608.93 936.52
722184.26 32.87
425945.37 93.00
978547.24 575.31
643678.85 364.45
667714.44 571.33
774683.88 900.94
404306.99 895.37
650.96 685.79
231070.67 538.24
773034.21 746.16
721430.92 4.29
194022.45 205.49
535468.77 437.84
974989. 300.42
78969.84 726.81
975424.10 7.15
247045.30 36.07
406921.42 877.10
431993.56 284.24
935301.59 772.11
610986.97 2.93
931505.39 673.24
224466.25 24.48
7468.03 927.63
693152.40 705.37
596064.80 537.70
455578.95 600.35
654081.89 373.76
6633.35 456.62
85066.28 233.87
871.11 322.21
6127.18 367.40
726227.74 678.52
144691.48 168.00
64435.42 264.06
348356.20 88.93
602229.21 714.85
157222.80 342.15
727249.60 663.11
854460.72 554.63
25756.81 57.47
80061.91 517.04
755106.29 32.71
456687.41 4.17
668605.10 545.81
588811.47 896.88
575077.73 421.40
702951.37 357.51
972911.88 872.73
156653.00 684.69
34070.91 885.71
844853.17 510.48
127688.14 621.35
239337.93 630.92
693745.28 106.33
476945.60 585.96
253625.14 201.25
637855.87 760.49
359110.89 708.18
587375.53 809.32
204072.31 796.44
266407.43 298.35
978172.91 46.73
189753.72 520.28
375994.57 242.77
684552.79 669.34
963740.77 878.73
997436.14 362.86
45234.44 325.48
496914.44 172.56
85076.62 452.49
932665.86 763.62
311486.40 888.41
697274.81 463.34
264619.21 575.05
194900.87 741.91
936927.12 659.33
724994.17 164.11
7423.89 497.05
873.98 386.09
729448.86 578.56
3063.36 988.34
574031.75 944.31
559774.65 564.51
51170.48 104.90
614438.55 731.
244032.72 963.03
741238.77 238.21
644420.90 339.04
727480.33 584.09
756653.47 251.
932295.29 993.15
164532.33 512.81
863476.14 347.22
242637.06 731.70
977517.39 503.31
392430.71 391.33
794506.72 706.81
318917.21 974.97
891580.16 700.29
440777.17 207.34
664964.48 753.52
604077.85 495.88
118041.22 784.62
491591.11 854.45
4818.32 965.31
491201.48 72.72
2801.06 902.87
334017.73 970.17
444121.93 367.50
789769.99 467.19
75566.53 8.29
790462.30 514.59
9683.92 6.80
711990.72 590.55
700044.92 360.49
629376.87 434.83
4801.21 415.77
32055.01 60.32
849319.22 695.50
230411.73 118.09
40710.51 479.93
587967.22 897.67
920271.59 366.01
930839.47 545.70
574091.04 178.87
115861.52 244.03
124288.22 223.95
5398.58 868.10
794987.28 32.45
698557.02 46.41
998025.48 784.24
2381.58 490.75
744101.23 839.62
228857.63 3.94
931076.77 670.84
876284.49 232.18
128696.99 350.12
252699.47 72.06
644479.94 251.96
450224.71 288.34
921192.25 450.26
879856.12 44.52
535801.14 452.31
326117.62 300.72
266788.02 199.43
492632.65 345.85
330600.47 66.96
865.26 911.01
4758.48 677.25
452398. 200.23
929475.31 122.79
4875.71 91.55
229276.70 685.41
526412.00 550.01
832238.51 60.08
9046.05 651.96
640907.85 30.15
910072.00 27.94
185447.27 895.18
126727.69 397.10
760049.26 562.97
730478.63 192.52
412052.39 498.77
243623.14 997.96
671115.86 883.61
392966.04 924.70
251626.91 157.52
786860.35 973.12
62035.75 100.88
317897.10 525.75
704271.01 955.96
117819.61 356.55
266283.29 807.92
163558.26 876.
773710.98 883.78
969167.51 573.06
458412.47 485.43
895512.20 208.42
375350.35 641.16
716032.44 56.26
978153.52 331.03
206063.90 307.81
984772.55 668.85
245277.96 201.11
74895.63 363.99
3753.98 275.60
368490.12 761.58
695946.00 412.19
164319.95 893.33
575061.63 256.28
236790.94 448.72
403147.32 68.79
943142.10 786.39
496548.22 326.68
181476.10 166.39
240490.27 220.50
709700.34 769.70
363481.02 159.63
644734.23 332.26
932249.80 788.95
987758.31 887.
5315.10 60.63
898192.75 118.15
595583.42 354.89
33771.10 .01
765832.59 842.43
363223.79 246.92
493590.29 152.38
616940.48 739.58
703965.98 932.69
6017.38 595.26
736985.94 725.
279171.72 797.92
904439.66 779.42
8493.19 848.36
247617.70 7.64
718981.92 323.86
6746.81 673.91
802355.27 0.36
647209.37 672.56
5774.66 777.28
143528.01 301.39
755867.30 342.94
603649.88 621.86
2986.65 460.34
684799.54 773.81
647217.09 385.80
31574.04 901.81
9375.80 102.05
783274.62 60.50
885796.16 898.14
55981.77 950.56
514462.98 0.98
523364.99 380.11
985359.93 260.24
446546.45 94.75
876648.20 37.56
771241.18 278.10
93.11 701.35
624497.00 35.42
388169.66 555.40
356439.08 631.06
4625.27 646.16
609536.96 200.15
337840.80 303.58
980409.56 243.51
230305.97 57.36
948443.78 476.55
989032.39 749.95
34245.59 795.11
908733.41 735.78
265930.69 145.91
194058.25 992.75
500021.45 996.57
658604.95 930.97
643419.86 246.35
315022.88 902.63
922093.42 637.03
97896.77 260.50
177929.78 620.74
154389.79 440.30
552440.80 227.54
227156.47 266.67
897057.02 564.10
125811.29 205.98
936844. 373.33
350387.05 469.33
394160.32 338.94
366479.84 866.38
694728.02 17.83
958145.66 3.15
921059.99 240.10
688462.86 976.29
127087.43 746.79
242531.67 510.93
252473.62 649.09
687589.88 42.76
549237.71 643.05
570423.39 273.16
2204. 153.70
759873.88 792.96
550337.77 532.99
361106.61 75.03
984030.01 869.34
205499. 424.86
652514.96 552.06
251200.04 324.91
788164.30 162.55
81581.98 5.40
2229.66 232.40
525916.76 498.52
927958.23 503.27
196374.25 27.53
84178.70 419.94
517121.69 646.78
471206.16 658.37
716.41 14.68
802733.29 6.30
755737.35 378.81
600933.57 469.07
725316.07 97.37
117491.76 8.68
105372.70 964.76
712639.28 523.54
886118.54 863.73
775426.95 797.27
781490.79 569.65
726851.58 457.77
802215.94 743.03
866291.14 927.75
637.08 480.51
917151.21 169.27
39222.70 430.03
431253.87 531.44
470647.50 697.54
5412.64 542.34
6672.10 522.31
620.16 811.55
286453.31 901.95
642233.96 763.62
312510.61 156.98
651467.88 337.76
430235.31 849.36
22331.20 794.48
924292.99 506.91
144179.11 396.02
148974.89 122.53
963912.20 303.67
266680.64 771.12
528319.25 872.06
999853.20 80.
143078.19 943.68
2101.04 44.10
860362. 73.31
961841.29 760.25
404422.75 65.99
711614.53 569.94
1585.39 627.10
657301.40 945.29
457835.49 512.65
908538.46 246.93
263346.88 930.70
373448.48 771.
339843.39 218.70
308819.28 506.10
221781.90 730.70
74921.61 553.79
576656.83 315.48
44467.88 512.91
635.27 848.60
949369.52 264.53
1074.93 286.30
196646.98 8.90
8901.45 789.81
302878.76 644.67
970410.31 785.19
748973.67 607.84
369940.01 584.64
157281.44 37.89
392752.32 154.47
152742.51 479.14
176935.71 199.83
5758.05 457.29
718119.03 463.95
307306.66 635.96
4627.53 977.80
247767.37 675.35
987370.37 925.65
252567.35 719.90
386538.98 759.03
125707.19 973.11
149498.04 699.22
345514.44 186.83
390854.22 971.49
114767.92 33.66
796117.79 819.55
485794.98 960.58
627716.04 590.19
832943.40 1.60
196699.77 287.41
446736.71 123.78
859724.31 715.97
770996.64 91.88
501462.55 119.74
274040.77 920.90
772627.15 772.55
753086.42 404.92
86955.10 930.98
694393.87 778.07
791614.49 3.71
3341.73 934.90
469588.79 215.31
514624.49 643.70
319419. 106.19
456864.48 487.29
771405.86 72.58
670430.34 147.84
681114.80 341.99
845086.84 456.41
233708.12 762.84
978654.05 633.35
4428.91 204.96
379661.64 496.68
20141.04 481.51
474884.54 435.34
308657.06 956.22
666005.35 787.43
515595.59 366.72
371212.31 273.32
546963.01 854.04
39202.25 751.74
783763.62 394.76
743794.76 389.85
315387.72 235.97
803791.89 29.58
239097.58 301.03
607630.99 425.
663061.74 143.
343453.37 529.19
622565.09 269.74
261170.45 46.71
2710.91 27.14
360634.91 179.41
501767.30 980.94
420985.99 585.19
591170.65 56.10
7217.65 776.
733762.68 146.41
453880.38 397.39
385759.58 68.88
790304.92 4.05
163263.18 696.11
227431.19 847.34
601625.50 753.62
225808.73 751.89
836053.98 542.66
27400.84 329.77
591142.30 938.87
217504.04 43.00
595985.27 541.46
406493.63 953.10
84288.67 951.80
34989.18 538.41
945636.51 461.45
110247.79 968.96
451589.79 815.07
681578.80 405.06
9408.23 657.15
757470.19 21.52
609172.67 945.47
2420.95 250.24
850195.76 945.87
371294.56 675.45
915647.59 95.42
484942.55 780.41
648496.40 126.69
860026.09 618.16
950660.85 601.77
814585.28 987.37
787451.92 491.81
588472.61 573.22
49456.04 385.43
422276.67 129.
406.85 4.03
356805.24 242.33
555385.18 923.80
39047.76 435.51
667645.98 84.14
611969.89 369.11
765270.16 247.69
123495.10 107.56
494764.42 562.72
218783.90 550.76
717852.84 249.03
10164.31 831.51
843678.41 377.23
9343.30 6.94
317373.29 598.35
404121.00 116.84
412481.15 843.20
523108.25 608.88
359874.20 175.79
570039.80 551.92
956129.11 9.21
898154.74 925.19
240623.28 45.16
848859.17 168.48
396884.10 453.32
324998.42 426.02
311246.38 525.09
40017.49 590.
152887.81 976.08
645608.60 7.83
39069.23 269.76
763936.89 92.80
662067.10 551.00
436532.19 177.27
32719.61 512.38
514609.70 14.35
642575.15 361.31
4807.88 459.95
697590.20 506.78
370052.27 196.88
29881.16 226.66
621809.08 258.97
678694.70 937.84
256567.56 773.47
656158.62 399.52
706327.46 279.75
299378.17 400.17
423701.43 552.32
383381.07 855.84
632938.77 9.54
366274.97 984.07
7109.76 768.26
578080.36 879.21
97922.78 779.14
652091.84 840.66
879207.05 464.81
962407.62 8.90
869087.74 12.56
947514.83 254.27
630236.54 456.29
611791.96 581.22
771288.01 551.32
559937.50 591.02
2184.55 683.87
983059.70 926.62
234963.95 977.95
830148. 966.60
974703.48 465.01
626675.60 266.98
208639.81 448.34
250621.15 852.78
58463.74 289.96
177651.87 98.55
509798.10 854.48
435712.31 265.51
8156.30 921.86
505798.84 658.31
61498.59 341.43
389629.90 505.18
848648.69 809.97
9777.17 155.20
377160.69 512.77
606989.49 144.60
696290.21 890.47
223717.11 539.32
989764.28 644.44
93253.93 773.18
507873.40 112.61
515152.94 755.
117141.91 356.08
396.48 151.45
52497.20 226.34
454232.45 791.86
686300.95 587.51
986593.87 463.60
915144.34 336.19
426481.41 397.52
596819.04 932.14
767777.60 833.22
792105.83 951.32
114212.10 814.08
672272.93 32.11
398847.14 318.86
103193.25 309.66
112391.81 3.60
887599.95 156.70
487838.11 55.55
811902.71 756.80
819757.02 714.71
850405. 297.74
272635.51 42.45
971480.54 306.70
227423.92 68.61
4293.88 808.70
319592.06 780.50
773888.28 936.28
2568.35 585.31
929442.57 234.68
4832.26 380.12
910409.05 749.57
37477.18 773.00
451831.92 666.53
710483.09 552.84
696678.98 635.44
6835.04 103.11
757437.38 490.88
188781.14 311.
620533.01 963.45
188081.64 895.06
646775.61 497.94
370195.16 153.72
120646.60 0.18
22.00 852.00
245116.53 356.94
931952.64 480.71
592088.49 8.58
142856.12 533.87
98805.76 542.99
594378.29 546.22
364284.12 848.96
309633.78 763.16
4484.55 805.41
791537.15 0.16
690870.96 757.30
779748.94 751.07
392079.46 197.12
9700.00 256.55
980375.11 102.72
6974.69 211.17
830948.94 69.72
866702.29 418.70
9244.73 642.34
516363.37 567.35
536455.61 6.90
671568.17 178.87
838175.02 62.66
954400.41 148.79
155473.72 70.48
149815.64 573.50
