10000 350 500
862.83 187.62
532.48 42.20
372.97 506.51
475.01 638.89
752.52 28.83
779.60 230.12
342.99 331.69
164.37 955.69
801.74 869.48
267.15 332.93
959.98 147.81
839.68 535.28
48.18 122.18
908.47 106.87
106.76 316.17
686.80 913.65
648.30 580.28
966.64 546.26
918.72 902.01
28.17 11.36
864.37 284.74
353.37 718.43
943.32 589.26
228.56 201.06
597.69 351.98
556.75 865.32
694.11 880.55
274.11 87.35
294.33 5.75
779.61 34.56
9.83 203.06
678.76 403.91
773.17 308.52
782.16 302.50
385.60 877.92
443.77 164.32
401.09 476.44
380.99 420.93
678.58 970.62
470.78 744.45
458.78 284.84
495.55 964.43
765.18 755.42
792.14 126.84
849.38 934.67
115.25 167.11
30.39 353.48
932.12 113.94
297.46 833.40
789.10 144.79
547.90 996.70
404.79 967.65
511.49 313.49
56.34 719.20
497.20 610.35
952.32 999.59
761.25 859.94
274.38 360.91
113.72 342.97
511.07 590.05
132.14 719.45
960.89 393.85
773.33 561.21
590.16 757.99
503.79 807.30
723.95 697.43
138.93 101.84
436.22 255.59
928.68 860.62
810.96 881.36
39.17 748.36
24.89 784.74
973.05 417.82
900.40 545.59
69.49 793.67
952.21 283.22
103.92 315.72
427.42 944.79
158.62 790.81
340.61 693.11
436.78 276.38
383.13 0.56
547.01 453.93
524.17 43.37
768.59 580.72
485.47 352.32
341.80 737.56
71.42 533.18
337.52 108.76
63.41 8.00
521.30 983.47
303.74 814.38
523.92 977.53
614.57 69.18
418.59 42.23
245.70 130.94
600.70 688.11
61.52 921.98
355.59 564.76
780.84 113.78
461.38 732.58
100.98 5.57
336.11 956.54
819.55 29.51
811.42 242.09
476.44 475.30
435.70 491.12
231.34 404.29
101.11 605.33
817.94 200.99
458.06 952.98
427.86 873.09
768.75 504.60
861.31 788.55
804.65 497.08
869.35 157.73
986.99 407.68
531.62 225.06
567.92 666.22
806.51 388.74
793.69 364.79
20.62 763.30
736.46 756.45
766.38 222.93
669.81 149.45
680.82 598.53
245.17 941.42
121.61 111.57
639.15 690.28
917.74 760.63
233.72 531.01
315.65 782.81
153.63 986.57
794.34 460.09
555.90 88.30
985.07 928.70
10.45 730.48
29.39 558.88
450.54 961.19
506.81 599.14
79.68 253.59
829.63 46.15
877.05 465.50
166.66 523.70
774.52 267.71
726.74 567.77
764.26 84.66
808.33 353.92
705.24 365.70
936.42 702.27
471.01 718.48
837.68 714.35
258.47 593.81
882.29 949.77
396.18 161.51
769.17 30.01
156.74 821.37
411.01 505.50
323.83 530.83
215.90 777.39
974.84 365.58
849.33 424.40
268.89 922.55
434.11 525.01
185.41 221.08
424.86 324.11
400.25 700.64
610.79 621.97
366.82 978.48
621.27 523.38
678.62 941.76
67.53 679.00
395.94 106.60
203.52 34.99
234.03 626.63
379.22 332.58
357.61 281.33
331.15 985.93
178.33 283.28
937.71 198.96
694.33 804.06
345.79 492.86
45.07 731.09
673.90 837.69
87.50 100.77
971.89 524.89
931.79 693.84
75.92 597.22
967.21 396.78
294.81 387.84
819.28 937.60
314.19 542.17
90.95 944.17
738.08 602.71
458.97 203.12
583.65 286.90
832.73 982.56
716.73 586.79
7.72 719.62
94.92 214.12
431.96 308.51
859.83 159.69
831.66 559.24
156.51 64.40
706.88 344.50
368.72 678.41
609.24 946.20
885.49 266.25
25.15 89.05
709.43 146.50
850.94 72.12
751.09 787.51
749.66 976.77
589.97 738.58
603.22 160.49
501.45 500.69
414.50 904.51
971.83 816.60
552.38 421.17
857.99 199.39
660.40 786.28
973.65 424.22
675.17 306.34
772.12 847.49
131.87 19.14
923.10 61.50
935.57 171.43
507.66 904.09
176.08 931.45
713.97 831.28
631.72 90.40
147.96 463.63
717.66 230.82
701.09 110.75
650.54 518.72
39.38 414.08
487.25 569.86
251.76 336.23
94.53 948.82
596.19 708.79
447.77 360.70
856.94 586.95
973.10 725.33
137.89 518.72
814.02 890.14
484.13 566.83
611.81 924.49
134.57 364.98
832.00 413.19
681.42 892.39
730.25 33.85
268.08 357.88
107.07 867.49
703.12 518.64
233.60 843.03
268.31 641.57
6.11 348.84
70.04 25.03
67.13 523.78
799.30 95.09
345.67 308.07
720.02 845.10
337.75 962.94
762.71 721.29
29.07 706.55
935.64 714.15
245.94 77.94
977.04 166.80
437.55 94.82
628.42 863.57
952.56 431.53
466.01 903.61
214.80 827.29
991.73 878.34
998.75 282.03
498.91 230.64
913.55 892.51
687.92 317.32
590.41 173.15
334.38 477.50
625.10 492.69
104.45 695.48
824.42 736.41
197.12 148.94
670.97 280.17
308.02 491.93
422.95 406.74
531.18 202.31
604.25 165.75
741.03 506.02
84.03 420.21
550.34 154.98
392.00 214.07
459.81 683.69
350.07 850.61
418.34 296.57
149.11 883.65
568.92 75.92
930.54 799.75
726.27 348.22
392.19 59.51
390.78 11.58
13.33 583.19
159.97 34.57
407.13 183.25
8.35 24.04
776.23 405.60
447.91 111.64
901.23 330.79
895.37 654.05
492.05 610.42
381.07 845.42
807.20 135.77
915.12 120.02
770.89 754.64
552.79 737.48
405.60 827.05
98.07 692.18
926.37 73.21
522.59 490.80
479.34 37.62
663.07 733.81
886.82 982.37
256.53 367.70
365.23 787.50
899.33 524.26
550.72 283.13
181.71 441.03
869.56 108.64
355.69 827.82
8.48 724.53
7.00 117.37
158.41 788.46
525.08 65.47
220.19 428.55
337.46 498.93
327.82 891.11
312.18 908.72
393.69 879.78
391.56 445.20
273.87 131.54
202.53 836.93
406.01 959.35
505.09 100.55
516.86 886.63
39.04 234.47
979.53 681.96
977.93 315.82
825.03 433.26
743.84 999.77
377.23 617.78
469.55 238.06
952.63 631.54
937.41 272.35
952.67 367.02
540.63 200.89
885.67 264.76
17.80 320.17
544.65 386.24
110.86 985.03
167.91 291.86
603.67 744.92
597.33 547.96
42.32 211.49
823.35 388.76
453.70 378.30
333.86 195.14
751.37 525.06
104.28 23.03
788.23 452.17
596.75 820.22
140.79 961.23
931.86 34.94
404.81 327.67
50.95 202.75
496.20 335.29
113.17 911.43
985.97 823.93
667.65 106.93
378.20 341.58
889.35 197.81
312.92 451.23
222.19 107.60
544.45 927.96
298.38 908.05
919.27 402.42
614.27 956.42
29.84 953.68
518.30 23.76
879.78 923.15
180.87 887.53
438.54 243.68
774.57 767.52
581.93 357.65
916.84 625.93
487.96 302.91
57.70 660.77
463.94 121.77
163.59 636.69
991.90 151.45
907.98 836.33
192.92 318.26
597.90 970.74
38.46 278.38
473.23 918.21
701.62 571.86
783.86 354.17
773.58 570.37
666.60 190.24
933.68 249.69
56.09 195.35
275.08 65.96
164.03 865.53
790.02 208.58
857.35 778.04
493.33 269.81
777.89 879.69
724.28 863.55
996.80 435.39
192.47 581.90
464.07 362.35
308.31 473.52
983.45 297.46
882.79 792.59
846.88 683.68
712.45 591.12
382.44 58.66
322.80 878.05
181.05 391.69
901.58 72.92
339.22 873.78
266.69 305.85
630.89 191.10
337.02 375.47
180.48 751.30
24.96 381.79
402.91 788.29
900.87 704.33
554.68 40.03
384.43 298.92
6.32 155.92
375.16 774.19
266.57 961.84
509.29 841.32
211.49 576.44
158.95 565.40
993.03 414.81
76.09 912.35
502.05 174.23
821.35 343.86
13.44 93.04
604.13 95.74
472.28 38.90
368.96 689.71
488.44 819.51
497.49 435.56
128.23 611.21
900.43 191.97
193.58 450.35
573.80 45.40
768.27 298.40
457.38 93.79
658.57 888.08
842.64 897.46
101.75 927.57
76.91 254.85
666.65 995.94
937.91 891.44
584.53 871.16
610.03 801.73
409.99 827.28
430.74 970.05
478.54 794.69
125.52 210.41
717.66 911.13
72.25 637.76
545.57 427.39
345.90 479.01
282.72 325.56
415.20 593.85
819.58 452.19
272.33 319.71
536.58 16.79
777.23 190.43
252.81 948.46
599.67 901.16
403.63 95.96
689.18 222.08
214.86 588.27
323.52 514.84
627.91 604.10
60.53 669.14
770.42 449.71
550.34 509.50
504.55 612.11
558.29 509.14
554.14 724.28
585.91 707.44
422.68 642.54
245.83 190.77
