1000000 30000 1000
87209.41 961.84
58141.60 481.94
555.95 126.45
6004.23 865.18
65908.41 248.95
20219.10 52.62
26728.16 980.82
62656.60 770.86
37804.70 606.09
92932.08 948.12
43562.28 403.47
20329.58 325.67
33414.34 373.82
38545.21 352.92
11686.54 677.07
1748.87 649.58
79410.69 257.92
41816.13 586.93
66490.96 931.24
57731.92 198.35
17047.48 102.97
29974.10 427.10
30335.01 977.01
2499.22 278.96
58111.68 686.39
1418.44 441.76
20677.97 357.41
35918.97 917.03
96459.16 170.69
21441.99 570.02
88370.72 218.50
16889.61 587.49
91428.14 358.08
80325.57 37.86
55137.21 313.29
84333.26 840.37
35422.64 273.27
1333.78 170.61
17195.52 885.95
26497.54 607.18
33613.81 202.96
99091.37 264.95
42964.64 728.36
64507.70 428.19
11586.23 502.98
85712.76 37.83
43413.16 792.99
67553.34 550.34
78755.09 607.13
44513.69 761.67
34912.69 999.06
32283.16 373.73
50308.82 653.53
5028.39 679.68
5848.51 89.22
45624.32 945.52
76708.03 684.37
12696.29 775.67
67801.37 711.28
32196.56 667.85
30898.80 796.02
72083.37 72.21
74517.59 381.03
66180.89 140.99
39698.98 166.73
86721.01 405.46
60807.32 939.88
80742.83 508.03
76540.66 901.57
2707.47 128.16
59204.72 376.13
82018.95 517.70
89359.62 378.66
77966.62 129.20
242.35 622.71
72839.93 395.99
51349.69 19.35
72017.37 583.08
53129.50 701.67
69540.45 119.48
95118.22 173.50
34531.25 483.55
4856.50 952.64
85455.10 733.61
64114.86 601.51
76267.82 453.73
9347.54 170.94
79163.41 478.99
82189.24 597.61
80284.79 378.92
49107.02 969.54
14766.10 953.34
91017.38 416.97
15949.06 249.66
7206.45 792.81
91508.79 115.82
3703.98 834.54
60539.41 686.71
31365.73 625.94
88987.40 450.74
43690.07 597.47
9218.08 934.34
52412.29 893.47
13233.52 224.86
49412.59 355.49
61692.20 858.92
88462.74 63.11
37782.91 852.47
46198.52 288.71
86418.16 67.68
18129.47 162.59
21498.16 577.75
17890.39 814.41
13518.93 288.53
31463.48 988.92
50684.02 703.28
95482.19 292.55
46326.14 767.23
30927.71 436.07
41471.30 949.24
47126.59 31.50
58933.73 78.76
33355.36 168.76
26249.66 649.85
30064.61 649.05
87263.05 79.39
90591.24 46.16
56898.19 44.16
58110.58 623.85
74832.38 305.52
98018.35 43.17
21171.44 472.34
19939.76 776.44
78321.08 360.44
21681.14 663.19
47547.27 615.67
29406.65 126.86
10059.86 895.08
12462.14 591.86
19653.11 540.92
20564.01 258.48
9451.28 90.68
41965.25 109.25
76711.40 424.64
27771.35 900.14
16861.25 579.00
67402.93 607.66
53643.71 438.25
57860.41 571.80
29831.96 426.04
77235.68 953.16
72663.53 352.42
40129.82 667.10
74250.09 296.15
2.36 970.93
39097.69 329.56
99842.62 190.25
97944.93 203.78
30302.30 502.87
66395.96 956.67
7952.29 24.05
28974.62 722.37
12609.27 588.86
47610.67 777.11
95555.20 421.93
86843.79 678.44
31749.73 579.39
55858.75 955.50
75289.36 816.50
85638.98 827.64
18958.76 38.77
21905.83 670.17
83851.27 701.50
5798.41 205.44
82915.97 36.81
89135.61 262.50
69411.01 681.55
53698.45 253.73
16795.82 43.13
3377.98 709.75
23438.67 80.77
77614.74 665.31
11128.90 336.93
2890.40 486.51
99850.62 57.38
83737.60 559.66
65467.47 838.55
91863.83 889.56
90361.45 536.25
80897.85 816.41
50193.44 973.27
15561.03 851.75
82594.53 754.15
36918.74 391.44
12690.70 765.61
46934.20 563.90
53658.70 694.91
51343.70 723.48
13669.38 196.64
29031.78 951.62
86051.48 239.77
67027.63 528.71
20958.19 923.98
38474.70 19.35
52931.93 78.64
44018.48 198.40
73598.38 957.89
20979.39 502.64
4324.97 916.07
85637.75 415.01
52426.49 963.12
70288.00 602.91
57776.85 56.43
58328.71 976.99
19595.58 698.52
4640.32 183.67
51614.86 37.17
31876.22 954.31
29560.44 43.25
76247.52 11.94
3992.22 116.97
20088.55 55.56
1893.76 453.12
92417.47 359.09
61771.99 195.11
88829.85 408.31
47916.46 239.96
62422.41 70.06
68797.53 193.86
96261.16 871.61
80568.31 535.38
33746.51 195.17
12837.84 69.83
19800.55 860.71
36461.25 806.43
97658.71 697.67
14949.31 305.16
96899.92 437.44
63872.42 186.74
47083.21 254.49
14920.11 978.67
3898.49 674.54
12975.58 156.71
41695.37 746.60
19037.03 28.93
77359.20 43.08
99750.65 395.39
60978.97 446.15
17604.78 900.61
7848.52 525.48
43672.44 982.23
54072.90 919.63
52601.36 78.94
5708.10 353.91
30390.08 650.60
29279.48 602.72
22025.83 925.59
65833.25 35.94
98642.96 857.09
27213.34 868.23
59671.11 640.89
73530.88 695.07
39366.96 473.81
68930.23 712.75
21352.07 869.47
73527.24 625.34
26551.00 85.78
8114.78 666.61
58990.24 410.55
49312.18 45.89
77844.20 57.29
34510.88 49.11
57598.39 200.99
82324.78 633.60
79606.27 0.72
70768.92 35.26
65232.75 980.52
8671.54 13.53
53301.69 300.82
26893.86 607.73
29205.19 645.88
86213.12 827.65
56265.05 827.57
12706.69 249.02
1204.26 954.98
72170.04 503.01
25427.05 879.16
19782.38 679.42
45621.34 696.37
42775.65 45.97
61744.71 643.99
15615.17 278.81
98015.78 726.62
45459.46 841.25
86657.96 163.42
85704.81 528.13
65981.19 989.76
41562.12 434.01
24872.41 84.29
80566.27 863.89
15498.53 615.49
16191.55 575.02
10070.43 514.12
52301.34 317.25
40836.49 883.34
45986.89 144.81
77583.77 965.98
92074.21 33.28
33762.78 813.36
53567.14 887.66
97679.65 852.70
62481.35 402.17
86170.29 459.17
51146.89 798.21
22601.30 72.84
9922.33 330.36
31011.40 845.18
849.94 285.00
79479.84 496.93
44206.10 71.28
53736.27 912.39
16649.21 679.56
12698.70 501.90
32233.06 394.68
62770.43 579.80
83690.15 945.96
73910.16 214.58
37353.59 626.66
32324.00 998.57
9524.71 824.32
66408.36 580.14
29746.12 305.95
13287.12 100.94
59021.93 689.93
26099.56 249.59
20551.30 1.59
32770.34 675.94
35991.12 440.72
94867.66 136.41
21850.39 280.75
29262.46 319.34
27304.41 741.26
96970.56 949.28
70622.66 505.71
94122.87 751.93
91648.67 751.92
80559.71 915.07
14209.43 400.76
12033.45 867.94
79747.64 396.44
24737.11 825.31
67442.88 618.13
11020.40 974.16
99217.01 662.76
96885.02 832.96
88106.61 7.61
39945.99 92.56
41525.04 575.94
75198.46 596.28
74950.86 721.57
12679.80 807.77
82342.72 107.84
43423.80 461.09
90102.18 347.61
17266.49 651.91
31041.79 235.10
56653.68 656.27
74504.13 16.81
52767.91 130.92
46382.13 651.31
53284.05 41.87
92486.28 213.13
80690.15 667.06
67056.85 639.29
92206.29 424.86
5136.16 328.53
11321.70 91.43
31775.70 681.85
54394.82 162.96
65668.48 735.03
44280.74 929.43
13864.47 940.52
82424.00 90.80
80332.97 969.92
32816.31 821.56
21709.88 823.58
29829.64 647.48
52882.83 341.66
914.64 380.26
70016.16 769.02
47921.59 138.64
28774.49 627.96
30849.43 988.74
72612.46 716.43
30402.69 431.22
17087.41 892.60
22974.10 874.04
9988.98 460.05
26066.89 840.05
96774.52 768.49
49500.45 310.18
63584.02 82.19
96896.46 45.96
79116.12 230.14
82612.77 667.90
93670.93 732.88
50340.54 47.14
60450.04 913.17
75957.65 428.33
84021.20 599.16
46239.88 757.33
37537.24 938.82
90713.76 812.41
64642.84 476.09
58330.57 752.62
78686.10 172.58
80173.97 120.30
75967.86 790.14
16576.88 103.04
19519.89 723.59
22158.34 947.81
22172.93 656.54
19338.07 818.43
4950.46 298.46
28104.06 762.21
81105.00 729.33
45394.56 146.26
94780.91 482.06
54291.19 779.83
51736.23 239.89
22428.59 210.90
52665.23 24.83
90375.76 955.97
9416.08 325.71
38223.03 243.31
78414.05 448.71
15010.79 567.26
95108.46 735.75
5757.66 746.59
99608.96 823.93
72476.98 377.30
71104.99 451.90
30801.57 663.60
24881.75 243.02
18470.70 746.93
67264.12 598.43
8272.17 784.86
88634.84 29.86
24757.74 345.31
59238.65 809.69
79909.26 879.16
42373.40 609.74
75896.94 525.85
85344.20 572.09
24445.39 592.89
89395.02 132.31
96308.56 634.95
41250.83 32.14
84514.62 541.10
42820.36 949.20
56437.77 853.76
50130.63 282.86
53998.51 349.03
48751.10 598.41
87020.85 187.36
42810.99 815.40
46134.70 579.45
1221.20 454.61
28953.82 834.64
11566.89 730.50
65252.96 249.55
80880.72 330.12
86496.57 74.21
1359.90 818.08
53388.99 875.73
60142.87 659.80
97291.85 257.81
16386.25 480.59
84620.97 730.41
29299.61 499.35
65607.92 348.24
34365.97 225.63
95798.94 382.22
77910.92 672.33
8605.61 312.01
17528.20 737.92
15738.84 611.22
60687.80 780.11
42815.16 628.60
90165.83 122.61
15736.94 75.06
73004.31 107.19
60344.35 476.11
30168.15 603.51
46594.50 267.30
30420.90 163.88
69977.00 116.83
84323.16 772.50
49458.61 220.75
77541.34 126.26
27728.25 178.41
56009.03 947.98
20378.94 842.73
3831.91 355.59
54091.44 176.42
49294.94 857.23
27678.27 507.42
93330.22 26.05
71093.99 84.82
37496.63 513.58
18975.16 448.46
34904.41 188.07
30414.22 690.64
71993.08 823.79
82125.54 93.50
58827.91 924.83
8942.13 718.37
52305.54 109.69
89728.13 611.86
18941.29 724.92
80754.87 152.44
82647.82 945.86
65252.02 662.39
60021.84 781.91
36465.17 498.82
13523.81 841.58
43416.81 929.61
32269.39 692.46
46819.75 628.50
2031.10 571.90
43752.99 147.48
70081.05 563.37
83806.91 516.16
74248.28 788.55
67930.48 389.69
12324.02 581.04
52580.49 420.46
18923.76 334.63
14861.50 763.75
46144.64 830.00
87354.06 418.05
80277.94 550.95
55888.11 703.56
2696.84 266.74
21947.33 747.97
14395.84 637.02
60201.80 797.16
48932.58 47.65
42382.92 512.12
19281.06 305.34
61977.51 849.60
86123.95 878.45
62521.15 182.07
28536.99 582.46
15965.95 177.24
86946.44 800.17
8893.89 152.94
10006.48 580.65
56940.80 118.63
54761.35 976.02
99859.57 261.69
95736.13 351.04
86230.77 443.90
94275.34 405.64
57396.42 785.42
42424.39 996.82
14575.46 723.38
42360.74 997.77
52341.92 881.50
80261.11 283.93
95749.16 659.13
89160.75 668.55
14939.73 304.36
89974.43 200.99
80284.39 783.01
82678.34 66.54
91929.45 466.34
58223.90 216.25
12050.25 966.47
89087.00 379.04
64033.02 160.81
74603.10 207.41
41464.42 948.44
34181.38 712.34
50282.78 293.22
67298.07 997.28
49950.85 818.56
14083.35 373.65
74217.83 610.47
51225.91 438.66
98033.87 114.52
87806.23 744.02
21807.22 605.66
1137.85 839.63
65089.79 688.23
47866.46 636.53
24331.11 74.51
56208.92 217.42
20477.98 397.00
94413.22 64.61
7704.75 165.95
75884.04 25.32
86179.13 309.68
84635.14 422.45
41195.11 59.38
73799.35 394.34
12168.17 853.23
53955.52 26.66
32873.58 624.88
2836.87 919.76
13459.00 85.40
79268.28 369.02
61020.41 453.68
39628.94 401.52
63187.21 639.67
22963.39 873.63
11444.44 138.37
65101.72 212.57
63255.90 347.79
32420.36 800.18
16138.89 538.77
67009.90 421.29
65700.25 668.02
8452.74 795.14
88570.73 130.31
62278.74 196.47
89075.32 827.30
15416.76 646.05
50666.14 535.23
83335.57 290.60
8441.61 875.60
18014.33 491.55
89062.65 235.25
36367.01 887.60
47134.34 177.39
50099.50 467.92
71259.46 125.35
47151.51 820.92
47648.98 870.96
21410.54 538.53
20036.19 441.49
15554.65 715.84
46896.14 7.24
68910.94 111.12
82506.00 223.41
57590.49 462.44
69510.98 648.37
12569.12 722.08
9731.03 587.01
56526.71 294.60
67503.90 819.43
66306.66 519.61
62574.15 638.32
60805.18 262.53
50453.04 790.46
14074.09 708.57
50527.53 604.79
59854.97 692.60
64627.32 587.02
84234.50 365.22
7611.40 361.93
77136.25 518.43
65459.99 727.20
30672.71 992.65
21274.43 664.18
33984.54 226.01
87746.79 948.11
14811.41 957.82
4114.43 745.56
42649.62 270.84
73464.90 557.36
61985.27 109.31
28892.18 427.92
15420.49 410.54
72136.44 813.43
1721.89 275.02
19329.80 853.30
59307.50 538.76
7740.20 232.94
33762.83 455.63
10603.75 707.87
55219.98 540.47
14511.29 478.19
26182.74 748.75
13406.61 597.63
67189.43 180.01
90541.76 891.57
67133.99 310.26
80272.57 495.15
56951.43 497.85
44555.15 178.16
33030.67 42.92
31967.34 449.02
13250.59 358.15
75532.35 730.67
31060.97 817.65
53093.59 822.89
30554.83 887.47
42856.91 793.09
71082.90 805.00
4554.72 964.28
53492.11 597.62
81109.02 353.84
86917.44 456.37
1903.61 655.71
78898.01 323.10
29916.43 724.20
94240.89 221.50
21240.17 568.23
58797.60 626.08
31705.75 103.15
52947.59 423.82
63665.21 72.89
54631.49 127.99
92139.42 915.97
15019.42 419.80
17385.36 1.18
54600.65 360.37
10629.75 141.22
99237.04 22.39
56068.35 999.54
92097.88 672.28
27512.41 695.10
89414.48 144.28
54122.90 993.83
87052.01 429.22
80346.72 27.60
47247.27 737.90
73895.05 344.53
92437.54 322.24
41486.81 483.42
97082.04 928.50
63982.90 562.52
55161.76 204.18
48166.96 536.84
7632.31 249.67
83644.11 134.82
10482.00 330.43
59371.03 666.82
11180.29 924.48
38853.12 812.32
18455.55 846.74
33275.10 222.73
38233.14 836.66
65353.47 788.71
39728.42 484.42
8197.13 335.68
92017.29 626.62
35646.49 108.37
2311.44 500.27
27787.80 288.36
37169.42 523.26
3393.31 686.20
28307.85 29.41
42330.32 54.40
44862.27 442.82
85769.32 245.46
33341.80 539.15
90593.06 759.07
17604.80 226.00
21726.39 886.15
16117.17 101.28
43292.62 230.71
76722.17 739.32
36277.09 481.63
90058.13 351.12
55209.78 485.34
73242.71 645.12
11680.31 270.40
54883.68 309.10
65076.55 461.24
91491.36 636.48
61561.40 274.20
24497.08 157.58
53177.67 931.03
44083.92 375.47
37277.62 607.98
10765.01 872.71
12175.29 543.17
8208.80 907.57
83120.68 938.77
35198.08 234.06
15868.54 538.03
94739.01 985.86
18880.91 29.77
99288.46 125.29
43704.25 440.55
98780.39 119.33
63988.47 947.38
30855.18 289.48
48235.01 136.80
91326.31 617.48
82370.12 443.36
7713.55 188.61
30613.22 713.12
66352.15 664.70
45542.50 335.44
13003.57 226.82
79944.00 532.07
23337.91 689.15
32637.41 957.11
4022.19 935.00
87861.73 734.25
42476.70 205.34
54522.94 85.32
50139.98 905.42
58221.15 392.23
67641.63 776.60
18050.78 62.91
423.95 154.18
80349.11 988.99
15716.56 145.10
98477.26 681.75
50528.22 192.26
84020.31 83.25
52565.72 385.34
78181.85 616.51
80512.82 886.02
41168.86 680.33
38369.25 388.86
38700.43 780.75
38912.05 559.56
91790.16 181.17
74404.13 553.81
98743.84 492.95
1444.96 668.57
47880.05 932.96
68086.62 483.41
99127.58 136.83
87085.81 470.14
99301.79 732.07
37173.68 721.79
80950.00 394.19
15189.01 380.82
79831.57 159.22
91088.04 497.64
26966.68 990.02
13250.97 291.93
14143.01 383.18
15414.83 165.39
73380.53 336.65
45031.88 901.56
88142.74 678.73
52600.10 878.37
83486.07 791.70
67337.17 822.09
36287.78 570.28
60549.93 580.32
35577.79 927.75
89815.91 287.59
46601.11 836.18
16841.07 38.33
22659.41 955.54
46117.16 797.57
56419.97 696.15
71653.47 247.09
21340.13 273.49
25029.74 347.53
1957.24 822.78
65041.74 183.55
96205.11 206.88
96601.14 459.65
44181.91 545.99
56531.84 150.49
195.20 743.78
92050.41 29.71
89267.06 879.76
9098.41 30.50
67736.67 247.95
75001.08 365.80
52675.22 543.88
30272.29 987.36
74170.35 432.77
74936.88 352.92
3583.23 670.16
37670.56 306.64
65716.50 243.98
38493.99 256.58
40227.58 257.51
61836.00 153.32
29412.76 207.16
18018.77 474.11
21487.55 876.89
18602.55 522.01
74615.66 929.67
28943.88 274.58
22993.58 561.43
76654.48 482.00
92843.10 877.64
71159.44 247.35
2391.30 421.66
38160.42 797.85
52964.96 578.75
24633.40 358.23
77381.81 821.48
15181.89 694.97
8187.55 404.61
77033.23 517.64
55522.52 459.78
40904.86 771.27
66771.18 92.30
62782.96 40.92
42641.65 526.68
33887.27 482.84
99036.11 132.23
65092.79 658.97
33681.77 240.35
39059.39 916.66
31741.71 666.38
38224.41 779.98
60347.50 210.35
79294.57 274.23
74019.56 277.62
47915.80 883.13
53877.85 240.70
81859.08 995.27
56976.69 432.22
35772.29 735.97
16888.65 483.57
22014.68 102.68
89850.98 644.75
19328.90 882.11
39988.44 312.11
12276.46 62.29
88355.07 975.39
82270.95 886.43
58943.80 639.13
58314.67 796.98
8718.05 585.60
48271.87 106.19
57971.80 34.62
61829.61 279.13
43027.40 602.12
37436.73 479.50
16673.97 587.03
3241.87 571.35
15773.92 641.01
9676.46 242.21
84364.54 890.31
24976.54 814.03
81494.01 186.56
17836.79 969.51
79531.46 885.46
36481.33 702.93
7161.16 856.85
51690.53 385.94
444.75 139.00
76121.28 401.67
71455.15 91.72
49003.50 477.47
1508.77 168.00
79720.62 788.14
43461.70 877.66
18618.28 74.36
32621.47 682.62
17574.33 82.49
98847.81 408.81
83920.61 782.16
37268.38 757.22
98917.37 70.13
61610.96 903.91
52193.35 125.21
94430.30 677.11
69956.82 624.90
34756.91 989.83
85515.19 847.23
43647.72 298.70
5553.06 959.53
37766.33 473.33
83566.14 481.97
52472.90 274.92
77985.93 8.68
8204.97 404.16
67314.27 844.47
64269.15 558.30
91398.50 789.18
2567.89 193.62
9301.04 984.78
97018.36 88.10
78466.81 931.89
9121.67 846.36
29149.54 48.91
19124.60 227.09
95853.89 458.46
61473.71 907.19
4422.44 905.22
70641.49 357.65
78285.65 72.01
16782.80 314.12
96692.90 404.86
68531.64 311.67
15194.21 283.61
2307.65 885.32
93347.16 781.37
68455.85 172.02
56325.72 331.00
61662.49 447.20
24268.15 746.15
73172.05 282.00
36942.58 867.19
