984143177 12799739 424
4695396.04 2941.02
3780066.98 6977.34
9903714.73 9083.60
7197490.22 5126.70
4907960.82 960.65
1796788.71 6580.36
1740431.40 2711.27
1079884.11 9349.64
2134487.42 4622.65
3720090.28 8392.39
2535196.79 5315.93
7934007.69 2858.42
494835.32 965.18
6409613.41 8171.11
5052012.48 1642.86
4378889.20 9507.98
2916270.72 4719.84
607282.38 3715.80
801111.73 7618.27
1178737.66 2673.87
6095953.12 632.43
4374085.19 6960.89
5219064.94 7751.05
1153749.13 3401.23
370891.05 915.10
2452663.45 2155.53
8805615.80 1028.77
1602967.88 287.55
7178613.90 9595.08
7057045.40 8417.85
7291515.35 3667.25
6845504.59 3913.43
4274142.59 8708.65
554999.85 458.29
766307.50 574.70
8539632.93 1697.23
3695780.43 9546.18
7752570.60 6136.30
2356858.41 2451.30
6759067.25 5747.97
7610995.83 6256.57
8682791.49 137.38
1190393.78 6104.41
6377708.03 4252.13
5543985.12 1672.04
6148291.32 7219.49
5950931.43 8717.96
2850304.02 8966.99
6750469.91 3438.58
7483148.47 5610.35
7167665.93 5818.91
5389417.05 2109.68
3863730.66 7519.11
7772879.79 8365.87
3073415.72 8286.87
9664700.17 3683.08
8336169.89 5112.06
9924528.74 9371.57
9359025.20 6071.46
1215556.37 3122.53
5168772.40 2965.85
7437033.67 5515.57
535138.64 2449.05
764489.92 3997.16
6472089.24 2604.45
4341023.43 4896.67
475079.82 5252.31
3264717.99 3429.25
825349.34 4299.48
2924583.95 4321.66
6704617.95 2525.94
8429236.59 3950.51
8798275.57 7025.54
1481117.69 3372.37
3238551.39 3734.43
4356383.27 9470.52
5456242.32 9069.27
1102254.96 6228.89
6466080.52 6708.44
9120611.56 2472.33
1740340.70 5089.39
1949983.75 2804.45
3209011.93 3773.97
3607683.56 9499.03
9591417.13 5616.14
8735465.04 8920.00
8281315.16 1847.59
8696954.21 4997.09
5658172.78 1900.17
9892518.33 8052.25
2979471.63 9134.35
2603246.07 6019.79
2374299.42 2030.64
7573464.61 9121.31
2156901.72 8424.33
4828713.36 5004.86
679500.68 8015.80
8817544.32 1263.04
697508.28 4756.02
3255576.27 1613.13
2265563.45 3079.93
4380239.03 6668.46
7051700.39 4043.36
3939969.98 652.52
3930830.52 5300.25
7996603.86 9353.40
1046847.73 6953.43
9003662.29 604.31
7217265.36 506.58
3143450.76 2763.87
1289805.34 293.28
3895560.39 1240.49
3047466.39 3431.90
6811494.18 3534.84
9178042.43 267.33
6785108.38 272.54
5661200.79 3161.03
5754342.41 932.01
9773561.56 3958.96
7627933.09 6453.41
7508073.71 5253.67
1780320.53 4921.73
8024203.26 2800.71
1613235.71 1531.93
2225720.71 7.00
126354.09 8966.31
9949596.52 8019.10
231275.91 4354.01
2454528.17 798.75
8570111.47 510.88
4551579.93 830.40
6344352.57 7264.89
2858273.22 8757.33
7347791.73 8699.50
2561714.44 484.40
8829022.22 551.71
1977336.85 4051.26
5408720.18 6907.55
799728.62 1945.34
6416247.18 6667.89
7039405.32 4112.06
4268855.65 4060.13
4179410.92 9264.86
5652978.99 1401.26
5056445.08 2110.68
7857083.64 3782.61
3220636.03 6638.63
2897513.77 341.51
983995.34 7398.64
934637.69 9286.73
9140169.91 7086.84
1811049.68 3040.30
4977850.42 594.32
3619243.67 7018.74
8755060.84 676.83
542926.15 7024.04
3744798.81 6765.83
8494333.31 1622.63
9596466.39 5595.57
8402576.26 7567.11
648211.21 3480.96
4956724.54 9678.49
6401411.27 6718.82
5356606.00 2395.95
8548171.80 3140.35
1719970.28 5978.07
4344666.10 2823.68
7834501.52 7648.80
7089302.05 41.59
3645223.41 6091.75
4082120.06 7855.87
6147304.85 2440.90
896478.60 177.00
2229403.92 4224.22
640466.29 885.69
6671232.27 7699.23
8408347.47 1951.46
8020114.10 644.56
6149232.38 4714.11
5242309.57 8504.31
3501412.48 7854.28
1449801.87 8923.59
4468472.65 7174.35
9391427.04 7085.02
9536425.98 7858.05
8345988.53 5466.71
1032349.54 5315.77
7822979.87 240.18
5212555.91 644.14
6695811.80 3124.66
6607208.16 6845.29
4372388.20 4300.52
7405081.60 8578.75
4949626.35 1935.12
4362268.81 8670.70
2908669.52 1843.39
4462050.24 3717.04
7221964.25 8765.31
5290722.19 5575.38
2421062.12 9875.37
6260348.30 7357.00
23119.03 6316.28
7725481.84 8993.58
922352.10 1831.82
8771494.88 2734.12
5259618.55 6181.49
5758779.21 4916.23
6583354.70 3432.66
8615597.43 8481.79
3412469.25 2247.97
2059162.33 558.52
4801013.95 6465.70
6292963.25 4691.24
2980109.72 9985.49
7676922.22 116.69
9451980.94 8612.95
4371675.39 2498.21
9395756.51 9861.16
6723186.38 8835.82
6330207.91 1276.69
9134995.65 274.92
1390758.56 9584.11
2706987.40 8143.31
4113562.03 2074.17
9751036.82 8292.47
8085255.36 7968.21
4771369.52 8969.71
7468434.78 916.37
7191906.40 7151.93
5088438.93 6408.15
180938.07 8248.89
6505351.64 2265.50
9492369.98 3127.44
2895006.09 4611.37
6409156.89 6294.19
6202825.77 689.38
4338551.98 5451.44
548177.61 482.13
4076622.64 6511.11
4398276.82 9188.42
6939383.92 6725.13
8268939.03 4316.06
1282780.23 2867.86
5731655.97 7527.13
8042699.44 35.98
3129903.30 980.41
2797698.14 7334.34
3192564.52 2855.58
7527727.93 8701.70
8443993.14 5522.84
8210187.47 6625.04
7368810.28 2341.93
1185293.51 7387.35
8281859.80 3060.62
7339100.61 7803.80
9641953.57 3746.55
5772342.10 8568.24
3365615.17 9065.61
7752972.18 9096.85
978225.95 5468.81
4789406.76 5990.82
5615141.08 7314.73
1384083.79 5074.23
8730848.07 1897.91
3528740.61 1506.34
7440466.45 3370.54
861926.89 6871.88
5987831.83 2489.11
2978879.38 3999.48
2644036.79 1930.61
9195406.18 4719.40
3028246.72 447.78
8881835.35 3295.46
2997285.15 933.93
6000398.03 571.18
512319.47 9138.30
640767.63 440.98
3348799.72 4151.37
2642324.33 547.05
8336670.26 301.93
7850509.38 2647.02
9887857.67 1491.26
9546442.80 7949.93
333544.78 3151.28
3811295.39 7681.08
1932857.80 5620.11
3304518.03 4025.41
4917669.17 5279.51
6045674.12 5924.01
999115.59 2917.28
5271144.14 5590.24
9262607.54 8280.44
6766687.38 6269.33
8202507.51 5132.33
2934989.72 4151.63
5142917.13 8581.56
8533198.30 1981.46
5907806.48 4247.02
9660307.49 3739.20
55439.64 5673.54
1227724.13 3475.22
2675176.64 6047.74
3408769.96 4711.26
6038855.69 9856.05
741091.81 6716.35
7836477.90 6530.68
3531586.11 260.15
3629669.42 2965.37
1714676.93 7438.10
9244203.49 2801.09
7044431.27 520.84
2719320.37 8931.96
191891.75 1225.29
7313881.18 3702.52
3816155.02 5569.23
3397100.64 7541.38
4238705.19 8979.27
7293587.64 4589.22
906772.98 8902.18
9562890.51 4840.09
9297272.91 3300.13
9919650.13 6211.77
7675533.64 7026.43
6587386.34 5800.86
8938522.42 9581.28
9551361.99 1503.43
5319628.47 7206.77
4207393.12 3276.81
2338115.58 6183.40
782328.95 4564.36
9149453.59 6968.07
1552809.84 7683.39
826941.24 5149.80
3112278.91 1838.51
9929795.71 2315.16
6167056.81 8627.89
7812716.53 8395.84
5245072.01 6062.86
7046931.42 474.91
1228505.01 5452.60
6558298.03 1947.06
7829338.23 3096.30
9064873.03 5943.10
4804103.15 6318.19
7851471.60 3766.38
5899700.40 5515.45
3419338.16 5345.89
7082534.27 2567.22
8673555.51 4118.27
5512235.74 4761.68
9356522.17 4963.76
1859999.94 192.41
5004893.82 6286.83
2510421.14 6694.59
3097191.06 7000.48
6514508.53 2768.51
8068880.91 2393.26
9429019.17 2223.35
5846073.63 9730.91
1957229.27 8804.87
9289129.25 1559.87
7449668.45 7081.18
4815281.84 5159.12
5809841.05 1574.83
7624337.14 3691.67
3277085.80 806.80
2465243.18 7176.30
2460399.84 2713.10
9935690.38 2145.99
7822250.26 6362.24
4010896.67 8661.71
5070667.45 4962.87
8772011.69 1111.67
7516336.52 7250.66
3167384.72 3859.90
870792.57 9151.36
918192.92 8021.82
9081928.79 9256.98
1914516.16 9547.42
388277.45 301.69
7973221.90 4520.25
1409029.97 961.94
4358666.06 8622.04
6186901.16 4881.77
2665745.15 8213.45
3479197.58 9888.33
7556863.29 5942.96
6488599.01 3573.49
5639152.68 1491.52
9134267.27 9442.05
3907593.55 2658.94
6073252.68 227.89
5343016.34 3032.27
8062889.35 1086.80
4225965.27 7622.41
9599168.67 5144.60
7435123.07 5524.55
9766995.01 7491.20
7049129.52 9018.71
210636.88 8120.49
6380230.78 914.61
4255555.49 7856.22
4529146.77 9625.80
5886853.29 5685.59
1255904.94 3941.70
64345.01 3762.71
4859527.11 5055.07
8114534.63 392.03
4918327.97 1134.39
8037079.52 9052.02
3751773.53 8071.40
1076269.25 7204.95
2435555.03 5705.95
5286068.50 3256.20
1758226.72 9338.08
8246210.65 1638.49
8601379.53 113.47
9816297.27 8362.56
6397935.20 6012.85
9784424.41 9631.90
698649.80 8024.16
8959148.69 742.91
6453539.84 2967.83
3569660.65 2363.97
