200 1000
96 36 94 77 58 17 40 22 100 70 1 65 46 59 83 58 73 74 68 99 90 58 90 1 52 100 53 51 89 80 18 4 8 48 54 37 65 14 49 29 23 23 36 96 23 37 88 2 93 79 10 89 65 10 28 41 41 54 100 11 34 46 41 63 17 96 70 88 93 12 10 76 80 10 30 76 36 14 11 28 5 96 99 56 1 80 41 34 81 66 64 88 89 41 96 82 94 71 63 62 14 70 35 80 51 99 81 39 46 87 75 16 82 27 58 21 53 4 63 48 7 43 30 53 18 53 54 74 92 75 2 15 58 59 84 23 87 93 67 67 19 54 13 31 78 30 66 65 70 89 80 33 14 16 77 74 28 64 3 29 24 47 40 38 5 77 51 76 76 46 97 76 63 61 58 78 89 85 88 73 92 54 27 4 50 12 89 93 42 39 96 68 9 20 24 25 24 71 79 72 
181 152 10
176 47 19
84 25 19
51 138 15
3 15 19
43 59 8
140 18 17
172 55 1
186 161 9
147 34 3
190 163 18
79 124 7
116 167 14
188 103 3
198 164 16
18 17 10
1 191 5
111 181 13
52 30 4
197 66 2
25 114 4
181 90 10
75 168 18
108 154 9
81 4 1
46 130 6
99 149 1
69 182 11
21 59 11
39 180 11
43 22 6
186 178 9
1 96 6
149 116 19
147 162 9
100 110 13
11 164 5
182 3 2
77 140 7
18 172 1
85 198 18
108 96 1
186 21 17
77 70 5
176 87 2
151 131 15
167 65 15
119 184 6
108 52 1
63 164 7
90 62 7
59 86 10
200 36 19
122 126 12
47 71 3
80 185 2
39 77 7
146 72 15
11 183 20
189 156 18
149 94 14
183 180 17
2 15 2
44 39 17
130 112 8
151 34 5
170 74 20
42 171 6
122 29 3
25 82 7
97 174 5
97 182 19
169 95 10
39 58 10
131 156 15
103 36 9
100 147 5
46 78 14
181 146 5
58 115 4
85 12 17
150 7 7
168 33 14
144 101 18
89 90 1
49 59 13
174 140 15
35 128 5
118 142 9
56 52 3
93 148 20
164 83 17
43 183 5
183 2 11
154 150 1
127 116 13
4 73 17
158 109 1
128 8 1
173 108 13
45 66 11
148 135 4
157 37 15
69 58 8
25 94 1
151 179 9
33 160 7
34 81 20
186 69 10
128 125 8
78 199 17
147 143 4
66 167 11
197 139 6
50 165 8
97 159 12
92 195 4
48 37 18
42 142 2
166 118 5
63 170 2
78 178 9
95 90 1
6 146 18
134 4 17
91 36 2
76 23 19
41 18 17
53 180 10
109 39 14
26 159 7
157 93 9
193 82 16
195 93 5
19 106 20
171 36 13
48 10 6
26 180 11
125 24 17
128 68 5
58 12 9
120 166 9
125 108 19
24 62 18
41 159 12
144 125 19
178 7 2
57 100 16
134 90 1
164 190 3
14 107 5
116 97 2
150 192 14
181 24 9
21 70 16
2 46 16
144 104 19
163 17 9
116 126 2
75 162 20
3 139 16
11 156 15
188 56 7
40 75 2
10 90 9
83 121 16
92 12 8
131 136 9
188 84 10
184 185 10
180 116 12
167 41 3
112 156 12
71 93 6
144 164 14
66 79 18
195 189 19
175 103 8
180 52 2
4 127 8
35 77 12
63 38 10
60 164 11
191 93 10
125 95 17
87 3 5
94 200 19
79 57 17
28 138 1
130 55 2
152 125 13
47 148 19
50 30 4
189 63 17
190 154 9
125 63 17
40 136 16
20 174 9
191 187 17
154 19 12
24 151 2
26 36 3
193 160 8
161 74 14
54 79 8
92 148 20
126 193 1
163 159 19
153 76 13
112 15 1
127 150 17
99 40 7
51 183 1
120 123 9
142 165 18
121 122 6
200 51 5
182 150 8
115 125 9
171 180 18
117 177 16
63 150 13
177 103 3
57 100 6
62 93 12
27 81 8
141 46 20
75 59 19
30 94 20
165 199 15
17 21 12
110 29 7
77 130 14
134 139 3
13 197 4
113 78 3
24 7 17
176 25 6
113 123 14
103 198 9
9 27 8
16 128 10
102 96 2
52 177 15
116 43 14
192 78 18
53 41 7
97 85 9
96 68 18
62 156 16
114 144 14
180 78 7
144 63 5
9 81 10
68 81 15
168 19 4
53 164 5
114 46 19
169 112 16
105 26 2
23 191 14
10 123 19
74 160 12
65 132 18
152 168 10
59 195 12
43 153 12
77 74 6
30 69 18
46 11 1
149 65 10
61 84 15
20 178 19
127 116 19
134 87 10
141 144 12
49 141 6
39 164 15
133 190 20
161 73 16
141 190 7
174 156 10
143 92 7
156 50 18
83 192 2
160 85 6
69 94 18
123 38 11
160 141 14
114 105 15
53 88 18
23 19 9
63 70 12
39 162 2
85 188 8
137 70 2
45 1 11
36 177 4
151 77 18
191 182 9
162 9 19
93 132 16
164 70 4
200 173 17
35 74 17
131 113 12
16 102 12
96 81 19
29 183 14
38 74 17
148 50 15
171 120 4
14 147 10
23 185 12
35 70 2
65 117 9
180 93 6
161 53 14
16 92 10
36 117 2
21 35 14
7 104 14
178 160 3
6 140 3
51 186 13
1 8 13
85 4 7
29 27 2
80 176 3
118 1 10
34 41 3
141 53 15
30 98 18
136 143 14
120 70 2
76 63 8
145 117 17
193 44 13
130 148 7
157 19 12
60 44 5
162 126 1
15 12 8
44 125 17
104 35 8
149 199 7
137 190 17
151 135 20
153 125 20
111 169 11
93 184 19
39 33 19
191 51 13
193 52 9
146 24 3
85 185 13
61 153 5
151 153 10
186 97 19
24 192 14
176 163 16
50 34 7
138 167 1
117 189 13
47 101 11
149 57 11
44 93 19
13 2 13
104 15 4
84 196 17
106 192 12
86 197 11
159 104 18
157 178 17
150 168 11
22 199 12
153 150 15
92 82 5
41 33 17
121 174 20
192 103 10
167 38 1
148 142 7
146 172 18
44 134 18
141 192 5
62 151 1
195 83 2
17 21 9
13 53 2
76 66 11
83 102 6
68 8 11
177 100 19
133 47 1
169 36 15
134 146 9
172 17 4
23 178 4
58 34 20
180 3 20
53 133 20
124 3 2
87 9 19
165 75 3
80 106 3
158 14 4
83 28 6
196 90 3
172 163 20
169 167 18
31 19 4
102 174 10
179 166 17
133 134 1
112 191 2
118 141 7
172 198 2
153 80 11
181 89 16
166 169 1
162 42 4
37 93 9
39 130 13
69 74 6
71 49 8
102 66 14
111 184 14
141 82 1
158 119 17
20 95 20
53 15 13
90 102 3
54 198 19
74 144 10
21 22 9
86 24 9
89 6 1
116 194 3
45 189 11
72 25 9
193 70 19
65 41 1
147 101 13
61 86 1
94 130 18
70 54 16
99 98 18
136 88 14
158 196 2
152 58 12
51 115 19
122 143 20
30 159 12
54 38 16
21 120 15
152 189 4
189 145 19
179 142 18
6 49 14
38 194 9
153 100 18
88 72 12
174 69 13
52 30 15
139 138 15
131 84 3
93 147 7
102 44 2
32 82 8
154 78 12
139 41 7
71 40 12
82 67 5
190 176 14
181 175 18
38 191 13
41 8 6
148 26 15
87 129 16
27 191 18
174 186 15
35 24 1
169 64 20
146 117 6
163 165 4
47 97 16
147 43 7
155 56 17
114 119 1
34 120 7
133 15 18
96 29 7
79 21 12
146 100 20
67 77 17
43 79 18
78 156 2
20 128 9
137 167 17
169 102 7
191 156 3
36 8 18
158 43 19
16 80 19
193 171 7
160 172 8
64 136 1
69 200 15
65 8 18
113 107 20
75 163 15
131 64 7
130 10 7
19 139 7
23 108 20
31 7 8
56 90 16
70 16 10
21 176 9
85 110 7
88 119 11
37 187 14
28 182 10
42 80 7
181 79 12
115 23 14
115 71 5
172 78 20
130 169 10
149 132 15
134 74 1
29 62 20
35 105 13
11 40 14
45 147 20
58 121 16
153 140 14
144 55 11
133 36 6
191 74 12
39 140 18
155 18 19
89 85 11
42 174 11
77 33 4
54 191 18
166 6 14
22 73 18
125 51 13
17 75 10
6 85 9
112 117 15
144 37 12
168 85 16
193 181 3
99 110 15
25 46 20
67 25 6
98 13 19
109 139 2
154 149 8
156 172 18
51 63 4
178 161 4
137 143 6
38 8 16
89 95 14
104 115 14
79 181 4
137 171 3
173 21 15
78 171 15
21 166 10
62 166 16
86 157 15
70 110 2
164 108 12
50 100 15
58 19 7
40 168 2
100 72 15
103 66 18
50 162 13
78 27 7
60 151 17
127 68 8
138 115 4
3 25 13
130 19 2
89 38 11
163 150 14
50 160 17
123 157 19
139 26 9
52 157 10
83 45 5
8 124 8
6 196 5
197 50 7
145 121 11
51 103 5
185 83 1
108 88 11
89 93 7
25 29 1
69 134 9
193 34 20
22 80 1
13 58 1
108 137 5
119 185 2
187 70 20
18 71 9
3 80 7
52 129 6
94 158 14
26 153 9
76 58 2
174 4 4
88 82 6
164 3 14
182 14 12
33 22 11
162 194 8
59 106 16
142 50 18
197 175 2
37 154 1
127 128 8
154 15 13
100 55 16
166 59 1
149 44 13
144 129 15
104 190 11
173 164 19
64 159 15
111 23 3
65 3 11
73 55 1
200 7 19
152 183 6
175 116 2
176 137 2
131 143 17
127 31 5
158 139 13
198 47 11
67 35 9
197 40 16
104 173 3
14 118 20
139 156 14
120 74 14
192 95 18
4 157 12
154 159 13
105 79 12
50 26 7
31 185 20
174 129 11
9 170 8
61 52 3
196 61 14
153 178 11
85 120 19
135 198 13
33 20 18
159 7 5
65 47 17
180 178 4
109 199 19
34 72 8
92 97 19
98 8 3
75 38 11
72 198 18
43 7 10
54 181 8
24 45 16
168 149 7
155 1 20
164 35 4
129 172 15
71 36 5
57 116 12
112 38 10
63 1 17
83 44 6
56 58 8
89 117 14
176 62 17
89 6 7
102 3 9
107 148 10
18 13 4
176 185 19
86 79 4
120 43 19
41 50 5
30 98 17
131 13 13
63 111 6
135 110 16
62 17 13
106 182 18
84 117 7
66 21 8
69 147 15
160 165 15
20 12 16
34 19 18
19 6 20
37 167 4
45 73 3
144 91 10
175 70 12
162 1 1
104 25 20
21 13 12
16 28 9
169 99 11
173 8 2
81 182 17
184 53 15
181 109 14
118 34 9
44 40 14
59 6 9
160 199 20
8 130 8
153 55 20
15 57 4
41 36 4
18 33 7
145 198 8
52 11 9
153 78 18
19 91 3
48 198 9
140 18 4
150 186 10
135 20 12
9 109 2
108 91 3
46 140 15
39 179 16
20 134 7
125 148 19
54 146 15
63 38 3
97 153 4
85 137 2
192 84 17
148 129 2
144 42 6
17 40 16
191 115 3
21 177 12
141 181 12
146 99 11
67 69 6
124 94 13
198 122 14
45 134 4
200 62 4
39 138 14
13 161 16
121 134 10
129 117 17
21 95 14
169 84 12
198 192 10
98 93 20
110 104 2
65 122 12
55 119 3
199 83 20
177 26 18
170 102 13
20 54 8
118 86 3
5 193 6
88 127 20
25 42 19
108 4 18
20 22 8
74 70 1
101 95 2
101 28 12
135 166 17
143 25 1
58 75 14
151 124 3
141 24 12
154 41 17
31 41 11
174 92 10
3 162 20
28 26 1
57 166 2
171 50 6
23 41 1
150 31 16
114 189 8
90 71 10
50 69 14
184 68 10
24 56 6
43 37 14
104 147 19
152 142 10
121 48 20
143 148 17
56 139 9
27 192 6
57 175 17
95 76 17
47 60 14
177 38 15
87 163 5
64 40 2
138 145 18
23 78 20
63 192 19
75 178 12
132 25 1
152 191 15
141 92 7
30 196 5
82 142 18
21 41 16
176 173 17
28 116 20
160 8 10
137 39 18
180 22 18
29 82 20
33 171 17
144 73 20
94 16 16
180 19 5
147 85 19
157 109 4
97 26 4
105 31 18
156 32 15
8 62 6
25 63 6
53 25 14
6 173 2
160 144 2
163 105 7
121 17 4
1 154 18
195 40 6
45 14 20
9 183 11
23 63 3
49 148 8
144 3 6
137 36 16
3 180 18
64 118 18
74 30 19
111 75 9
7 16 10
158 22 5
198 157 17
45 47 6
118 115 14
50 110 5
187 19 10
40 4 13
119 65 14
111 11 18
138 37 3
139 49 4
64 102 17
82 23 1
143 11 4
81 125 9
80 111 3
6 156 2
12 11 6
183 28 20
98 174 3
46 93 1
167 171 6
112 37 14
40 19 16
182 179 20
174 62 17
26 116 4
159 100 7
42 133 11
110 115 11
98 85 2
46 69 6
64 110 15
163 76 16
137 116 17
159 22 10
98 122 4
160 100 3
183 110 20
104 60 15
22 109 12
144 92 5
78 121 3
157 57 2
54 62 13
85 42 10
171 161 12
92 73 9
101 180 7
171 118 5
189 59 5
11 167 5
137 69 1
45 114 4
58 119 17
100 189 11
111 137 2
27 44 8
11 110 1
58 148 14
95 55 5
7 29 18
140 45 17
23 25 4
15 41 1
71 77 8
4 146 16
192 171 10
152 76 3
43 197 11
100 84 1
188 90 10
81 96 13
102 89 5
92 186 9
146 137 6
14 33 3
106 127 9
95 49 7
142 124 8
157 131 10
43 95 6
143 155 14
194 47 16
77 64 18
57 132 16
21 171 2
130 165 18
35 145 20
158 105 3
195 57 16
178 164 9
75 157 16
93 152 14
118 90 14
196 50 13
122 174 1
11 60 15
24 132 11
19 46 8
100 66 11
92 184 3
33 50 18
2 66 9
11 43 17
158 58 15
157 139 19
173 188 19
199 88 17
137 78 6
87 64 9
87 57 15
30 60 14
135 68 18
1 141 10
92 168 18
26 119 12
34 161 15
2 16 15
122 172 12
29 195 12
186 116 10
195 191 3
133 84 20
200 67 17
181 41 20
152 125 12
116 95 16
62 59 12
105 12 13
150 164 18
141 69 9
