200 1000
25 16 39 12 37 34 34 16 4 28 10 18 37 46 20 45 12 38 42 10 45 3 4 4 29 21 45 4 42 30 10 28 27 17 42 41 23 38 13 6 34 33 18 36 33 34 31 37 19 36 21 22 45 15 11 44 7 10 37 15 13 7 37 11 30 15 40 5 47 8 19 10 6 13 37 11 37 16 26 13 49 44 7 24 3 38 25 10 33 38 20 9 36 25 46 27 3 20 7 44 3 12 10 22 42 23 38 27 31 15 43 50 22 2 12 41 3 14 25 29 23 46 36 6 36 7 40 46 13 18 21 38 6 1 26 34 27 17 7 35 32 35 14 28 50 31 36 21 2 44 7 19 50 23 19 33 2 44 6 9 32 11 47 47 40 36 21 10 19 48 5 50 43 8 42 5 29 25 35 41 3 2 28 24 36 1 18 3 12 34 24 11 30 3 29 26 31 10 38 49 
24 128 2
166 183 6
43 83 2
159 188 8
144 172 8
144 114 10
123 198 7
43 145 9
78 199 1
44 26 5
32 167 6
23 37 3
126 15 7
77 146 10
7 12 1
89 58 3
72 200 10
199 116 8
136 24 3
156 194 6
121 57 10
172 74 5
174 36 8
50 30 2
81 113 1
48 181 9
186 127 2
28 115 7
179 163 10
173 143 5
153 19 4
38 59 6
139 42 5
110 150 8
5 71 5
170 152 8
87 184 2
121 116 9
56 16 7
133 112 9
113 148 9
171 68 9
26 99 5
24 151 10
126 37 8
104 190 1
114 109 7
20 186 6
172 110 3
16 190 2
149 152 8
18 59 5
155 73 10
122 141 3
193 85 8
109 190 8
5 71 3
195 28 1
184 30 3
186 93 4
110 160 7
109 133 6
147 185 9
24 92 4
176 200 9
50 128 1
93 141 8
150 163 2
26 11 5
138 23 6
60 128 9
44 154 3
31 43 7
25 80 4
198 88 8
21 117 3
120 190 9
14 164 3
138 84 8
87 72 4
111 194 2
140 12 1
152 138 5
162 32 1
177 72 2
2 102 8
154 40 7
12 54 2
87 59 3
45 32 5
133 175 9
123 86 5
143 4 7
14 88 6
60 125 6
43 107 3
10 41 1
139 188 1
198 58 4
179 85 1
98 10 3
91 164 4
91 44 7
59 79 2
167 124 5
126 72 4
155 85 4
119 174 9
116 90 9
85 78 9
13 184 6
146 159 10
154 111 4
100 132 5
65 182 6
135 96 5
44 43 9
141 71 9
22 49 2
199 142 10
126 98 3
131 171 9
184 79 4
160 159 7
180 154 6
127 118 10
69 70 1
195 141 5
109 80 8
45 99 3
170 113 1
39 183 9
29 48 4
181 145 2
109 81 10
109 167 6
12 193 10
106 90 8
180 44 10
17 39 1
125 27 7
130 76 2
16 106 6
169 188 10
196 159 4
17 66 7
105 165 9
125 189 10
6 53 5
80 173 4
57 26 6
22 63 3
147 99 10
53 80 2
51 3 2
7 185 4
57 82 8
80 41 5
175 46 5
59 34 8
190 35 4
19 156 6
158 110 7
197 184 1
175 152 6
123 29 9
17 179 1
131 190 1
38 36 8
38 154 5
124 177 7
159 7 2
35 84 1
177 60 9
70 155 7
52 174 10
180 66 10
170 91 7
65 27 1
190 78 7
3 74 6
118 71 9
111 74 10
38 166 9
24 157 6
18 93 1
180 155 7
45 53 8
7 37 7
5 172 3
7 95 7
95 58 3
58 44 4
129 9 6
89 11 9
22 67 2
190 116 1
32 27 9
161 15 5
152 169 3
129 35 6
137 17 8
171 32 2
93 97 7
102 40 8
136 114 9
38 153 8
180 181 7
131 198 9
199 86 2
82 113 7
162 17 9
158 132 5
109 162 7
123 144 10
162 185 2
117 119 9
52 77 10
165 200 10
63 28 6
72 107 4
152 166 8
1 67 3
69 39 6
15 40 4
143 23 10
150 60 5
76 181 10
1 49 5
176 49 7
78 137 7
138 82 5
96 104 1
74 6 2
34 39 5
106 122 10
53 37 4
138 107 9
179 85 6
198 55 3
191 148 7
122 87 9
197 151 10
124 157 2
63 123 4
40 19 1
63 31 3
164 44 9
110 190 5
99 15 4
163 161 10
176 127 7
165 85 4
60 161 5
178 96 8
61 169 4
195 12 1
38 176 5
152 43 10
128 109 7
90 28 5
141 23 5
68 193 9
18 138 9
196 23 3
85 113 3
87 78 5
13 139 6
11 128 5
152 133 3
151 99 3
170 44 5
136 181 5
70 195 5
26 42 9
71 124 1
8 96 6
63 77 5
152 32 3
147 51 5
98 118 6
13 167 10
165 52 8
36 95 3
10 91 8
81 107 2
198 135 5
75 129 1
78 25 1
37 107 3
151 23 10
132 169 8
55 105 6
144 80 1
90 142 10
101 77 2
146 169 8
43 9 1
18 76 4
131 185 2
145 189 7
93 30 3
34 127 3
153 169 3
59 111 9
12 198 2
91 121 5
26 176 10
40 102 1
82 113 8
194 85 5
83 65 6
4 1 7
26 171 8
1 61 6
63 91 10
146 31 7
171 120 1
22 7 5
32 132 5
6 38 8
160 161 8
107 172 5
6 147 2
87 98 8
12 127 3
104 101 5
130 13 9
104 58 3
40 18 4
184 92 2
168 150 5
94 91 7
113 134 3
154 56 9
1 11 6
49 14 10
111 3 5
169 81 4
167 11 3
116 56 2
175 105 7
89 48 8
190 154 3
144 42 6
24 156 6
92 20 8
177 194 8
128 4 1
104 97 10
23 196 6
61 46 8
124 64 8
71 79 5
25 107 8
83 197 10
13 54 6
12 107 1
184 174 3
193 56 7
199 169 4
84 107 1
36 63 1
176 34 7
52 167 5
118 137 10
88 35 1
158 187 2
179 2 1
170 139 6
110 40 7
4 188 10
123 44 7
8 52 9
133 137 7
192 110 7
129 10 1
18 182 6
89 125 1
163 66 8
143 2 6
109 117 1
119 114 5
15 152 7
172 89 1
71 31 1
107 76 7
46 82 2
161 184 8
83 120 5
8 133 7
1 37 4
10 38 1
100 131 7
196 46 2
91 68 3
82 9 5
86 12 9
155 161 5
4 144 3
168 79 10
9 10 1
77 138 9
181 78 6
107 82 7
147 163 3
45 104 10
72 114 2
103 15 8
9 88 9
86 60 4
13 120 5
126 56 10
51 73 3
88 166 6
116 177 7
17 90 1
119 54 3
54 40 8
149 70 1
175 124 3
182 93 9
111 11 4
126 10 2
188 26 3
21 147 6
165 92 9
194 1 1
174 110 5
45 105 3
62 194 9
163 100 10
42 172 6
98 165 4
90 198 6
16 15 1
120 148 1
160 190 8
180 94 4
85 33 10
130 192 4
135 162 5
81 128 9
111 134 8
85 165 5
17 155 6
187 101 3
122 89 6
175 172 2
19 154 5
98 64 1
189 149 6
94 77 6
26 23 1
107 39 5
111 32 3
21 16 9
191 160 2
100 63 10
98 9 8
103 85 7
80 130 9
69 65 8
118 153 3
153 177 4
155 31 7
39 103 1
177 168 10
135 194 2
7 85 1
108 155 7
3 199 6
32 180 5
146 68 1
13 93 8
34 193 6
67 90 1
128 172 4
170 69 6
57 200 6
198 98 1
172 37 4
40 77 4
53 147 3
173 14 5
194 147 2
59 8 7
95 57 4
32 119 6
139 128 7
197 145 2
89 83 3
62 46 2
24 187 3
158 56 5
69 90 9
114 64 7
3 125 7
21 31 9
115 169 9
77 38 7
150 159 7
169 101 10
74 33 4
8 10 10
74 166 2
105 104 7
185 168 3
163 97 5
100 187 7
108 178 9
116 72 2
20 181 7
116 58 4
110 72 10
187 116 7
157 37 5
87 199 6
5 161 9
145 165 2
95 69 4
2 86 3
185 121 7
29 44 1
33 155 10
101 164 6
30 112 8
23 118 1
137 12 4
83 90 6
162 136 9
43 190 1
105 108 1
161 116 8
114 179 3
197 58 10
55 142 4
123 1 6
125 84 1
50 176 3
59 63 7
17 183 7
44 151 4
25 52 1
38 128 8
43 62 8
160 189 6
92 47 2
78 82 10
144 35 10
97 138 7
34 39 9
79 65 2
36 3 7
97 179 3
103 73 9
70 18 4
9 59 4
21 133 10
92 32 8
123 84 9
173 23 3
143 159 7
164 188 1
112 86 7
65 42 5
46 138 1
171 90 3
84 129 5
28 27 7
30 199 2
182 38 6
157 66 2
21 62 9
113 28 2
89 40 3
88 122 2
83 5 9
62 187 5
14 34 8
69 119 3
124 121 8
4 83 1
37 123 8
112 193 6
143 42 2
54 37 5
30 167 1
191 113 7
47 45 4
77 130 8
30 16 5
78 28 2
163 102 6
191 163 8
100 77 2
152 6 9
68 1 3
178 175 5
122 46 3
72 156 8
83 199 10
49 96 5
95 125 10
165 72 9
60 47 7
59 124 5
45 115 6
192 88 10
42 196 3
124 62 7
184 115 3
152 3 9
80 58 3
199 46 10
170 187 3
80 192 8
141 81 6
88 175 8
58 195 8
121 144 6
30 120 6
35 192 4
1 89 9
169 52 3
194 96 4
174 5 3
5 38 6
163 1 9
157 111 5
109 26 6
131 98 4
190 132 8
128 64 8
169 152 5
148 116 5
156 120 5
89 47 5
55 28 7
117 168 8
45 81 1
35 158 8
148 89 3
138 139 7
151 125 8
65 118 1
10 110 9
86 101 2
157 139 9
153 127 9
25 174 9
81 168 8
51 104 4
121 64 5
183 22 4
43 128 5
136 50 6
96 65 3
100 144 4
59 159 5
136 82 5
136 194 9
121 23 4
68 20 5
118 57 8
33 111 9
126 155 7
148 80 3
18 122 5
192 71 3
54 73 5
127 163 8
70 162 10
161 8 3
75 123 9
49 108 4
52 80 3
167 122 6
189 197 7
27 155 10
1 68 7
26 129 1
95 101 4
122 73 1
30 8 10
73 132 6
8 54 10
50 101 9
102 120 4
134 39 10
54 114 2
152 80 6
5 126 10
178 82 6
35 85 10
19 174 2
141 140 1
53 171 9
168 118 10
87 43 9
2 143 6
174 31 10
107 72 5
120 35 7
41 164 8
194 33 9
147 64 8
4 23 3
5 29 4
196 141 8
181 31 6
179 59 6
98 198 9
107 120 9
123 18 2
50 85 9
108 20 8
20 33 6
171 47 4
2 21 2
195 171 4
92 50 10
158 117 9
84 140 9
143 53 4
176 77 3
2 78 5
53 54 8
61 104 1
19 69 10
65 110 6
151 59 5
180 197 4
119 171 5
5 139 3
183 160 2
89 25 6
162 69 7
124 169 5
18 1 2
159 22 7
98 196 3
164 106 10
22 110 6
195 113 3
65 127 4
84 117 4
6 144 8
42 46 1
74 161 1
82 161 3
113 28 7
59 140 8
44 120 8
178 81 2
175 39 10
179 19 6
18 87 3
22 30 2
89 70 3
20 56 7
11 153 3
3 116 10
97 10 4
82 189 7
14 138 6
64 128 4
179 29 8
53 52 7
32 90 4
189 29 8
173 35 6
184 78 6
178 183 8
101 129 3
149 78 4
166 107 4
57 163 6
104 156 3
13 98 5
2 166 8
150 72 10
133 19 7
19 151 7
51 27 4
89 55 3
137 173 7
132 120 10
60 19 5
64 123 8
7 17 7
87 197 7
54 181 3
145 123 4
111 72 1
196 53 10
2 152 9
151 184 2
186 190 5
190 97 8
185 71 3
123 144 5
127 62 6
63 176 7
5 180 3
133 31 9
76 176 9
200 97 9
155 74 5
73 192 4
140 104 4
79 184 3
63 45 5
92 74 3
83 31 5
62 99 1
46 115 4
62 169 4
79 56 1
119 184 9
188 136 5
146 47 3
51 24 1
24 148 3
164 140 3
104 134 6
156 36 4
51 95 3
167 142 6
51 4 9
166 180 7
42 54 3
102 23 8
102 83 6
58 6 8
165 2 10
100 109 9
100 30 1
167 83 8
40 187 2
92 60 2
99 179 10
132 92 7
96 133 2
106 17 4
77 8 7
192 167 6
58 199 1
1 109 3
24 14 3
117 88 1
55 64 10
161 74 6
12 197 10
197 192 4
190 112 10
49 17 8
185 111 9
154 180 6
43 156 4
140 113 9
83 69 4
93 75 3
57 39 10
101 109 7
17 62 1
37 155 4
10 78 8
134 145 3
77 110 8
178 53 3
92 144 3
64 187 6
156 108 2
189 10 1
64 28 5
56 150 2
90 23 2
57 51 8
64 114 3
45 176 7
187 32 10
124 171 2
162 71 8
120 173 8
169 108 4
119 86 7
171 60 2
182 124 10
24 91 1
100 95 8
9 175 10
42 139 6
194 72 8
103 168 2
121 5 2
22 165 7
149 112 5
180 154 5
163 185 8
82 45 5
170 180 7
48 121 9
188 125 9
197 195 5
56 158 10
88 81 7
82 67 4
45 18 3
145 136 8
39 68 2
51 104 9
114 2 6
19 88 4
93 10 10
167 152 3
99 5 1
172 129 9
66 19 6
138 196 8
100 149 10
157 15 4
110 100 1
189 62 10
93 54 8
141 123 1
198 2 5
123 105 8
29 70 10
89 55 10
174 163 7
119 42 10
29 154 7
36 169 5
66 192 8
18 39 10
4 59 9
122 174 5
176 178 1
96 81 7
169 93 4
88 174 6
179 171 5
135 101 7
14 129 4
75 100 5
127 198 4
169 22 6
10 105 10
189 47 4
13 125 7
176 102 5
98 7 1
62 140 5
22 42 8
115 90 8
63 192 3
38 152 8
193 128 7
100 49 6
79 160 9
12 48 10
51 154 7
22 185 5
87 132 4
180 108 5
60 96 4
139 65 9
182 42 3
62 21 4
121 26 2
177 172 2
14 37 8
78 181 1
163 18 8
138 3 10
129 64 9
62 73 1
8 87 10
91 124 1
180 83 7
13 146 1
18 181 4
134 114 7
153 184 8
84 6 8
134 51 4
62 129 6
146 198 10
154 121 3
112 161 7
91 171 10
198 96 9
160 106 3
149 155 3
70 45 4
118 175 1
164 6 7
149 71 5
180 176 10
