200 1000
53 86 17 49 32 45 37 76 27 84 15 30 27 56 28 11 50 95 65 80 20 34 88 57 33 42 16 82 94 99 96 99 9 63 33 36 49 68 95 63 27 42 83 59 92 58 28 46 7 25 81 2 28 39 22 94 11 79 25 36 52 17 16 25 39 86 84 30 99 22 37 37 97 71 60 30 63 38 99 69 45 83 46 29 67 1 98 37 54 49 16 95 70 22 47 18 76 46 54 60 91 58 22 70 86 60 83 31 97 21 79 91 100 87 30 3 15 62 62 96 15 92 85 55 17 2 52 95 89 83 43 89 83 67 64 85 36 64 34 28 39 1 59 22 90 85 84 21 90 34 72 32 21 75 54 100 24 50 12 85 6 97 37 11 88 26 59 8 46 83 36 83 62 97 86 53 79 75 90 90 79 61 35 2 6 77 85 57 93 35 93 85 30 63 22 98 48 50 30 35 
77 97 13
68 21 5
128 90 11
88 191 14
158 64 1
17 45 18
83 69 4
142 131 7
117 150 20
47 179 6
115 171 11
39 66 6
91 87 9
156 76 17
68 45 7
95 32 11
56 68 11
190 88 6
176 5 1
125 153 12
187 177 5
198 126 3
127 122 10
7 15 12
55 88 3
117 101 6
86 31 6
178 169 19
161 78 13
165 134 6
14 21 14
174 6 9
60 91 20
173 28 5
199 136 8
179 1 2
8 118 14
111 14 7
44 98 7
78 65 3
14 147 9
154 83 14
86 48 16
1 107 17
70 147 4
14 142 3
99 105 12
81 37 11
108 54 1
135 136 10
4 31 4
162 79 16
132 75 4
73 131 3
61 154 7
33 158 4
144 142 4
37 140 9
147 5 1
94 170 3
119 24 19
180 36 17
67 73 7
24 145 20
86 142 4
27 16 10
62 48 4
121 37 9
41 47 7
138 169 11
153 186 15
168 166 17
137 96 15
66 111 7
80 96 11
127 65 3
99 94 9
184 18 20
89 99 13
79 34 18
127 107 6
93 56 3
55 177 7
11 197 8
85 103 13
188 96 11
192 82 18
9 22 14
84 161 17
175 100 12
105 161 8
165 110 10
42 121 12
13 88 11
134 111 2
63 192 9
64 38 17
8 73 10
181 51 1
49 16 4
103 145 8
73 90 18
62 57 11
53 6 18
184 153 18
172 68 7
143 88 17
105 131 6
188 129 5
81 92 6
199 169 19
62 77 19
142 117 2
39 148 19
158 2 11
16 144 10
129 197 13
55 141 6
108 146 9
97 147 15
155 4 18
116 32 4
38 114 3
95 124 6
69 181 13
179 36 13
193 67 10
67 81 11
43 157 18
82 75 19
19 117 12
138 15 1
101 60 12
183 140 18
87 31 11
27 59 20
52 7 5
156 62 12
45 59 14
189 6 7
138 97 9
179 190 2
60 117 3
94 52 7
124 156 3
32 65 2
65 92 19
132 114 8
190 194 16
100 177 4
185 51 7
54 86 7
49 121 16
113 33 19
9 83 15
21 90 2
2 142 14
25 197 12
90 18 18
181 197 16
183 82 12
66 144 4
68 140 13
73 61 20
14 37 16
100 123 4
37 34 1
161 106 13
61 43 8
138 181 11
40 97 12
37 175 12
89 191 14
186 14 16
64 29 6
92 85 9
51 105 13
145 82 9
57 23 15
199 175 10
128 14 2
175 170 10
189 104 20
141 90 20
156 124 20
95 63 1
180 9 14
184 116 11
62 69 16
92 84 9
104 138 3
150 15 2
157 125 19
80 105 5
108 96 13
36 161 14
62 59 20
97 159 13
56 81 14
42 65 7
160 17 3
49 67 6
28 23 17
160 135 12
198 31 16
49 84 1
158 59 20
142 110 14
36 32 6
69 186 17
42 175 6
185 192 5
177 26 17
186 128 7
124 72 20
42 193 9
31 28 1
34 127 10
163 64 12
152 155 7
164 129 5
159 164 16
153 47 6
7 44 20
137 9 1
141 21 6
173 187 10
177 92 18
170 171 2
80 33 7
132 76 10
41 10 17
71 72 8
13 188 8
184 43 13
39 76 15
123 90 4
114 186 7
34 188 8
97 41 16
139 67 9
95 33 6
66 156 6
71 127 14
33 22 6
15 114 15
48 162 15
112 4 20
188 192 13
187 139 14
42 150 4
140 125 18
64 27 6
118 74 6
182 32 6
26 111 6
159 65 15
103 162 18
193 116 8
190 194 18
95 149 19
112 160 1
127 145 7
105 112 12
88 37 6
46 49 13
45 46 20
52 159 12
76 61 1
159 115 10
51 140 16
49 85 6
161 70 14
175 143 8
164 140 6
200 161 15
156 182 13
182 119 5
150 125 10
131 124 3
197 21 12
9 11 17
180 41 18
79 92 20
46 161 5
81 99 2
160 52 14
176 91 6
98 139 12
178 45 12
33 146 1
108 52 16
70 153 11
124 131 13
107 19 7
100 175 10
141 64 9
85 65 14
168 111 15
184 81 17
74 135 9
79 32 19
117 43 7
93 28 19
177 25 4
95 88 10
107 128 4
8 75 11
20 78 18
50 95 20
21 200 4
138 88 3
127 37 18
100 26 11
55 93 6
112 23 13
143 175 1
50 86 6
195 25 3
100 57 17
88 84 3
112 25 5
50 124 5
9 123 4
75 127 9
119 144 12
98 23 4
167 54 16
33 123 20
8 171 11
189 10 6
179 83 11
156 131 2
78 37 10
153 50 10
87 103 6
114 166 14
182 8 3
200 177 6
78 97 7
68 171 6
25 177 18
134 164 13
156 126 1
44 13 3
92 22 9
88 152 20
166 98 18
127 161 15
106 104 15
138 178 12
137 6 9
199 2 2
90 139 12
104 103 3
37 171 16
135 148 6
11 31 8
65 187 9
120 129 1
185 9 6
164 188 10
13 37 4
178 104 3
121 162 8
62 156 7
55 196 11
82 192 19
114 44 9
186 184 19
193 197 6
139 163 11
125 91 14
14 143 5
178 55 5
102 21 6
2 45 2
176 128 2
39 164 11
127 3 11
134 23 1
34 101 2
152 153 20
74 38 13
150 25 14
16 68 3
154 172 8
97 179 15
94 72 2
69 51 4
141 112 4
200 23 14
160 181 3
155 179 3
67 194 14
11 187 4
142 67 6
178 25 5
125 155 11
180 59 8
35 181 17
38 147 3
163 136 9
105 165 13
20 36 15
178 192 7
82 125 1
104 4 18
160 141 2
191 53 20
194 178 2
137 148 18
118 175 2
129 89 7
178 185 6
92 9 12
142 183 1
184 35 18
29 110 9
116 33 4
22 21 13
157 16 10
195 189 11
41 31 7
25 126 11
87 2 5
85 70 2
129 133 2
5 32 17
140 43 1
160 47 8
134 77 9
83 147 4
8 123 14
7 174 3
23 126 19
66 65 13
165 166 6
179 2 8
32 100 1
192 188 9
133 188 17
71 22 12
169 128 12
60 13 18
16 36 12
49 118 8
198 19 13
106 133 12
193 15 17
107 87 15
75 141 1
42 49 8
166 158 9
181 195 14
135 85 2
105 77 4
169 60 15
2 62 1
8 129 7
29 170 10
18 13 4
193 32 9
180 190 12
9 152 12
81 1 12
113 45 14
196 55 20
165 9 2
185 107 19
176 57 10
165 120 7
178 2 18
111 157 10
166 5 20
63 114 5
172 137 1
48 111 5
89 3 17
190 169 6
71 146 6
186 50 8
80 61 5
146 35 3
155 171 15
22 41 7
53 85 20
126 28 4
50 133 15
31 42 1
56 199 9
185 142 5
199 83 17
98 76 7
105 168 10
59 14 10
36 34 20
120 18 16
40 163 7
149 102 20
185 107 16
74 158 15
70 119 7
97 42 17
31 30 12
5 198 2
53 162 16
108 63 13
76 166 2
11 119 17
18 21 16
20 78 19
142 30 17
3 13 18
117 88 19
183 67 3
153 179 19
147 26 10
112 26 2
8 142 7
107 65 7
17 184 13
150 32 10
41 132 20
156 101 20
110 58 5
75 124 5
149 36 20
125 34 1
157 88 2
190 61 12
126 97 15
172 104 20
151 3 17
34 120 17
31 80 3
23 21 5
52 70 3
43 114 14
29 147 1
48 92 9
29 10 11
150 117 14
74 190 7
41 177 12
59 77 6
152 51 16
49 139 5
36 30 19
30 197 3
103 164 20
76 42 17
51 59 20
174 160 6
67 141 3
97 155 2
155 200 3
147 3 13
152 120 10
18 126 18
125 42 3
26 118 6
161 10 18
72 128 13
65 19 20
30 35 7
95 65 12
125 46 15
5 141 9
13 159 7
170 63 18
9 63 2
85 116 15
66 94 4
187 162 14
127 14 7
108 110 4
98 105 12
152 164 12
98 101 2
169 86 6
34 27 2
135 64 20
125 150 13
1 174 8
17 150 5
70 80 1
189 23 9
48 24 1
184 196 10
169 125 13
114 106 6
109 15 17
51 104 17
91 124 6
35 32 19
34 95 19
122 32 14
88 74 11
12 173 16
90 24 11
81 42 20
185 60 8
187 144 1
121 164 1
33 174 8
160 94 12
147 176 14
138 106 10
188 102 13
189 84 14
34 15 14
35 183 10
66 189 17
112 195 4
60 133 9
56 198 15
200 125 17
87 112 7
160 23 1
9 158 7
56 172 7
187 50 20
68 160 10
2 56 1
185 3 5
29 27 8
104 116 11
17 39 5
162 122 12
163 124 20
92 35 7
169 125 17
12 178 15
159 108 7
84 63 1
99 169 18
198 32 12
48 177 10
172 144 20
115 43 14
199 28 5
14 21 19
129 189 12
120 129 8
73 18 13
14 164 18
113 102 18
42 175 13
35 171 6
101 100 2
68 69 1
195 118 13
151 42 15
12 90 16
83 145 19
194 137 9
170 134 6
14 45 3
7 135 16
94 62 2
57 148 15
99 172 8
50 74 7
130 103 18
50 185 12
29 59 12
165 68 2
82 42 3
141 131 3
136 86 10
93 55 10
56 76 12
175 30 9
103 83 15
136 158 11
194 101 13
143 67 15
154 179 9
169 28 16
53 174 9
171 61 1
137 15 10
81 113 7
8 34 11
20 133 16
105 146 20
187 113 10
105 167 14
52 102 7
21 62 6
151 35 17
179 180 20
131 71 20
77 80 9
144 194 20
120 51 10
183 110 4
137 76 7
143 75 2
150 66 16
54 129 13
23 136 14
4 49 11
108 8 16
177 190 9
107 141 10
175 142 7
159 76 8
135 117 20
183 115 7
44 41 17
150 52 1
59 132 3
44 118 20
89 164 11
144 26 1
147 17 4
184 42 15
67 45 4
42 139 20
21 63 5
95 83 14
26 14 3
127 134 3
58 56 16
118 172 17
140 90 6
2 99 1
153 128 3
152 162 6
174 51 1
128 20 9
40 49 4
8 76 2
154 160 7
37 162 13
86 122 15
88 32 2
106 29 8
110 63 18
14 121 8
44 65 2
106 25 16
183 29 15
128 86 17
5 135 11
184 191 13
141 45 15
111 67 18
154 180 8
53 131 3
84 167 1
132 67 8
34 60 19
131 155 20
181 24 20
159 41 2
8 28 2
195 116 15
38 124 12
67 19 4
77 50 10
187 180 20
17 141 15
40 166 7
58 61 5
147 31 10
107 162 11
173 57 11
147 82 13
165 105 16
12 200 15
136 126 12
191 63 13
90 172 12
13 200 7
1 40 15
127 200 13
18 106 12
90 172 12
106 125 9
54 104 20
111 194 19
193 51 13
154 187 7
53 36 13
31 153 15
190 56 17
49 159 4
152 129 5
143 142 7
98 39 1
143 67 2
34 164 5
72 140 8
64 10 6
127 134 16
186 142 1
155 26 16
152 191 5
176 44 12
145 66 20
113 165 11
4 153 16
143 177 9
42 22 18
20 104 6
46 5 9
71 122 8
167 195 20
121 79 17
170 173 17
61 34 10
48 32 10
156 187 15
160 168 3
24 92 16
39 147 8
179 75 17
143 37 6
195 92 5
96 150 8
200 53 5
118 161 17
149 152 11
104 163 15
154 171 8
159 152 12
48 90 10
34 21 17
187 76 15
132 36 8
172 8 5
103 37 14
127 196 17
21 85 6
174 144 12
14 62 14
164 181 3
170 200 9
76 62 5
176 122 20
122 111 14
146 23 11
173 95 4
58 180 5
137 155 12
13 120 17
162 112 8
133 37 5
126 138 3
98 62 11
6 89 17
119 24 5
105 1 2
58 23 13
118 113 4
153 163 2
35 27 16
83 57 14
117 98 18
20 6 10
108 151 12
170 176 10
143 182 1
174 9 19
65 132 19
61 144 18
43 85 2
13 30 6
161 168 17
59 32 4
169 26 9
151 104 19
47 50 15
158 138 4
118 193 5
85 88 6
124 24 1
121 160 8
92 112 14
54 23 4
177 88 18
168 93 19
142 92 13
28 131 20
114 34 12
151 152 5
182 199 17
132 100 13
51 38 18
160 100 5
104 191 9
151 104 1
185 100 11
195 146 6
49 174 3
80 122 10
94 66 11
9 38 9
34 114 3
104 68 1
79 198 2
174 69 9
113 71 9
140 68 7
9 12 6
39 29 8
5 29 2
77 109 3
107 152 15
93 148 18
200 49 2
130 195 10
20 100 13
190 34 6
106 47 16
82 182 15
189 29 17
178 103 15
67 80 7
120 6 15
116 184 14
113 186 1
137 69 12
166 109 11
57 78 16
50 126 16
37 17 20
172 45 12
93 81 7
128 30 7
27 24 1
14 133 18
173 165 1
86 58 4
3 175 4
184 80 14
196 44 15
10 30 13
72 86 13
32 68 13
77 158 10
149 66 6
122 19 11
154 125 14
122 6 15
23 77 9
10 122 14
149 74 2
113 173 15
42 75 10
17 96 18
12 53 17
38 43 14
155 156 13
10 14 14
165 83 7
110 4 18
82 44 9
110 127 16
127 139 8
73 58 7
103 9 13
81 38 12
166 49 8
180 107 18
40 162 2
144 84 12
189 13 17
188 20 20
148 8 17
71 163 2
146 3 16
186 9 13
26 194 6
157 64 1
140 89 9
114 162 1
142 97 20
139 169 13
83 31 20
149 58 14
180 9 17
94 83 6
84 122 19
112 131 13
182 47 8
62 42 17
139 19 12
170 174 5
25 179 20
61 98 8
55 132 7
181 4 18
166 157 4
52 136 9
106 177 3
155 73 19
