100 1
8000
108 446
59 571
58 406
99 477
56 536
197 514
6 560
153 443
134 499
172 541
170 598
167 595
23 542
181 515
74 478
169 510
73 518
60 564
139 440
111 463
198 452
25 475
49 476
162 590
163 564
133 517
59 497
104 549
75 425
181 486
81 537
52 528
36 423
52 491
9 507
42 553
73 554
97 574
112 533
132 401
186 459
80 596
61 488
116 483
7 485
85 571
98 493
182 463
126 551
154 543
1 506
123 433
131 557
198 556
149 504
167 438
113 412
46 468
50 480
33 470
40 460
56 467
59 404
92 402
91 554
174 534
141 527
89 411
127 474
160 531
100 562
34 486
114 599
87 528
143 497
161 518
186 458
57 474
187 422
45 453
102 554
57 556
105 436
36 472
177 432
77 563
35 456
169 536
61 547
22 419
183 539
193 402
170 530
85 593
147 400
14 503
33 467
166 416
41 481
153 428
