200 2
200 500
182 58 86
174 41 62
2 35 89
42 32 71
42 35 64
117 28 64
187 53 66
34 21 89
125 23 50
9 58 83
85 25 71
127 28 81
189 48 82
188 30 41
55 37 89
98 25 73
186 55 67
189 59 60
8 21 65
66 40 80
72 45 48
120 50 65
74 44 43
129 41 78
165 58 41
188 37 80
83 42 43
150 53 65
145 49 49
15 36 65
193 49 87
89 31 72
52 22 62
24 26 66
112 41 89
68 31 52
151 36 71
73 51 66
135 36 46
70 30 79
49 27 47
125 23 60
128 28 52
198 50 66
21 46 44
164 40 87
68 42 59
66 39 52
141 43 80
134 45 66
54 22 59
107 54 42
172 20 79
134 53 89
156 40 71
181 40 60
188 44 51
124 39 53
2 45 46
35 23 57
22 30 81
30 39 53
50 30 63
77 46 70
0 26 76
7 54 66
111 46 70
172 23 82
131 25 65
79 57 46
117 31 72
19 25 82
58 38 53
196 55 85
1 21 70
97 23 51
168 57 81
65 30 73
35 26 70
45 41 41
28 43 60
196 41 52
99 31 53
38 28 82
159 43 75
57 58 74
43 35 80
192 31 87
109 27 62
138 39 56
118 47 61
114 57 45
122 37 84
59 48 72
35 25 65
138 54 65
115 45 49
78 35 41
42 35 57
119 41 89
22 23 74
144 42 59
9 47 73
77 35 68
167 36 65
120 29 78
119 48 47
116 57 43
88 37 83
24 29 64
182 22 62
152 40 51
140 46 48
153 24 49
22 58 74
78 31 66
197 25 58
147 43 78
45 52 65
8 29 48
12 44 75
113 47 48
35 36 55
6 23 77
150 28 66
198 44 81
47 23 85
58 27 63
93 42 41
62 32 59
8 36 87
24 23 56
167 37 70
100 38 73
51 38 44
184 51 42
161 56 55
115 39 82
58 22 56
154 34 45
181 36 68
46 40 44
32 54 41
83 42 87
158 31 73
67 20 72
120 30 68
87 24 76
8 33 65
179 38 50
23 30 60
70 43 55
150 31 54
61 35 42
190 59 64
78 38 46
125 25 67
94 48 77
110 23 74
113 20 50
38 30 55
55 55 53
23 30 59
110 47 46
163 42 61
126 21 70
90 56 64
64 36 69
30 59 70
68 33 46
177 28 62
124 57 59
102 40 70
145 44 71
63 55 40
39 52 46
159 25 46
146 57 73
197 27 69
108 47 70
76 40 84
89 55 60
94 40 83
170 24 89
197 38 64
33 20 40
8 40 50
159 36 70
134 21 67
92 26 70
0 42 52
167 53 67
0 21 66
37 50 49
134 53 56
118 35 59
124 21 64
199 36 73
193 37 57
55 22 71
