200 2
200 400
103 22 61
148 32 32
157 22 56
178 40 72
182 51 77
126 41 48
172 21 47
111 55 52
98 57 38
120 48 51
150 33 32
115 37 47
120 58 64
130 21 35
41 36 56
22 27 48
177 39 63
14 57 41
139 30 68
148 38 59
70 20 31
178 46 52
63 28 74
1 35 66
143 56 50
7 31 58
111 53 79
99 23 46
42 55 35
84 23 54
198 55 40
25 54 79
20 30 31
191 55 33
99 40 69
39 29 73
39 39 51
90 54 32
132 38 70
187 44 54
78 33 49
78 52 33
23 30 38
69 34 31
129 54 46
94 22 62
78 51 63
185 47 78
32 47 52
21 39 61
144 28 31
92 28 79
114 50 76
16 29 74
110 49 62
31 55 66
37 30 63
199 22 52
146 57 32
62 32 61
88 46 35
100 21 54
119 44 58
88 51 46
142 30 72
14 41 49
59 31 66
193 32 48
105 58 73
70 32 42
24 46 43
185 59 30
79 57 75
19 22 68
114 20 78
191 33 54
132 56 31
41 39 68
71 36 43
100 28 78
122 44 74
191 24 54
145 48 31
169 59 40
53 50 46
183 32 67
56 27 46
172 28 79
171 20 73
13 33 71
142 54 58
125 22 32
149 35 31
105 23 56
106 43 36
83 34 41
12 54 70
165 46 54
19 21 32
198 50 30
64 42 33
102 48 79
36 55 63
119 53 59
19 48 43
14 36 50
81 53 30
23 24 74
126 59 53
11 35 66
128 53 70
22 42 50
177 32 56
83 20 66
8 28 40
25 57 54
74 34 45
196 55 71
42 31 30
80 31 67
180 37 57
182 57 71
9 57 53
108 37 56
71 35 48
110 54 52
103 52 43
157 51 40
59 37 74
2 58 67
88 35 77
102 56 53
136 31 76
195 55 47
165 29 47
108 40 43
68 35 38
105 32 75
190 50 66
149 51 68
14 59 79
192 59 75
179 29 74
136 23 53
177 37 35
24 45 64
103 25 65
58 58 67
41 39 54
5 28 66
199 45 53
149 36 60
166 32 35
149 36 56
162 52 42
5 29 35
103 55 42
62 28 33
0 31 46
50 46 61
105 20 71
37 35 53
11 59 79
197 40 35
164 44 68
53 21 55
54 49 37
147 43 40
180 50 72
85 21 52
4 41 51
26 44 45
159 30 34
50 39 32
95 59 46
30 56 35
112 20 67
21 44 41
99 29 39
119 27 39
62 37 78
12 31 64
168 33 65
15 21 32
113 38 68
31 34 70
115 55 62
135 34 53
153 58 66
121 34 46
179 35 75
167 58 73
162 45 48
116 31 40
187 38 44
189 58 79
47 49 53
92 52 52
116 34 40
19 36 32
