50 3
60 60 60
6 11 13 12
37 11 16 15
93 17 14 10
46 10 16 15
123 16 17 19
86 18 13 19
56 11 16 16
87 12 13 17
188 17 11 10
170 10 17 16
69 10 18 11
117 18 10 17
21 14 17 19
131 10 12 15
50 10 17 15
66 14 15 19
91 18 19 10
176 10 10 16
135 15 19 12
199 17 19 16
99 14 16 16
137 12 19 15
46 16 18 19
4 18 12 19
175 13 17 19
140 19 12 18
141 10 10 11
24 16 13 12
94 13 10 19
100 12 16 15
176 10 18 10
19 12 12 15
75 10 12 10
102 17 16 12
108 18 13 11
159 14 14 11
23 15 11 12
176 15 12 13
177 18 19 11
72 17 13 13
186 18 18 16
24 10 19 18
76 14 13 12
23 19 19 17
96 13 13 19
65 16 17 15
171 13 18 14
54 12 14 18
167 10 12 14
149 16 11 16
