50 4
31 31 15 15
80 11 9 6 4
258 11 9 5 3
403 9 8 6 5
82 10 8 5 4
454 9 8 7 4
181 8 7 7 5
459 10 7 5 5
135 11 6 5 4
339 11 6 6 4
240 11 6 5 5
300 11 9 7 5
439 9 7 7 5
307 10 8 7 3
316 9 6 7 4
101 8 9 7 4
127 8 7 6 5
424 8 7 6 3
499 10 7 5 5
496 9 8 5 4
9 10 8 5 4
236 8 9 5 5
273 10 9 5 5
437 9 8 5 5
314 11 6 7 4
36 10 8 6 5
362 10 7 6 4
149 10 6 5 3
13 11 7 6 5
106 11 7 5 3
582 10 7 5 5
275 10 6 5 3
372 11 9 7 5
190 9 7 7 5
310 9 6 7 4
21 8 7 7 4
502 8 7 7 4
120 11 7 6 4
590 10 7 7 5
498 10 7 6 5
11 8 7 5 4
531 11 9 6 5
406 8 9 6 5
113 9 7 6 4
403 8 8 7 5
72 9 7 5 3
44 10 6 6 4
157 8 6 6 3
16 8 9 5 5
97 11 6 7 5
240 11 9 6 4
