1000 10 584730
204149 359517 495280 121152 913578 159765 348544 413142 808672 925222
850655 213293 987062 315433 263306 57771 580535 165927 85082 755558
62331 688122 327055 908176 625502 642383 696972 346125 262517 57094
631162 879023 27742 379275 794782 457662 280929 210680 497297 639010
577901 571550 12215 142490 568525 869819 354050 737971 442757 628331
471326 356635 85439 970095 470466 357231 605030 338131 771924 40817
86556 960405 961347 496105 673687 811441 128181 519339 250380 803514
913895 340689 489888 457703 658832 575062 875178 209490 455107 884992
244183 810750 827703 590476 217397 347308 194537 893730 783235 156308
8240 353286 168103 376829 313266 34892 943271 724163 981043 541668
521867 291459 133487 278355 480501 162398 457759 706870 54274 315285
129178 318038 878084 771381 695618 225234 139035 439130 307177 375790
826880 945963 286097 413293 513856 953433 782030 175709 234602 957962
610731 999981 55605 933931 375282 376976 855216 642545 186525 693644
777000 686433 522733 298034 975212 206675 306508 312619 83175 272248
470974 798548 982076 939993 786534 188097 211347 497185 520233 392127
329013 211218 406113 527239 775135 253610 570389 83472 824153 592652
818295 838820 72399 298922 737435 481981 574266 602623 836703 35059
120660 248459 106395 559265 390038 394728 520073 745491 899616 700892
901558 775982 67003 830264 816685 281888 995807 422096 602108 337849
397296 270339 344375 259304 778788 839144 566562 234148 711872 160691
385220 25689 327322 199995 796646 109899 221857 782848 927653 683554
648753 424779 832077 558046 84855 216861 611645 309964 606239 934588
559318 848980 474937 129067 287814 217386 630209 977660 315325 540384
325200 72161 920315 516033 989452 756425 449395 254718 751940 922739
990901 749687 204860 902853 911354 93334 764196 780608 942256 386894
66871 360306 157559 227396 610412 144246 281536 332469 45276 731584
170526 411847 753348 346445 280306 448449 190008 105171 559659 670248
7437 671675 129016 52872 813193 531179 852295 991631 641607 409846
322917 105978 704162 506934 73897 328180 726953 185837 219686 289249
220145 70429 208886 737313 416030 202226 597465 692781 325704 120896
434525 761041 239239 265289 400526 440876 707999 99432 194645 512734
903264 454764 307007 363829 774440 701124 290518 419226 240380 173423
240947 624836 997223 489265 50965 463689 868872 920296 584094 236402
107815 358745 595387 299117 614021 765773 68910 509827 313971 133037
966544 456296 572540 765568 946671 397719 424577 435856 469095 636029
152770 595695 869577 278177 45049 691949 641241 845162 894993 615303
618453 306264 96748 397890 339742 675077 936734 243826 657655 225364
699047 874069 236741 789764 638294 95455 597384 255962 47337 394968
866481 424588 324800 346766 987033 500975 265063 508465 675874 158344
585203 770486 485747 604313 511137 435829 273084 84734 540168 419509
886789 970173 744798 704876 816867 263935 803126 119669 527676 560841
254571 374162 804087 894746 865750 311332 565194 986798 664108 897157
348361 456095 219785 851800 487263 771463 420498 875000 915562 632759
20784 812373 463891 350810 485489 851320 54930 58754 177479 179102
459179 176529 133060 707872 526065 460305 980031 800066 896958 347225
440529 323421 337445 57963 771689 646569 291487 165097 488302 310286
424212 651709 568133 255129 272322 482160 568126 681567 218923 878429
794706 33982 333763 519076 86918 997663 51924 101313 679821 563803
852058 690091 752224 325232 846282 391484 315112 273668 82769 733685
870998 266511 262285 172800 453707 295839 81043 475167 900023 239964
837187 852862 31231 903159 763153 639552 431282 209213 774028 854190
101602 914810 271199 270793 835861 371908 817812 981185 865034 783739
41943 818305 379799 574119 535267 914003 995269 968657 699383 735944
326959 905882 5092 98423 493944 534410 969655 793278 335007 58302
982890 778831 16508 108791 897774 364722 812833 586910 572105 803081
450383 55941 976323 335101 698979 559044 554175 68880 14299 190338
655627 574590 299445 527599 912746 654148 507347 844929 768170 293795
159564 977777 88855 349140 31653 614712 708550 305450 269787 301266
592109 514525 760801 659278 288831 184253 499588 832243 845914 37616
522082 781508 743421 749227 513512 386831 260993 999332 924741 225120
876289 774517 825811 513518 962012 551210 816604 797552 925997 68392
38851 611997 606218 231778 228489 646038 795299 622798 986464 426691
159317 433722 697574 264574 988850 130681 929110 595761 330479 358134
952296 238385 884066 151018 69961 766598 222635 986454 149763 306777
806142 768740 870935 984902 839100 853357 918374 174741 292477 375852
424423 402613 902784 780834 115776 934570 245587 588361 422702 352845
992632 179382 151993 333344 449966 733772 176108 416962 538831 160922
439493 789964 455983 785131 367461 385050 210042 501533 460463 727319
504488 776619 788529 509566 583472 310760 360022 277564 508472 95185
711812 812985 682523 953416 918829 749897 488956 979455 187419 955180
971253 959277 245394 464499 778077 982816 126992 923925 222819 253929
725387 681063 646036 679494 784141 302357 186369 244365 349806 511050
380464 488431 879259 555433 880845 167141 46292 852777 816167 313917
613549 294536 165193 101011 37266 143820 322361 482510 143329 520784
144384 596452 636522 778218 906278 462535 309478 150039 861712 36672
330517 14283 278514 415674 408827 439549 714806 463608 15981 345548
954274 76226 172526 536327 676740 79457 408431 471540 231770 93858
15617 512771 87810 888067 66233 38319 236897 391025 633353 779467
930463 854069 741308 711063 872522 625666 398317 864714 439933 172883
303933 337168 398925 797282 246968 444344 222322 258068 167094 349444
497763 343820 546403 548199 475412 570955 831179 557175 282331 56054
970789 88267 484726 899966 123228 585174 520113 681640 40850 834751
740607 318640 497181 764157 773260 758560 765265 25454 322505 540025
790144 113709 550943 834935 684598 674753 380353 543635 801421 246156
332528 787427 807635 132744 181395 530319 968805 259499 999079 655718
786389 769446 49139 186584 974483 874899 870749 190385 613779 965391
758586 784861 578561 966027 543112 136735 156202 849277 438707 945880
41418 511609 367879 39692 937057 538733 947224 270391 253706 362757
329845 238529 957501 659793 284467 705929 235145 423820 904882 362420
349304 577017 60511 869906 801384 551650 780255 711377 742902 672913
378796 374519 822724 751207 914934 990946 674958 340712 692621 839571
648246 149257 289828 227601 956069 351042 96404 63937 520354 123148
852422 587178 62080 491425 242466 303829 896058 342047 449532 390468
540942 524409 355628 386450 497982 200755 766035 276905 175421 803728
285202 468795 138224 212544 858185 568679 339081 621226 749986 116275
689104 884844 228461 952146 114803 157742 433842 473929 729963 717333
862299 524857 425549 405816 993874 252726 932848 249826 446677 988365
102914 673803 727895 614169 374589 513363 543341 942902 510497 496994
916950 438678 325993 409692 963857 913218 369470 671833 370856 582092
880957 58366 156700 927692 66837 22703 687696 976312 877599 945319
293519 597894 587695 737997 533202 745692 636999 600248 987642 732043
517300 86772 735948 429413 962718 719946 934800 339607 190310 116113
509686 386230 754305 862485 367345 62857 658074 433452 536468 603314
40380 855884 140959 8595 275191 735947 991167 581647 327887 644847
194032 990331 957946 195560 165442 423740 476433 572875 839667 174114
793713 30727 523442 754394 362558 965561 889618 703164 212938 737262
776048 614825 8500 427902 83412 648447 534979 701225 390026 732156
558782 159082 749871 139372 676530 594222 8471 872923 309281 970445
941385 107958 944232 244446 825127 953383 612121 256839 610506 84594
116995 854459 235965 764749 364565 407750 140108 351713 986998 213147
353979 88972 80655 625753 849888 222248 297781 724248 419592 909076
457488 588552 686626 783524 199899 779202 16883 14276 676185 90677
448700 286964 915841 529929 92483 630952 253120 635003 300433 402160
182919 487889 107950 699330 695581 785791 470611 128936 869768 402271
103727 944718 174206 472737 545340 145339 428152 334022 74657 460794
451386 324679 872237 991550 435785 590324 115645 378077 10590 555787
483239 653726 512002 776082 412768 255272 960453 653204 270522 233394
62082 680050 297614 130751 1179 421157 880533 913781 854269 533319
331722 802920 727119 395397 178062 394037 687613 876411 301574 386859
124574 356546 414294 190774 815900 747764 633029 292004 732288 384997
893316 143033 763973 660578 417887 909586 512392 832099 335151 805874
988422 188514 205562 368035 701511 750346 54482 638229 511457 160814
300036 282778 89217 389649 476999 415439 227097 68579 805986 24103
411266 309900 642137 810047 937055 352660 108822 373926 267027 832534
967380 993172 866792 912412 728157 647968 101684 974643 254205 26382
7229 397879 545455 385624 898919 967208 315424 864282 808100 907944
196216 931447 991648 763902 225159 629167 142336 759256 391546 303412
24111 850735 918733 871525 837667 804183 677484 977098 189361 688004
255947 292760 559964 860459 921706 635230 64611 993873 977720 54722
397177 960212 475300 267478 891137 48295 905042 732835 803197 849759
584499 587020 191518 386046 576769 507584 981626 31205 736457 65240
851875 395479 693061 900682 483771 86484 631972 671658 538283 970597
105768 369839 417624 582790 659943 280429 724359 390012 345619 289409
288626 9063 631065 344377 145521 971660 474170 270788 875358 343815
920527 60744 709767 514659 43962 889924 987474 590026 116197 31611
744586 219702 980442 329173 433749 256434 457849 792190 703251 597053
549905 964031 533662 788309 889249 234152 732222 841017 244069 227285
889187 543901 784709 144080 461338 94088 389988 734271 430978 302748
579019 996461 556691 552897 42 775879 774536 266636 85747 15559
54291 390537 278907 334198 249162 924726 143166 387561 649890 733981
223926 456970 21718 827955 353411 785980 228971 105112 939343 942269
293197 947031 836043 603982 726453 222697 670810 2750 189769 382631
397532 295933 115828 578251 426946 62765 357997 731711 550990 258443
577 797803 781397 106487 31650 373504 424305 336331 800820 15937
479968 856299 785550 885051 947122 508584 691318 175272 867204 974363
533019 744706 589766 734162 585614 142590 888223 35550 910425 937251
435566 493537 336050 915160 72464 4062 277267 379835 930526 974966
319099 903426 955186 851103 828891 634643 582955 284381 116005 757298
613410 412845 175009 800265 112703 890589 643290 773458 181931 898617
646745 302694 222839 446742 930246 940538 314908 292688 327050 284730
427729 261221 992855 591369 910516 306469 288133 950773 316949 734728
478224 314230 678932 846069 338610 345044 146548 179163 201672 380504
886366 930472 831390 41879 354962 316405 760861 893175 199610 80644
994588 162561 33586 763386 621987 272750 566929 466943 298195 187365
350768 271751 20489 508200 686972 79300 726940 141164 64404 425999
269256 431605 498418 862969 934284 941067 98731 372917 701750 15481
356819 860180 88374 961887 63062 409786 260486 680437 318217 970002
722804 358033 749417 945315 769869 324671 437673 613108 103333 176549
373916 34028 667165 966595 359217 959697 330136 7680 72140 545033
826108 394320 107 226368 304504 564996 242699 178906 732882 197530
850040 477177 525919 137946 893402 94775 678910 542305 524672 254996
197874 287147 697852 665418 218129 483395 405772 981716 498306 41575
303397 520313 870512 417291 405142 85800 686779 389312 918740 896625
293141 3683 459225 612816 968507 826300 449992 139421 75460 832966
711017 170896 276445 73299 882712 277347 86121 155476 229362 532578
436301 407916 200331 366016 383753 297491 861569 397030 313642 160198
143305 321805 499837 933053 941102 684137 57632 362853 870576 993872
836733 416388 380129 133090 370021 183858 657461 957560 786267 20116
864243 439965 466798 122019 476883 882669 145279 862385 363654 975092
350047 553797 974865 163896 886120 529587 837628 497369 698190 69877
967561 147634 806180 301378 483245 566738 684397 424689 571608 483492
390499 92371 862705 476413 414456 344408 785900 314601 348202 610879
668537 231882 912237 631750 590177 744755 422324 900656 215731 541888
968730 471122 406254 351411 250240 759169 791308 789588 993487 264674
149382 87182 220771 522094 728216 940044 491838 784368 88876 214765
520302 322743 377421 847122 842828 64172 563509 39540 268799 898419
340261 967279 191824 223583 30875 74076 40997 375744 643811 558043
270159 491741 981713 304760 359131 446818 635114 647067 671686 978402
175151 205370 755708 368096 425506 710369 14106 263178 76271 136746
682100 66792 335285 176836 393478 147725 520228 824241 42246 54817
663843 18591 20123 788341 898510 19340 287767 337921 905538 554476
813151 659431 799190 205797 468736 874393 309619 173738 47713 554504
478494 749881 355597 240414 308510 194909 23404 251496 163198 779712
663669 333783 819688 405708 899799 484756 116272 114842 158304 439519
76895 178829 42533 844209 811894 702806 221867 753502 406763 164400
732553 163647 809115 369191 147370 941843 492620 97855 306562 392410
923893 261237 94933 582439 744557 78325 979163 227573 724851 804357
511184 231864 237561 124698 100571 780678 738727 371337 547126 474088
779590 768591 805468 463144 325551 868949 2772 891585 92855 192319
851819 658317 246481 592300 738620 528318 548508 438502 134831 651130
827419 795416 408669 411183 763081 529244 156625 252718 80466 836478
767386 890097 475315 402504 178876 545998 841241 403778 639945 793303
617379 565530 251348 820902 240674 113372 347633 876832 595403 648325
725618 182814 20080 266916 405718 67024 141783 537087 414188 498440
78112 93799 441193 175485 389272 71083 704706 498343 499900 184101
449621 844012 772596 905384 165729 726672 245602 476172 163205 28179
425836 654528 516962 283288 35229 720226 944034 138092 712825 711465
812076 750283 783596 411409 915482 261901 74954 394553 16906 336768
251150 96249 131186 149410 67733 576224 938865 915866 896905 903627
343550 146419 991576 985976 433154 485396 364790 514944 489190 794184
555719 275708 17264 320495 523607 890161 513965 954465 734269 128538
870928 745000 862873 289051 904093 780444 758696 346322 924210 90885
408124 15360 194537 916716 424264 742828 397754 272143 458705 957572
273566 542517 194270 24548 911242 827435 253827 919160 121228 754945
714801 803103 269659 918532 393752 938797 958880 259478 712960 271695
282003 386587 216925 586695 283474 485984 592246 673373 522527 544202
37697 971465 656059 452515 891299 19813 25242 849942 678002 250036
40296 422641 909082 177351 87242 901337 125628 35508 8258 716147
649685 922584 591178 272690 598762 248892 239698 35728 244342 987400
646544 491297 592398 863007 11612 822257 201877 777085 218744 350664
780684 374388 621424 749651 527880 276951 816962 595463 15914 260444
538270 246304 576024 249160 218928 126942 91913 99089 440021 18909
12846 139003 681196 556280 694161 669326 944695 423187 653118 860499
485922 782910 249869 271780 730607 543424 412364 426030 279298 856528
441293 8237 398664 193129 746227 17275 805384 22665 879643 576431
815878 449154 80749 242635 603457 576286 460945 707257 270070 46330
686742 452696 340163 761654 487826 263897 738552 217918 13191 806633
586219 420657 29385 166576 370446 387073 613465 699481 455345 678599
161275 335489 247687 12827 189115 529462 952144 172881 339238 838506
640249 299808 438072 914008 899036 810269 521051 259275 833582 345222
745633 560893 893421 527966 28072 48658 281019 64545 708473 794152
776334 405952 456021 75326 114710 131507 136143 400386 255673 575145
729822 168512 468658 467712 205771 189557 218597 510003 720293 770362
436467 471703 679161 63919 411465 209437 821309 182969 81660 515240
513513 889062 921963 429227 168460 897624 183289 383732 7721 212150
580194 477710 942287 798840 431191 486474 744955 321957 68688 799225
450835 62179 231906 2189 188965 544832 123024 712690 82845 283535
405098 489034 915053 812975 104958 849978 556673 670961 703579 118569
62130 48075 919223 178917 616935 455298 970468 944910 923792 99753
638342 637738 90006 395161 98406 768799 515929 254598 618996 870025
770442 614942 182983 581803 595651 442958 141535 484435 723836 360692
841350 612199 855297 510934 256969 794982 607008 90014 175537 325081
684368 819591 435565 120301 891942 935145 459268 185696 933690 369071
198796 521606 83018 747874 346922 440977 499885 935697 936422 565648
999579 269721 63932 526361 102189 329808 617114 336162 878564 755469
895340 223251 534022 986704 801712 941922 488506 708778 698766 197201
25317 926846 587662 698262 809509 399305 400022 733224 634447 145976
336240 467841 168665 189703 589618 498175 818372 517866 431076 299583
816189 896972 578338 656704 150711 142752 732773 791834 109198 44947
365205 267083 691941 987662 318261 953692 632860 940310 339569 255462
9663 284980 58890 929661 281806 757345 486013 793665 779136 469481
751817 338639 522105 999911 965681 517467 90330 99430 272876 471980
127474 248427 349560 387063 565841 673077 456272 115991 667066 248212
657065 415247 502157 163042 478290 988561 20762 199025 324318 580857
270451 692157 145740 273749 435321 453265 517035 512781 448538 439477
187397 435865 127473 514521 695127 76420 878745 935110 16577 771018
138719 958381 883016 653771 348890 745772 952885 670694 439821 576988
424103 459674 538320 613073 53636 229856 94945 849159 260656 670478
152379 247998 980403 541784 898952 924872 706159 739975 144985 713933
414964 414356 220325 854623 579073 140648 402374 824828 288391 132559
401588 265038 87533 360709 476455 239148 280659 273450 304747 605089
630994 66542 122215 880093 210199 446941 919456 645789 564788 104644
718805 555912 366927 3745 475303 161753 67408 568672 662826 580869
147426 392895 335254 713551 193499 356084 427572 874579 405000 721169
323223 986959 86477 327733 605353 531822 667910 391425 900056 255901
843403 445051 729977 417033 567034 714067 779540 635789 802412 484536
900702 633444 732727 385236 898797 687735 703994 196703 390215 128715
705338 307935 129170 979449 536994 324689 713246 926764 420828 444956
439557 759128 813567 784332 485747 457483 275815 32807 342017 414479
587613 187155 453920 349173 14029 952607 719787 656531 383854 615148
508329 549612 806037 411141 807977 310299 408049 57631 516688 6100
498136 485489 539603 8015 573354 579047 73342 263067 34817 212696
748610 176247 820660 636535 460620 627038 837418 147090 530341 107581
520766 629700 31190 535628 481473 639807 87682 374674 954135 851062
1031 509361 45723 194164 464687 410995 472217 2907 377000 442859
931051 991723 629219 405752 392163 26633 222827 557318 267195 444484
43743 722297 276982 101315 615227 512536 275598 971023 578313 144737
448341 178756 956477 976554 747402 29115 628181 163324 338460 194462
429251 867177 271514 97732 956197 738444 319632 619311 106248 559551
972401 895550 154559 196594 73719 790488 984998 933498 619247 704914
279088 421705 533146 107834 256135 336996 3633 23058 765978 49243
351005 706125 195277 685625 553759 295180 446937 139998 169272 369977
642724 717838 687867 196013 375415 879509 129345 333102 864366 773068
407841 174760 944932 167890 956643 824323 654255 305809 760335 541568
703491 186576 347417 683315 659572 252674 848715 255043 182361 190968
694910 399119 539001 203075 664789 893225 849765 875306 535268 748993
845281 458488 472137 166091 974364 281125 349747 978548 113581 55298
547454 644569 979653 526437 123089 725693 147620 641183 910292 984865
9205 53305 531286 555230 315503 43966 783515 991145 223243 364660
314724 645812 646922 729642 498770 299457 158818 113683 187475 334475
638577 574641 228850 444008 56911 976782 523966 431422 737604 585782
123048 946024 539392 28931 449537 557551 670382 523492 815721 980324
723957 278059 137511 328892 852590 965761 466735 701431 291901 242115
386263 217528 288408 503168 697065 205053 4409 356954 651756 216196
574281 469103 609933 977520 539257 721007 187648 204513 584280 110468
563424 564230 906202 860291 991289 356414 706518 145211 592007 780715
874340 270108 285088 659986 466359 490879 554616 401092 147942 14405
325761 677177 393300 670081 4221 54312 581114 810242 926524 190816
553880 84691 392587 576675 928609 988827 603169 213627 114529 699275
609199 626271 167799 821836 81559 140901 560727 44282 394922 250686
492 491959 49935 769468 287385 308666 502432 768884 784009 918888
842019 217023 842580 850041 453150 335631 954308 137904 711314 18100
658251 864763 607719 785951 668775 95691 537604 705382 401761 857709
696882 216551 97939 271868 957741 691328 240710 195908 616307 658986
911671 642931 9546 386499 355692 54580 871359 329754 998660 297676
472878 473563 246262 401295 382020 992518 766596 97120 584203 706328
989219 406685 370743 604542 703659 635373 912966 340168 753739 101630
874105 464449 951710 79254 970190 197873 496034 686313 325256 297871
863547 293129 484415 752352 965562 436141 115967 562401 865398 680897
724254 677230 551974 202661 562976 994090 219094 780441 320168 20373
259033 130338 198779 740689 989245 98167 725927 523933 173441 387639
188152 926204 45603 271114 571477 715835 604870 788935 51749 549192
786702 529519 663244 363173 382894 63876 882821 173062 51680 803832
537586 267188 214956 99396 118516 953795 155226 673417 991065 90490
689012 726389 988221 631984 490595 553295 223083 576602 885694 112027
403389 381589 634345 231404 83782 521554 674196 235831 573867 721581
363785 508664 72854 564797 186078 89304 416847 560094 11866 517191
285143 566511 768345 761083 967483 285141 972147 141585 941072 41679
678257 402337 747022 387593 424728 413059 902716 185288 213636 100902
801979 972468 780525 397196 615415 58805 549475 360178 211827 118931
179491 707659 741817 508062 726348 149499 296731 616725 592303 911743
165473 976167 757591 111041 843615 132177 665444 396984 482174 503808
443477 150065 420445 631508 963097 806919 782909 694924 847930 703854
755287 277780 833033 698181 671556 171474 814171 232695 577974 798028
455187 621112 521006 412726 656643 281919 495725 579020 198930 258127
948018 119407 213450 530719 390058 700252 835570 353159 864250 862373
574667 876619 220243 862472 372616 869438 976198 958912 440698 148512
599757 726747 641314 985465 121364 637526 667954 776343 410795 29503
344507 473919 702250 854254 454616 313785 686331 466006 67810 611355
8982 682267 706008 331648 395208 288466 860072 531235 367134 811178
732244 180385 935012 793509 608012 378030 645913 490077 360510 594619
696550 48586 773947 460704 501662 46156 315178 719868 427781 290441
853467 663098 229264 621507 363394 462957 708950 136910 532137 854764
536552 188506 799119 689551 420800 995974 615878 831075 895333 219585
805366 365268 151846 137827 264291 720331 73238 183789 467622 245625
528192 632650 538859 730628 765734 24543 909436 940267 813695 142995
752369 673746 439477 689829 717956 323959 614452 917850 163019 996173
229189 314378 913422 686976 249702 941384 723645 411763 533199 107064
639768 998731 750032 91640 972653 171766 679871 233237 792069 144714
74663 55655 259789 548576 558299 415939 954531 641520 943385 405952
293885 719582 108406 675621 245675 402225 880805 459 772044 247224
589090 353882 972511 514523 399290 349015 924664 338653 162712 293440
361653 112810 477785 38425 381512 126421 9197 74884 504725 168179
292808 40335 442652 540771 166378 212656 246322 912634 615568 312792
658397 727155 870126 491468 818684 862937 701800 719551 580684 838038
831381 874317 494719 241459 564045 14217 786245 459553 830218 489545
601004 149085 260266 487610 954101 307515 194589 623181 519903 347554
932817 818176 605879 998089 418440 97856 779136 628437 968611 764841
289382 527657 84675 402809 10283 196453 94905 415080 146373 388837
220257 367451 219770 648946 372014 949478 36710 347595 515873 435185
734354 241073 85011 468989 343236 366039 597602 465469 863211 367478
509390 430996 314863 302508 321924 798252 809309 959118 899419 870143
353400 146201 729530 710450 547693 652310 629241 888347 999219 270606
798834 651101 961692 629564 860708 420448 351007 85762 89645 90568
176489 975043 417610 525161 173497 534008 924780 917730 426619 612791
33531 853975 11149 795451 305286 713296 792888 15521 974157 700061
236574 84417 247060 382508 915496 149596 279374 572567 95739 850186
608410 846423 2687 579716 617105 157215 851896 587234 195615 605183
997586 300643 483277 214379 965421 440992 274658 431157 918989 956469
329282 640694 695180 111035 445802 185578 826857 219823 763605 762124
17998 997809 66052 252436 614154 778939 208438 768155 200225 532038
441816 60386 751113 122758 286631 454966 251732 915925 88506 517563
709558 995710 929174 710717 972796 617575 74671 100187 115338 827398
926732 698969 928436 806053 150027 53914 826921 842943 478354 590226
820263 591233 497801 7835 249113 272654 156790 752542 681120 491808
280751 944097 926196 679721 499597 624488 553728 675482 95965 995508
505956 155117 113227 80504 413732 337261 370976 720807 810387 432214
724615 921615 628997 371038 697228 247908 417263 923115 171719 122073
503893 865884 761009 412184 543803 871791 340815 127896 745616 16977
13356 548257 354058 274766 636507 667213 972801 556049 88 179679
413234 35616 486438 619976 278819 256593 494571 446326 555322 877868
236305 76874 336883 545866 899931 290647 959452 56406 521126 487451
92555 908569 374598 216397 360721 402130 83101 618905 356736 168283
4163 813632 667908 145528 405012 118455 193052 866605 43155 718306
341500 851222 138882 930481 283641 515904 764613 693565 304644 113902
425923 420915 786370 12117 919775 91410 13818 131656 233592 337843
123406 577662 310069 278338 969426 907884 583268 641250 620480 517507
708591 728426 727382 689966 195128 293865 590232 18511 144961 785389
995072 381114 729865 663110 470193 575894 615228 304911 406873 393785
427678 966730 405071 166853 875233 272683 85526 834459 9034 409253
104924 574631 238275 64672 473263 352562 947246 183388 935111 4319
297132 13395 591184 71437 168296 31730 72172 106922 104296 158661
841293 711908 233724 811164 243275 940136 542130 694325 761779 715736
893612 92432 119319 17623 370782 862142 385131 242618 403247 750611
326981 21968 751499 165945 520776 708906 324178 445130 546979 382422
500633 587949 377042 148675 84556 148189 51217 507943 220357 450296
180991 779385 866781 267240 33106 505079 777769 512570 80497 727416
561192 667443 164083 820542 211334 137050 145901 554931 260878 19682
854368 939118 802530 98644 825125 842591 608099 732410 369052 25147
39608 289218 138179 98114 476809 576637 669950 165110 58897 164536
181496 367749 99453 117720 522426 575185 579612 615305 619809 633777
492671 13646 63881 926281 755627 587740 549068 678504 224004 499245
407427 165062 245029 3693 148152 111301 806389 633079 323735 524667
81066 649248 937243 654490 809450 632379 387296 382832 550927 735196
651720 870389 901474 493700 817009 709003 933709 821988 225581 637730
950 520732 674687 757725 67479 34956 96436 563520 189347 529866
78214 97508 253561 326773 651902 375847 778394 628754 87638 424987
209622 715746 303635 42380 973022 541448 43209 871175 237599 166998
247875 570617 155632 553146 71444 694337 76587 735789 304987 917278
565320 354848 147613 28416 408982 582026 164002 910944 822770 881790
315835 14664 703120 696806 265703 855212 466572 158567 453415 483492
545837 185789 399236 513330 905967 320863 575516 967251 250359 779718
638964 244805 201250 111121 517432 237630 574321 689537 228765 652419
419978 579732 950932 443784 264627 453805 890492 100667 189720 792569
150436 64325 285063 211158 388320 120231 230674 326286 267233 198559
257015 782860 854578 459269 373569 142146 796263 382833 431652 995843
480536 103986 462737 883655 787388 991634 688795 444826 351034 435447
350458 866247 840136 402144 473899 165652 585229 537466 242104 451542
302684 181670 199281 343747 163392 420852 616093 713378 287999 811319
599079 197768 509510 983075 598945 426266 761463 582378 252872 519455
293294 59627 106253 136835 353540 338910 528393 432043 116118 213764
171643 529635 519614 487992 706626 909794 162466 338453 784108 14008
990635 817433 698502 513327 574382 160997 290018 457612 129170 101998
174706 282569 976891 558472 404991 282439 548067 599988 527703 880402
50705 329557 237097 933811 747207 239059 635258 661695 711131 229270
68698 787810 278050 852253 548707 60958 576928 389522 911994 377253
957377 495591 425205 510179 283092 527602 628977 855751 661827 330077
94364 552979 181723 983331 400383 255823 908656 794121 666405 699959
208297 213837 391230 612685 25044 975756 792371 861076 585561 803876
51646 176786 720961 210217 859297 215809 46230 146985 80564 826579
601879 272636 843970 569019 925820 348194 761119 1357 902009 697233
362039 38921 43010 197791 33436 40394 51426 731177 257977 7328
279711 218346 470526 683708 998288 81519 801074 56401 443942 191026
225995 557538 165737 333089 537020 864618 738690 588124 810603 726067
161013 18680 623662 127477 894784 911292 503751 92533 797134 841921
835490 909287 20833 51483 924242 920739 921214 952585 361511 302341
344650 708658 820555 627467 406228 624767 790021 773931 14294 396571
605425 726052 396681 999148 69851 382696 171527 103489 245312 93331
338958 195395 921017 717907 504447 765877 957539 935754 439824 737370
765522 174149 584325 947402 623330 76633 761656 741734 796143 794869
250044 348990 208902 709533 623419 865432 610100 661309 883308 619467
832930 734530 951732 408976 489160 269547 255714 317667 61235 44209
896490 243085 648129 972747 348796 466501 818745 293378 767654 555329
24066 242472 156572 590991 937488 92702 912635 247342 500405 386378
969286 14155 166727 312759 791121 250393 519386 526202 769416 228508
261287 208287 463200 753598 884659 960628 709297 380405 235553 907252
173676 322886 69124 568697 417842 396732 161640 790731 688067 218709
702876 640834 20989 318927 887613 300984 392693 790267 766404 497488
236020 689467 460734 345549 830331 594736 366617 591149 607007 405077
991351 35612 96044 691056 772469 930660 128904 981699 213372 779247
136201 69016 329580 565856 870765 118309 388683 235099 133044 595674
353453 552162 744033 317135 167958 35917 351335 313659 876541 133781
32284 125781 618384 911506 977114 369655 23721 976738 325961 82917
934818 14399 40263 331737 73975 883063 979043 58194 19099 988787
636016 874470 750702 396064 794713 813579 849851 357174 203434 844324
250421 603207 479891 46078 6285 913215 145529 803277 67528 945103
144793 366277 529379 890683 748609 541691 33046 646850 615395 4151
912973 125906 678356 856747 583921 248837 627993 585999 567839 501245
421621 216281 601017 884715 541045 337496 167440 495786 908232 755837
273570 345783 350492 508636 105698 207885 811194 308518 651779 519781
534611 397870 527905 101805 687681 9526 366829 466050 246565 113570
134347 612735 40489 211506 68574 747564 806179 971455 474206 819614
799454 376381 789085 840971 453578 703021 599204 106365 724811 698162
195521 294749 660158 520071 33620 284182 645997 156498 581413 763400
731004 109069 706272 546818 381895 616617 712338 766232 419578 318106
594179 344208 787570 88570 87041 155111 193652 768303 504810 64759
660608 937459 320880 896979 774235 604671 773173 583095 142850 740254
997515 653304 350192 672639 324430 139330 453951 993203 189101 411629
356502 43977 597859 890812 398288 415099 473104 7051 919114 143141
169541 166619 764092 715796 516859 535550 690549 819434 999619 857928
984660 286819 951143 988849 473739 311815 503144 803216 343052 460847
76356 651245 934011 999505 524031 240312 196131 108462 360088 718368
80962 681174 21141 911407 179442 848352 571861 445082 602246 176307
833897 555654 37759 98962 785871 783961 448269 851955 747961 957354
274041 978513 488925 148442 729515 185468 737067 701334 900065 179985
720710 894901 426752 812251 175621 841642 726236 582268 126168 102620
828279 758729 312089 850207 751136 341875 364441 510912 824915 438029
719662 271974 679188 63596 557736 947214 844584 690707 646022 797005
912110 256330 354571 185747 825238 470962 67575 925367 603492 795643
830124 104415 88566 814349 869100 180150 364970 570361 123315 403477
153659 474627 332101 359428 261420 646104 549967 708146 708080 215782
515093 164574 459715 119280 414341 781511 979654 299569 371325 361492
971794 576845 884988 241402 537219 889305 610224 754380 311419 204198
494153 608620 668101 904057 38256 329418 405856 95067 889054 995517
539328 569007 728592 728685 64889 489469 347016 526849 577732 174790
188355 140034 945860 671408 277083 42843 831509 346775 598055 914592
517037 795526 493984 167578 810056 70717 175606 964134 644934 499530
679782 908609 301158 535749 281039 874389 800691 164524 268786 860474
366789 314882 751520 116249 454648 532223 460824 134530 456003 730073
212122 876166 126686 679722 442506 127203 738833 22411 82452 605503
877753 435523 802343 795252 628801 252948 722617 681127 924197 515105
547196 355505 176801 889070 174164 691412 439251 905710 548628 940389
124151 501549 251567 153202 181174 988533 871494 764823 860735 766152
11682 612195 203996 13471 926194 642991 873105 715299 671216 683304
581512 296294 352668 425778 764031 838095 763828 64705 483359 275096
671936 307020 407529 33382 122833 389174 976945 797931 211849 598151
251658 496965 120454 67336 826831 588884 970734 76021 600821 201079
493300 523446 994080 284821 558667 401782 142106 528624 105730 954043
942428 253373 252812 465663 472256 951674 437940 534470 26542 282824
5094 614863 866884 200534 335487 40270 636893 635550 223865 400835
449877 525377 379295 179504 599357 405377 856731 352315 168172 11069
190843 803348 388899 486217 770426 82099 384535 374647 496385 516001
815304 563639 558534 354287 673045 466585 461389 956164 120835 767826
880521 250238 208765 283532 469128 93138 336053 538792 307299 667736
233007 750587 604883 678763 761901 137844 136519 9545 430122 251405
599840 351521 867556 353801 70540 678221 870836 556860 562706 507692
830795 337088 707013 434936 305002 132690 558356 937802 837606 281656
553406 30684 757725 884138 612422 276540 435550 388366 793920 64998
593405 230227 591439 916722 955757 538096 60086 616184 901170 160625
762337 600477 42557 175375 515996 174993 398215 765968 581781 214992
328726 173657 194616 166689 968849 627066 458180 410523 605847 133284
180936 77436 15993 455671 28466 821530 469424 656788 320469 392108
381323 398628 17832 221818 742919 449097 197427 594307 304895 288626
899496 545462 526941 254192 673 21974 150928 337710 715401 838431
422936 979830 286198 657013 324636 792448 911288 491723 512730 346510
554332 545242 834030 399973 752835 723702 763099 73635 979080 262389
595326 15208 453397 761112 91909 809473 743588 799831 70304 70677
182029 596152 372184 764132 645888 957034 642048 827314 878881 97757
828791 361391 405298 203204 110227 629084 334425 169894 188816 262547
17198 407271 688542 881876 234298 604166 504335 333168 47126 517399
378499 967537 670667 536053 363118 301083 148851 226131 298133 652793
477273 478782 339064 798090 790811 259015 155594 90403 332449 403500
291814 145390 433111 420774 54050 196838 237602 10662 103647 613831
871386 108898 279024 525008 394328 515003 333900 823493 221341 632964
553935 115329 910742 130866 302059 954864 801293 211227 706718 145736
45637 835075 565037 373791 354719 388796 164070 233925 762726 437174
619242 12374 942953 494415 643137 952239 39626 290316 812051 251999
521158 238256 31923 847071 465276 140810 722427 73765 418395 897374
100998 741039 565796 966593 683111 874879 617515 676415 783610 268291
119437 141451 849940 409049 974349 477057 711722 769027 222124 940684
415773 949215 671731 760496 350544 59120 128938 126326 534537 755986
927060 313118 145708 104843 314438 412085 296392 825261 275463 318843
743188 983925 99243 757317 906993 565778 542010 92619 979384 72510
432887 425044 201267 414318 717267 331660 502544 319213 423023 236218
284105 791590 327274 375150 62525 471341 259328 795440 492789 79601
82845 176846 160943 593011 73348 343726 755137 864001 863141 245382
275704 534585 834173 686390 564614 480502 5414 311414 132163 934865
639147 265869 749339 10482 306494 625336 380197 353717 585050 125405
246982 879156 611013 484227 663952 622947 206558 189700 301519 479476
180967 906289 255130 770808 16920 76537 14406 804634 856198 82517
65011 121397 75731 978629 206172 952433 28207 304384 924049 791048
301185 291915 409055 957162 41917 29287 342380 331534 296167 407339
570959 688617 127206 337299 687508 127856 427511 843388 693044 345365
990942 337915 89868 542404 422785 218678 368755 85061 325980 473871
776630 961260 457722 607639 204335 107521 666223 132729 278465 179569
490154 991337 922401 294717 953146 852826 317415 499869 984917 34726
767417 805866 822952 824011 97266 634113 76014 249325 418393 872968
173534 627463 107731 188564 506946 889777 421040 271673 95682 410361
125238 383869 628823 940317 801120 19781 136097 30825 17403 115521
48064 315490 858792 143031 435380 71251 708104 404246 417264 568547
132575 853758 742664 845475 194843 564419 97820 535253 254322 589452
929824 748237 690214 985593 802467 670782 743177 58511 811600 851063
258154 633669 315699 245463 204140 847428 891801 361670 793801 731409
643815 344390 799618 798216 707207 308504 79645 531001 829449 443928
17563 922508 473870 335400 79833 770076 567150 419649 58213 380217
660127 919983 815586 461610 419965 788761 197632 156089 547537 180818
533938 921786 369537 349501 143169 962303 27288 770268 717746 15944
570491 269836 572442 880543 493012 553339 636354 367421 158978 583850
765762 688757 579305 733144 9024 631380 962374 77018 55643 9187
123143 309475 116984 335166 441870 879068 565223 894872 401281 197862
123353 357368 288214 900805 818304 404843 786866 127398 578973 701870
576293 300443 904767 500097 337238 229696 58190 460635 817732 75068
674229 181536 619875 369703 55188 157120 551014 883849 892176 984113
534363 828177 616171 81669 801382 469708 638847 406909 741656 396459
822075 681519 550335 700363 950905 840092 163870 433472 733504 766341
959910 196999 311389 168721 431826 512688 437714 843692 698503 395505
312645 182347 669888 619311 755234 121005 897944 453298 373178 485015
316810 505696 948693 438624 709501 858501 925952 806368 526789 3433
816652 102122 925715 515322 742486 587539 623679 37872 503167 395985
520934 345867 492883 340428 876228 927240 45637 541993 894876 869336
232782 144693 129648 222762 932605 88196 83372 314484 135503 771572
24115 19538 443166 53949 319869 56308 80030 682681 536580 717391
93264 374791 838551 694958 163520 747260 754500 759529 376560 340373
515698 865177 977343 813438 372804 693740 608184 736047 846330 462696
548275 846148 3309 811576 35254 144409 435262 240630 615246 605511
306822 250421 491404 581180 726146 683239 45263 352965 957385 559741
266978 459346 501052 226011 140535 502741 457573 873131 754770 968147
278017 192088 363580 807509 460334 582769 904898 627346 88889 829468
294610 533977 148750 276499 393290 761746 184591 563540 406114 167099
522644 666126 735904 57433 389559 377835 116472 545317 604518 560701
465859 389791 322906 277402 855611 481890 788166 9815 371582 442926
611726 600807 151571 600752 593819 380492 751284 819141 793494 127844
834658 308194 163439 379448 132310 925746 665221 435245 816574 392116
715094 644490 107936 196989 453374 858537 440316 319357 632020 52584
140371 954800 281724 41394 259086 406798 93547 980382 492348 655190
847566 211438 356621 592780 936273 306590 689218 680765 333252 98399
151154 149533 235508 894556 87378 766763 852533 464634 868086 781199
712283 677693 334211 679880 14044 26660 860677 190798 679443 122708
149114 894273 987909 914992 234524 272523 846767 834696 848292 676477
342329 407145 684026 135666 933479 828996 175231 982175 644733 984553
13023 365481 942307 286564 70998 200930 799803 962 288436 704416
574368 955760 876421 516370 4990 652980 980536 577688 358563 725574
302490 802286 197603 950552 270670 22372 883533 201781 661037 724629
154024 478129 155142 496707 81792 720726 786512 909168 186308 595580
55830 27441 94706 40438 21655 870469 778729 534351 89215 179055
590579 365283 961580 330793 235918 619597 981400 751827 603075 860193
530235 719484 293250 398055 600339 295715 718554 811781 935142 397900
7390 202652 286733 633764 441837 514211 241300 300722 101523 782622
261816 583646 49382 287984 185867 815935 369923 690746 907751 412785
29665 203114 96106 288178 757076 898051 542328 79205 458349 905896
507342 626809 592308 369768 576555 315847 788517 466326 842282 624558
680897 925900 811202 317205 875167 988316 558834 77845 415550 490955
119358 664417 4378 221576 654760 20945 448642 233773 246457 440986
317475 666802 334017 652414 1085 229175 298695 241765 203126 782117
165228 942507 955140 251459 353618 499648 826025 707503 554798 640325
704418 899110 845335 958782 577413 646856 792566 25967 976455 700363
366736 946207 866681 168715 963561 937970 139723 388710 158586 372037
552775 644331 237898 4825 989625 912708 83459 770424 28965 6190
179228 13867 425296 584817 165289 432667 701257 422276 174117 812808
278353 818549 962555 470333 930332 832433 789022 101141 605985 783503
405960 930534 137019 419209 291179 511143 553622 589429 983851 243486
495483 232065 117476 621948 780084 81545 885068 422738 845415 498380
490926 565163 262078 778558 686620 688282 716253 412988 492616 643035
238669 666610 149439 126756 869617 744031 48386 871717 231105 227635
291452 4829 980660 163210 227275 781980 530940 243715 601600 1680
238611 893057 696360 256462 33418 312621 835747 125762 414680 318398
942627 255238 486637 83362 354793 800402 502212 762627 476968 288849
320349 507910 683866 368012 567002 333052 181036 979459 909280 795511
603124 770546 853843 906196 99133 573626 733261 365796 222097 367546
27403 901132 345371 191307 857933 219117 804190 385635 699869 108427
429752 789288 146997 593103 162521 330441 451486 766015 911861 308345
532187 821531 539433 62029 444787 391709 67230 411983 742564 184574
664898 274475 501088 617826 950400 751920 360009 124358 757780 556140
509129 449886 602672 937899 857489 75227 969843 274460 918388 225166
403714 532633 241623 266331 161359 153844 690067 160578 553172 872929
950359 952972 98674 625960 701429 547832 801492 793381 737777 629356
319781 203620 351229 53981 707777 423911 460166 469376 486005 628536
74764 295209 64639 126520 898442 339286 945799 84215 551175 348468
171355 681775 731343 264685 642362 796188 720968 34643 678796 289333
176861 442841 909774 883853 177290 350579 706295 559532 551485 300511
944674 704353 361409 967190 117968 348604 995170 727815 552528 746653
596741 507846 281712 15550 61239 528910 73621 231202 750434 679325
422358 441700 945217 844608 712356 287035 515678 930940 322539 905957
270308 718580 999513 305309 70767 426877 139580 714048 967693 598781
141595 228591 67044 640462 830125 475732 863615 186399 108445 701315
34232 396648 455973 322968 685256 434121 802033 563125 440662 12246
912406 206310 784704 372340 618915 248143 607388 168373 283640 189921
345043 479674 979253 63538 652774 485974 995925 223198 911950 715695
529488 67908 649326 148392 543537 386227 884869 112598 880301 280025
675123 817988 669949 308709 993868 365630 698359 670857 778457 576041
746728 229423 628817 301723 339996 282902 669805 924272 101501 75423
539021 593607 545806 421296 899360 872355 548007 313564 748583 467376
747002 260586 855736 519029 35863 549621 535353 291668 279959 298886
516374 157959 744555 150338 341100 868459 235002 593182 163586 545426
88270 418648 45081 230551 917674 871817 17070 173128 417522 506402
327187 227012 529372 710757 807579 541757 521283 452235 609493 980589
501681 239246 190961 852697 688402 153810 673474 633023 860896 947960
159669 646768 215995 349771 730544 301192 543179 872520 842156 764946
852318 31686 697934 571458 189438 72604 310412 967039 694770 862092
671374 993443 227974 819157 634973 804789 735175 714233 559790 582001
872756 533449 68406 761218 540128 493386 686707 272728 744017 283555
822319 92698 390196 207654 318724 402826 532582 505365 327741 522338
628358 910825 264491 828757 627615 452380 370753 206166 568943 121532
387315 364839 482860 969553 717538 720565 973341 664060 380870 362235
472212 344421 14565 40131 847303 350791 549480 231775 388218 893982
117492 800361 793763 650827 51635 673107 670887 261373 729482 61095
97465 536813 947922 255498 704170 457381 977057 681865 200654 838583
370912 4081 842096 753615 36392 502684 197890 228540 272693 684533
867126 569413 801156 478268 35750 626959 797206 581877 233706 21291
353692 205788 125481 826039 610076 720737 406900 234234 734741 496287
924172 442186 293159 912929 5486 586576 439474 763202 372720 944715
538743 176143 620304 639244 3198 751110 953906 491369 39255 125897
490809 261781 564886 392589 321311 77444 909796 681270 279396 639969
582502 615659 18626 829759 218105 445743 985388 704610 196687 411864
201805 306166 439088 412589 630956 668671 159902 136614 679851 218855
339154 62486 447477 759090 963575 451154 621887 999068 306643 895536
442231 513160 833427 841573 132454 453468 358655 184000 950331 515292
59074 892336 191691 509154 746102 242044 282307 978202 603793 27302
585002 267022 133637 384032 283286 356180 779273 850366 177194 674137
592525 661050 369185 766735 732063 46508 885527 909680 795764 658128
576935 170249 486143 353237 789593 321600 898366 723176 746821 153463
177845 433344 225055 205577 55082 65027 874300 981618 153751 650027
572885 979813 448355 635429 966037 167487 369288 346876 337360 123461
91080 792289 4235 642805 103877 574171 654400 500708 38224 40118
475667 96011 665308 910651 649632 473324 850440 873875 219998 488164
584747 809338 85718 630211 836724 903079 457227 647965 920146 150657
816192 402236 494690 377417 834322 102517 418841 701190 735467 226214
254514 722973 604416 423356 334201 614520 65587 630068 212200 96992
192306 811953 385993 759421 913130 995501 953913 598097 917924 167014
888027 977492 158805 195870 204418 226347 209257 509945 479000 769116
516602 222948 298819 821587 597811 769826 914192 807329 124248 596228
719362 860930 778043 364171 25816 146788 872298 698376 688005 148966
218517 315630 531964 304758 719829 342232 822758 429258 793571 26480
416494 440967 76438 56229 833696 977384 692817 911725 58711 985575
994184 915652 866451 120792 325512 793161 911640 939942 270852 663190
336598 938434 815102 959578 971370 6701 949596 706756 265920 558598
348080 322727 637737 384574 598432 13152 43966 693745 678851 936029
838744 379685 313895 818127 235941 876602 654306 419128 793112 648964
585375 151384 355524 468346 943402 908166 568471 397970 848214 360918
609783 158905 390193 912573 546682 979072 447893 980749 41238 646608
993120 798148 342877 602330 98242 181753 671287 876689 451038 884515
213194 166951 68919 453269 115991 287718 599995 563420 284072 227638
869073 679639 986733 922703 409684 168031 853986 991326 955721 739709
587482 354817 16902 712396 60979 137533 333584 250624 186887 610926
404185 325646 816286 844126 542686 737072 45922 827330 767074 157715
92069 980089 716773 671973 402028 840911 271578 920987 580243 467151
385250 763155 620022 740310 119500 523572 816514 820464 234404 446376
481014 698335 330574 48940 351554 391073 675002 45319 569123 68104
663782 187209 193482 819259 732212 776539 109254 429096 608441 789062
977736 237967 708421 202570 251281 863444 18837 163171 283544 468074
663454 396285 631975 644975 924951 828094 252477 292391 925575 133736
693149 663515 185710 539651 939693 742582 342036 934621 52684 979083
722956 884082 551188 643931 305985 735224 920577 942897 683210 76270
815856 62866 558252 997549 465205 710934 463948 315578 220179 112623
696651 535645 630470 531755 45050 674714 38963 981280 169522 914201
782230 857027 149530 843830 176103 63499 452141 244416 128226 613265
208131 352599 872154 294640 51857 14957 151200 774522 148077 863890
222519 793306 330582 221003 251292 57753 180527 945734 840960 168732
473593 440382 335748 119170 580141 933417 337659 900643 804750 182210
942819 377794 954077 256940 595917 760880 911381 655663 575232 474684
732308 150181 698282 667882 459919 860750 189214 751120 595792 828191
365717 181305 402793 271339 566702 661313 366200 174236 80201 198312
810965 779457 892786 700169 327966 453474 14207 353373 364700 749559
559955 136626 115483 456988 729455 227853 76991 389639 370600 74329
84204 75381 950040 795930 669986 567146 858587 245031 845031 272885
872580 144706 351031 485671 867770 432246 71471 597419 305058 801884
375464 780974 469208 780879 801879 526108 297323 694873 415566 829383
904896 358952 284468 330024 608928 920914 372617 765550 282877 292313
138590 734665 958427 987953 188638 398009 421400 666467 416350 21927
561027 45283 508730 887666 284866 536136 897630 76928 552380 788777
8577 651396 199168 843355 546482 307077 556836 573359 910240 43849
101414 338096 353860 192822 165472 980453 493393 74438 862879 885502
152313 907607 463086 536170 912910 12394 142755 332923 803113 983306
134742 67970 60226 559638 910982 439362 572207 615910 898769 535936
219890 812823 891315 210919 453226 442215 326957 152626 747262 688228
827587 776383 782565 958774 626227 81587 596207 131024 977111 651690
937544 923814 619162 342549 886862 368051 19214 146402 839311 345956
442105 312283 790144 86371 407709 83975 425980 967483 839763 180913
329652 559025 914768 965768 510032 927189 447830 316984 568163 739209
935126 445931 380721 495004 133609 753441 931996 73246 524803 5593
223851 881027 639620 390595 480000 768693 627082 899317 151153 865659
321937 496220 117175 812657 393833 839663 562570 757973 19838 420033
840492 88072 668657 748976 360028 389156 685936 880326 912902 288013
874543 234779 350933 732963 330808 679951 746132 285583 239869 610908
625853 594085 333399 123155 924707 915630 25304 126297 705844 187409
192004 452671 230024 367063 229494 66770 350106 27142 190821 615418
492031 278524 573745 668033 809658 620336 359893 351072 984816 819281
245317 471008 599710 629410 571198 321603 926932 965718 470467 894645
85525 398129 869034 925197 793211 558736 295919 739961 991248 33053
117830 570459 75782 898165 149834 834300 62333 282406 758036 346563
349721 587494 795512 388639 980236 119758 277382 299536 962787 664406
744096 47062 784077 194288 192048 614871 670379 847896 611905 828161
487182 688630 99015 14543 653473 908542 790307 802791 274490 238730
222798 885775 679130 943076 867960 302792 256429 131412 912506 439847
702747 45031 511634 443615 287584 435643 864652 626917 437464 68290
783081 348685 416245 637961 397337 30592 663365 592117 649209 881633
281761 390614 8304 496915 701188 639932 931420 343756 766352 501635
110491 415078 622434 334339 382006 500873 351926 877179 13816 408208
355614 772048 990138 909041 75697 232357 993942 398980 627625 902118
340281 312068 401261 816827 326007 501084 812197 957111 223851 729108
523352 203810 696682 531044 686407 640264 252196 560955 178671 409104
873874 660679 496932 254865 823038 660461 838289 460363 257786 216805
230389 303990 909829 559668 394136 351363 573208 319714 532595 100211
805351 531097 443760 605802 534424 594342 5093 762804 331838 287707
583681 561590 121981 836331 361484 997126 4493 954577 116431 975664
247495 318258 296489 521618 349498 353291 442591 429122 119380 424727
522907 543225 121103 237404 631488 733733 574226 221038 859195 767872
781031 327735 943854 411200 140154 469967 892695 241196 110150 435169
492062 427466 260601 45893 763140 159247 355979 78126 11874 703552
840712 918824 656664 213236 702304 878710 241779 796306 611745 957353
192396 233609 476966 753281 449899 392605 947569 171594 928812 480594
421357 748574 463977 580116 456905 35815 237170 66371 18236 516799
501918 989908 826235 27017 557664 424718 304146 857045 945431 88078
996616 304629 499760 395052 803573 682554 4088 143841 496151 191502
42378 722023 877321 521719 8422 628960 17755 749011 504961 579043
898987 551871 675692 731871 313240 654339 589788 564965 182633 80884
300141 551260 989367 704315 928357 854229 14621 317679 314679 111746
672902 719613 831386 721228 414764 590014 962508 827672 908772 699611
610348 797486 433250 157128 113592 342332 264413 31682 703268 448341
937573 710856 703607 367278 417463 132133 204594 94575 901999 220131
145446 72634 620727 804774 114002 933748 887330 484304 365640 684930
655861 839145 437419 229490 746054 535673 333661 106401 394996 127673
4236 858910 399813 363110 122391 894587 134079 281382 972840 378191
101932 768295 839759 406292 513060 525398 709555 635373 550587 480730
35203 778978 566907 856572 271423 579591 753417 992171 821764 522162
266767 668522 780782 690613 888872 190619 80364 749657 173134 742763
153954 800217 81314 138905 388318 306379 23772 568171 315274 673060
224127 423956 733499 411932 631062 104343 514760 791929 213494 525588
574998 703150 328503 908843 515193 808552 231458 154243 762380 276000
268947 37369 645960 62335 70510 697553 746689 768951 851377 960493
201420 313009 996407 825381 251845 285630 866412 280827 84200 324976
807578 960516 788038 507011 86883 628449 373434 662602 940844 360467
290192 591416 737861 58516 535218 852259 678955 657989 450536 701257
918463 75421 946443 334025 56271 348981 908202 967587 803156 371787
872099 511465 110205 498200 296840 561558 89680 515424 35789 734332
402834 259248 924368 992984 916025 66302 732105 895055 25537 260933
961559 249072 254113 52278 481855 758044 114005 515921 461522 161612
796364 439831 643792 275865 133464 618269 162472 850114 247467 69562
576080 107801 766901 570266 57040 446089 264490 814146 691218 223499
203470 198702 707816 477384 850127 1676 229205 591295 10253 728617
691361 384900 966038 3652 668246 522992 682565 290759 922466 119675
403571 620108 523871 896684 683376 117814 136962 534844 545521 645767
908222 650885 178591 328985 765054 255747 10343 881265 585251 492183
715385 875530 341339 531870 980355 322061 527879 364879 433413 293856
703395 728849 227669 616975 737009 397125 122621 795816 287477 642801
945580 115133 270632 995545 917264 475626 139811 407493 473843 577964
913050 976053 103978 302861 878680 334062 127168 450820 662877 537827
107845 575385 968955 847021 910542 376987 26167 610488 800053 473374
589620 548404 31908 656911 632114 159692 826279 638685 221470 460193
613389 143316 868336 802824 875489 831247 702299 647787 486394 998420
523625 617180 863532 375218 513669 920285 999606 251385 306874 754883
703331 904841 630494 832796 30968 180756 194275 103982 584585 912309
308534 445050 159524 230914 709586 144131 325626 390383 93705 197658
991915 161186 142485 953032 818339 887851 257398 489498 877607 924744
344488 198578 28579 403606 567054 134317 603856 464106 579818 179304
97176 413896 335742 807703 219195 423941 13660 885030 604974 945022
760714 863595 362379 845600 279742 207092 690235 319909 113320 751732
563400 419577 28429 455028 920983 704417 78948 67167 949502 741584
334583 516766 577914 285701 806662 145362 468927 450952 197273 784178
395632 600300 191025 460392 305647 596792 974672 751451 891644 970263
13943 342430 654548 784439 7920 493681 604879 191053 744017 251391
595238 542241 517836 969725 565245 843184 767438 437123 181373 364272
211649 302991 341160 198673 202632 484528 210931 893209 892059 498093
809152 578468 428446 501163 2498 389468 610591 368768 108500 389913
40567 553356 455982 117912 257915 912009 597597 297535 4955 146820
701311 537349 249266 236570 750978 99400 672292 995112 992836 338092
826889 367092 383852 254924 233793 491488 25971 979734 762096 736105
328475 117819 994244 976695 327222 99573 162298 418806 688569 431654
892839 662486 716640 979501 736545 794877 623379 437128 717224 945971
618121 272776 735238 521054 321655 288144 215909 571000 800581 635633
862187 57087 923010 906008 499824 86031 170050 667762 292459 126881
251711 112023 769128 502432 785827 262634 169775 876259 436509 154645
486386 460059 696809 186083 237964 776793 927665 243389 887072 745967
733895 864667 935409 935069 563473 345058 741969 284936 747676 928737
502415 496317 31543 54837 547106 689368 218430 70612 50312 359242
894712 349765 419741 186488 68965 169943 411779 494814 697368 173817
545659 26132 330292 256001 148036 741921 677352 75563 741218 906461
892680 13329 128114 469649 800145 289527 202946 721059 24364 500056
533983 578920 412400 448259 343012 247462 221712 75700 7016 971111
96610 91462 627018 324920 63619 365443 659989 279258 388654 844264
627983 829915 27537 708799 923003 972769 424698 891225 764433 412123
693145 143611 203913 521581 547100 795905 822683 196282 755541 610857
313787 673437 901665 226103 943062 874943 888993 927671 465498 428951
541429 467315 163888 540264 548019 915192 550674 831168 789163 892880
424994 166304 952386 464805 624164 943864 181514 317644 800254 813858
961999 562150 148609 264082 567629 51214 227933 488436 336797 97937
635476 117182 168089 264659 280197 972185 472299 152900 630255 640804
259390 726846 454542 822206 81913 488979 480401 384033 722891 922130
639112 149946 573553 498642 81154 616684 29979 142825 201124 359887
336311 406226 181098 484068 299515 371977 475253 396915 61606 625820
644442 850139 586591 448897 432855 403517 989792 620434 232131 674375
81596 633307 228592 602874 202963 767111 979076 82952 272727 143651
113281 370817 50641 686538 953318 741173 834554 222310 937947 774389
950277 957213 920972 860341 625552 688444 103040 676280 63386 739032
898957 178215 919550 703639 2840 398888 530265 149641 745085 810930
52693 988341 390625 682405 478194 516795 115660 57107 856491 355510
232346 951720 627030 578986 793352 111014 941280 267599 918666 42024
321040 371857 903800 61698 599386 852630 23244 674596 596995 729966
496864 223568 551771 581811 951229 978677 459589 5734 550199 739266
829358 725440 363540 98172 76441 25038 279623 145002 504954 999572
440369 603005 858822 791764 650119 86191 192583 2070 326221 209733
513288 37320 323379 904210 527797 66011 367027 11748 693309 182479
83 978339 801651 193961 804366 74386 383039 463141 630997 833588
24277 97513 848391 530356 207129 114403 169878 562363 477854 60517
646128 533703 870660 762301 954662 588716 60592 426180 959921 440955
521104 689303 428737 340964 46763 28071 345896 839832 563548 212839
683209 243528 149456 322078 137548 673078 566389 243481 533657 655305
717262 993455 90565 960478 631162 838069 43147 182384 455466 596078
28163 622637 931019 107453 170283 72697 73779 153838 140223 746740
977002 735293 219879 857714 335946 34170 736691 4459 817645 394535
524801 484087 141134 470919 886542 648765 95014 103646 939952 944780
131090 602453 438872 145658 590131 827825 659386 49971 388229 922075
196966 398359 284585 375484 257894 681542 262012 421737 513223 630842
127343 988159 857181 725891 562426 26865 600737 97898 373673 593808
376793 140624 886185 388312 996874 944808 234862 5521 92653 387345
731637 319408 635905 797005 329362 317318 99051 943136 333511 916616
813994 152886 433220 138486 350657 130687 582939 404980 353741 563237
81886 158518 410965 823995 713230 111991 598207 703751 308417 788028
736662 757697 878722 605617 470121 816185 525757 877227 428300 293501
418291 207026 199104 337940 835163 826980 980324 543685 386453 703670
269319 221691 883958 353335 260603 732757 989718 633570 399471 668710
872929 132923 139062 839403 290419 505824 753138 189273 566058 393905
128058 603192 300005 484769 106352 594866 605311 736263 750370 7310
606551 742393 777572 915139 280237 264168 155445 74841 426440 665947
675036 513261 497886 754169 107972 201515 244919 277688 235366 111980
606635 506979 85350 869256 488820 657964 128589 80677 842459 747622
583175 648884 370128 744940 573520 435628 278034 324348 125659 248547
413005 301852 116110 567649 291094 161288 532835 593756 658917 539314
217157 101430 30394 523851 599116 386326 185525 874099 373128 231586
22996 9593 236388 761795 124173 325128 726588 213683 821688 825389
40392 462687 785860 796324 945434 649075 854958 867297 346310 789661
842204 587940 308619 253184 396622 215398 137187 454772 926034 431576
574755 889480 411023 451023 808015 358635 629087 559382 997729 53270
473924 368702 507760 638396 645505 937044 261572 690043 910180 448233
584959 708638 616688 229591 151794 670377 359540 871904 245880 28823
698761 460981 430055 831732 417954 603870 198729 977578 341531 264813
101490 659083 315089 377870 775488 210013 662277 386535 212370 209131
620803 423197 489894 115578 121225 867256 687015 228109 119837 158353
597480 989099 697247 499972 795105 484882 467243 783434 875838 168589
479553 2184 653763 816169 338044 49286 975849 100381 867504 786943
860961 765061 812722 783579 821209 327038 296097 234153 328319 364863
353519 120377 512093 788205 895086 651919 744204 883417 560387 950859
26024 20119 99907 653672 352267 947247 118304 458443 898816 130602
62750 756041 368021 310413 905126 441321 883051 817992 623078 548884
679262 291910 369778 200962 526525 933699 721278 534714 147425 996004
36196 316525 101168 97040 335426 767410 794575 373501 457809 358844
706413 482297 881077 525806 333838 835456 985694 602081 339399 101936
950306 201634 212645 497511 594903 518956 583178 755019 230487 130727
247531 565291 481953 91265 969407 902237 664408 712014 994925 11578
619593 470190 890368 834837 351000 519814 360540 965760 162022 563171
537008 556775 983471 745848 102749 143564 198772 913011 202689 73106
253048 528219 158549 671934 285371 765387 966639 164505 410461 267143
277469 155896 228951 97516 43246 324949 260784 218801 882717 75047
711798 488757 473892 502802 5680 182187 56441 888663 757309 273737
84505 541062 592531 742309 814183 305299 742184 974524 392836 157053
786453 370376 539188 13740 421585 308761 15370 979946 716226 405145
923264 585062 312459 423102 863480 478982 274269 713077 541857 967453
349144 879327 843078 100012 877280 31613 238031 682762 543991 478827
957405 201306 122308 651511 827620 166333 565472 141809 559866 152778
5817 844299 275240 521258 120299 153935 724085 760819 550893 991999
735564 466439 251981 644972 659747 377598 297101 851903 859441 652250
726165 198128 323826 426952 824658 724327 915204 953646 999974 515450
127556 997985 951249 640020 517691 453620 676556 452616 929788 157912
437961 960351 135008 75413 679911 202811 107343 739222 355200 115688
19481 588263 127652 757126 327700 253998 794231 471712 492273 960399
462793 795476 578561 48276 914805 221402 878274 547676 758750 329080
740825 809610 401815 996511 164853 951638 142107 568685 202962 996174
104272 794094 680436 237061 707529 116973 252063 524793 261768 75144
798515 20122 460774 97882 38038 504753 628835 219709 398516 545815
585792 797588 996790 544909 53437 89681 120636 434644 831315 61935
739344 117096 491486 177601 421144 927694 852954 437619 857574 323817
207278 771212 676839 858159 338246 943299 83890 196312 190106 103654
752874 794476 125242 50453 342907 388846 905777 203572 887527 260913
779950 541492 306697 158710 610144 878692 466030 529493 210563 539916
884753 594790 916501 129924 958313 962407 880128 51573 277631 449917
878778 345007 221595 789986 730361 431725 264809 224348 433332 740093
599905 23040 892817 543595 362477 814789 806868 829688 516991 268041
59890 164731 506852 332809 466476 341400 953883 811410 481667 646011
164038 625821 60177 353477 451575 604847 959798 839269 997081 447976
656952 16927 844946 241990 369249 104624 58385 510472 353584 867148
743423 239756 93474 554757 671259 954004 865532 611277 762359 40403
408810 703698 806744 24417 707047 315579 634991 894268 888803 979512
616166 704250 253857 678541 626486 293183 848833 752679 387113 689925
236551 387445 131026 602037 811568 104775 873822 335641 971636 216903
260061 130684 560055 165268 848446 614292 274300 968678 844270 184439
594558 944219 929993 582424 459002 569691 675764 164996 794184 627449
63931 469229 661524 624488 658479 569537 251968 281340 870366 24824
11800 348203 280162 738976 595274 963717 922168 781299 118956 212265
408326 729857 263951 733321 143390 231160 978421 861717 155368 133129
195338 799915 995355 770454 777645 149201 387242 530571 780628 636473
544006 274354 740054 695109 963573 389314 874560 10272 671380 260230
221127 152161 557722 735893 441676 99664 713491 124131 122957 697598
929131 365844 61657 403734 358120 177059 640000 177364 152936 528463
429426 494585 769301 273502 836849 845677 717178 454493 95528 213299
288399 819030 825490 874128 805645 617243 418940 236984 72069 916393
904434 592581 986969 288137 684009 655284 627368 771837 326123 858253
859142 937594 486980 395192 495265 924209 648265 504624 534485 967900
449356 292769 889955 234045 774328 354098 293670 31 264616 195750
114198 243751 838563 12671 67878 555339 613703 861781 716685 564332
75398 267184 126564 787165 919857 762673 350053 498273 834266 790818
990025 234095 84496 59248 493385 37227 990422 500186 840629 222369
84942 781121 46202 673523 513578 181764 313435 128082 243986 928785
760500 222914 940363 664563 713378 808242 81441 330591 30881 885545
779726 303604 643612 243118 719477 268875 745143 747479 293718 829759
117001 617624 387146 491367 58070 583783 839404 652260 484543 174321
634759 258180 767613 716757 443328 426842 619298 145620 342006 111782
348826 637346 568617 790008 875808 890993 850535 249889 177131 724473
45410 441447 157847 987564 614478 870278 267715 247541 741919 135485
843264 840086 714805 779658 440 507072 922378 861019 457058 518047
289491 265936 23952 128441 662691 943313 799421 259080 669603 697333
609829 549476 384854 981723 334937 84843 837909 498894 922553 675430
897235 685691 34138 191469 724053 905793 134248 186719 103145 29641
614620 433446 548200 674112 289225 421829 864967 987990 916467 711425
321011 871108 343451 472990 469649 836467 377233 717874 962657 185031
904597 160571 437128 743745 557754 825902 150127 429011 839757 948747
741969 523188 739178 703350 640646 971420 179997 35670 649672 187635
890461 415433 11756 299739 899786 343563 543156 753475 37303 285516
186508 410386 42471 848624 569086 546999 975224 14802 513489 906645
230082 270679 950571 711196 487766 220815 752031 112660 256630 943884
406729 315214 266682 388053 673676 90302 956717 119733 254001 367748
206785 230949 352568 650999 160223 322803 682748 693213 292066 546881
129608 154168 66975 424566 972771 565012 484158 909692 381994 536140
699158 500204 972744 575417 747329 946903 809308 932957 804005 527369
946416 376299 83664 770594 865625 734726 890903 674993 500843 23941
827071 586772 417066 66775 157425 576376 27354 14179 57807 996116
2340 360742 731832 16621 774524 319424 872039 31454 207635 996526
617490 934852 464987 931433 362663 624241 248259 705477 817895 165693
666838 22587 200563 195500 237513 871935 169564 134782 467777 406484
973134 708147 644050 240392 771524 688198 626232 396608 772837 174150
464662 654837 769130 607550 362134 875684 560509 689024 507615 579997
729668 828576 98249 541316 885348 762877 331897 111107 607064 402104
267548 250842 452626 111035 278735 478639 958359 467268 286102 150149
648750 145821 923305 153068 645313 977194 185079 581969 464422 390624
533230 87736 624508 237700 701876 952483 754103 411361 360723 252280
488099 2096 187077 570558 719228 626004 521264 653953 910060 677156
377353 358698 494808 275953 249495 350400 628890 744353 897455 83908
478030 987700 346382 584770 909905 183955 789446 507527 870189 136406
603463 257062 982181 635258 441495 334212 927090 932554 274764 828595
822618 8264 44869 168760 108480 491127 432455 712784 442984 63842
59873 723905 671068 545143 641649 88360 437338 779567 464607 249551
545858 735558 67381 782837 852498 681035 414706 638281 757167 920538
16579 113202 483900 651254 750628 909042 644484 794623 304559 330309
982673 383891 574412 656132 483879 410920 164881 490938 423718 742894
638743 368533 385578 866073 627723 206040 868825 540823 3251 355482
154479 953686 172161 853042 95361 753833 647145 360651 446126 454008
444026 988677 781689 423071 548559 215402 355814 275429 7975 846867
940702 914911 969446 826287 633229 407571 661812 550810 152153 933874
274808 412380 558500 354772 275244 734645 783356 897484 689848 760778
222266 83048 175383 832997 74451 681648 218047 53038 717312 325565
837258 248602 802477 751164 731175 781001 162742 165546 542374 371095
123244 358255 481439 843097 920981 375639 583182 489255 938725 480888
757260 793095 301051 825915 536600 830424 129477 987744 810127 395419
529371 373752 964541 553011 76575 454810 73341 246981 610913 14445
302729 621784 960006 484768 507409 815203 410672 540052 70954 26508
367801 151336 482984 479430 780993 893460 518281 811198 683259 593550
744952 160408 906303 944458 740094 272844 51122 278844 113850 384240
361393 845269 690005 623018 52203 785127 66588 244640 417152 602221
452882 902160 370428 401657 645995 959704 25264 244624 532941 516442
222069 771066 895636 923262 343069 815925 688177 564933 248885 886535
274039 788279 597750 353976 581571 975970 54661 754096 23011 413570
604548 805033 845662 313757 666326 690528 708556 252910 547248 495520
330148 82156 962082 709889 908685 673413 696978 761672 593009 1398
982126 559421 370987 340254 938969 255895 166455 186644 47911 536470
376811 513561 536007 882474 381522 972805 417833 809651 321235 566338
209706 196970 304554 949862 792376 843784 62369 47898 823353 967056
76733 891068 435414 11241 957750 883846 770483 273125 113298 140225
316142 101476 158940 204206 632338 804947 877523 326408 247675 372309
28952 684903 713951 263274 508513 222278 12690 877100 163928 361794
993025 536660 387535 255947 466025 257248 59777 509494 814037 292508
