500
2 60 475 345 485
2 427 451 439 481
1 431 461 489
1 457 414 441
2 460 170 481 188
2 121 296 425 410
1 270 287 351
1 409 163 382
2 166 360 447 383
2 367 217 453 353
1 196 77 168
1 214 270 317
1 18 487 292
1 435 249 25
2 417 245 468 467
2 306 444 306 453
1 58 0 471
1 260 366 21
1 373 275 489
1 395 112 13
1 87 381 453
2 371 184 386 482
1 465 51 235
2 443 433 499 478
2 139 489 280 497
1 183 372 283
2 372 438 459 458
1 13 362 458
2 348 56 465 467
1 323 399 270
1 67 73 154
1 300 245 8
2 193 400 463 471
1 140 101 357
2 488 400 494 404
1 21 401 221
2 479 41 486 61
1 208 104 163
2 491 9 496 284
2 129 447 237 496
2 225 287 487 291
1 455 124 421
1 227 104 284
1 97 453 227
2 355 165 381 238
1 243 34 119
2 88 254 103 336
2 177 92 253 160
1 167 154 183
1 397 388 371
2 366 51 438 318
1 124 324 291
2 119 17 206 97
1 333 353 161
2 1 214 181 367
1 89 333 39
1 379 55 130
2 281 488 305 495
2 348 98 400 197
1 60 347 107
1 310 120 217
2 465 65 479 290
1 39 109 81
2 395 401 402 429
1 320 467 498
1 389 70 278
1 465 125 323
1 30 51 490
2 355 372 463 442
1 123 305 394
1 101 225 257
2 432 206 466 394
1 334 194 297
1 174 27 64
1 386 224 276
2 439 222 448 460
1 452 343 142
1 244 366 175
1 224 493 386
1 426 69 354
1 31 263 57
1 100 347 303
1 173 346 445
1 164 267 481
1 354 252 135
2 132 160 359 286
1 235 298 323
2 394 97 457 284
1 156 231 458
1 491 380 296
1 12 291 245
2 426 246 498 461
2 396 318 418 424
1 413 31 80
2 393 409 418 410
1 298 234 219
1 235 66 480
1 31 427 477
2 211 192 257 336
1 133 381 128
1 18 366 365
2 441 230 493 297
2 111 234 237 440
2 489 426 497 477
1 218 149 358
1 489 27 124
1 125 84 79
1 297 446 283
1 318 262 423
2 495 63 497 121
1 349 76 482
2 398 0 453 109
1 240 215 349
1 90 72 226
1 83 472 150
2 432 344 474 447
1 266 242 367
2 209 125 299 195
2 190 234 412 239
1 248 250 400
1 182 96 387
2 11 391 362 447
2 48 338 312 484
1 236 34 218
1 202 476 445
2 469 402 478 499
2 314 157 404 214
1 1 41 210
1 79 171 397
2 217 119 322 188
1 411 453 336
1 192 97 356
1 61 115 141
2 441 216 475 286
1 185 357 278
1 494 0 271
2 138 132 329 176
2 379 470 483 496
1 94 453 175
1 460 376 40
1 406 479 317
1 237 310 460
1 336 294 284
1 344 113 14
1 138 499 297
2 195 315 416 341
1 373 221 380
1 472 200 34
1 120 144 279
1 55 264 51
1 175 329 106
1 117 450 15
1 37 181 201
1 407 2 291
2 140 448 449 489
1 347 251 21
2 337 208 356 440
2 488 235 496 453
1 237 129 244
2 0 79 403 303
1 373 446 79
2 452 234 466 288
1 211 387 166
1 361 235 191
2 158 497 325 499
1 233 78 467
2 182 216 495 371
1 171 352 437
2 186 432 389 450
1 410 364 393
2 251 135 267 215
1 12 464 14
2 221 310 252 372
2 182 417 387 477
2 114 423 411 460
1 361 287 123
1 417 460 142
1 125 454 467
1 493 157 394
1 105 469 344
1 108 187 409
1 40 58 188
2 451 468 477 480
1 288 141 128
1 377 358 226
2 53 476 55 496
2 72 268 205 470
1 369 171 169
1 48 217 306
2 6 32 9 380
2 355 94 397 379
1 200 133 55
1 365 376 449
2 419 360 433 437
1 83 433 259
2 471 332 471 485
1 29 483 477
1 394 161 108
1 49 416 35
1 195 167 75
1 248 235 329
1 346 422 401
1 186 167 341
1 123 110 137
1 141 256 139
2 188 433 336 496
1 198 25 318
1 37 105 246
1 383 159 319
1 402 23 211
1 234 443 84
2 350 394 426 433
1 144 324 147
1 88 124 41
2 154 492 246 492
1 327 201 218
2 254 156 481 459
2 9 442 356 487
2 47 193 458 212
2 76 439 82 477
2 356 200 389 252
2 162 418 281 479
1 195 235 265
1 199 149 442
1 293 371 472
1 259 351 440
1 376 6 382
1 411 185 62
2 329 406 444 489
2 261 468 276 478
1 223 20 454
1 203 414 171
2 227 236 290 272
1 331 148 251
1 169 128 7
1 388 493 124
1 116 469 128
1 187 104 50
1 13 244 135
1 334 233 449
1 281 106 107
2 188 356 283 362
2 384 474 467 486
1 69 96 138
1 107 337 218
1 247 380 313
1 277 366 26
1 181 154 334
1 127 168 263
2 230 461 254 472
2 369 318 373 435
1 411 364 145
1 159 249 324
2 104 281 341 429
1 369 135 233
1 309 164 274
1 210 427 462
1 140 233 228
1 31 399 351
1 273 304 308
2 291 497 461 498
2 462 358 485 438
1 125 61 395
1 112 9 31
1 454 252 370
1 347 184 176
1 353 328 488
1 498 126 60
2 401 28 464 129
1 416 299 321
1 104 396 53
1 117 307 499
1 197 409 121
2 446 17 484 403
2 387 153 465 224
1 172 377 388
1 250 323 233
1 455 181 192
2 101 86 206 176
2 345 77 412 283
1 366 380 425
1 190 338 365
2 15 33 132 123
1 90 394 402
1 495 429 486
1 417 271 310
1 154 428 355
1 485 202 276
1 95 286 47
1 429 494 114
1 329 480 209
1 253 342 311
2 21 177 145 327
1 202 340 201
2 474 461 493 480
1 297 133 223
2 435 396 455 425
1 487 473 53
1 365 277 465
1 374 95 304
2 34 3 87 85
2 441 399 453 431
1 74 279 461
1 462 197 304
2 236 369 342 377
2 464 351 466 383
2 444 158 451 241
1 84 58 255
1 74 368 411
1 391 378 328
1 368 319 190
1 109 472 169
2 236 491 458 494
1 224 469 458
1 318 297 372
2 8 411 51 422
1 350 106 421
1 40 250 328
1 468 51 212
1 196 290 220
2 30 36 203 303
2 83 87 118 89
2 308 287 331 482
2 15 92 256 92
1 392 190 352
1 256 447 223
2 156 386 408 410
1 26 471 48
1 392 282 223
2 245 286 255 393
2 165 31 457 270
2 495 492 499 498
1 213 402 155
1 424 326 407
2 178 214 494 439
1 12 323 85
2 234 289 469 385
1 286 440 384
1 125 63 391
2 76 130 315 207
1 389 385 459
1 275 3 250
1 403 165 376
1 475 451 353
1 281 73 470
1 181 108 134
1 336 370 345
1 81 222 490
1 402 92 105
2 225 316 355 424
1 130 331 440
2 422 52 464 174
1 304 166 163
2 41 181 156 320
1 489 294 30
1 480 318 359
2 421 96 422 309
1 265 356 117
2 29 239 194 357
1 139 376 442
2 308 448 403 455
2 106 463 239 493
2 260 403 279 465
1 317 169 22
1 201 372 442
2 300 126 433 418
1 0 13 134
2 418 356 431 466
1 41 210 18
1 410 32 481
2 78 369 338 401
2 181 185 306 402
1 355 187 297
1 446 163 47
1 498 310 399
1 384 76 63
1 477 370 457
1 307 448 389
1 315 260 287
1 179 340 75
2 456 188 472 293
2 123 121 399 239
2 343 180 483 231
2 221 392 467 459
1 383 341 448
1 113 432 105
2 390 211 429 454
1 387 405 308
1 291 264 407
1 247 304 386
1 289 417 155
2 267 277 284 345
1 266 443 353
2 495 136 497 387
1 240 200 72
1 106 471 103
1 175 313 468
1 404 372 161
1 15 75 119
1 364 74 156
2 422 4 443 59
1 294 183 106
1 249 193 349
1 441 183 446
1 188 380 373
1 411 349 134
1 476 73 327
2 305 253 452 475
2 115 226 151 310
1 86 475 369
2 98 139 304 494
2 79 323 318 397
2 163 391 179 442
1 285 183 273
1 86 249 373
2 230 202 407 373
1 73 77 276
2 350 13 436 19
1 46 35 371
1 370 273 116
2 383 358 423 468
2 344 88 410 401
1 343 1 254
1 271 134 220
1 296 451 14
2 485 378 493 426
1 109 110 377
1 26 374 458
1 151 234 244
2 226 339 438 339
2 191 249 317 292
1 149 462 7
1 322 203 441
1 52 232 385
1 89 341 367
1 163 315 145
1 205 142 36
1 433 108 84
1 294 208 420
1 65 344 363
1 460 377 318
2 150 309 288 391
2 223 458 427 491
1 259 467 356
2 60 108 315 145
1 227 207 379
1 215 39 304
1 133 43 140
2 318 388 411 394
1 214 358 327
2 464 440 482 482
1 161 85 308
2 62 403 252 403
2 206 69 266 76
2 418 193 497 314
1 34 343 284
1 353 291 417
2 116 15 256 96
2 105 80 328 272
1 138 498 340
1 465 6 84
1 178 29 89
1 274 3 85
1 36 212 403
1 345 247 342
2 477 85 495 485
1 135 302 191
2 160 374 288 463
1 357 417 114
1 151 492 167
2 250 489 283 494
1 334 199 179
2 122 181 309 420
2 343 321 379 474
1 499 355 89
2 165 378 309 424
2 277 404 429 491
1 53 467 126
2 171 226 289 283
1 361 197 398
1 473 344 97
1 352 249 361
2 72 257 307 289
1 273 364 317
1 481 95 86
1 106 167 17
1 297 282 303
1 341 178 418
1 438 157 298
1 344 71 370
1 468 249 306
2 376 471 473 490
1 99 203 286
1 412 203 422
1 398 197 277
2 403 83 409 480
1 315 140 365
1 239 247 351
1 291 73 91
1 141 146 430
1 129 51 0
1 273 324 400
1 222 198 457
1 478 233 375
2 279 189 497 302
2 282 338 309 369
1 187 220 142
1 248 376 355
1 146 1 47
1 47 128 187
1 164 100 460
1 46 108 359
2 206 56 478 328
1 387 397 214
2 469 381 481 486
1 37 393 470
1 269 171 327
1 178 354 87
2 482 173 496 270
2 64 425 312 486
1 273 335 342
2 171 267 378 372
2 397 184 496 369
2 108 246 229 370
2 159 332 245 455
2 343 131 443 299
1 449 437 288
2 264 96 459 241
1 301 421 0
1 179 75 238
1 356 340 26
1 361 110 343
2 107 391 389 442
2 158 161 244 438
1 102 224 18
2 24 74 34 227
1 366 424 353
1 213 240 379
1 136 343 181
2 130 61 335 321
2 220 114 447 451
1 44 113 219
1 29 84 58
2 419 271 451 386
2 128 132 418 132
1 474 22 443
2 127 332 190 424
1 278 453 176
1 217 348 433
2 256 207 366 214
1 147 249 485
1 210 262 385
1 438 309 354
1 246 80 288
2 115 84 466 407
2 305 261 389 395
1 156 137 118
2 412 346 462 458
2 248 391 378 443
1 378 374 68
1 113 412 272
1 126 99 406
2 289 454 389 493
1 429 380 305
1 335 380 249
1 20 14 319
2 101 302 101 336
2 472 30 477 230
1 71 310 27
1 255 51 155
1 232 363 320
1 55 238 139
2 3 281 410 376
1 282 90 268
2 415 285 479 473
1 238 20 193
1 215 236 75
1 448 87 112
2 197 158 207 187
1 30 399 92
2 272 429 365 496
1 489 240 270
2 56 148 145 268
2 330 351 422 375
1 2 370 5
1 436 450 271
2 448 144 461 292
2 287 90 318 497
1 238 215 227
1 496 390 96
2 114 122 307 484
2 147 447 218 450
1 450 85 95
1 325 497 61
2 104 167 360 458
1 186 455 340
1 358 167 286
1 431 77 101
1 195 220 313
1 73 108 365
2 227 251 306 422
1 311 112 300
2 12 38 303 80
1 2 362 285
1 485 2 395
1 10 225 106
2 75 432 449 492
2 347 90 375 462
2 0 477 241 496
2 96 20 458 42
2 30 266 388 435
2 252 240 349 354
2 309 22 433 165
1 365 242 401
2 189 108 455 164
2 360 247 426 376
2 55 225 428 473
1 107 257 18
1 477 356 393
1 249 352 6
1 175 229 338
1 486 267 121
2 38 78 439 259
2 345 356 476 386
1 289 49 496
2 183 334 245 457
2 106 297 489 441
2 462 181 490 342
2 306 311 323 408
2 147 455 243 473
1 236 152 108
1 54 347 366
1 373 238 274
2 181 486 484 499
1 129 334 458
2 234 133 402 431
1 353 9 121
2 49 264 479 327
1 269 403 68
1 311 132 173
1 275 173 116
2 370 466 376 479
1 3 496 357
2 353 316 363 349
2 18 180 52 414
1 97 332 19
1 200 361 32
2 220 416 490 444
2 55 33 331 90
1 144 97 137
2 428 471 461 495
2 334 249 460 306
2 344 384 457 495
1 15 105 334
1 486 379 140
2 290 454 487 476
1 303 374 124
1 280 301 492
1 293 229 148
2 210 304 312 437
2 286 89 444 155
2 336 346 353 366
1 221 194 129
2 189 90 369 499
1 54 150 439
1 399 324 363
1 193 283 199
1 211 232 452
2 409 78 433 154
1 249 184 315
2 14 224 200 491
1 86 237 301
1 146 277 209
1 68 261 279
1 384 193 389
2 338 330 386 472
1 126 443 293
1 484 25 182
1 279 190 444
1 347 491 421
1 210 111 446
2 289 139 393 279
1 281 59 99
1 330 408 293
1 66 55 261
1 122 414 21
1 244 195 252
1 321 199 209
1 216 445 138
1 387 50 193
1 202 282 238
1 365 76 429
1 287 435 285
2 134 146 476 317
1 40 286 29
1 387 97 394
1 496 166 245
1 389 322 117
1 433 66 436
2 451 389 456 434
2 304 274 426 298
2 249 52 342 70
2 118 61 359 212
1 284 414 325
2 478 200 483 207
1 307 64 336
1 50 444 471
1 327 32 25
2 458 154 484 415
2 287 255 416 453
1 3 96 233
2 82 142 469 384
1 459 36 137
2 322 60 339 263
1 123 470 183
2 479 103 497 147
2 491 219 498 221
1 216 433 360
2 387 440 445 491
2 228 261 476 478
1 463 239 153
1 371 404 41
1 36 364 16
1 433 256 118
2 140 111 492 317
1 126 340 344
2 499 325 499 404
2 326 280 434 427
1 27 178 405
1 92 321 333
2 301 193 413 205
2 315 312 491 446
1 351 403 365
1 437 225 68
2 277 488 312 495
2 265 489 409 491
2 225 385 402 439
1 488 200 65
2 346 127 483 468
1 356 322 98
1 452 85 68
1 375 35 361
1 187 426 239
1 27 83 282
2 77 35 262 398
1 290 386 487
2 198 20 414 349
2 384 419 452 450
1 373 271 222
2 374 367 443 423
2 499 83 499 432
2 451 56 467 282
2 224 307 328 484
1 447 235 225
2 235 37 236 360
1 160 47 307
2 59 205 118 310
1 466 85 196
1 427 72 411
1 462 231 31
1 141 392 304
1 177 285 337
1 237 189 403
2 293 20 487 125
2 37 477 148 493
2 374 289 454 444
1 115 429 111
2 393 24 492 283
2 6 275 115 418
2 165 358 397 384
2 362 386 451 391
2 429 96 457 195
1 48 253 60
1 163 70 304
2 89 140 151 196
1 417 96 407
1 170 344 300
1 267 440 166
1 14 492 449
1 261 427 316
1 339 438 204
2 269 218 479 335
2 146 306 491 357
2 148 349 405 376
1 326 414 476
2 436 76 446 191
1 53 65 426
1 220 113 491
1 12 140 274
2 165 75 433 441
2 407 119 429 382
1 55 135 275
1 427 379 60
2 436 150 458 264
2 420 294 490 376
2 368 357 415 378
1 408 67 57
1 134 470 458
2 200 303 223 324
1 108 56 33
1 95 436 32
2 162 273 170 352
1 136 104 318
1 494 21 112
2 112 268 152 499
1 409 481 235
2 329 196 484 381
1 222 348 466
2 409 457 454 463
1 254 71 326
1 15 240 251
1 0 394 123
1 90 239 416
2 183 17 321 193
1 138 260 94
1 299 498 476
2 209 275 341 494
1 24 61 428
2 18 74 368 88
1 251 117 245
1 188 416 195
2 190 114 265 462
1 456 72 115
2 366 96 376 257
2 96 121 294 301
1 245 298 315
1 46 440 185
2 434 384 497 441
1 168 83 462
2 317 232 402 480
1 25 156 499
2 134 69 421 402
2 266 180 411 436
2 323 302 498 324
2 451 56 471 231
1 304 68 113
1 122 57 296
1 332 448 147
1 151 372 343
2 126 101 372 189
2 280 381 454 398
1 69 427 152
1 492 44 373
2 329 33 452 85
1 309 278 324
1 246 402 145
1 2 47 432
1 294 111 431
1 329 212 233
2 31 92 341 360
2 44 470 290 481
2 299 452 421 477
1 18 14 169
1 343 356 442
1 277 219 143
2 208 226 419 241
1 264 69 183
1 320 90 148
1 66 126 219
1 24 220 254
1 231 277 142
2 86 154 468 286
1 9 44 178
1 159 167 95
1 181 118 297
1 3 70 34
2 78 14 456 471
1 221 144 320
2 277 328 396 430
1 113 93 310
1 82 235 218
1 99 337 65
2 105 16 116 36
2 439 105 454 453
1 450 466 145
2 142 174 324 378
1 48 337 336
2 94 438 341 466
1 215 60 249
1 405 279 178
1 447 232 263
2 173 113 386 354
2 369 393 380 476
1 439 196 425
2 115 396 135 432
2 184 122 281 226
1 157 189 388
2 223 96 448 310
1 343 464 14
1 57 329 82
1 41 480 302
2 134 351 469 409
2 16 206 334 324
1 290 423 480
2 227 461 413 480
1 304 401 205
1 347 126 387
1 114 187 170
1 453 203 184
2 360 295 454 370
2 170 40 244 186
2 396 270 414 429
1 419 43 490
1 220 188 220
2 43 325 82 363
2 125 491 423 499
1 210 116 199
1 4 393 69
1 404 89 136
1 63 317 369
1 424 430 32
2 319 475 371 479
2 208 124 488 183
2 399 125 409 443
1 445 369 332
2 298 398 315 434
2 2 161 100 184
2 295 476 475 477
1 284 481 286
1 116 263 318
2 277 20 423 58
2 439 95 446 360
1 61 27 11
1 259 130 41
2 41 363 149 427
1 173 322 474
1 409 134 72
2 140 290 478 495
2 360 355 373 452
1 477 489 484
2 402 114 430 428
3
