496
1 218 130 137
2 463 304 476 383
2 253 166 488 471
2 231 23 385 274
2 314 85 453 239
2 307 419 483 419
1 143 17 151
2 162 66 486 432
2 117 99 328 107
2 255 267 458 484
2 51 340 200 493
2 406 404 421 425
2 451 173 468 345
2 306 457 486 479
2 183 390 334 414
2 205 199 368 430
2 459 136 488 184
1 349 203 152
1 116 110 245
2 86 99 494 489
2 38 317 417 368
2 127 291 319 412
2 232 352 377 480
2 32 342 347 352
2 23 282 363 483
1 36 245 217
1 427 253 49
2 224 171 371 481
1 241 221 357
1 239 31 11
2 210 241 425 422
2 414 446 468 464
2 354 299 359 477
1 159 54 387
2 420 147 486 151
1 164 45 277
2 112 455 407 458
1 342 156 23
2 334 427 377 440
2 233 5 320 374
1 451 290 201
1 394 458 206
2 374 56 436 450
2 205 431 282 442
2 95 252 391 341
2 232 283 361 345
1 375 113 42
1 25 303 39
2 303 87 324 477
2 343 208 360 307
2 449 130 481 181
2 139 323 375 362
2 64 493 101 495
1 467 162 313
2 372 131 383 327
2 75 350 235 440
2 411 262 457 493
2 164 448 253 484
2 146 10 313 241
2 361 442 460 474
2 416 60 463 192
2 77 92 325 291
2 282 194 467 413
2 372 322 489 416
2 27 255 279 335
2 126 278 336 405
2 381 39 454 53
1 135 14 68
1 2 381 460
2 451 86 482 383
2 115 352 181 380
2 265 155 323 458
2 118 182 227 278
2 107 329 184 481
2 108 91 124 187
2 202 298 404 456
2 275 478 323 486
1 177 255 23
2 486 371 495 485
1 427 479 249
2 372 145 429 436
1 174 376 126
2 410 226 451 269
2 331 31 415 298
2 300 317 444 428
1 149 280 70
2 50 394 313 406
1 440 181 337
2 486 165 487 199
2 148 265 255 466
2 324 43 451 382
2 385 406 421 419
2 319 9 494 50
2 337 255 464 397
2 175 343 334 458
2 149 220 168 320
2 69 148 199 213
2 235 389 462 428
1 352 146 311
2 317 480 474 492
2 199 396 405 466
2 235 177 379 404
1 118 392 159
2 324 394 402 477
2 23 393 118 430
1 20 489 84
2 419 152 450 299
1 48 212 398
1 404 315 52
1 3 339 366
1 20 172 456
1 276 335 236
2 120 146 156 190
2 409 422 477 482
2 462 145 486 241
1 260 423 199
1 321 313 408
2 135 308 310 466
2 29 142 151 393
1 191 90 20
2 47 398 289 430
1 73 320 423
1 306 442 321
2 201 354 359 393
1 78 77 432
2 302 124 362 368
1 25 346 86
1 253 449 357
2 203 464 312 483
2 157 105 371 495
2 335 294 357 468
2 334 227 481 453
1 301 409 310
2 16 14 355 172
2 324 94 331 406
2 407 169 468 208
2 440 326 476 446
2 258 18 330 172
2 7 216 301 428
1 459 414 303
1 106 429 79
1 216 8 477
2 342 350 491 404
1 207 276 484
1 245 76 61
2 274 267 429 436
1 248 442 287
1 69 322 439
2 481 312 488 366
1 294 463 9
2 252 83 399 282
2 477 89 478 440
2 322 207 436 427
2 251 274 484 329
2 289 394 360 428
2 323 462 335 492
1 67 324 260
2 19 56 317 105
2 402 487 434 495
2 401 288 473 400
1 51 269 408
2 134 148 418 384
2 303 463 382 490
1 237 471 338
2 399 110 470 311
2 362 304 458 366
1 277 174 69
2 483 180 487 442
1 7 225 219
2 134 15 285 463
1 385 432 150
1 61 9 363
2 96 68 414 83
1 351 348 444
2 23 16 120 32
1 491 161 81
1 355 328 467
1 486 216 53
2 307 280 334 354
2 271 219 309 453
2 421 360 423 372
1 401 484 294
1 172 433 320
1 223 493 38
1 349 126 92
1 411 283 395
2 211 383 291 417
2 141 308 390 455
2 201 108 459 381
2 464 366 489 468
2 411 147 455 341
2 431 189 469 331
1 381 432 399
1 390 101 64
1 489 71 460
2 365 166 446 386
2 182 170 415 256
2 41 324 352 372
1 128 436 183
2 75 382 320 487
1 132 84 405
1 495 322 159
1 459 50 362
2 155 347 231 348
1 123 120 9
2 396 243 417 390
1 324 180 32
2 209 174 393 363
1 163 47 493
2 252 314 270 340
1 422 477 216
1 286 414 30
2 170 495 349 495
2 402 56 468 431
2 0 52 439 118
2 16 296 27 478
1 195 111 272
2 120 325 227 458
2 140 394 313 402
2 116 348 436 394
1 74 73 187
2 331 320 489 467
2 68 372 246 409
1 264 121 267
2 202 490 419 494
2 116 195 203 478
2 91 95 165 339
2 327 211 425 416
2 389 15 446 341
2 16 5 75 418
1 7 259 212
2 101 397 458 408
2 401 69 441 342
2 438 447 445 490
1 326 334 305
2 390 493 439 494
1 382 298 376
1 151 107 483
1 158 445 90
1 413 468 121
1 343 441 72
1 143 259 342
2 99 238 478 321
1 306 308 371
2 295 215 466 232
2 477 46 489 159
2 246 84 465 200
1 446 251 466
2 267 209 286 363
2 14 29 27 310
2 378 481 402 484
2 219 440 255 481
2 76 134 168 256
1 422 108 8
1 178 291 213
2 192 10 321 147
1 100 251 493
2 454 50 455 391
1 405 226 374
1 148 386 32
2 379 304 380 351
2 357 83 402 95
2 434 457 441 485
1 252 405 9
2 26 213 422 307
2 32 380 232 439
2 49 366 336 390
2 104 140 272 257
1 453 134 220
2 58 263 415 291
2 276 227 322 437
2 430 271 434 377
1 138 416 472
2 455 324 475 466
1 270 484 431
2 166 158 232 317
2 327 89 471 495
2 282 84 426 144
2 314 181 357 357
2 329 142 340 256
1 15 383 355
2 211 177 405 194
2 486 204 495 478
2 204 219 318 279
1 16 208 82
1 467 258 24
1 281 113 425
1 48 379 422
2 462 94 479 200
2 40 492 384 495
1 412 128 327
2 431 137 478 179
1 411 54 419
2 27 277 77 292
2 439 99 479 184
1 183 333 27
2 126 251 219 494
1 94 2 272
2 385 190 445 257
2 147 200 247 418
1 471 164 43
2 402 162 456 424
1 379 426 475
2 352 14 451 119
2 55 245 361 379
1 43 441 150
1 393 5 55
2 41 332 165 361
2 378 315 400 339
1 356 318 81
1 412 347 450
2 393 38 400 130
1 410 30 455
2 250 373 306 466
2 31 232 367 397
2 282 163 284 393
2 54 460 308 486
1 172 164 156
2 14 436 275 478
1 490 133 459
1 363 452 238
2 78 105 490 110
2 298 93 340 357
2 3 479 111 482
2 125 464 136 477
2 34 438 299 446
2 413 304 476 494
2 256 146 401 386
2 407 67 472 237
2 276 201 299 216
2 58 5 348 433
2 22 434 304 476
1 188 97 118
2 296 104 433 256
1 478 324 159
1 75 483 65
2 361 212 458 385
1 189 75 196
2 422 65 473 182
2 430 458 451 461
2 174 357 203 408
2 35 444 77 460
2 290 29 370 411
2 72 69 124 118
2 367 81 395 203
2 461 243 465 386
2 32 4 261 186
2 208 387 308 417
1 266 158 67
2 274 308 424 332
2 246 400 411 488
2 195 456 445 460
1 239 195 300
1 12 127 212
1 131 52 462
1 406 471 212
2 333 310 386 416
2 480 116 480 206
2 22 130 73 192
1 293 69 170
1 74 456 268
2 38 124 270 398
1 96 33 121
2 133 67 326 75
2 292 481 400 487
2 188 216 208 457
2 122 331 342 373
2 49 286 254 341
2 180 75 439 276
2 62 88 134 188
1 233 264 411
2 200 243 427 337
2 454 171 472 441
1 71 237 105
2 210 430 327 433
2 182 281 395 446
2 207 464 438 482
1 138 104 423
1 447 28 490
1 480 10 202
2 387 68 432 294
1 20 330 82
2 352 172 476 208
2 461 211 485 463
1 403 160 72
2 82 14 237 58
2 259 332 445 493
2 247 34 364 265
1 309 458 254
2 187 373 217 456
2 453 11 479 268
1 167 263 437
2 147 301 311 357
2 308 460 393 476
2 200 419 299 422
2 403 348 464 367
2 79 392 364 429
1 355 211 352
2 493 108 493 166
2 122 205 260 430
2 278 459 366 486
1 415 421 473
2 211 32 397 326
2 235 248 307 448
1 309 342 185
2 214 346 424 409
1 110 258 233
2 273 257 311 432
2 186 111 256 135
2 61 478 351 495
2 493 345 493 349
1 314 163 7
2 79 364 155 443
2 17 27 465 128
1 141 329 398
1 297 476 224
2 52 319 286 416
2 310 442 348 466
1 353 321 256
2 117 70 471 161
1 474 426 92
1 493 364 321
1 362 30 89
2 114 357 405 423
2 165 202 232 406
2 235 284 424 452
1 245 352 320
1 169 458 53
2 482 69 491 241
2 335 26 368 451
1 9 1 213
2 31 221 479 383
2 420 434 422 481
1 271 362 27
1 272 423 418
1 452 314 29
1 430 426 218
2 194 391 467 398
1 47 30 491
1 75 172 210
2 377 198 493 488
2 355 90 408 234
2 338 33 462 352
1 338 51 62
2 232 186 401 315
1 253 168 444
1 140 111 84
2 408 467 470 483
2 313 383 317 480
1 279 301 261
2 443 358 479 371
1 54 477 31
1 285 56 383
2 115 130 290 308
1 285 95 430
2 216 146 292 248
2 164 226 188 446
2 48 358 487 427
2 271 221 394 227
2 401 110 456 431
2 414 204 435 237
2 41 397 334 423
2 296 163 441 211
1 226 487 181
2 264 111 494 344
2 217 415 475 469
2 22 171 279 227
2 112 390 425 443
2 421 225 429 494
2 370 25 470 168
2 186 418 331 467
1 218 338 265
1 3 20 368
2 193 218 198 467
1 248 374 358
2 131 98 450 306
2 175 462 343 488
2 101 25 417 395
1 269 370 205
2 262 67 344 142
1 333 411 96
2 148 322 282 493
2 469 43 490 109
2 464 57 477 464
2 19 397 390 427
2 210 30 284 131
1 358 292 440
2 352 52 440 398
2 320 369 417 485
1 306 414 91
2 222 288 234 330
1 383 142 418
2 423 194 483 367
2 192 83 351 326
2 215 468 420 487
2 315 414 320 436
1 137 447 330
2 37 257 467 291
2 484 120 491 341
1 464 10 13
1 121 361 160
2 52 366 100 442
2 413 160 484 204
1 63 326 244
2 6 385 127 477
1 63 64 453
2 219 15 310 120
1 36 163 9
1 36 430 85
1 239 472 293
2 19 436 361 495
2 203 186 239 248
1 193 473 460
2 89 285 317 334
1 286 1 444
2 305 287 452 425
1 68 142 342
2 103 487 367 492
1 176 76 47
2 169 8 318 177
2 80 353 309 362
1 82 142 411
2 73 355 174 420
1 483 398 240
2 294 330 375 382
2 423 188 491 416
2 466 108 486 317
2 153 116 282 353
2 54 222 415 455
2 228 28 322 483
2 434 271 494 491
2 328 312 457 394
2 26 285 331 414
1 292 228 215
2 460 213 495 215
1 466 333 103
1 272 236 256
2 489 282 493 427
2 38 478 151 480
2 189 14 199 164
2 310 66 435 116
1 100 454 285
2 456 255 477 466
1 477 19 122
1 22 56 16
2 427 317 433 332
1 309 44 32
1 299 463 134
1 229 441 186
2 438 115 461 143
2 209 300 363 316
2 426 36 476 300
2 58 195 313 217
2 258 372 381 452
1 168 84 265
2 366 427 469 477
2 162 336 437 413
2 250 42 251 453
1 125 338 164
2 488 273 493 427
2 57 143 201 420
2 4 269 275 356
2 78 111 393 437
1 208 431 28
2 179 33 179 455
1 142 118 2
1 485 476 231
2 274 297 342 451
2 356 465 402 494
2 63 41 337 64
2 32 116 390 160
1 7 297 285
2 137 103 490 356
2 258 19 368 197
2 11 264 97 308
1 212 97 403
1 316 301 108
2 313 119 473 355
2 185 160 339 468
1 371 324 316
2 423 153 477 440
2 79 286 126 480
2 83 57 118 427
2 356 46 372 183
2 327 273 370 314
2 63 385 329 417
2 334 245 354 431
2 233 300 317 465
1 13 86 54
2 220 375 366 391
1 36 16 65
2 259 492 404 494
1 122 127 463
2 470 247 476 327
1 84 340 257
2 241 108 323 326
2 54 73 314 230
1 353 206 295
2 104 72 484 313
2 105 164 422 469
2 291 429 360 450
2 253 368 448 453
2 472 321 491 462
2 25 270 289 435
2 180 371 296 418
1 149 241 495
1 209 147 361
2 54 487 203 495
2 338 361 422 454
2 142 477 493 491
2 142 394 436 455
1 158 102 125
2 103 388 201 428
2 201 169 471 187
2 223 74 381 287
2 205 310 288 437
2 376 468 488 488
2 368 224 424 279
2 316 427 373 427
1 258 330 307
1 156 251 83
1 364 107 463
2 485 458 491 459
2 252 223 374 308
2 456 2 465 453
1 211 356 228
2 140 16 414 29
1 152 166 416
2 114 216 267 438
2 41 344 228 398
2 401 215 415 378
2 0 97 93 168
2 3 43 464 450
2 279 425 446 442
1 193 250 480
1 242 415 96
1 486 143 44
2 288 102 471 148
2 399 169 470 321
1 203 87 69
1 229 25 416
1 109 78 41
1 325 2 245
1 13 133 76
1 250 435 345
1 355 234 324
2 65 367 76 492
1 27 430 404
1 67 26 359
2 455 484 474 492
2 228 254 412 398
2 468 477 478 493
2 185 266 367 338
1 90 140 267
2 239 234 484 234
2 435 293 461 479
2 143 92 427 95
2 303 65 425 377
1 491 248 402
2 256 335 372 492
2 197 115 275 390
1 445 55 216
1 69 78 152
2 174 111 474 337
1 486 369 349
1 168 108 231
2 218 371 359 436
1 115 189 97
2 268 455 391 481
1 248 230 199
2 431 372 458 480
2 64 294 445 320
1 231 181 21
2 137 272 312 411
2 464 266 484 482
1 333 411 463
1 424 149 41
2 219 446 495 474
1 27 355 33
2 114 183 155 494
2 196 428 491 490
2 385 235 432 319
2 78 282 385 449
2 417 144 419 420
2 292 47 463 445
2 133 220 224 357
2 181 198 354 312
2 69 230 335 268
1 42 407 463
1 206 153 30
1 165 60 293
1 380 117 358
2 151 241 307 381
1 153 80 339
2 224 168 359 329
2 182 240 188 286
2 69 108 338 368
2 288 124 303 141
2 253 484 339 484
1 353 79 495
2 126 16 214 353
2 166 393 238 434
1 162 199 423
2 490 221 490 360
2 483 262 486 268
1 18 8 341
1 358 251 367
2 476 31 479 457
2 326 214 398 335
1 71 451 101
1 481 195 489
2 389 209 416 487
2 433 479 495 482
1 214 35 415
2 384 408 464 482
2 435 28 482 139
1 241 385 412
2 100 493 350 494
2 265 240 342 240
1 81 19 226
2 89 362 367 445
1 210 432 133
2 41 463 206 487
2 63 195 490 298
2 66 84 223 432
1 173 172 154
2 463 117 482 471
2 251 254 470 342
2 329 209 358 390
1 388 415 149
2 213 39 421 177
2 463 129 477 440
2 330 100 403 203
2 402 403 452 439
1 32 373 162
1 304 472 149
1 177 148 225
2 356 432 451 478
2 272 6 493 324
2 74 369 399 378
2 12 466 314 489
2 310 473 372 479
2 194 159 364 236
2 455 185 495 187
1 81 472 187
2 374 450 404 468
1 481 84 262
2 375 414 383 454
2 148 455 163 473
2 215 435 495 477
2 461 417 477 494
2 21 152 244 206
2 19 279 482 376
2 318 219 388 258
2 262 421 263 459
2 51 353 160 470
2 227 350 411 480
2 242 30 390 186
2 105 18 292 429
1 452 104 156
2 463 60 487 369
1 299 189 26
2 317 100 393 332
2 184 103 279 444
2 288 79 292 230
1 471 218 331
2 223 193 257 426
2 211 237 298 483
2 444 259 491 494
1 70 20 157
2 425 320 475 397
2 66 352 176 385
1 229 218 272
2 145 139 175 362
2 131 468 186 481
2 259 456 475 487
1 434 413 218
2 279 314 446 451
1 143 312 12
2 456 263 465 346
2 477 26 487 254
2 42 304 63 325
2 240 2 306 340
2 333 293 362 308
2 11 309 120 337
2 195 405 477 444
2 75 416 210 416
2 475 164 481 304
1 31 39 278
2 313 142 384 449
2 201 174 426 202
2 248 411 437 447
2 314 248 371 375
2 216 126 328 231
1 71 245 300
2 156 244 324 489
2 8 210 131 226
2 211 99 259 239
2 204 53 377 210
1 464 441 28
2 311 70 390 393
2 162 220 262 343
2 462 360 480 432
1 451 421 455
2 246 147 331 358
2 245 304 317 407
2 359 382 424 426
2 427 162 477 328
2 399 90 429 222
1 248 466 55
2 455 157 468 285
1 327 151 414
2 236 393 341 468
2 449 29 470 143
2 143 206 434 364
1 41 288 120
2 320 257 456 470
2 99 391 452 398
2 357 8 375 380
2 156 343 218 485
1 283 433 254
2 177 315 305 454
2 78 209 210 315
2 121 50 159 258
1 121 341 408
2 97 240 345 374
2 458 8 458 185
1 202 107 188
2 194 33 442 164
2 453 72 462 415
1 200 156 146
1 228 344 50
2 337 111 434 136
2 155 334 269 430
1 151 166 197
1 159 103 132
2 272 206 452 409
2 230 62 378 351
2 106 111 385 455
2 469 292 469 418
2 55 42 185 109
2 15 215 442 225
1 54 465 176
1 186 356 384
2 393 183 428 408
2 116 63 440 379
1 464 58 383
1 335 369 344
1 417 153 288
2 133 291 192 298
2 401 103 488 191
2 230 446 252 483
2 5 301 444 411
1 234 246 366
2 228 447 409 484
2 39 48 451 295
2 463 482 473 495
2 71 110 464 219
2 141 368 257 480
1 250 15 299
1 435 358 216
2 276 414 477 488
2 426 196 469 303
1 34 461 423
2 169 41 296 216
1 466 390 406
2 388 12 464 322
2 368 327 376 373
2 71 199 93 478
1 427 128 436
2 427 399 463 463
2 329 84 416 229
2 49 123 304 328
1 225 127 468
2 9 263 81 331
2 214 59 423 426
2 372 211 425 487
2 249 66 494 182
1 83 169 344
2 415 256 456 310
1 452 111 259
2 485 14 486 290
2 363 118 423 334
2 218 404 360 407
2 300 63 395 460
2 257 272 494 445
2 323 295 418 489
2 393 319 419 442
2 75 379 454 438
2 103 357 355 459
1 170 454 203
1 367 60 14
2 326 344 459 452
1 0 312 471
2 301 283 480 413
1 188 411 331
2 436 453 480 490
1 96 424 349
1 349 426 321
2 40 345 258 374
2 398 288 423 314
1 356 179 105
2 34 290 339 398
1 274 424 138
2 14 315 334 373
2 178 351 428 475
1 333 113 246
2 32 486 171 487
1 5 343 472
2 441 274 493 354
1 352 93 155
1 180 261 107
2 363 419 374 471
1 3 55 92
2 56 173 67 198
2 323 333 380 365
2 83 46 256 468
2 223 381 342 428
2 101 24 147 38
1 23 316 392
2 341 319 376 442
2 336 479 351 487
2 13 393 454 404
2 91 283 365 302
2 461 227 471 274
2 418 237 422 398
2 251 362 258 382
2 399 196 494 468
1 249 26 166
2 26 24 281 462
2 352 64 484 298
2 15 86 319 153
2 474 193 489 426
2 35 250 235 451
2 90 469 128 470
1 58 11 370
2 76 474 278 483
2 361 53 370 471
2 53 169 139 423
2 214 159 430 186
2 143 479 324 488
1 427 318 11
2 199 250 493 391
2 395 53 455 88
1 309 387 499
2 190 180 372 306
2 347 7 488 294
1 297 119 118
2 144 369 285 470
2 176 286 409 432
2 363 230 493 286
2 154 491 197 492
2 278 251 477 465
1 339 164 263
1 377 313 113
1 384 6 173
1 94 147 484
2 471 419 484 432
2 442 305 445 355
2 198 270 320 489
1 351 312 239
2 304 150 461 364
2 290 53 463 140
2 425 358 491 459
1 117 38 320
2 432 443 455 478
2 398 302 420 339
1 352 464 4
2 381 334 479 462
2 339 468 436 470
2 238 248 390 448
1 45 219 448
1 296 56 318
1 38 105 329
1 270 402 382
2 480 297 491 415
2 87 392 441 490
1 298 343 60
2 111 108 384 222
2 81 284 203 343
2 55 173 352 299
2 261 40 337 175
2 63 38 306 419
2 53 432 262 466
2 346 328 394 418
1 268 1 425
1 470 61 262
2 214 396 394 424
2 444 417 487 429
2 241 293 392 366
1 62 417 286
2 131 325 226 328
2 66 66 352 395
2 29 91 316 221
1 431 346 333
1 346 335 304
2 139 99 220 494
2 223 404 354 432
1 158 193 107
1 307 427 431
1 42 24 148
2 20 469 295 471
2 410 199 493 216
2 341 363 448 382
2 301 53 446 174
1 278 32 385
2 67 70 136 318
2 76 117 150 189
2 210 311 280 448
1 168 319 21
2 309 82 472 274
2 21 62 212 155
2 106 188 432 230
2 272 31 380 111
1 139 18 5
2 187 333 341 335
2 366 302 450 388
1 86 227 190
1 258 189 377
1 454 236 25
2 93 22 423 205
1 129 344 496
2 441 274 443 293
2 95 41 118 378
2 383 156 440 374
2 255 212 417 279
1 200 254 94
1 46 314 78
2 74 122 404 262
2 258 239 439 384
1 256 492 43
2 477 5 482 393
1 16 94 308
2 301 482 439 495
1 48 465 490
2 258 312 284 486
2 207 386 420 486
2 363 322 424 455
2 53 281 446 464
1 382 495 254
2 350 77 435 373
1 336 411 188
2 229 134 489 173
1 208 94 249
1 143 345 390
2 46 388 230 395
1 0 127 485
2 487 435 489 447
2 458 452 469 478
1 168 202 491
1 290 160 185
2 155 88 345 161
2 230 493 361 495
2 202 398 226 450
1 62 419 441
2 54 372 215 389
1 151 468 258
1 268 147 446
1 492 397 100
1 248 416 416
1 260 266 283
1 278 453 471
2 122 22 336 263
2 358 104 487 483
1 490 199 341
1 183 404 485
2 345 5 459 335
2 50 365 464 455
2 325 62 405 391
1 405 29 368
2 440 91 495 324
1 272 344 478
2 201 195 429 379
2 262 61 285 185
1 67 443 254
2 182 102 223 250
2 149 464 320 464
1 362 482 60
1 487 282 442
2 4 456 143 474
2 241 29 430 441
2 354 293 395 389
2 123 290 485 465
1 385 11 1
2 438 377 441 435
1 21 464 323
2 256 31 292 372
1 456 316 212
1 13 492 378
2 395 400 463 443
2 304 4 346 335
2 198 20 458 61
1 476 169 228
2 72 366 269 375
2 292 58 358 79
2 429 214 487 233
2 366 321 486 489
2 240 283 255 337
2 409 126 448 465
1 395 163 21
1 191 192 9
2 179 168 259 398
2 159 185 305 250
1 330 276 461
2 493 315 494 413
1 484 438 459
2 275 474 314 485
1 488 291 269
2 36 121 221 348
2 449 98 495 146
1 308 333 167
2 167 285 228 438
1 162 353 237
2 475 139 494 430
1 345 323 38
2 436 318 481 462
1 342 140 196
2 366 323 475 356
2 372 386 388 386
2 190 249 424 260
1 204 490 475
2 210 481 215 491
2 391 158 474 269
2 195 261 468 276
2 185 30 267 220
2 157 402 491 402
1 8 178 227
2 207 395 225 430
1 53 259 431
2 301 130 403 485
2 464 423 489 466
2 474 284 480 494
2 424 299 471 331
2 80 247 180 400
2 9 131 105 255
2 157 338 427 355
1 216 26 464
1 68 164 84
1 451 453 42
2 487 383 488 384
2 457 462 475 493
2 160 71 445 379
2 284 207 324 386
2 418 222 483 406
2 425 15 484 365
1 228 332 124
2 167 19 337 314
2 62 288 367 340
2 316 205 346 441
1 178 234 406
2 249 44 479 404
2 287 8 455 393
2 385 350 485 426
2 368 167 434 187
1 360 386 283
1 165 103 344
1 349 288 237
2 298 329 369 370
1 349 473 283
2 384 39 413 341
2 139 81 300 263
2 115 80 424 257
1 402 288 361
2 387 90 428 194
2 357 426 461 459
2 489 69 494 440
1 336 86 382
2 44 424 58 424
2 125 241 172 406
2 160 307 490 441
1 197 335 159
2 326 482 410 487
1 38 71 184
2 308 114 379 354
1 482 288 187
2 356 208 449 281
1 234 369 332
1 324 17 428
2 233 228 272 344
1 24 227 167
1 100 79 206
1 244 277 407
2 294 108 402 462
2 375 319 431 473
1 259 371 441
2 215 377 485 408
2 416 311 426 399
1 218 61 490
2 114 389 296 423
1 251 70 196
2 149 38 443 219
2 93 408 345 436
1 374 489 16
2 342 125 387 489
1 354 307 191
1 381 449 51
2 218 249 412 493
2 2 290 79 493
1 403 332 453
2 162 191 363 346
2 254 377 358 465
2 257 427 308 447
2 30 491 246 493
2 57 48 362 337
1 126 487 351
1 466 159 421
1 474 149 411
1 378 165 346
1 297 311 279
2 492 189 492 189
2 213 122 418 149
1 5 202 362
2 481 80 495 235
2 148 372 415 484
1 87 96 281
2 151 20 312 251
2 191 168 449 309
1 288 416 291
2 323 113 444 332
1 457 487 176
1 413 49 316
2 114 279 441 372
1 227 491 13
2 79 107 279 328
1 401 492 446
1 45 20 89
1 248 323 392
2 141 306 437 427
1 70 409 100
2 309 187 429 414
2 25 396 345 433
1 394 442 368
2 273 261 297 455
2 312 149 491 478
2 84 272 358 381
1 205 435 465
1 231 374 176
2 105 442 133 459
1 168 34 16
2 276 159 286 293
2 102 365 135 367
2 213 396 324 412
1 150 142 276
2 276 112 392 379
2 411 20 445 172
2 37 16 207 449
1 64 153 410
2 236 285 484 479
2 54 461 146 488
1 59 357 164
2 492 456 493 494
2 134 427 389 435
2 112 191 310 466
2 356 443 390 471
1 215 117 418
2 40 169 431 422
1 13 196 413
2 28 270 384 390
2 132 368 294 378
1 7 371 55
2 352 123 453 181
2 493 65 494 102
2 36 40 290 84
1 251 304 52
2 354 187 492 289
2 221 290 257 447
2 181 408 357 485
2 412 239 430 313
2 133 34 386 140
2 20 340 239 386
1 148 495 440
2 448 129 475 443
2 394 232 422 468
2 435 204 451 477
1 229 183 75
2 391 232 403 340
2 32 54 434 312
1 104 43 410
2 332 169 373 298
2 390 32 495 92
2 472 380 478 403
2 376 421 472 468
1 108 229 196
2 99 45 441 405
2 396 172 446 484
2 330 351 358 463
2 481 48 489 467
2 373 378 423 458
2 342 175 423 486
1 324 267 156
1 36 349 494
2 377 39 478 62
2 415 285 454 441
2 162 192 328 332
1 75 277 225
2 162 2 373 494
1 109 205 441
2 432 268 433 442
1 323 54 197
2 102 341 489 400
2 130 179 277 389
2 265 322 420 330
1 410 226 58
2 283 376 396 426
1 259 22 214
2 315 340 413 424
1 24 332 314
2 227 440 488 451
1 193 335 386
2 402 438 445 484
2 356 453 464 478
2 31 69 482 343
2 128 190 349 200
2 50 412 457 448
2 190 226 421 320
1 77 284 342
2 486 20 492 126
1 2 472 159
2 383 484 400 494
2 28 64 424 340
2 231 481 237 491
2 23 191 372 224
2 403 20 468 305
1 98 41 14
2 434 430 482 435
1 220 278 52
2 29 456 248 491
2 297 107 488 434
2 362 288 393 379
1 148 293 35
2 370 426 376 459
2 244 482 259 490
2 338 66 425 218
2 217 140 486 181
2 111 50 392 368
1 88 404 120
2 348 200 380 334
2 132 354 296 473
2 57 202 400 257
2 45 284 83 326
2 224 57 432 151
2 471 374 493 479
2 292 27 346 257
1 394 2 407
2 62 160 397 217
2 139 233 471 329
2 460 492 492 492
1 373 211 135
1 295 186 486
2 76 271 180 437
2 193 212 367 379
2 113 393 226 447
2 493 491 495 491
1 34 401 254
2 401 263 451 409
2 178 305 437 466
2 323 162 340 372
1 171 161 204
2 86 302 192 311
2 47 470 201 477
2 76 383 316 452
1 164 89 63
2 482 128 489 418
2 203 402 235 450
1 37 279 401
2 362 148 460 205
2 416 311 416 389
1 63 396 168
2 165 439 388 473
2 3 330 104 381
2 226 310 260 494
2 31 92 466 259
1 409 250 0
2 60 61 64 488
2 187 2 455 56
1 67 19 343
2 426 28 453 140
2 257 98 449 149
2 468 240 484 259
1 231 170 488
2 346 93 459 207
2 285 489 311 491
2 493 100 493 118
2 490 305 491 341
1 116 424 217
2 346 463 353 493
2 165 84 178 99
2 258 406 304 426
1 15 482 105
2 307 21 409 276
2 414 426 490 448
1 140 329 31
1 159 277 202
2 189 378 343 459
2 428 47 444 418
1 53 243 286
2 176 315 413 465
2 417 430 428 432
2 257 355 454 403
1 106 227 176
1 287 75 142
2 17 201 17 433
2 371 158 382 366
2 5 120 297 438
1 302 201 111
1 456 19 353
2 455 339 490 345
2 396 175 442 258
1 116 162 42
2 146 293 461 495
1 246 485 326
2 347 399 352 468
2 236 60 328 215
1 33 97 201
2 87 66 464 327
1 368 285 242
2 317 308 459 434
2 466 370 479 438
2 301 41 464 250
2 490 85 492 361
2 136 162 415 381
2 41 11 341 15
1 408 103 182
1 24 405 369
2 285 34 489 419
2 135 272 315 289
1 69 164 349
2 120 57 138 372
2 197 145 357 199
2 177 16 252 219
1 412 25 339
1 216 268 230
1 200 113 295
2 258 218 306 299
2 352 160 441 399
1 379 462 126
2 320 307 429 363
2 158 144 293 352
1 83 155 58
2 481 70 492 281
2 286 213 331 304
2 408 133 416 416
1 60 283 292
2 445 472 463 488
1 9 132 361
1 277 430 103
1 288 419 262
2 139 80 184 407
2 297 11 375 449
2 426 9 486 389
1 185 56 448
1 68 183 322
1 84 373 4
2 57 451 330 486
1 469 479 211
2 331 361 408 393
2 227 225 241 452
2 382 463 440 477
1 431 104 497
1 275 396 297
1 147 313 64
2 390 395 464 484
2 177 414 243 422
1 143 90 280
2 372 87 486 192
2 189 63 355 473
2 116 458 129 475
2 367 144 436 240
2 433 105 465 439
2 132 255 133 284
1 394 451 429
2 82 105 448 272
2 315 453 389 469
2 182 113 206 152
1 63 322 327
2 251 472 282 479
2 69 222 306 367
2 375 333 446 433
2 198 93 247 308
1 52 297 104
1 76 442 424
2 358 282 495 396
1 484 1 441
2 448 462 478 487
2 161 475 479 478
2 107 305 128 449
2 453 210 486 414
2 408 342 494 406
2 327 466 353 476
2 142 313 380 397
2 319 201 384 482
2 367 65 475 164
1 421 222 489
2 216 24 366 480
2 434 491 438 493
2 466 304 485 408
2 104 178 146 485
2 162 288 242 398
1 84 281 9
1 482 38 277
2 485 409 492 495
2 286 180 478 294
2 475 153 479 295
1 220 209 84
2 195 128 434 451
2 108 15 217 323
2 486 59 494 492
2 346 265 488 338
2 420 339 437 412
2 319 218 480 220
1 215 93 325
2 55 466 254 469
2 98 219 324 256
2 443 264 455 425
2 214 203 361 349
1 410 455 405
2 156 4 402 435
2 418 361 456 460
2 202 158 203 486
2 113 198 388 361
2 488 2 489 455
1 492 229 251
2 300 111 431 365
2 448 329 474 404
2 269 152 357 481
2 466 363 483 457
2 288 440 353 479
1 204 31 388
1 164 198 399
2 140 453 230 476
2 207 50 219 340
2 238 9 421 258
1 434 279 173
2 225 69 402 261
2 21 168 428 259
2 347 415 433 473
2 52 333 370 421
1 117 116 229
1 110 454 278
2 374 457 457 492
2 105 332 121 405
1 477 226 97
1 226 387 202
1 32 120 212
1 321 465 202
1 404 215 38
2 291 391 471 460
2 285 216 353 475
2 410 114 490 168
1 118 494 53
2 358 57 437 93
2 47 401 428 455
2 414 398 445 399
2 129 209 240 413
2 22 156 292 371
2 246 65 357 217
1 141 23 204
1 406 20 440
1 296 273 188
2 112 237 428 440
2 354 123 356 293
1 365 270 424
2 166 197 239 299
2 320 27 430 428
1 188 382 396
1 57 454 265
2 120 68 129 415
1 125 322 3
1 358 149 391
1 101 127 308
2 247 336 399 354
2 146 274 440 390
2 268 191 366 321
1 213 221 164
2 474 335 479 346
1 438 83 247
2 392 417 451 428
1 86 339 383
1 1 234 391
2 85 237 223 305
2 384 40 400 77
2 108 64 252 227
2 333 63 457 186
1 127 89 147
2 172 408 445 494
2 328 24 355 51
1 27 272 258
2 205 455 419 480
2 466 463 478 482
1 272 263 470
2 453 301 458 342
1 433 68 3
2 228 52 247 347
1 221 282 459
2 91 208 423 457
2 286 61 379 234
2 472 58 476 160
1 159 491 17
2 134 138 354 177
2 269 176 472 428
1 421 133 427
1 263 186 441
2 28 435 348 468
1 132 476 436
2 132 195 353 257
2 175 472 458 474
2 443 177 454 270
1 274 221 192
2 354 193 428 416
2 426 116 484 254
2 282 207 492 320
1 481 215 172
2 95 250 113 458
2 50 277 283 392
1 383 141 466
1 246 405 215
1 482 107 95
2 185 82 215 317
1 444 237 268
1 273 413 393
2 138 356 276 486
2 67 99 341 166
1 87 166 466
2 176 409 273 415
2 21 194 397 246
2 175 53 193 132
2 441 389 486 449
2 274 389 467 394
1 172 139 316
2 361 191 435 220
2 490 187 490 436
1 250 351 447
2 203 466 494 472
2 396 57 477 480
2 289 361 308 432
2 466 210 479 474
2 38 326 251 408
2 418 403 463 415
1 284 297 163
1 104 306 386
1 491 406 134
2 59 245 333 273
2 260 260 277 415
2 170 18 482 233
2 398 217 445 288
2 478 311 489 428
2 331 328 399 360
1 456 43 345
1 249 233 9
1 229 299 193
1 258 46 352
1 225 180 421
1 297 30 286
2 194 319 487 457
2 253 87 320 407
1 204 37 227
2 157 146 419 304
2 319 73 403 212
2 472 198 475 269
2 447 13 482 401
1 399 407 317
2 219 56 317 78
1 320 217 153
2 94 102 265 277
1 472 461 372
1 487 325 94
2 350 156 448 433
2 108 126 212 206
1 262 150 493
2 235 383 460 484
1 487 130 314
1 338 94 342
2 67 291 92 401
2 202 143 393 488
2 408 167 470 391
2 3 248 290 462
2 14 190 353 438
1 395 325 216
1 37 382 346
2 15 361 156 406
1 449 335 132
2 318 440 434 460
1 386 249 186
1 295 104 104
1 375 460 353
2 472 67 488 181
2 47 353 326 403
2 34 129 172 177
1 277 354 298
1 434 293 99
1 116 340 105
2 149 35 209 276
1 448 308 125
2 125 424 403 451
2 169 283 356 411
2 147 357 442 424
1 348 409 17
2 51 454 345 470
2 4 338 138 368
1 455 59 86
2 342 235 454 239
2 67 343 235 383
2 182 406 221 480
1 459 392 134
1 93 315 153
1 86 2 226
1 187 203 439
1 10 158 285
2 228 458 336 477
2 413 23 420 238
1 479 423 179
2 383 464 395 479
1 461 175 167
2 120 438 148 494
2 208 469 466 473
2 107 369 472 423
2 20 31 265 201
2 245 265 273 381
1 488 116 447
2 18 317 352 390
2 366 346 442 467
2 422 121 468 370
1 485 150 411
2 112 465 275 485
2 231 156 242 226
2 5 471 132 488
1 173 458 276
2 272 170 291 382
1 145 26 472
1 394 486 42
2 326 159 356 318
2 174 254 287 443
1 128 303 443
2 143 122 175 322
1 488 477 400
1 223 133 279
2 0 85 146 236
1 135 342 64
1 408 331 159
1 39 39 36
1 360 442 497
2 475 479 493 486
2 474 228 490 471
1 249 454 218
1 101 132 303
1 431 472 419
2 387 69 434 226
2 119 107 259 280
2 322 452 493 479
2 54 328 374 418
2 19 21 270 233
1 282 189 34
2 223 407 274 463
2 34 117 285 440
2 112 230 230 386
2 463 88 471 469
2 53 287 283 330
2 204 235 248 418
2 97 90 485 191
2 321 152 416 306
2 449 74 482 282
1 179 265 457
2 388 465 475 476
2 245 320 271 350
2 376 227 480 442
1 233 209 460
1 64 312 143
2 288 34 466 228
2 315 255 352 416
2 91 255 480 407
2 321 370 323 467
1 418 57 284
2 230 206 408 246
2 191 266 406 281
1 163 26 382
2 235 105 476 293
1 131 205 215
2 89 345 465 473
2 236 275 280 327
2 286 413 303 446
2 53 93 295 285
2 425 148 476 290
1 199 185 320
2 59 315 438 430
2 252 342 444 417
2 225 304 396 346
2 305 102 476 228
2 26 83 76 365
2 458 339 468 455
1 199 271 221
1 17 317 104
2 378 182 400 278
2 157 128 452 180
2 319 378 449 455
2 476 152 485 276
2 220 343 377 462
1 69 299 69
2 409 482 443 489
2 294 109 450 291
2 408 231 490 275
2 133 24 479 287
1 335 9 312
1 234 177 213
2 230 234 253 398
1 78 14 87
2 271 292 340 351
2 253 487 456 488
1 365 83 499
2 307 215 452 325
1 475 287 109
2 34 343 316 394
2 432 225 462 238
1 30 386 264
1 475 162 296
2 449 291 457 470
2 386 104 396 144
2 48 212 299 358
1 70 110 108
1 207 268 482
2 7 273 43 292
2 29 143 76 483
2 196 286 263 482
1 313 224 117
1 261 81 148
2 422 67 472 136
2 161 438 278 485
2 293 372 373 437
2 219 272 306 474
1 488 416 484
2 294 117 345 334
2 446 269 469 346
2 139 187 222 223
2 424 101 441 113
2 202 32 483 456
2 62 142 78 280
2 6 27 114 33
1 366 80 88
1 411 112 479
2 108 293 215 481
2 390 401 400 456
2 52 201 421 396
2 310 181 383 396
2 227 102 374 366
1 253 21 447
1 339 480 417
2 304 452 379 479
2 433 455 469 467
1 245 322 240
1 149 393 201
2 52 232 227 348
1 169 123 431
1 91 319 364
2 427 383 449 394
2 491 299 491 453
1 326 495 398
2 198 107 219 405
1 231 204 310
1 212 135 383
2 222 158 383 356
2 364 374 373 449
1 342 7 42
2 271 183 476 457
1 158 153 43
1 489 219 328
1 474 356 470
2 94 119 359 407
1 105 387 262
2 53 492 275 493
2 387 324 494 454
2 187 244 461 378
1 328 19 499
2 228 418 431 466
2 468 364 483 397
2 153 358 405 466
2 62 392 109 430
2 455 170 460 318
2 31 186 321 446
2 276 165 324 271
2 319 282 355 397
2 220 320 377 330
2 304 429 430 488
2 377 126 394 156
1 466 131 421
2 368 428 458 455
2 336 87 490 458
2 241 372 421 447
2 42 17 184 162
2 287 294 493 462
1 477 482 124
2 234 341 444 438
2 304 385 484 471
2 126 322 148 437
1 273 259 74
1 267 135 357
1 394 414 11
1 483 455 258
2 444 471 446 492
2 370 7 436 482
2 326 79 411 470
1 408 478 129
1 349 340 491
2 219 283 422 340
2 456 143 474 495
2 444 26 466 128
1 157 185 456
2 33 131 65 423
2 443 165 458 443
2 471 45 491 121
2 321 328 438 418
1 222 1 393
2 187 327 464 329
2 331 200 426 305
2 276 134 379 176
1 281 90 458
2 440 298 478 474
2 52 161 206 348
2 443 241 481 282
2 31 85 328 371
2 191 67 386 315
1 240 399 269
2 330 112 439 439
2 59 384 486 477
1 184 98 47
2 279 79 380 171
1 147 457 10
2 103 140 463 174
2 406 215 476 467
2 152 460 249 474
2 127 173 439 192
2 74 260 493 317
1 427 386 225
2 225 336 465 386
2 12 139 48 381
1 118 80 173
2 438 350 440 427
2 137 86 294 202
2 483 123 485 469
2 361 88 372 124
2 85 489 361 493
2 322 382 384 493
2 210 406 352 426
1 115 225 138
1 405 5 454
2 306 257 495 360
2 295 138 423 359
2 438 360 464 425
2 64 4 464 302
2 129 173 383 459
2 227 369 466 431
2 226 464 307 471
1 221 426 156
2 273 198 444 361
2 240 491 430 495
1 440 111 333
2 316 0 476 384
2 443 433 456 446
1 245 79 459
1 390 463 75
2 325 127 405 459
2 490 464 493 492
2 158 15 359 177
2 495 454 495 483
2 114 412 174 419
1 80 254 311
2 140 311 484 441
1 144 438 475
2 95 87 162 322
2 431 214 433 284
2 492 196 492 250
2 276 240 465 457
1 89 232 73
2 430 479 462 483
2 406 482 425 486
1 123 236 30
2 119 204 363 287
1 91 131 74
2 318 290 340 413
2 297 99 420 226
2 324 247 394 402
2 482 365 494 432
1 81 486 380
1 150 377 25
2 326 296 469 384
2 263 15 382 482
2 327 31 386 227
1 35 30 194
2 28 267 146 381
1 193 327 212
2 422 396 430 468
1 49 463 254
2 76 237 485 323
2 166 224 458 366
2 486 396 487 411
2 490 334 492 461
2 148 343 374 458
1 484 372 62
2 181 87 255 292
1 479 279 89
1 155 23 255
1 276 421 311
1 306 246 183
2 410 424 479 427
1 31 372 314
2 280 383 358 405
1 450 158 236
2 460 70 476 316
2 81 287 333 384
1 134 273 235
1 150 94 379
1 102 308 56
2 78 474 123 479
2 289 359 388 446
2 242 320 288 423
2 228 242 442 464
1 21 5 478
1 361 77 454
2 150 145 467 291
2 449 317 468 363
2 478 462 482 486
1 105 90 398
1 468 415 289
2 175 36 299 393
2 178 435 412 484
1 63 298 130
1 473 67 373
2 292 472 316 475
1 338 475 103
2 285 437 373 439
1 286 222 355
2 379 129 405 147
2 284 65 383 404
2 387 209 459 219
2 274 28 376 405
1 399 394 10
2 84 26 113 462
2 101 411 318 446
2 152 206 317 284
1 108 324 2
2 324 251 481 423
2 264 174 268 338
2 128 270 483 367
1 192 340 388
2 197 52 205 246
2 74 313 196 468
2 293 116 462 362
2 90 71 281 72
1 122 411 120
2 63 105 75 168
1 26 75 477
1 73 400 156
2 82 326 124 469
2 380 471 387 472
2 399 379 425 433
2 153 87 211 445
2 117 165 301 255
2 84 124 221 187
2 451 464 474 468
1 71 232 359
2 443 401 463 452
2 55 207 246 396
2 475 249 485 375
2 398 189 420 251
2 416 25 490 437
2 243 425 439 448
2 438 375 457 396
2 462 191 471 493
2 220 246 467 315
2 1 290 188 348
1 0 270 427
2 225 205 365 381
2 70 76 382 195
2 128 462 427 475
1 369 194 171
2 415 380 417 418
2 100 223 338 443
2 280 189 283 412
1 42 51 375
1 99 61 395
2 47 444 240 444
2 200 337 206 409
2 477 43 494 407
2 427 219 434 474
1 244 115 172
1 35 306 259
2 83 362 348 453
2 337 78 393 152
2 258 284 302 457
2 179 318 383 453
1 398 230 288
2 471 389 478 421
2 254 251 294 318
2 109 134 253 374
1 107 474 443
1 206 45 488
2 135 257 138 462
1 152 154 66
2 356 358 437 362
2 468 386 475 468
2 247 334 357 481
2 114 212 426 377
1 29 88 388
1 157 330 215
2 243 93 396 337
2 96 397 244 399
2 25 5 207 123
2 23 163 476 293
2 259 417 274 449
1 89 107 444
2 307 445 388 446
2 251 129 283 214
1 370 243 232
2 289 4 419 452
2 35 346 294 462
2 295 266 306 481
2 390 337 494 460
1 38 5 468
2 421 139 473 407
2 281 24 357 407
1 269 365 376
2 22 197 317 322
1 383 391 2
2 350 154 434 307
1 377 81 222
2 213 398 214 420
2 420 435 473 439
2 80 200 289 335
2 358 196 365 377
2 304 282 372 423
1 192 148 71
2 45 313 459 429
1 454 394 356
2 171 348 222 350
2 65 99 218 173
2 246 336 434 460
2 224 24 483 116
1 187 171 460
2 377 382 452 483
2 6 239 470 371
2 205 24 222 264
2 378 416 487 416
2 18 382 344 492
2 163 136 231 351
2 16 81 164 208
1 342 340 187
1 102 459 297
2 488 277 494 293
2 15 132 291 425
2 370 138 383 434
2 417 58 466 454
2 265 352 380 362
1 127 446 136
2 266 464 495 464
2 88 446 394 482
2 196 119 400 165
2 48 48 193 421
1 380 450 459
2 151 241 187 322
1 440 400 333
1 107 210 471
2 379 481 398 491
2 121 395 197 418
1 29 344 81
1 347 19 406
2 206 212 269 241
1 355 138 293
2 222 12 271 472
2 345 372 441 483
1 453 339 451
1 122 202 362
1 363 267 254
2 265 452 408 457
1 359 129 375
2 105 252 364 485
2 307 260 363 379
1 434 225 480
2 82 374 453 492
2 128 265 247 309
2 396 205 419 315
1 421 116 262
2 421 262 482 443
1 89 251 437
2 241 320 449 322
2 175 56 490 319
1 288 349 422
2 127 9 153 271
2 193 368 478 428
2 104 67 172 343
2 407 231 464 321
1 357 13 84
2 420 122 436 380
2 399 292 440 415
2 103 131 306 310
1 210 2 204
1 244 255 126
2 461 5 467 238
2 326 392 449 407
1 202 349 104
1 23 230 31
2 61 24 223 261
2 211 305 435 481
2 308 112 447 130
2 2 134 157 274
2 183 454 344 489
2 479 188 488 190
1 256 330 365
2 302 18 417 29
2 429 82 495 186
2 32 278 161 490
2 336 388 412 440
2 410 190 447 330
2 50 404 257 488
2 215 357 492 422
2 421 258 445 471
2 472 480 493 484
1 378 137 312
1 252 490 416
1 308 182 301
2 37 104 301 213
2 169 158 192 383
1 489 31 459
1 55 359 418
2 113 167 280 262
2 250 189 279 266
2 69 184 170 250
2 101 474 465 494
2 183 366 217 393
2 300 469 475 479
2 42 156 48 299
1 224 97 182
2 247 209 283 394
2 432 473 433 493
1 205 334 40
1 350 369 265
2 409 471 425 473
2 416 77 490 351
2 372 177 474 220
2 132 385 321 395
2 48 362 90 456
1 132 300 85
2 429 441 466 465
1 41 172 242
2 206 183 209 462
2 466 185 491 461
2 153 180 411 293
2 257 487 481 489
2 218 240 264 398
2 252 434 494 464
2 83 216 322 455
1 333 256 3
2 297 63 333 216
2 145 289 464 384
2 249 160 428 457
1 16 273 232
1 245 313 393
2 444 185 478 335
2 351 165 475 214
1 271 50 368
2 257 458 390 480
1 298 270 56
2 350 340 375 494
1 155 306 454
2 226 147 340 257
1 9 488 112
2 482 495 493 495
2 449 494 482 495
2 69 408 118 472
2 455 57 472 434
2 80 116 303 276
1 452 359 344
1 127 434 331
2 247 108 297 236
2 253 339 364 457
2 399 324 439 357
1 256 251 218
2 67 461 489 484
2 239 440 351 492
1 393 384 292
2 399 217 492 342
2 483 391 495 465
1 66 117 470
2 429 468 466 491
2 480 393 495 472
1 135 145 282
1 189 280 241
1 139 222 161
2 269 198 382 286
1 442 110 347
1 69 15 220
2 376 30 394 126
2 423 9 492 212
1 147 262 129
1 1 326 336
1 14 159 262
2 118 416 322 475
1 443 186 216
1 159 304 382
1 317 16 35
1 271 449 468
2 282 141 282 232
2 73 369 186 463
1 315 123 320
2 334 128 350 451
2 383 92 490 347
2 441 162 480 243
2 108 229 428 268
2 322 50 419 170
1 203 447 370
2 142 90 322 144
2 364 6 395 115
2 328 166 484 208
2 169 130 460 253
2 12 464 492 472
2 108 136 140 456
1 203 490 398
2 114 415 390 472
2 107 397 219 473
2 114 120 493 135
2 19 1 178 363
1 250 340 459
2 437 371 483 375
2 266 295 464 445
2 244 163 400 213
1 258 174 186
2 474 461 491 491
2 197 374 300 397
2 60 485 95 487
2 479 142 482 270
2 356 309 488 417
2 349 363 445 437
1 70 229 106
2 260 15 459 188
2 141 188 451 338
2 350 153 379 414
2 361 409 422 409
1 365 193 203
2 222 207 320 330
2 138 20 394 383
1 162 61 362
2 256 379 373 462
2 363 39 452 371
1 369 128 111
2 80 0 467 71
1 304 495 265
2 107 443 115 489
2 319 53 432 194
1 263 97 352
1 18 454 421
2 154 285 401 402
2 38 301 387 369
2 127 265 211 409
2 54 373 451 400
2 132 333 343 436
1 98 179 139
2 254 269 399 407
1 7 215 355
1 371 101 332
2 68 73 198 245
2 110 461 410 463
1 129 107 99
2 462 391 468 471
2 162 177 322 405
1 441 80 229
2 177 133 406 413
2 185 109 220 416
2 23 381 70 459
2 343 113 352 489
2 469 399 484 400
2 192 128 397 346
2 186 371 268 491
1 365 268 310
1 394 448 308
1 131 328 119
2 89 223 437 407
2 62 453 493 464
2 33 156 147 484
1 26 460 492
1 249 344 48
2 21 436 145 450
2 436 489 454 490
1 132 382 444
2 472 313 487 441
1 379 293 17
1 125 224 361
2 70 67 173 318
2 328 128 332 151
2 375 364 386 420
2 169 229 372 431
1 148 466 400
2 459 35 463 402
2 451 190 487 352
2 37 65 286 137
2 205 177 258 462
2 351 120 421 158
2 40 191 455 487
2 102 205 411 290
2 213 149 392 333
1 337 214 260
1 159 380 283
2 200 169 261 370
2 198 495 298 495
1 85 162 337
1 426 436 486
2 154 416 254 483
2 429 44 465 397
1 446 24 247
1 231 258 320
1 217 400 353
1 363 170 468
1 232 354 346
2 104 133 392 134
1 29 369 249
2 2 15 93 308
2 10 297 266 323
1 220 305 133
1 195 101 21
1 326 234 440
2 41 286 211 326
2 137 101 460 269
2 277 48 413 286
1 68 84 466
2 185 353 328 434
2 342 0 476 74
2 187 186 196 405
2 465 166 486 340
1 162 324 148
1 76 127 114
1 151 107 366
2 123 463 192 465
2 210 69 259 381
2 381 273 386 438
1 316 189 121
1 202 324 423
2 130 453 155 477
1 364 428 29
1 115 387 299
2 238 209 355 488
2 251 421 491 450
2 190 19 261 353
2 424 218 438 412
2 365 184 398 265
1 467 481 213
2 231 476 418 487
2 245 189 417 425
2 448 48 483 79
2 46 7 156 286
1 462 416 234
1 128 300 157
2 349 336 479 395
2 344 339 407 486
2 42 413 153 485
1 33 50 250
1 395 252 406
1 392 3 247
2 61 296 368 472
2 447 421 477 494
1 73 50 413
1 45 104 14
1 62 475 414
2 408 171 432 182
2 51 336 159 382
2 472 319 477 486
1 390 488 404
1 138 162 44
2 327 362 470 406
1 235 190 476
1 161 220 47
2 29 224 188 432
1 426 338 325
2 408 86 460 403
2 216 177 404 330
2 420 157 479 370
1 80 144 176
2 23 451 341 492
2 425 145 469 268
1 494 69 33
1 231 230 388
1 263 487 141
2 85 124 413 187
2 492 113 492 243
2 99 371 205 453
2 267 259 328 297
2 21 241 390 294
2 80 190 171 398
2 242 255 266 382
2 243 53 257 243
2 366 477 491 478
1 304 473 331
2 118 482 122 490
2 410 238 439 395
2 333 481 462 489
2 43 442 435 444
1 0 377 327
2 95 427 233 487
2 143 338 181 435
1 154 141 340
1 199 421 115
2 104 21 293 264
1 301 361 129
1 420 380 418
1 172 189 43
2 43 35 183 183
1 192 332 184
1 297 189 340
1 438 262 229
2 216 242 443 355
1 477 281 177
2 270 468 402 478
2 267 377 449 427
2 319 16 348 120
2 90 144 114 295
1 391 0 37
2 56 140 117 271
1 309 111 324
2 322 19 443 357
2 281 52 320 346
1 281 108 343
2 389 376 443 396
2 313 143 491 493
2 302 79 346 155
2 60 471 167 490
2 158 374 360 408
2 195 76 416 380
2 461 321 490 351
1 238 226 280
2 36 1 137 284
2 61 193 429 254
1 262 118 0
2 444 341 495 449
1 60 267 204
1 310 420 344
2 334 50 362 391
1 16 254 200
2 205 266 312 329
2 337 284 477 467
2 447 374 460 459
2 330 18 357 348
2 220 173 454 423
2 415 216 495 239
2 89 15 255 42
2 372 126 487 359
1 13 52 482
2 52 349 490 395
2 279 292 358 351
2 191 194 246 410
2 204 23 208 348
1 8 212 265
1 249 147 402
1 489 80 112
2 398 185 471 358
2 178 415 282 428
2 314 211 351 361
2 292 181 370 441
1 175 174 460
2 429 428 449 462
2 278 339 411 469
2 17 111 372 463
2 133 63 347 379
2 130 47 474 261
2 204 386 249 446
1 486 404 416
2 249 149 383 224
2 289 9 493 453
2 201 206 328 455
2 453 358 483 451
2 473 99 474 345
1 41 69 141
1 331 401 214
1 383 333 99
2 195 306 324 469
1 408 23 387
2 38 349 348 430
2 215 64 224 106
2 248 224 255 322
2 394 218 397 318
1 467 315 95
2 183 381 312 432
2 408 138 432 270
2 449 116 472 474
2 150 313 400 470
1 73 381 120
2 222 306 272 382
2 331 100 486 230
1 12 202 393
1 217 12 267
2 203 189 407 318
1 230 313 105
1 366 172 306
2 343 114 359 119
1 49 184 289
2 473 8 492 22
2 275 56 299 127
2 484 178 486 487
1 328 148 320
1 152 449 85
1 43 332 34
1 198 320 475
2 38 385 64 461
2 47 208 474 209
2 73 365 228 409
1 81 99 47
2 280 6 406 414
2 297 178 467 449
2 144 339 150 340
2 331 361 453 483
2 441 184 483 422
1 137 136 413
1 330 219 400
1 451 42 435
2 3 327 113 341
1 311 204 110
2 134 143 290 239
1 300 180 70
2 175 414 190 463
2 199 102 202 215
1 47 95 306
2 175 204 255 231
2 485 174 492 479
2 262 278 481 395
2 154 118 316 187
1 79 263 315
2 246 488 336 492
2 389 135 430 424
1 187 422 226
2 179 241 470 451
1 250 115 10
2 489 63 495 301
2 120 481 321 494
2 419 146 463 478
1 254 162 238
2 59 271 330 380
2 27 147 473 377
2 12 15 387 152
1 489 138 377
2 106 375 223 437
2 394 287 464 387
2 386 13 485 378
2 27 48 410 286
2 292 240 350 439
2 29 175 261 429
2 331 260 371 309
1 287 268 159
1 407 307 301
2 401 238 461 334
1 144 301 176
2 142 362 392 460
2 264 134 438 377
2 417 39 483 112
2 157 41 250 456
1 388 63 153
2 452 38 480 394
2 112 448 399 492
2 146 492 377 494
2 398 181 438 220
1 416 186 299
2 120 187 308 273
2 50 411 135 470
1 335 458 408
1 251 67 390
1 366 100 351
2 134 448 359 489
1 184 364 156
2 155 388 200 405
1 276 211 304
1 275 478 429
2 339 262 420 287
2 330 260 337 466
2 56 170 118 484
2 54 14 296 471
2 363 96 365 378
1 276 171 103
1 473 167 258
1 30 435 479
1 226 7 301
2 392 97 473 339
1 366 373 332
2 215 157 465 328
1 295 24 256
2 391 417 452 467
1 475 230 178
1 2 180 170
2 90 235 184 360
2 364 194 436 483
2 286 357 314 379
2 388 485 424 492
2 103 340 275 391
2 2 423 16 465
1 28 447 436
1 181 438 351
2 107 318 222 321
2 168 319 273 365
2 206 337 469 348
2 335 52 493 128
1 386 222 290
1 20 424 197
1 21 387 482
2 468 323 476 474
1 86 375 340
1 125 301 303
2 77 405 494 486
2 47 334 263 357
2 29 341 79 484
2 327 209 454 212
2 274 426 332 469
2 309 223 311 280
2 355 85 387 124
2 47 375 295 404
2 326 357 332 447
2 492 414 492 488
1 438 415 171
1 268 419 146
2 448 341 466 464
2 26 78 487 307
2 126 207 346 429
2 195 154 424 336
1 479 376 87
1 420 14 402
1 405 238 108
1 321 462 299
1 115 192 123
2 391 128 396 488
2 135 165 329 423
1 434 70 156
2 133 295 275 397
2 15 231 462 392
2 162 80 243 404
1 56 433 17
1 353 56 45
2 135 292 418 455
1 417 73 347
2 213 292 232 428
2 322 222 369 376
2 6 404 161 452
1 380 44 193
2 333 95 343 444
2 202 161 306 211
2 114 265 428 392
1 298 329 100
2 179 272 238 275
2 57 67 279 318
2 216 471 313 472
2 209 421 292 426
1 305 333 343
2 355 153 491 418
2 116 55 179 239
2 366 112 467 366
2 419 154 453 293
1 176 410 323
2 440 42 485 264
1 378 234 471
2 203 445 231 494
1 60 58 295
1 193 395 269
2 355 156 474 310
1 87 440 35
2 426 227 430 334
1 6 53 76
2 88 246 418 462
1 144 93 473
1 52 187 437
1 339 187 227
1 243 28 191
1 182 414 329
2 44 439 201 489
2 390 435 444 469
1 344 246 197
2 121 481 397 490
2 222 237 424 238
2 422 460 432 460
2 465 5 482 394
2 23 10 438 68
2 101 171 202 195
2 186 16 220 194
2 261 1 445 415
1 386 363 214
2 169 94 298 226
1 244 4 233
2 37 205 107 463
2 343 264 345 356
2 133 197 439 444
2 310 353 407 444
2 467 114 486 291
2 67 43 349 190
2 70 179 407 235
1 491 124 16
2 435 370 452 396
2 106 175 242 351
2 95 54 397 400
1 112 262 309
1 50 226 127
1 175 112 246
1 3 440 51
2 229 271 479 271
1 388 346 296
1 35 322 408
2 135 290 252 463
1 76 96 401
1 399 44 21
1 205 38 485
2 301 255 473 468
2 466 262 481 313
2 321 332 404 407
2 355 308 427 450
2 217 477 437 481
2 236 446 268 457
2 394 154 421 423
2 428 276 450 277
2 148 121 367 233
1 77 420 80
2 258 319 372 354
2 488 403 495 454
1 239 20 37
2 98 14 205 381
1 120 243 418
2 458 366 461 388
2 125 454 133 479
1 135 347 44
2 1 131 387 321
1 143 309 377
1 404 283 54
1 11 305 68
2 18 315 136 473
2 254 307 258 490
2 16 433 84 455
1 494 162 455
2 33 172 122 278
2 257 399 281 483
2 292 233 447 462
1 451 483 26
1 206 104 228
2 430 0 442 81
2 428 463 429 482
1 327 251 496
2 31 457 79 490
2 120 143 344 366
1 86 360 141
2 243 83 298 160
2 403 410 483 417
2 263 472 462 491
1 312 254 421
2 152 368 397 466
2 471 63 492 275
2 35 489 96 493
2 412 362 432 403
2 320 409 351 449
2 461 165 465 470
2 198 471 326 480
2 126 291 201 458
2 359 180 473 201
2 352 428 432 452
2 373 342 386 452
1 287 60 494
2 61 229 480 297
1 457 452 493
1 124 380 190
2 60 345 404 364
2 79 83 188 388
2 364 158 400 256
1 130 397 46
1 178 116 55
2 442 255 467 360
2 354 150 478 424
2 197 32 439 319
1 324 235 180
2 118 317 461 325
2 148 69 314 413
2 218 106 394 329
1 145 393 358
1 139 448 417
2 94 42 255 215
1 58 369 472
2 373 238 459 356
2 219 93 272 365
2 439 171 481 253
2 162 159 406 226
2 327 279 372 461
2 301 396 492 417
2 120 166 303 345
1 211 243 289
2 469 114 474 411
2 148 190 359 239
1 347 210 23
1 435 69 147
1 463 441 245
1 10 84 3
2 241 23 437 414
2 338 278 346 280
2 132 118 248 202
2 82 316 405 377
2 124 122 177 257
1 485 224 358
2 405 190 469 344
2 201 37 414 345
1 395 411 103
2 383 205 418 339
1 188 429 472
2 414 103 443 326
1 7 234 2
2 76 424 211 469
2 276 282 342 320
2 332 158 375 286
2 193 14 215 240
2 362 286 460 418
2 61 195 495 349
1 48 35 499
2 414 484 414 486
2 347 63 427 166
2 298 287 315 333
2 273 366 433 468
1 297 387 297
2 283 374 408 387
2 194 309 273 398
1 360 398 354
2 118 322 317 482
2 131 29 274 176
2 75 401 302 422
2 54 182 372 468
2 85 324 101 417
2 375 231 384 463
2 218 95 381 425
2 343 259 425 448
2 77 330 287 333
2 348 231 389 316
1 13 77 89
2 171 147 380 225
2 146 422 369 484
2 345 401 359 486
2 265 193 294 371
1 14 191 420
1 243 218 164
2 414 2 417 130
2 339 248 382 248
2 339 432 411 444
2 297 224 436 382
1 344 480 256
1 428 75 470
2 43 447 338 481
1 138 260 171
1 159 232 405
2 490 294 493 481
2 431 60 494 487
1 50 4 310
2 10 127 228 150
1 93 360 113
1 153 104 53
1 163 251 50
2 40 288 241 428
2 284 50 417 221
2 178 303 334 423
2 268 463 313 479
2 426 200 493 308
2 406 285 443 371
1 162 355 184
2 77 488 364 492
1 427 196 306
1 307 55 483
2 434 129 490 298
1 324 142 77
2 303 220 447 262
1 419 473 468
2 233 330 268 449
2 352 153 491 167
2 95 415 443 439
2 80 144 406 223
2 478 104 487 430
2 447 68 492 103
2 31 169 473 463
1 49 345 234
2 247 488 320 495
1 446 6 339
2 447 66 474 477
1 197 342 131
1 108 480 375
1 188 178 113
2 43 458 53 460
2 313 456 376 477
2 471 366 494 449
1 149 364 370
2 309 256 383 428
2 470 69 486 206
1 429 449 418
2 79 380 371 409
2 384 261 489 275
2 187 153 189 343
2 92 378 203 440
2 250 253 275 278
2 76 72 436 428
2 370 460 378 494
2 371 322 444 372
1 220 323 233
1 272 466 320
1 184 139 382
2 416 247 433 400
2 381 52 394 161
1 195 74 240
2 349 110 402 457
2 146 457 293 488
2 13 455 440 489
2 118 183 391 366
2 143 479 404 492
2 56 482 355 482
2 160 82 358 483
2 130 418 484 439
1 442 277 218
1 130 230 7
2 232 290 477 454
2 227 212 371 495
2 318 85 329 348
2 325 41 439 150
1 494 110 498
1 314 56 202
1 37 55 330
2 27 23 211 157
2 116 407 202 465
1 144 276 185
1 237 222 240
2 107 185 363 317
2 172 250 350 418
1 477 456 442
1 406 77 312
2 348 374 474 383
1 304 50 365
2 162 103 478 427
2 278 130 442 240
1 217 443 157
1 30 158 219
1 129 104 439
2 279 301 492 337
2 291 405 328 484
2 448 61 452 416
2 393 16 453 35
1 297 333 197
1 461 190 194
2 143 400 222 425
2 38 77 86 199
2 333 298 482 322
2 219 446 483 480
1 447 33 166
1 486 141 140
2 314 427 408 492
2 252 63 327 484
1 301 11 14
2 346 476 362 495
2 270 15 328 187
2 298 106 398 396
2 85 19 219 380
2 8 165 94 284
1 280 291 143
2 355 275 398 300
2 314 409 374 449
2 62 417 160 465
1 92 163 9
2 237 324 365 416
1 320 41 30
2 369 123 469 446
2 184 37 245 58
2 253 210 455 255
1 193 150 81
2 130 2 457 177
2 412 8 488 493
1 259 420 172
2 372 444 400 466
1 349 240 217
2 216 451 446 482
1 427 477 416
1 472 132 127
1 140 343 457
2 86 62 423 282
1 461 154 326
2 126 251 146 330
1 285 374 72
2 68 276 90 325
2 168 80 441 439
2 74 120 292 131
1 490 98 268
2 314 226 403 312
2 267 170 341 356
2 359 64 448 65
2 277 431 343 456
2 293 329 434 335
1 376 380 358
1 189 279 283
2 379 196 408 435
2 401 168 409 184
2 377 317 435 447
2 259 65 452 156
1 234 279 292
1 346 406 208
1 416 462 19
2 416 317 469 409
2 153 134 312 285
1 137 433 318
2 76 296 348 466
1 45 342 91
1 174 150 288
1 475 482 233
2 378 312 455 451
2 308 254 454 487
2 38 48 272 161
1 11 469 384
1 479 281 86
2 26 146 138 322
1 83 54 421
2 265 380 432 431
1 3 358 321
2 205 1 325 483
2 61 78 329 396
2 234 293 371 374
1 354 211 330
2 214 428 215 483
2 204 154 453 401
2 348 133 358 264
2 165 230 401 320
2 203 441 370 481
2 176 220 445 479
2 332 96 388 219
1 371 473 182
1 459 474 240
1 82 492 317
2 124 209 288 406
2 264 97 345 256
2 187 450 298 477
1 439 335 95
1 178 98 341
2 105 390 304 481
2 286 293 310 390
2 86 212 260 417
1 304 360 23
1 386 467 399
2 314 67 349 112
2 153 159 283 201
2 415 135 485 206
2 254 287 396 317
1 410 327 473
2 130 23 439 222
1 330 253 484
2 288 467 409 475
2 490 8 490 21
1 272 286 106
1 451 137 18
2 456 216 474 409
1 424 242 358
1 438 300 349
2 209 122 337 464
1 100 353 456
2 225 232 337 355
1 376 47 220
1 159 208 149
2 460 344 469 491
2 30 452 437 455
2 391 249 419 269
2 382 490 404 492
1 90 363 252
2 347 207 482 256
1 31 342 146
2 353 130 423 198
1 46 127 295
2 487 482 495 489
2 379 395 396 430
1 91 44 448
2 447 333 460 494
2 442 492 486 494
2 1 245 314 410
2 89 18 481 370
2 392 26 453 424
2 194 279 394 482
2 249 351 404 470
2 397 390 453 453
1 328 253 100
2 250 474 448 491
1 447 487 371
2 315 339 426 480
2 28 401 275 478
1 211 492 282
1 274 346 305
1 4 44 274
2 78 97 467 388
2 285 242 290 294
2 74 97 176 447
2 304 455 438 489
2 314 310 364 377
1 117 257 154
1 40 348 83
2 394 9 411 37
1 229 422 127
1 70 419 432
2 277 330 469 469
2 370 154 414 177
2 285 136 348 227
1 27 338 22
2 216 495 234 495
2 301 23 332 185
2 393 12 453 260
1 248 187 107
2 286 140 391 257
2 140 75 460 424
1 99 333 258
2 291 266 346 396
2 250 251 409 309
2 487 208 492 493
1 119 409 108
1 407 145 167
2 185 62 366 147
2 340 35 432 366
2 483 109 484 326
2 183 3 367 57
1 214 83 78
1 150 206 107
1 338 323 443
2 405 451 440 470
1 8 441 277
2 71 411 491 442
2 346 434 464 434
2 176 122 286 183
1 412 296 183
2 325 411 374 465
1 438 324 344
2 113 37 492 366
2 0 216 219 222
1 258 140 496
2 311 315 428 431
2 483 103 495 407
2 342 244 434 340
1 154 67 135
2 45 231 196 430
2 95 89 231 260
1 363 78 338
1 180 146 122
1 315 41 411
2 316 421 408 486
2 322 307 382 475
2 333 189 390 299
2 474 358 480 410
1 335 365 349
1 125 400 427
2 244 250 306 283
1 201 209 418
2 31 8 283 141
2 252 297 436 409
2 131 311 178 425
2 292 402 317 446
2 283 471 334 491
2 122 235 308 263
2 459 254 494 325
1 442 11 88
2 469 490 478 490
2 408 154 429 458
2 57 322 414 447
1 79 262 284
2 442 395 446 439
2 190 328 442 426
2 358 274 403 364
2 39 302 104 405
2 105 376 321 397
1 35 430 196
2 114 179 425 466
2 206 168 414 247
2 336 225 433 367
1 282 143 184
2 34 311 48 473
2 360 112 411 318
2 430 141 491 278
2 493 41 493 312
2 47 310 290 386
2 385 355 413 473
2 287 283 322 337
1 253 469 404
2 240 396 272 419
2 174 6 408 424
1 467 283 53
2 148 26 370 353
2 380 214 434 435
2 36 220 179 232
1 312 289 412
2 165 361 377 381
1 281 109 34
2 137 419 345 456
1 143 347 16
1 11 44 481
2 79 119 272 159
1 173 328 24
1 248 192 271
2 91 490 240 493
1 445 398 434
2 75 125 119 177
1 307 238 77
2 460 208 475 303
1 319 175 227
2 363 327 378 374
2 401 321 462 340
2 135 461 365 486
2 219 291 370 469
2 241 163 322 373
1 52 111 461
2 310 236 365 391
2 482 175 495 491
2 93 269 94 275
2 388 286 460 444
2 404 310 422 432
1 407 382 402
2 63 262 294 408
2 419 200 489 239
2 5 448 22 458
2 462 201 476 263
1 229 342 115
2 235 272 337 274
2 450 394 463 454
2 314 464 346 470
2 385 151 439 317
2 344 154 436 381
1 132 207 327
2 137 241 300 282
2 218 399 281 464
2 223 284 493 389
1 1 284 79
1 276 130 53
2 447 451 494 495
1 459 197 430
2 148 50 285 356
2 89 355 461 410
2 125 458 196 486
2 60 208 252 486
2 494 162 495 269
2 328 426 393 492
2 171 293 234 319
2 183 55 235 186
2 355 306 374 494
2 119 48 461 427
2 188 339 230 358
2 121 261 225 411
1 135 124 153
1 357 331 423
2 346 195 366 462
2 327 434 469 491
1 192 374 439
2 227 376 349 437
2 85 224 189 244
2 59 150 487 403
1 481 170 91
2 266 41 395 95
2 440 216 461 299
2 480 74 482 397
2 154 357 316 372
2 490 140 492 281
2 439 209 476 368
1 210 390 47
2 184 422 332 441
2 390 9 414 24
2 312 80 312 103
1 391 164 296
2 49 455 413 473
2 437 15 457 107
2 350 86 436 325
2 484 272 484 411
2 161 410 196 467
2 393 197 447 258
1 249 188 85
2 155 371 421 476
1 218 8 463
2 44 165 362 447
2 110 185 200 205
2 190 461 220 480
1 207 467 129
2 412 93 458 471
2 337 385 403 479
2 20 280 409 451
1 441 225 217
2 423 31 437 251
1 168 387 12
2 408 204 408 367
2 235 67 449 387
2 296 163 402 433
1 194 410 325
2 281 25 486 267
1 270 382 393
1 425 194 341
2 252 335 308 393
2 86 473 473 490
2 463 344 489 359
1 53 172 345
2 259 392 337 463
2 206 44 453 64
1 266 25 230
2 367 88 450 187
1 247 193 12
1 376 293 307
1 396 338 493
1 437 9 1
2 179 366 230 476
1 104 367 494
1 334 237 434
2 481 85 489 268
2 331 367 427 484
2 263 24 487 328
2 286 389 450 427
2 363 204 407 401
2 386 163 489 298
1 333 456 306
2 435 226 463 487
2 340 331 402 426
1 78 84 413
1 412 61 3
1 25 13 421
1 422 225 149
2 223 9 327 330
1 402 158 15
2 214 346 368 487
2 108 76 273 249
2 23 142 405 203
2 232 40 311 213
2 241 294 361 457
1 209 371 20
2 25 166 269 254
1 459 337 271
1 242 474 217
2 420 119 445 234
2 182 247 186 491
1 381 291 341
2 338 81 376 294
2 369 36 438 246
2 14 453 29 462
2 0 432 239 444
2 366 428 419 473
1 357 166 133
2 196 205 211 360
2 417 399 436 418
1 343 18 276
2 270 217 303 344
1 479 420 193
1 325 368 261
1 447 460 55
2 402 355 474 471
1 82 490 388
2 364 174 490 480
2 327 399 429 408
1 33 22 426
2 70 489 389 493
2 489 335 494 459
1 26 276 277
1 396 83 204
2 287 404 422 427
2 37 213 402 376
1 476 383 360
1 385 40 335
2 350 492 388 492
2 298 117 309 445
2 273 211 390 381
2 253 9 302 297
1 286 219 137
2 488 6 490 419
1 292 21 269
1 211 337 356
2 491 336 495 431
2 286 441 435 459
1 317 36 127
2 384 41 406 225
1 18 147 456
2 214 488 260 493
2 223 263 268 368
2 303 432 455 477
2 219 43 398 133
1 78 47 32
2 326 148 493 429
2 72 467 156 473
2 288 131 372 411
1 487 207 151
2 70 238 218 303
1 468 276 127
2 99 284 335 366
2 113 251 356 272
2 222 49 282 461
2 144 456 421 478
2 433 417 447 421
2 122 294 358 440
1 408 427 436
2 493 261 494 424
2 241 115 491 481
1 71 261 14
2 299 150 318 211
2 494 250 495 352
2 36 210 151 470
2 457 190 466 197
1 172 220 17
1 356 70 204
2 122 484 165 495
1 308 287 22
2 491 437 491 493
1 282 436 25
2 366 26 397 297
2 488 7 488 286
1 204 112 160
2 467 173 477 310
1 13 456 398
2 473 127 495 223
2 74 258 368 262
2 389 131 448 367
2 288 371 441 433
1 280 77 6
2 213 10 286 39
1 207 53 469
2 420 42 494 324
2 463 398 467 470
2 364 36 365 138
2 83 41 296 236
1 425 12 104
2 71 200 132 255
1 94 36 468
1 472 81 225
1 291 459 419
1 349 245 65
2 283 230 477 312
2 329 430 389 491
1 319 325 316
2 410 326 411 344
2 233 226 442 233
2 341 37 391 143
2 186 296 324 411
2 253 468 415 492
2 233 203 474 427
2 461 371 484 468
2 244 438 285 453
1 24 151 77
2 186 387 416 391
1 380 231 477
2 126 384 354 485
1 259 157 232
2 467 415 477 482
2 6 386 305 411
1 252 146 426
1 340 155 290
2 99 33 329 272
1 475 293 54
1 74 247 312
2 293 219 484 378
2 483 302 486 345
2 404 468 413 482
2 413 155 491 328
1 154 194 434
2 146 306 324 404
1 218 467 492
1 245 349 308
2 275 348 419 381
1 224 477 197
2 115 355 386 494
2 245 232 443 265
2 328 122 437 341
2 406 243 431 393
1 143 416 146
2 162 34 356 478
2 165 185 171 372
2 17 144 480 180
1 471 141 126
1 30 450 467
2 225 202 452 483
2 128 6 471 94
1 429 183 91
2 112 447 318 449
1 108 388 493
1 386 229 94
2 228 422 234 460
1 198 359 311
2 127 431 297 437
2 320 362 472 392
2 468 168 483 388
1 318 19 368
1 109 125 300
1 270 48 399
2 312 368 357 486
1 467 101 370
1 451 27 418
2 293 414 416 443
2 400 397 471 421
2 151 302 371 466
2 160 403 213 409
2 312 447 379 485
2 16 382 460 442
2 245 316 419 487
2 245 255 463 448
1 158 339 44
2 311 331 485 401
2 235 266 464 445
2 464 462 495 472
2 255 61 379 90
2 226 372 400 474
2 117 22 292 29
1 415 335 41
1 229 152 182
2 328 353 446 456
1 301 18 490
1 19 263 264
2 328 125 334 172
2 263 79 266 157
2 364 66 390 412
1 214 315 343
2 50 189 195 227
2 16 467 319 479
1 4 296 407
2 358 290 388 368
1 304 437 305
1 281 221 172
2 204 476 438 483
1 150 285 279
2 141 461 290 495
2 320 307 481 465
1 202 357 101
2 366 348 394 489
2 156 414 419 464
2 368 444 407 489
2 478 3 481 443
1 14 400 120
2 440 217 455 230
2 69 221 285 308
2 314 304 401 482
1 174 421 341
2 164 397 413 468
2 5 422 427 445
2 349 16 446 210
2 93 329 179 437
2 451 126 466 387
1 377 63 275
1 360 369 492
1 53 290 126
2 486 291 492 347
1 163 12 255
2 459 204 490 220
2 446 163 488 408
1 308 424 480
1 236 330 356
1 204 134 175
2 103 118 126 461
2 208 424 324 485
1 470 243 154
1 310 319 388
2 263 146 486 340
1 31 331 82
2 171 173 362 347
1 463 347 346
2 479 358 485 474
2 435 52 448 261
2 402 40 449 120
1 29 416 307
1 312 237 252
1 368 1 259
1 287 308 248
2 85 340 396 352
2 132 207 335 289
1 491 86 473
1 213 458 332
2 440 235 469 254
2 230 72 470 227
2 401 299 459 459
2 232 393 261 488
2 179 406 189 412
1 423 119 229
2 183 436 445 470
2 494 146 495 340
2 95 370 209 414
1 128 155 285
2 347 313 369 469
2 132 288 435 301
2 191 148 428 475
2 6 57 187 234
2 298 215 414 452
1 359 266 388
1 285 349 474
2 47 221 95 456
1 51 190 106
2 179 313 342 486
2 431 333 449 416
1 207 39 125
2 204 214 219 457
2 104 240 402 386
2 176 64 289 328
2 297 277 376 291
2 429 4 441 422
1 9 391 494
2 468 131 479 375
2 152 159 209 184
2 437 206 464 295
1 163 1 206
2 243 361 322 428
2 325 162 381 301
2 206 240 348 461
1 390 495 266
2 213 108 218 311
2 355 129 390 259
2 132 218 368 239
2 90 248 492 470
2 405 280 438 412
1 17 361 448
2 308 477 369 490
2 163 229 349 283
1 29 116 18
1 294 10 367
2 8 39 155 446
2 39 401 477 435
1 246 274 104
2 181 480 400 485
2 123 129 264 340
2 337 196 475 445
2 137 280 474 451
1 446 44 295
2 173 199 217 304
2 154 270 346 297
2 467 51 468 336
1 55 157 298
2 309 317 456 493
1 29 370 106
2 30 259 434 418
2 154 307 355 387
1 159 51 154
1 482 10 271
2 344 367 419 472
2 344 348 462 484
2 2 490 324 491
2 163 136 410 330
2 494 308 495 428
2 345 63 464 390
1 439 193 206
2 483 24 491 33
2 65 37 163 251
2 41 176 190 470
1 420 64 301
2 39 439 194 444
2 304 78 405 123
1 194 88 374
1 442 123 227
1 0 93 16
1 268 32 404
2 365 280 466 423
2 229 204 363 205
2 389 275 445 279
1 376 402 64
1 331 244 34
2 103 423 191 437
2 429 426 481 468
2 242 18 472 203
2 321 97 489 158
1 167 419 39
1 382 439 451
1 129 393 51
2 74 85 482 366
2 257 326 396 424
2 483 157 492 465
2 209 70 430 278
1 290 174 344
1 349 201 26
1 42 40 113
2 103 250 142 302
1 14 386 118
1 124 14 473
2 58 39 309 137
2 296 298 322 401
1 101 391 245
1 132 232 484
2 194 489 259 491
1 353 291 203
2 20 163 459 274
2 104 119 396 123
2 158 337 227 474
2 126 356 167 403
1 317 408 316
2 20 182 451 299
2 47 453 446 480
2 219 274 261 369
1 68 66 255
2 481 149 491 209
2 183 476 250 481
2 135 102 155 239
1 257 121 202
2 276 468 352 485
2 491 39 494 74
1 83 199 184
2 251 337 299 363
2 193 136 281 166
2 282 105 433 107
2 91 43 369 360
2 165 383 456 384
1 193 444 424
2 211 191 234 201
1 473 322 382
2 272 126 303 320
1 147 231 443
1 207 233 337
2 319 60 417 86
1 478 49 79
1 477 112 364
1 4 442 335
1 91 81 430
1 48 420 389
2 411 162 490 467
2 124 435 329 447
2 491 456 491 466
1 48 194 341
1 292 457 67
2 35 285 143 485
2 126 3 381 288
2 312 457 337 495
1 386 300 308
2 464 196 476 293
2 67 76 168 130
2 413 345 418 404
1 469 244 41
2 276 437 379 446
2 113 55 189 476
1 445 341 356
2 422 424 489 465
2 320 280 322 351
2 189 472 252 484
2 292 440 396 448
2 151 488 249 492
1 20 34 155
2 416 224 417 434
2 366 341 460 460
2 113 257 316 405
1 31 83 43
2 284 178 470 306
2 141 51 403 118
2 235 128 287 402
1 108 43 94
1 424 442 280
2 80 443 138 454
2 414 69 447 428
2 41 302 217 356
2 62 346 208 355
2 23 76 357 456
2 97 3 443 361
1 180 303 438
2 93 332 249 399
2 221 289 270 340
1 340 212 210
2 466 30 482 87
1 250 184 454
2 17 470 28 472
1 152 440 61
2 269 167 444 451
2 273 322 329 475
2 242 147 384 421
2 275 448 345 454
2 124 228 420 474
2 205 270 481 282
1 314 265 488
1 317 166 381
1 61 263 267
1 62 282 109
1 222 267 44
2 149 169 277 446
2 441 61 449 136
2 223 335 425 354
1 82 382 350
2 159 433 384 447
1 126 167 223
2 178 86 258 397
2 116 149 142 223
1 46 192 396
2 355 312 423 383
1 253 163 112
2 448 288 453 299
2 37 80 212 271
1 58 128 450
1 304 473 417
2 219 289 435 367
1 467 365 306
2 493 273 494 398
2 65 177 404 290
1 84 198 467
2 323 110 409 341
2 291 281 431 343
2 50 72 308 165
1 384 68 363
2 122 10 418 392
2 139 28 273 270
1 94 463 2
1 68 186 174
2 6 290 101 434
1 151 68 114
2 388 435 468 463
2 88 159 470 312
2 485 163 491 459
1 272 390 499
1 11 184 228
1 373 72 352
1 355 440 83
1 225 99 490
2 230 297 345 426
2 42 395 453 472
2 488 471 495 475
2 305 240 415 348
2 428 86 428 475
1 19 166 450
2 404 7 433 361
2 458 189 491 260
2 470 15 474 216
2 433 344 449 346
2 118 236 470 274
2 410 375 461 383
2 274 220 388 306
2 78 38 472 393
2 338 426 386 488
1 92 104 96
2 116 435 244 456
1 244 56 248
1 38 165 194
2 297 94 297 395
2 15 405 368 491
2 253 366 454 463
1 435 135 238
1 393 345 91
2 387 237 435 415
1 431 361 12
2 84 136 419 418
1 395 450 113
2 380 254 386 328
1 37 36 111
2 287 140 456 395
1 286 150 62
2 196 261 241 293
2 115 197 417 284
2 301 304 305 447
2 123 219 480 389
2 478 139 481 467
2 132 440 230 440
2 122 146 412 252
2 216 168 313 338
1 320 369 82
2 113 311 384 389
1 494 460 96
2 225 79 416 277
2 301 250 372 409
1 374 225 323
2 299 219 441 406
2 446 353 468 362
2 157 75 414 406
1 468 160 113
1 197 402 374
2 443 275 490 460
2 103 328 269 413
2 1 247 370 296
2 220 222 495 462
2 480 183 495 404
2 480 288 489 381
2 69 39 95 427
2 407 299 436 481
2 10 218 240 331
2 419 306 443 389
1 389 4 470
2 16 479 163 485
2 462 247 489 339
2 159 309 303 449
1 154 87 267
1 318 313 244
1 469 260 231
2 391 452 419 474
2 100 201 126 223
2 145 471 370 479
1 250 124 360
2 325 80 388 382
2 285 122 407 333
2 367 284 405 422
1 99 99 201
2 133 95 360 136
1 158 241 331
2 120 468 478 487
1 369 431 37
1 449 243 482
2 450 261 460 487
2 353 101 358 317
1 24 404 391
2 23 49 301 400
2 299 220 338 486
2 389 343 470 363
2 369 83 414 404
2 179 386 471 448
1 445 318 454
2 11 191 104 463
2 324 434 376 455
1 188 292 71
1 311 15 440
1 455 396 128
2 225 123 395 183
1 425 288 38
1 150 95 5
1 351 189 355
1 247 300 120
2 10 476 379 494
2 429 257 441 290
2 229 48 463 88
2 134 223 343 486
2 302 286 476 295
2 111 94 493 465
2 154 167 401 308
2 7 299 332 308
1 181 276 317
2 483 222 488 293
2 451 103 486 420
2 41 204 428 383
1 27 23 297
1 205 264 70
2 171 351 260 373
2 345 408 414 479
2 327 111 332 193
2 18 135 439 216
2 469 3 474 237
2 71 388 418 416
2 306 71 313 407
2 407 391 428 481
2 41 287 438 442
2 306 495 441 495
2 15 201 482 274
2 10 153 357 453
1 484 332 188
1 147 382 72
2 94 139 482 230
1 108 80 6
1 107 397 331
1 247 23 451
1 409 103 349
2 80 159 322 412
2 69 336 123 482
2 123 20 258 201
1 71 134 333
2 258 349 489 435
2 194 357 353 479
2 281 474 359 485
2 78 248 463 266
2 445 294 469 419
2 389 377 406 399
1 236 185 431
2 120 322 289 372
2 379 490 416 495
2 170 248 483 287
2 308 298 408 309
2 75 41 407 79
1 208 146 61
2 193 140 328 164
2 310 14 368 22
1 393 189 252
1 50 71 155
1 189 126 470
2 403 16 481 182
1 74 412 465
2 426 9 456 24
1 30 61 412
2 146 377 272 394
1 448 99 27
1 12 393 13
2 73 431 376 466
2 229 280 282 402
2 78 84 150 388
2 368 445 378 454
1 7 291 83
1 389 223 117
2 75 172 331 414
1 147 252 62
1 377 305 78
1 68 307 366
2 97 78 420 347
2 410 273 412 360
2 406 237 466 426
1 190 445 231
2 339 164 349 432
2 236 460 414 474
2 315 456 374 462
2 44 103 188 144
1 396 268 223
1 22 28 296
2 274 349 313 396
2 207 308 259 357
2 364 436 393 486
2 301 393 471 480
1 484 274 406
1 241 284 4
1 195 302 126
2 222 164 470 330
2 23 260 96 301
1 259 486 410
2 318 272 468 404
2 175 393 273 481
2 407 297 421 305
1 21 116 14
2 438 65 469 215
2 52 285 227 493
1 184 366 0
2 22 150 417 469
2 476 417 491 433
1 76 2 32
1 238 402 175
1 290 27 172
2 488 241 495 333
1 164 25 447
1 135 298 290
2 185 172 241 215
2 327 118 364 127
2 163 273 266 399
2 223 129 483 430
2 380 397 469 452
2 197 210 392 292
2 91 239 413 483
1 232 438 313
1 7 459 457
1 51 355 222
1 346 150 395
1 469 269 355
2 143 117 144 275
2 45 50 490 231
2 398 192 417 440
1 97 33 32
2 470 370 481 412
2 293 182 328 332
1 177 97 456
2 376 118 412 307
2 198 281 252 429
2 403 442 430 465
2 265 38 384 329
2 22 390 455 415
2 351 395 483 421
2 71 288 305 424
2 297 341 316 406
2 462 412 485 457
2 73 362 130 437
2 74 19 341 340
2 448 459 479 464
2 12 385 452 442
1 429 280 421
1 409 426 240
2 205 355 355 492
1 150 448 7
2 447 138 492 230
2 302 293 305 381
2 198 115 419 301
1 431 194 436
2 431 8 433 246
2 479 378 495 391
2 97 270 209 342
2 149 48 356 134
2 408 172 458 491
1 44 39 20
2 69 104 261 391
2 246 28 279 40
1 118 46 60
2 341 398 452 425
2 409 422 495 464
2 326 443 378 462
2 62 346 282 358
1 197 421 396
2 113 427 329 467
1 368 239 374
2 244 190 370 467
2 401 93 445 375
2 262 272 485 283
2 124 301 253 429
2 196 387 255 443
2 445 300 481 405
2 288 57 457 252
1 340 416 86
1 444 147 107
2 478 292 492 488
1 299 491 91
1 253 253 71
2 261 7 307 339
1 62 250 305
2 199 242 274 442
2 211 234 216 409
2 232 31 424 260
2 302 282 431 318
1 425 33 119
2 137 208 277 415
2 165 387 329 420
2 278 409 433 482
1 27 55 232
2 478 329 479 494
2 147 346 271 376
1 443 17 449
2 485 388 488 464
1 307 314 341
2 35 94 216 386
1 366 242 283
2 64 488 263 491
1 211 74 477
2 90 239 131 247
2 334 251 381 471
2 273 247 440 394
2 162 233 206 425
2 241 402 297 451
2 81 174 328 432
1 306 401 449
2 55 408 63 468
2 65 322 426 341
2 185 286 470 464
2 456 37 470 184
2 296 412 316 486
2 169 73 442 295
1 70 464 267
2 382 319 427 445
1 211 356 203
1 329 128 273
1 68 390 376
2 343 231 422 233
1 278 208 90
1 89 51 290
2 404 64 405 104
1 420 226 5
2 359 412 421 473
1 493 495 241
1 360 394 361
1 446 322 275
2 177 170 468 415
2 79 318 479 413
2 251 194 429 357
2 333 217 484 328
2 447 430 455 449
2 245 300 308 312
1 323 26 229
2 428 426 466 440
2 100 96 456 396
1 422 372 323
2 475 378 481 494
1 249 451 268
1 285 365 98
2 485 266 490 397
2 492 208 495 211
2 204 103 292 343
2 43 229 456 415
2 238 371 296 378
1 164 215 226
1 68 457 247
2 58 58 319 186
1 477 178 457
2 454 20 474 40
2 40 321 121 464
2 255 310 419 347
2 471 347 472 380
2 157 167 361 459
2 343 475 347 489
2 363 22 435 433
1 415 17 74
1 281 402 305
2 421 127 435 427
2 240 466 439 490
1 322 28 56
2 302 116 377 357
1 320 237 342
2 470 452 484 475
2 361 34 490 113
1 391 493 459
2 316 125 399 431
1 192 0 438
1 341 276 88
1 493 109 250
1 474 155 123
2 230 444 350 445
1 166 55 449
1 249 166 141
2 70 21 422 459
1 409 434 342
2 19 450 352 469
2 426 350 465 459
2 208 303 472 353
1 59 161 56
2 305 158 472 284
2 463 319 490 372
2 390 206 451 310
2 162 296 384 347
1 480 159 21
2 334 99 364 197
2 426 116 469 159
1 177 250 127
2 419 317 433 477
2 425 440 454 469
2 121 446 441 450
2 302 236 457 363
2 237 229 376 350
2 487 92 488 407
2 237 100 376 412
1 263 304 281
2 486 247 490 406
1 373 70 165
2 366 407 453 465
2 421 281 467 471
1 328 484 126
2 333 84 360 116
2 207 51 402 221
2 473 382 480 442
1 48 406 336
2 35 61 118 340
2 84 85 434 492
1 203 174 392
2 252 202 321 334
2 473 259 483 289
2 285 284 319 476
2 418 95 436 373
1 419 321 255
2 455 204 462 490
2 222 263 484 453
1 311 32 314
2 425 356 440 425
2 312 318 446 408
2 198 484 263 486
2 371 483 481 485
2 320 334 382 443
2 419 21 443 491
2 278 61 377 247
2 224 480 447 483
1 261 386 84
2 35 447 195 461
2 395 30 475 398
1 476 361 35
2 160 384 486 427
2 28 193 260 231
2 252 339 346 434
1 98 338 354
1 426 212 0
2 105 17 261 132
1 424 296 316
1 18 268 13
1 341 419 289
2 60 24 259 136
2 165 393 387 482
2 72 76 117 116
1 381 431 399
2 42 94 170 157
2 436 65 479 390
2 5 481 402 487
2 207 163 417 465
2 299 290 338 309
2 411 105 492 253
2 310 103 329 262
2 277 383 495 457
2 459 125 489 170
1 487 331 80
2 410 205 420 385
1 114 404 440
2 377 32 425 170
1 30 251 116
2 424 130 458 451
2 8 73 134 437
2 68 190 464 368
2 124 423 173 461
1 409 478 36
2 183 189 255 322
2 473 401 478 406
1 418 459 144
1 323 355 49
2 95 149 142 161
1 368 442 131
2 23 221 489 475
2 214 222 226 233
1 214 425 74
2 150 270 162 380
2 9 177 58 182
1 326 288 495
2 492 319 494 473
2 352 12 469 51
1 144 201 203
1 397 88 432
2 222 110 266 332
1 454 224 59
2 376 272 489 283
2 37 264 361 444
1 169 209 488
2 375 151 392 270
2 55 396 280 443
1 412 368 344
1 462 301 396
2 378 37 393 174
2 130 85 254 434
1 385 326 179
2 346 401 494 493
1 454 114 491
2 386 395 420 402
2 2 444 475 487
1 155 384 396
1 96 131 60
2 482 75 492 84
1 246 308 417
2 269 223 286 407
2 480 273 487 402
2 101 360 311 492
2 168 456 373 477
3
