80
23 6 11 5 9 6 91 56 12 7 95 4 7 10 4 4 170 9065 5 5 8882 5 1294 6 4652 7 12 4505 5 10 81 1770 8 30 14 8 14 6 4 48 10 8 1086 11 5 8 46 12 8923 9609 1499 11 11 7640 8 12 5 79 11 90 10 69 41 7 35 73 10 10 68 32 97 12 72 63 76 9 11 4 6669 6
8 26 0
13 26 0
14 26 0
11 26 0
32 26 0
41 26 0
19 26 0
31 26 21
43 26 0
28 26 0
29 26 0
35 26 0
18 26 0
9 26 0
2 26 0
37 26 0
23 26 0
45 26 0
25 26 0
15 26 0
44 26 0
12 26 0
17 26 28
38 26 0
1 26 0
3 26 0
70 71 67
8 5 0
13 5 0
11 5 0
32 5 0
41 5 0
19 5 0
43 5 0
29 5 0
35 5 0
18 5 0
9 5 0
40 5 0
37 5 0
23 5 0
45 5 0
25 5 0
15 5 0
4 5 0
12 5 0
38 5 0
21 5 0
1 5 0
6 5 23
3 5 0
8 8 0
13 8 0
11 8 0
41 8 0
19 8 0
28 8 0
29 8 0
35 8 0
18 8 0
9 8 0
2 8 0
37 8 0
23 8 0
45 8 0
25 8 0
15 8 0
44 8 0
12 8 0
38 8 0
21 8 0
39 8 63
1 8 0
3 8 0
13 13 0
14 13 0
41 13 0
19 13 0
31 13 0
28 13 0
29 13 0
35 13 0
18 13 0
9 13 0
10 13 43
2 13 0
40 13 0
37 13 0
23 13 0
45 13 0
44 13 0
4 13 0
77 13 13
12 13 0
38 13 0
21 13 0
1 13 0
3 13 0
0 0 25
10 0 23
58 0 32
33 0 50
18 74 25
24 74 23
55 74 38
61 74 69
62 74 65
11 14 0
32 14 0
41 14 0
19 14 0
43 14 0
28 14 0
29 14 0
35 14 0
18 14 0
9 14 0
2 14 0
40 14 0
36 14 25
37 14 0
61 14 50
48 14 33
25 14 0
15 14 0
44 14 0
4 14 0
12 14 0
1 14 0
3 14 0
11 11 0
32 11 0
65 11 61
41 11 0
30 11 76
19 11 0
43 11 0
28 11 0
29 11 0
35 11 0
9 11 0
2 11 0
47 11 37
40 11 0
37 11 0
59 11 20
23 11 0
45 11 0
63 11 14
25 11 0
44 11 0
4 11 0
12 11 0
38 11 0
21 11 0
1 11 29
3 11 0
57 32 31
41 32 0
19 32 0
43 32 0
28 32 0
35 32 0
18 32 0
16 32 25
9 32 0
40 32 0
23 32 0
15 32 0
44 32 0
4 32 0
12 32 0
38 32 0
21 32 0
1 32 0
3 32 0
41 42 14
40 42 32
20 42 77
24 42 44
59 42 53
25 42 23
12 42 13
64 42 43
35 57 21
20 57 11
67 57 3
6 57 54
67 65 51
6 65 76
3 65 5
61 34 60
19 41 0
43 41 0
28 41 0
29 41 0
35 41 0
18 41 0
9 41 0
2 41 0
47 41 0
40 41 0
37 41 0
23 41 0
25 41 0
15 41 0
44 41 0
4 41 0
12 41 0
38 41 0
21 41 0
1 41 0
3 41 0
9 30 12
43 19 0
28 19 0
29 19 0
35 19 0
18 19 0
9 19 0
2 19 0
40 19 0
37 19 0
56 19 35
23 19 0
45 19 0
25 19 0
15 19 0
44 19 0
4 19 0
12 19 0
38 19 0
51 19 23
1 19 0
3 19 0
28 43 0
29 43 0
35 43 0
2 43 0
40 43 0
37 43 0
27 43 3
23 43 0
45 43 0
48 43 52
25 43 0
44 43 0
4 43 0
12 43 0
38 43 0
21 43 0
1 43 0
3 43 0
28 28 0
29 28 0
35 28 0
18 28 0
2 28 0
40 28 0
37 28 0
59 28 52
23 28 0
45 28 0
55 28 43
25 28 0
15 28 0
44 28 0
4 28 0
12 28 0
38 28 0
1 28 0
3 28 0
29 29 0
18 29 0
9 29 0
2 29 0
40 29 0
37 29 0
45 29 0
25 29 0
15 29 0
44 29 0
4 29 0
12 29 0
38 29 0
21 29 0
1 29 0
3 29 0
35 35 0
18 35 0
9 35 0
40 35 0
37 35 0
56 35 11
45 35 0
25 35 0
15 35 0
44 35 0
4 35 0
12 35 0
17 35 31
38 35 0
21 35 0
1 35 0
3 35 0
9 18 0
2 18 0
40 18 0
37 18 0
23 18 0
45 18 0
25 18 0
15 18 0
44 18 0
4 18 0
12 18 0
21 18 0
1 18 0
3 18 0
10 16 19
10 79 25
50 79 66
78 79 15
55 79 60
9 9 0
2 9 0
68 9 26
23 9 0
53 9 53
45 9 0
25 9 0
15 9 0
44 9 0
4 9 0
12 9 0
38 9 0
21 9 0
1 9 0
3 9 0
40 10 37
49 10 79
53 10 7
2 58 79
24 58 77
45 58 77
44 58 25
40 2 0
37 2 0
70 2 51
23 2 0
45 2 0
25 2 0
69 2 44
44 2 0
4 2 0
12 2 0
38 2 0
21 2 0
1 2 0
3 2 0
24 47 6
15 47 12
40 40 0
37 40 40
23 40 0
45 40 0
25 40 0
15 40 0
44 40 0
12 40 0
21 40 0
3 40 0
46 20 74
55 20 5
21 20 71
78 50 12
15 50 9
70 36 2
68 36 73
63 36 55
77 36 51
17 73 68
24 24 12
17 24 38
7 24 52
55 49 6
17 49 25
66 49 53
37 37 0
23 37 0
45 37 0
25 37 0
15 37 0
44 37 0
4 37 0
12 37 0
38 37 0
21 37 0
1 37 0
3 37 0
23 59 12
75 59 17
17 70 18
75 70 74
64 60 3
54 27 8
1 27 21
46 72 38
15 72 0
38 72 76
21 78 14
23 23 0
45 23 0
25 23 0
15 23 0
44 23 0
4 23 0
12 23 0
38 23 0
21 23 0
1 23 0
3 23 0
25 53 53
45 45 0
25 45 0
15 45 0
12 45 0
21 45 0
1 45 0
6 55 76
39 61 45
54 48 44
38 48 37
1 48 11
69 63 58
51 62 41
25 25 0
15 25 0
44 25 0
4 25 0
12 25 0
66 25 35
1 25 0
3 25 0
21 54 44
15 15 0
44 15 0
4 15 0
12 15 0
21 15 0
1 15 0
3 15 0
44 67 13
4 44 0
12 44 0
38 44 0
21 44 0
1 44 0
3 44 0
12 4 0
38 4 0
21 4 0
1 4 0
3 4 0
12 12 0
38 12 0
21 12 0
1 12 0
3 12 0
21 38 0
1 38 0
3 38 0
39 7 38
1 21 0
3 21 0
79 75 0
6 39 51
1 1 0
6 1 13
3 1 0
