50
370 5 8 21 15 79 10 9 10 12 11 7 14 18 7 13 12 9 11 12 7 5 8 6 6 39 8 15 5 10 4 7 5 12 12 1725 15 16 5 8 17 5 12 2429 21 17 11 6 12 7
29 37 20
15 37 21
27 37 42
9 37 31
32 37 10
22 10 27
25 10 10
5 10 10
12 10 22
8 10 8
15 10 39
24 10 44
6 10 6
7 10 7
4 10 4
3 10 3
19 10 19
22 22 0
25 22 22
5 22 22
12 22 12
23 22 17
8 22 8
15 22 15
26 22 40
6 22 22
9 22 32
7 22 27
13 22 22
4 22 22
3 22 3
19 22 19
42 43 10
26 43 7
46 41 34
13 41 16
38 41 39
2 2 3
25 2 49
16 2 46
14 2 46
23 2 46
8 2 30
1 2 46
28 2 37
24 2 46
21 2 8
17 2 46
9 2 44
18 2 46
11 2 44
20 2 46
39 25 36
12 25 12
23 25 3
8 25 8
15 25 15
1 25 26
42 25 3
6 25 6
7 25 7
46 25 48
13 25 13
4 25 13
3 25 3
19 25 19
12 5 12
8 5 8
15 5 19
6 5 6
33 5 10
7 5 7
13 5 37
4 5 4
3 5 3
19 5 19
20 5 24
7 29 12
4 29 6
19 29 19
16 16 46
39 16 18
40 16 9
14 16 46
23 16 46
1 16 46
24 16 44
21 16 46
17 16 44
9 16 46
18 16 46
11 16 46
20 16 44
14 39 7
28 39 32
24 39 40
34 39 32
38 39 8
12 12 0
8 12 45
15 12 15
44 12 14
6 12 12
7 12 22
13 12 12
4 12 12
3 12 3
19 12 19
28 40 36
32 40 33
14 14 46
47 14 46
23 14 46
1 14 46
42 14 46
24 14 46
21 14 46
34 14 17
17 14 46
9 14 44
18 14 46
11 14 46
20 14 44
23 48 13
6 48 38
49 48 13
31 48 24
0 0 16
32 0 27
42 47 22
6 47 11
46 47 42
23 23 46
1 23 44
28 23 45
24 23 44
21 23 46
17 23 44
9 23 46
18 23 46
11 23 46
19 23 38
20 23 46
8 8 0
15 8 8
44 8 30
6 8 8
7 8 8
13 8 8
4 8 45
3 8 8
19 8 8
42 15 9
21 15 36
6 15 15
33 15 38
7 15 15
13 15 15
4 15 15
3 15 3
19 15 0
28 35 36
11 35 41
29 30 3
42 30 8
20 30 27
1 1 46
24 1 44
21 1 46
17 1 46
6 1 22
9 1 46
18 1 46
11 1 46
20 1 46
12 27 0
24 27 29
34 27 41
11 27 37
34 44 40
17 42 34
13 42 30
32 42 48
21 28 28
11 28 1
31 28 40
21 36 10
24 24 44
21 24 46
17 24 46
9 24 46
49 24 44
18 24 46
11 24 46
4 24 40
20 24 46
21 21 46
17 21 46
9 21 46
18 21 46
11 21 46
20 21 46
2 26 6
21 26 36
38 26 2
31 26 13
19 26 27
32 26 12
21 34 10
33 34 11
7 34 48
46 34 16
11 34 9
17 17 46
9 17 46
18 17 46
11 17 46
20 17 44
6 6 0
7 6 6
18 6 48
13 6 6
4 6 7
3 6 42
19 6 19
13 33 45
9 9 46
18 9 8
11 9 46
31 9 42
20 9 8
41 49 37
9 49 40
19 49 21
20 49 42
7 7 0
18 7 12
13 7 7
4 7 0
3 7 3
31 7 30
19 7 19
32 7 30
28 18 19
18 18 46
11 18 46
20 18 44
4 13 4
3 13 3
45 13 26
19 13 19
11 11 15
20 11 46
4 4 0
3 4 3
19 4 39
29 38 7
20 38 11
19 3 3
19 19 0
34 20 27
20 20 46
23 32 39
