1600
340993156
40106889
702197001
367412224
247212729
131721529
861833449
726895521
598438369
32535616
792084736
541958400
283114276
99201600
240100
8964036
142587481
23290276
29539225
1049112100
213247609
15217801
23104
84681
153289161
303456400
350251225
388760089
395771236
29658916
471975625
218152900
133102369
3489424
396447921
658743556
691584804
290157156
97871449
823804804
566916100
981005041
920030224
312299584
21743569
229219600
59444100
798175504
47155689
652598116
764135449
1066740921
1072955536
401441296
165328164
76073284
94867600
757790784
603729
151659225
9205156
492351721
3389281
82369
906311025
81703521
79941481
371063169
512886609
753228025
566630416
252460321
45265984
593848161
235591801
225150025
967210000
594969664
12581209
385258384
159314884
579990889
398122209
351750025
140161921
24651225
54390625
194044900
692058249
287065249
1052223844
606390625
128187684
30647296
463842369
259757689
4330561
525693184
273571600
23348224
968080996
21511044
879537649
515426209
98585041
195328576
5313025
1003115584
501088225
25200400
826217536
724847929
363703041
39300361
33965584
716954176
242487184
25969216
272613121
575280225
176597521
83905600
347263225
499701316
613354756
559511716
242518329
16240900
145226601
747967801
1320201
286963600
471888729
195021225
11758041
967583236
911436100
324216036
128504896
238887936
150945796
770173504
107785924
223323136
79352464
1037355264
95199049
586608400
345476569
41229241
622253025
756525025
169754841
269353744
850713889
808201
1062108100
351975121
2735716
303073281
40424164
763030129
421727296
464273209
42016324
761428836
16321600
12967201
592873801
105884100
950797225
87853129
121418361
21114025
576960400
747858409
538147204
386790889
599417289
68558400
22401289
2704
3992004
697857889
780475969
47596201
14341369
328551876
217156
13890529
221771664
607474609
505440324
317053636
5856400
204747481
43771456
520387344
90497169
0
