34 0
0 0 0 100 100 0
1 1 1 98 98 1
2 2 2 96 96 2
3 3 3 94 94 3
4 4 4 92 92 4
5 5 5 90 90 5
6 6 6 88 88 6
7 7 7 86 86 7
8 8 8 84 84 8
9 9 9 82 82 9
10 10 10 80 80 10
11 11 11 78 78 11
12 12 12 76 76 12
13 13 13 74 74 13
14 14 14 72 72 14
15 15 15 70 70 15
16 16 16 68 68 16
17 17 17 66 66 17
18 18 18 64 64 18
19 19 19 62 62 19
20 20 20 60 60 20
21 21 21 58 58 21
22 22 22 56 56 22
23 23 23 54 54 23
24 24 24 52 52 24
25 25 25 50 50 25
26 26 26 48 48 26
27 27 27 46 46 27
28 28 28 44 44 28
29 29 29 42 42 29
30 30 30 40 40 30
31 31 31 38 38 31
32 32 32 36 36 32
33 33 33 34 34 33