50 49
0 0 100 0 50 100
1 1 99 1 50 99
2 2 98 2 50 98
3 3 97 3 50 97
4 4 96 4 50 96
5 5 95 5 50 95
6 6 94 6 50 94
7 7 93 7 50 93
8 8 92 8 50 92
9 9 91 9 50 91
10 10 90 10 50 90
11 11 89 11 50 89
12 12 88 12 50 88
13 13 87 13 50 87
14 14 86 14 50 86
15 15 85 15 50 85
16 16 84 16 50 84
17 17 83 17 50 83
18 18 82 18 50 82
19 19 81 19 50 81
20 20 80 20 50 80
21 21 79 21 50 79
22 22 78 22 50 78
23 23 77 23 50 77
24 24 76 24 50 76
25 25 75 25 50 75
26 26 74 26 50 74
27 27 73 27 50 73
28 28 72 28 50 72
29 29 71 29 50 71
30 30 70 30 50 70
31 31 69 31 50 69
32 32 68 32 50 68
33 33 67 33 50 67
34 34 66 34 50 66
35 35 65 35 50 65
36 36 64 36 50 64
37 37 63 37 50 63
38 38 62 38 50 62
39 39 61 39 50 61
40 40 60 40 50 60
41 41 59 41 50 59
42 42 58 42 50 58
43 43 57 43 50 57
44 44 56 44 50 56
45 45 55 45 50 55
46 46 54 46 50 54
47 47 53 47 50 53
48 48 52 48 50 52
49 49 51 49 50 51