200
13
16
19
13
16
30
30
1
3
10
11
16
26
14
8
18
13
17
8
13
16
25
27
1
7
20
38
37
19
18
35
27
4
15
5
33
33
18
5
5
33
11
21
26
22
19
25
28
23
30
1
9
2
22
31
24
9
33
8
28
23
5
13
26
2
22
28
12
19
7
35
6
27
15
40
10
10
12
10
7
35
29
22
40
4
34
4
23
1
13
7
9
34
24
37
34
38
27
11
20
2
20
18
3
25
18
34
25
1
18
31
6
14
7
7
37
25
23
3
12
8
10
7
6
23
22
35
24
28
27
8
39
35
19
1
29
35
30
27
26
5
17
4
28
23
39
38
24
18
8
29
17
25
31
5
24
2
33
10
30
33
22
25
13
21
36
21
12
17
14
6
37
29
22
16
28
15
4
37
9
2
23
10
26
33
13
2
14
7
1
6
11
27
22
11
14
16
19
1
2
