328902008
1055810196
1580271977
1890515652
1489475935
1311864242
339374062
858916518
1337106372
567258228
1359532253
1483416781
555020744
738353403
1665318750
1864342413
470988331
958099692
160831161
211289740
78269497
364219396
42389912
1755630851
671901419
22357338
1014717996
117283616
821765641
1640922239
1861878534
962481216
1023094759
128701376
640722288
952103644
19951845
1786306820
1740195904
88878665
19644375
291188879
1601416520
983022687
1813123985
5778963
1786746716
1076041848
244879529
264744795
