668707919
1012207343
1942213722
732852677
976431693
551490701
2133700853
437051399
431044012
396365280
1388768840
604677952
646983765
107082374
1231923196
534289268
189220169
1342346009
167594664
1464160269
1569850617
1826391100
2082829732
1320736716
1531746578
1489757627
1222586976
592237315
1320989421
581068906
300918973
1991483552
900078008
1313539554
1738798107
512466118
435496853
1914454763
1661220284
1571703232
949962903
1812605695
1522111274
1717173924
1810397697
1533243923
175788447
321270384
705351252
519518950
