362670304
876342830
954686205
762075228
1227057928
1802196821
922634913
63696822
63340232
317396832
1822875170
1250666778
2038902705
972623960
93357584
556076735
2040227862
1308383047
2101430525
1454655316
409661452
2015185131
473220108
810660504
1812299514
1862529425
706784360
771140993
975077322
625427126
1569748976
2100895883
1206102840
1793809163
2030977675
1260092728
1214994897
46955518
1468622909
1351951124
707873969
1018313963
1277685635
2012277101
1921982555
2077457876
1257238747
1515199162
183709303
806562557
