851862024
1050504276
1931373380
619165785
1183918298
810866285
171683167
2144582042
1758864218
1001694931
936565867
51772546
1649680372
1339099550
1536103358
1725065825
1905937449
4214654
1987357466
417361867
440141683
1782983320
396915609
1970692339
1868136390
1412915387
1742144298
954128877
1107779995
1897052933
2115154155
1385012255
833692821
591355138
880692311
242853805
2043765180
975018479
1184595953
2095316867
224956388
711740045
630978460
123703946
1854457970
2027348488
1827383561
1888278
557642009
819293490
