1440742383
1241039116
1589382208
1889437831
504333010
2080241115
1352532854
175849605
1800078342
625575877
843172726
220732314
1072398068
1972765695
1906229236
1503532796
598092781
1846727668
230845322
626879795
2084214320
1302836945
1606109645
1781989430
1056748203
608238244
610534294
707307693
903181412
1027871649
1440719817
919184380
1971173627
2229257
1661052661
39587099
30439257
1813929717
593530748
1064685724
1956943034
1510088497
237271216
845179874
1359670250
1678662906
128049380
355506194
479648664
1171375269
