1073130037
1101747890
2107096612
262166472
1770266658
1647755925
1577007709
283694545
686286814
1630191896
932596209
1223747311
1689565347
499705218
1444583067
739061537
1777514604
1402808399
474948858
1349997527
964910552
1999693161
463004706
504605253
299884586
1966842342
165806091
855704058
420017953
2022564193
1641798739
1033940519
19529991
1701570448
38762877
1403840203
1507342908
1591752680
56490772
810936800
432658478
502377930
872833339
1422441879
896335943
865936208
1284262383
1058952038
1644019230
867554642
