863098632
863098632
863098632
863098632
863098632
863098632
863098632
863098632
863098632
863098632
863098632
863098632
863098632
863098632
863098632
863098632
863098632
863098632
863098632
863098632
863098632
863098632
863098632
863098632
863098632
863098632
863098632
863098632
863098632
863098632
863098632
863098632
863098632
863098632
863098632
863098632
863098632
863098632
863098632
863098632
863098632
863098632
863098632
863098632
863098632
863098632
863098632
863098632
863098632
863098632
