1392366966
738875920
314107400
1817631183
430883506
1545026408
1786161150
60466868
1405500317
138630216
1512813722
613705263
15141125
1186633727
1493480868
1916797142
1510337542
1630879383
969601156
470791139
1737219969
12700874
614645398
1006344135
192653305
1571964587
708793273
88119728
166166989
461239367
2146109067
641118768
1897332899
65037963
93925507
928643985
1410309120
1795022624
2105174327
1773409780
1620162065
774798211
243009575
121163101
2034841723
1976708249
1960299735
123703094
152209432
1668135809
