50
1 1336 1688 1379 2133 2074 807 2017 1926 1136 11 2484 13 1573 1195 16 2024 2263 679 1017 21 186 23 1347 2058 1583 667 1586 2431 1624 523 1473 2331 1939 1109 1293 2490 856 989 2100 385 84 43 44 877 2125 1209 1244 1795 401 
1372 1350 1283 428 1385 2359 1505 1405 2390 1884 390 322 1234 64 921 66 1905 2477 1164 70 2212 1130 2135 1043 534 285 435 78 1854 731 1951 1552 1996 1332 85 1492 1175 991 89 575 1973 2295 487 2191 663 214 82 1730 1082 1306 
589 1800 1429 2493 95 984 1442 1189 2261 357 111 904 1094 814 842 116 389 1632 119 120 2275 2313 2045 164 125 56 2154 685 337 20 131 132 1485 762 1589 1651 162 899 408 445 1482 1489 143 1049 145 1625 1805 264 1774 485 
1218 2293 706 1612 2320 1215 1166 1755 2175 1140 37 808 1154 1618 2317 538 167 2465 2368 1533 1403 226 1275 1602 1011 1893 2450 1236 1428 621 181 732 329 864 1383 1574 1232 643 1569 1430 2184 1920 1853 302 1328 1942 197 561 199 360 
1980 1611 217 263 140 206 787 1831 1746 1184 2336 2056 348 1042 1953 1116 1970 2366 458 2104 1910 1512 223 725 1575 489 73 1302 450 230 231 232 681 1469 235 236 871 330 239 440 464 1491 243 2026 631 1028 1934 248 1269 476 
1436 2210 751 51 1903 1364 257 423 259 1091 449 1529 1842 604 1580 841 267 2116 269 1523 271 537 1868 1922 323 276 443 1663 1202 1537 2041 666 1439 958 2491 1142 1666 505 1658 1255 1396 2448 545 2153 835 736 297 2468 2328 1674 
698 1525 811 304 901 1246 1974 1483 149 674 702 2421 2250 314 238 1496 437 890 1571 564 2425 1102 1230 324 1977 2114 327 328 296 845 470 293 605 1065 335 998 129 696 339 2409 1572 273 1560 1006 2256 1836 764 1994 570 1509 
160 993 1654 2110 1697 2397 2451 1585 1948 261 1882 307 758 2150 2107 1626 432 1780 895 2398 1419 372 417 1946 227 376 2117 157 2165 683 544 354 1413 1311 1088 955 387 388 1285 2427 391 2483 1058 999 1827 1557 414 628 75 400 
1474 14 2495 1150 1608 1369 2061 1247 114 300 1556 412 413 1999 2391 2277 1966 418 456 420 709 1991 1301 790 1410 201 773 2018 1060 430 2434 1314 933 2324 1459 1352 1452 317 439 582 775 1445 1213 1333 253 714 638 1670 1191 2373 
1243 2106 345 908 2278 1422 438 2380 459 460 1475 496 1265 1303 155 343 467 849 745 441 396 2181 473 1604 2219 63 477 1987 2253 658 67 315 553 484 290 486 1791 1052 937 1127 1055 1444 493 1553 495 204 2272 1524 2020 962 
606 1280 2129 1464 562 2143 1470 107 1023 1607 583 2352 581 552 2296 185 1810 1020 2446 520 1057 676 2003 2006 255 949 1885 1520 700 2362 488 1207 2034 333 728 1382 2474 2473 501 2299 158 503 319 1107 93 228 964 2257 881 796 
971 1603 2284 593 555 2005 1263 1206 1307 98 60 648 976 1211 1693 2402 813 1764 247 1943 1886 2068 1224 574 831 2273 577 788 819 805 576 920 2220 1944 375 726 1282 2329 554 1770 2404 32 1913 2310 1357 781 2161 598 1235 1507 
528 1029 1821 848 1878 1281 607 1787 609 1073 352 2399 1152 1955 433 2381 1296 2349 1591 620 8 1873 2230 1079 1803 626 1458 455 1253 2282 532 1751 1449 2111 804 636 1694 1671 550 2234 641 642 1896 2460 960 647 1952 916 2097 1722 
1271 292 889 266 1531 1420 767 1320 2096 2038 661 2318 634 1784 2176 1258 444 1484 669 670 373 1034 673 540 1092 144 218 1101 760 915 2416 237 277 684 2424 212 687 1402 654 2189 173 703 506 1331 695 880 1668 1902 699 1544 
2023 826 1684 346 887 1105 778 708 150 1783 938 712 1825 716 715 2360 299 515 617 325 1576 475 1826 1914 832 1194 727 535 729 175 80 312 1163 919 735 1644 1809 828 592 1441 1472 1935 1171 744 983 1270 2201 195 1649 750 
1009 466 380 692 405 756 1443 1534 1938 1139 1026 1466 1361 594 1763 283 2148 1819 1778 770 19 2028 1276 3 1664 1876 777 761 2132 1513 2252 1965 1086 1358 1264 2196 1817 693 1972 424 1172 1277 1037 755 1353 190 213 1349 1490 409 
2019 802 717 103 1867 1250 7 1122 1093 2408 824 812 718 1375 2426 815 1761 818 847 1856 1782 822 1433 1725 823 861 827 1450 573 1316 1786 1550 374 691 623 2440 837 838 123 1081 970 25 2174 1266 1415 1299 1613 662 1838 394 
851 1123 860 1915 855 1217 1998 858 690 342 1581 1570 1958 2423 763 675 1438 557 1393 1511 833 872 1796 1087 1300 876 1003 878 611 1549 549 1642 1639 774 1368 83 174 587 1051 789 891 1785 893 52 191 2356 184 2414 601 603 
986 2070 972 1541 2457 26 1315 526 926 2476 956 2030 2112 2105 596 659 779 1365 2231 2033 1851 1240 923 2214 28 2488 1462 2403 1729 1499 306 2418 404 1979 1148 340 2412 377 939 402 941 942 2283 1527 740 169 469 200 1426 950 
2262 1869 1735 1705 1577 2001 1743 951 1907 282 2066 6 963 1559 1476 2289 152 672 1937 139 419 96 183 1880 2345 2122 2361 2088 2441 2322 981 2470 866 106 1268 2500 2343 2437 81 2316 318 1715 843 994 1672 2233 1528 1064 1961 1070 
1128 1002 2031 2449 794 2046 1007 1008 785 953 730 1669 2113 1014 448 138 242 170 1592 2438 2049 652 1318 1845 1342 410 2378 301 42 1461 1031 1059 1032 734 1035 1565 705 4 2146 1897 1041 1659 9 2464 737 1945 2302 1981 1156 2040 
462 1389 1745 1792 2008 2050 1930 2223 115 457 1447 2377 1063 646 733 1530 1495 1923 1168 747 2190 1072 2266 1074 1033 924 1387 772 2447 1080 1066 2459 1038 61 531 1605 665 41 1089 1840 1675 33 2172 2022 1095 566 2472 1098 2347 1100 
2052 1036 2291 265 74 776 2087 1108 1742 1798 1631 102 1380 1904 280 741 2205 1374 1119 1120 1121 1641 2025 599 1125 1677 682 1425 1510 2130 1131 885 2304 1256 966 1015 1941 1138 1173 1479 1141 286 1546 1144 644 1988 2271 483 1149 888 
1418 1423 1219 57 1859 743 1157 1338 2307 1158 797 1863 2128 857 720 982 1167 918 1169 1186 2149 2486 2021 2269 1047 2192 738 519 311 393 1181 1384 1183 1373 1990 565 1578 2333 351 900 48 1788 2498 757 2489 1196 1590 208 1940 497 
2207 288 1004 124 1728 559 382 1898 1126 1143 1159 2306 2121 704 759 1237 92 1818 1199 187 1221 1701 961 556 1225 1775 509 1747 1543 113 2082 178 1233 1220 100 510 151 1238 863 922 1241 1708 1650 2453 1201 198 421 1248 1799 121 
1456 1252 2156 1719 525 2086 1113 1377 2242 1762 868 2384 359 1802 1216 844 2395 798 1967 222 1170 2232 572 1963 355 494 1849 1278 215 511 1463 2221 1724 1284 1133 568 1287 884 2255 875 1504 514 308 1908 1779 1748 946 1606 917 1521 
558 2062 384 2027 936 1861 2089 507 645 2305 369 1872 2090 1457 1995 536 2044 1435 1319 1813 1321 1322 2461 1324 853 22 1875 2048 2077 1329 1147 1539 1633 1334 1289 1388 1411 627 1161 454 246 1025 1343 320 426 850 79 1069 1699 58 
1351 2479 2497 618 1355 1502 193 1465 1359 1360 1801 1362 274 1228 1712 2388 2198 1129 1176 316 1767 653 1864 1703 126 1376 427 1599 1391 87 1325 1516 2267 2428 1968 903 1077 1340 2466 1286 2369 2332 1249 1222 2382 527 1397 1398 1399 1866 
397 153 944 1404 541 1370 2067 1408 1409 897 1548 992 1860 1414 1310 1416 2101 1260 2335 341 1421 649 2139 105 1337 987 1427 2164 1180 192 1431 482 1214 1434 2218 2315 491 867 180 1440 539 637 2178 2138 1174 1446 1308 1615 969 331 
442 499 1371 2185 2065 1251 1695 1526 2340 1395 436 1936 1535 1594 622 1118 988 1657 1623 786 142 1879 2054 50 172 1680 1162 584 2385 1734 1481 613 996 898 94 1231 2260 2344 1718 1262 883 86 1692 1793 1723 1326 1497 24 2338 416 
2387 1356 2009 859 2389 1506 600 1508 350 1305 2392 240 586 793 1515 1616 1076 1754 1519 940 1843 2118 2454 932 1652 656 1582 492 1480 655 749 69 1177 452 244 911 1919 1538 894 1931 1561 1542 834 2194 2102 1711 1547 1179 1132 2098 
1679 1467 40 1554 338 2374 547 1558 188 2108 1493 189 1448 1564 2036 1566 1567 678 53 2480 1103 1146 977 2279 2141 1390 1198 1924 2407 2064 513 1727 1200 632 1696 1317 711 1588 1407 117 1117 548 1653 542 1595 1627 1982 468 1279 1600 
1601 2131 1921 474 1045 1298 1522 929 234 2309 543 579 2000 660 2471 2401 1617 1071 1619 1620 2188 2103 563 47 1804 578 1471 211 1814 1227 2035 118 332 1634 1635 1890 664 905 1906 2371 38 1078 46 295 1797 2076 2258 2179 784 366 
425 1114 1731 275 2236 1888 1874 1104 852 1354 251 1662 825 1392 1665 677 1698 465 1290 136 179 1700 2142 1188 260 12 1272 2321 2158 585 10 1682 639 1226 1685 1010 2235 2396 2085 619 748 1257 1344 500 1794 1772 1204 1667 1083 1451 
1187 137 1959 2155 810 2436 1707 2094 395 347 1412 995 1713 5 2452 1468 1717 1494 2167 1789 1721 590 18 104 721 1726 614 1205 1744 560 1720 1563 1733 952 182 1736 1737 2215 463 141 588 529 610 829 854 1811 256 2029 2216 985 
990 1155 2422 882 76 2160 624 422 2053 1401 2405 1598 1962 1341 1765 1766 1850 368 1769 591 1771 1005 2274 2075 1084 1776 2314 1777 1242 2 451 2123 799 2481 411 1622 2249 147 1555 2115 209 1054 869 821 49 1124 2204 1929 1689 279 
1309 1753 2413 245 1292 524 1807 1808 1877 517 1848 1812 1768 2226 1815 2499 947 154 1291 1820 753 1822 768 171 925 1193 1834 1828 1137 2144 2202 571 2241 1687 2303 2325 1378 364 1453 2294 1841 365 862 1478 1816 128 1716 1190 2475 1739 
205 1852 1829 2137 254 1587 1012 1858 546 597 630 689 1455 800 2410 1823 1099 1983 1837 694 1871 1691 2213 392 1192 1714 471 1909 1757 1947 2007 516 1883 2334 55 2433 294 490 1040 378 2393 101 1345 1894 629 1646 71 110 1259 1900 
1656 1661 29 616 1964 2071 1197 358 723 415 1917 2012 1709 383 2109 1097 2224 1918 262 1486 1855 1363 1068 2435 2330 912 640 1839 379 2072 2341 2055 2265 284 1740 1437 2463 1870 651 361 2443 196 1297 62 840 1630 2081 2127 1949 1348 
910 1406 2280 1954 250 1956 27 1686 795 1960 1536 1477 1273 2394 386 1239 2079 91 1969 2444 769 2351 1562 521 1975 224 1030 1978 846 2244 974 913 1021 2163 1985 1865 2193 512 1989 1185 1847 479 1993 1016 879 1912 1997 278 791 127 
1062 2002 1681 221 130 1400 1676 959 1503 2010 671 1857 403 1208 146 2016 766 1891 291 836 1160 874 1637 2051 2415 1274 1304 165 1835 965 2182 2032 943 746 722 2319 2445 1640 2039 453 2327 1067 2208 633 809 1932 2047 326 1738 2229 
967 1061 2200 2238 1683 407 112 1112 2145 2060 1261 1223 2063 30 2432 353 688 1628 1643 334 2059 650 2073 780 1846 108 480 1741 1454 935 1540 2259 2083 2084 902 1134 754 978 135 1039 2091 2092 2093 1655 2095 148 1019 522 2099 2364 
2014 1752 1517 35 830 1514 914 2492 2203 1928 2287 166 2458 739 1790 2180 2227 309 2119 2120 2482 870 2246 1579 2069 2126 817 615 1645 72 1678 1759 2270 2134 1046 2136 2429 1460 1957 2140 508 1024 1488 1895 1971 1702 1992 1881 1288 1229 
2281 2152 310 161 1984 1756 2157 2363 2159 930 707 2162 1732 1892 1366 36 1254 2168 2169 2170 1001 1660 2173 90 219 1050 2177 2004 973 2225 446 59 1889 504 1335 2186 2187 1621 77 530 2078 1386 892 431 2195 551 1916 1927 886 2237 
752 1636 1899 194 68 765 225 2043 2209 567 1545 1381 954 2124 518 472 2217 710 303 210 1313 177 792 1267 1295 927 719 2228 1501 367 2353 569 1096 2311 1638 2147 1145 1596 2239 2240 1833 1323 2243 39 2456 602 2417 2248 865 608 
1027 997 1806 31 2298 2420 1629 1647 2297 1487 481 1704 216 2264 680 803 2346 2011 668 771 957 344 1749 1153 1832 2276 1424 1498 2406 17 2487 595 133 1500 1013 2286 1056 134 2197 657 1824 1933 1151 1518 1925 2222 109 1294 45 270 
1115 742 88 202 2308 1212 1690 1165 2367 2357 533 272 122 1417 99 1312 945 363 2383 2379 1901 1135 2323 434 1609 2326 1610 159 1597 2037 258 163 980 1986 371 1018 2337 1432 2339 1760 313 2342 1976 816 1830 498 1394 2496 909 2350 
2419 1584 783 2354 2355 896 2057 370 1085 399 1710 2013 2301 635 2365 1000 54 931 713 2370 207 2372 268 1750 2375 2376 1110 1887 398 97 2300 975 2015 2292 2199 502 782 2254 580 1111 305 1053 220 1758 2251 2358 1614 934 612 2400 
381 1339 928 979 252 1593 1182 2386 907 2290 2411 1330 625 1327 1346 406 2247 447 287 1862 801 478 820 65 701 156 2183 1048 34 2430 1106 281 697 806 1551 1706 724 1568 2439 1911 1022 2442 229 203 2080 1673 2312 1532 1210 1648 
2206 336 2211 233 2455 2245 2042 362 2467 241 1075 2462 1781 298 2268 1950 839 289 2469 249 2285 906 461 168 2288 15 948 2478 1044 686 873 356 968 2166 2485 1844 2151 1245 176 1773 1367 321 1178 2494 429 2348 2171 349 1090 1203 
