40
1 1083 554 1230 1144 601 887 1552 924 1447 1491 12 1479 455 90 646 322 1579 339 375 21 78 930 1183 262 1054 1407 1542 474 30 1041 834 362 380 1032 1423 1067 1334 469 755 
1363 1113 1532 1379 1553 1079 402 591 136 543 201 653 53 894 829 348 397 15 1403 60 630 206 1202 1473 660 966 67 1338 1511 1294 738 969 57 1360 1459 367 1572 1441 1437 746 
81 1320 1273 758 576 1242 1434 88 1570 196 91 1195 384 94 753 227 2 822 1197 1061 610 1488 336 1454 105 510 450 583 354 640 534 23 861 114 115 816 1440 1200 1026 1291 
616 1156 123 462 51 126 127 1514 240 788 284 463 1199 1312 331 1173 434 736 795 963 833 458 182 422 267 1556 552 148 1310 150 826 243 117 1129 163 1582 650 889 928 675 
161 651 1296 805 541 315 63 1105 1203 399 171 172 672 1375 1048 568 177 668 179 796 1297 712 43 184 459 1138 550 1107 1518 974 904 264 193 1263 1274 501 1160 942 827 562 
608 1349 1176 19 75 916 768 208 1571 156 1120 584 346 407 1344 1193 151 842 1011 1216 1101 781 347 970 285 1108 158 228 446 1089 6 1121 612 289 1029 1001 237 281 815 360 
935 1311 1430 1546 245 1153 1496 813 1003 241 1204 1212 1025 1289 255 302 1069 40 909 1020 514 140 66 850 44 1339 852 409 214 1457 456 763 273 603 1536 851 10 1279 364 1172 
898 282 436 1147 658 219 1507 235 271 218 727 292 293 1503 1526 1528 1046 298 5 300 133 929 303 441 344 41 418 1347 1325 1288 860 807 579 470 1268 316 460 335 553 320 
1267 1412 385 1590 325 988 327 711 442 426 1494 484 64 334 1580 693 337 338 449 195 341 1248 535 97 352 1539 1522 192 624 371 351 1396 1109 68 663 954 309 1151 149 1245 
1381 1390 1365 356 835 524 443 1015 1376 760 411 372 42 374 732 1468 1013 1335 379 540 381 1313 190 1308 828 386 387 704 305 390 577 392 393 1027 395 749 1014 135 1340 1557 
921 47 403 644 530 1398 318 408 1401 216 1139 948 95 414 383 728 657 1550 1549 1270 1394 811 1214 209 681 1265 604 876 32 1534 134 1316 1563 1236 199 1368 342 110 718 1484 
410 388 1486 444 872 363 447 448 1076 266 1432 1315 137 1481 888 996 457 897 688 574 278 488 1450 875 1517 72 1038 1490 927 454 497 548 473 741 1489 593 258 234 1408 480 
475 139 1217 1309 1417 486 523 124 824 1247 665 492 493 1418 902 839 569 1497 598 703 976 1022 154 1577 558 506 1155 1500 1482 1112 1035 512 500 1475 515 870 1413 1516 519 982 
1158 664 1100 1165 108 307 1387 528 529 511 1393 1085 16 1150 602 8 1519 538 890 669 417 503 1206 531 1229 705 923 1125 274 908 917 1548 1042 614 495 556 1383 1485 848 560 
546 812 563 564 1477 566 391 698 324 1596 837 153 113 818 1314 85 1373 1467 440 883 581 635 659 885 585 586 246 1336 1168 1215 995 433 1333 594 687 596 312 620 599 54 
825 588 946 1345 109 412 743 739 1171 261 611 878 317 453 722 1177 971 714 502 993 621 857 144 1419 1103 803 572 1184 799 52 1442 220 1566 1049 14 636 1544 789 814 232 
61 1182 713 1070 1428 782 1350 311 744 29 1530 365 1196 654 623 1411 413 913 1480 648 661 187 242 370 877 666 1276 769 464 670 1145 1137 626 70 472 164 1095 1098 1359 809 
451 682 1406 684 1255 167 1377 1210 867 26 1024 868 1303 844 1198 191 697 926 1181 1231 701 973 1523 205 263 34 355 708 479 189 129 1116 504 613 1569 1018 476 439 467 489 
699 1537 349 724 432 874 494 471 729 915 597 785 1201 734 673 1090 1012 71 674 18 547 742 1424 1416 1223 937 790 748 62 1545 751 82 299 168 141 1364 1324 940 759 922 
373 539 1044 980 865 1063 1272 797 1227 1332 49 772 1506 1191 17 776 280 1261 1389 780 222 1031 1292 784 622 1592 1117 1271 1495 609 1251 283 793 1599 35 1057 832 1515 881 183 
801 802 178 879 632 806 406 1088 1593 1009 1520 745 1264 862 1208 142 750 170 1509 286 1404 225 323 1564 945 1237 1179 947 1478 830 600 831 882 89 1130 691 1444 1588 1211 840 
138 296 186 692 369 716 1597 986 849 869 955 725 74 854 627 856 637 731 1586 147 1513 24 200 864 294 1589 1426 1300 1362 107 39 642 1178 265 662 907 1302 977 204 880 
1298 1185 754 689 231 1505 212 1462 248 606 944 508 1299 938 1167 896 102 1374 1260 800 1400 638 1097 1136 350 906 77 221 618 895 536 401 330 435 979 223 1306 892 1343 103 
290 1092 823 871 925 1524 1050 863 1106 1283 276 1262 1561 934 428 1322 295 1371 230 1369 679 1574 251 1118 445 676 1559 1124 949 145 951 1142 1284 279 1091 87 990 958 7 310 
1352 962 551 690 720 522 326 968 1143 257 1269 345 992 275 424 1358 1221 1033 1558 84 1295 73 607 565 1000 956 580 146 989 1163 766 1342 1234 792 252 160 420 645 999 20 
518 254 249 1573 911 631 891 1008 965 983 1565 98 132 125 118 1016 59 846 1019 1005 1021 1453 730 1222 1135 119 394 542 288 357 1244 1119 233 671 1305 1036 1037 93 1099 1040 
491 1059 1463 1045 272 779 1131 175 931 1525 120 1161 933 1209 765 269 244 366 437 1386 537 1065 321 277 1062 702 1576 421 1466 405 932 819 1073 31 1075 1074 715 639 1429 162 
1266 1082 46 1084 873 1282 1087 361 1414 841 226 649 22 1170 1461 3 96 1323 1446 559 55 1102 625 919 1560 817 188 757 1243 181 1111 1331 719 527 884 1246 985 1238 377 998 
777 1051 513 301 1540 215 1127 1128 416 643 1581 1456 1402 291 130 847 481 36 984 936 37 952 1034 1056 1391 905 1002 1148 329 1438 1281 521 1093 1154 507 122 498 378 1189 1304 
1096 143 544 468 1094 1166 859 810 1169 526 972 1240 79 1174 1175 297 910 1521 1392 430 1114 1433 634 328 1469 256 1510 359 1064 180 250 155 516 1104 83 696 99 960 1010 740 
733 978 1188 575 1205 157 1330 557 858 50 843 1378 1249 525 900 1254 617 1218 314 1220 404 101 1551 1224 1225 438 452 11 28 197 695 1232 1233 499 1384 268 1132 1594 1239 1439 
605 710 549 1287 159 694 555 166 287 1006 787 1252 128 726 1159 1307 545 808 80 1258 427 997 213 1598 260 747 1448 1409 1301 1436 121 1141 941 975 487 1213 1277 1278 9 1122 
1443 396 112 953 641 647 683 1123 1110 1290 853 845 774 1285 561 45 571 567 415 1241 1555 961 767 764 1259 27 991 855 1078 1415 735 686 194 1080 967 981 920 1318 1086 48 
1140 964 13 236 478 1326 1568 1328 229 211 821 482 1028 1275 174 1219 1420 1133 376 1146 1081 1388 1007 1228 169 423 306 217 1134 1226 1157 1039 1353 505 1250 1356 589 775 903 429 
1361 353 804 1531 477 1366 1149 717 914 1370 332 1321 1578 1529 587 1474 165 308 313 1380 1449 1472 152 1055 1460 1538 490 706 901 176 1052 382 56 207 1395 1382 1397 76 1399 466 
333 92 1471 836 425 1186 619 770 131 1410 1072 1253 517 783 773 762 1190 65 1030 1337 1421 680 1357 1431 1425 582 1355 398 1152 520 652 25 270 866 104 950 771 752 33 4 
1493 1427 38 483 655 737 918 1180 1317 1235 1451 1452 198 1435 1455 939 224 1458 419 1348 1194 957 1043 1464 1465 1422 86 685 656 1329 173 1385 1583 1077 1591 1476 1053 485 465 667 
368 1256 1483 1319 239 1280 1487 707 1327 1164 893 1492 1192 570 1017 247 1068 1562 1499 319 1501 1502 994 912 886 628 1023 1508 678 1187 340 1512 629 1341 798 1162 1066 1047 509 461 
721 943 578 343 1543 532 1541 210 1504 1058 756 1372 1533 1445 1535 677 615 1060 959 202 1071 259 1207 106 592 431 1547 116 1004 791 778 238 709 1554 111 1293 400 58 100 820 
761 1498 1346 899 1367 389 595 69 987 253 203 185 358 1257 1575 1354 496 1405 723 633 1115 1126 1470 1584 1585 1527 1587 838 1351 533 573 786 700 1567 1595 590 304 1286 794 1600 
