50
2234 1230 359 667 1170 179 2229 1518 1773 814 696 12 2058 2104 483 1740 829 1375 2299 2324 1948 1499 1674 686 135 598 1937 1718 1683 1892 1617 1249 1791 34 893 2139 1277 654 39 1873 1670 1577 1339 44 642 119 47 2400 24 1900 
1571 466 1960 1721 55 482 1117 1220 1658 774 1191 2096 1386 1860 558 66 946 705 69 1643 630 72 2143 1425 2334 1796 1033 78 79 2351 683 532 870 1841 818 109 439 2025 2127 1715 1050 1119 2158 94 2075 96 1215 169 1303 1302 
1687 378 2021 2292 2352 2111 735 593 999 843 2295 112 113 992 1714 300 117 1394 227 1974 121 545 25 124 175 873 1271 67 1310 345 254 132 464 1147 256 500 2424 515 1076 513 141 740 143 986 145 323 147 1890 925 902 
151 2387 649 2120 1648 1681 1846 158 80 110 103 162 1588 1600 929 87 1233 1261 1677 1572 316 645 2244 2053 706 102 1069 1037 2224 76 1103 182 2348 1975 1009 1699 1112 188 2210 1808 1615 1961 1713 2257 517 2274 1895 1973 199 271 
2330 671 1546 1488 1046 1616 2110 2033 209 849 539 634 154 214 1441 1345 217 567 635 918 2336 222 2349 521 1143 1789 163 550 619 994 746 1635 1085 920 983 1002 237 1389 1136 628 2113 2022 243 244 245 1161 2308 248 2098 672 
1309 2339 253 2249 255 2202 2253 1154 930 1356 205 1060 1878 808 366 432 36 268 2413 270 944 1477 233 520 2480 1030 54 278 1516 284 739 2220 1844 2456 2160 186 287 288 523 563 1298 955 733 294 1944 1151 1005 1776 1395 116 
301 905 168 2393 2163 131 1901 1824 1605 134 311 1996 1366 276 27 407 438 852 1833 2116 842 1123 1854 493 1462 1708 2439 2231 1288 421 1679 332 1835 1911 1910 502 2320 201 2487 2157 1311 1449 291 819 348 779 196 2368 460 694 
2361 2086 1364 1634 592 530 357 358 2405 360 361 1712 2379 2037 365 652 1368 724 1156 370 1262 1234 915 713 640 621 1750 2020 1904 200 1883 2276 928 1926 958 1839 419 726 2014 390 91 304 393 394 1403 1859 1515 2270 399 1949 
50 1586 1319 1496 1473 108 2196 728 766 866 1053 426 618 2172 1809 275 2367 2267 594 2500 290 369 2404 165 734 1803 239 354 59 215 1487 2407 1072 1081 1301 436 437 2372 1980 440 1934 1269 505 716 1502 446 1636 448 2026 450 
353 92 2197 961 139 2259 2337 2421 1676 351 21 462 1552 2067 2430 1706 467 1306 337 1979 756 972 1186 2052 1474 2419 833 1469 2089 1232 481 896 15 2222 1862 2190 1330 886 489 1258 612 1241 796 2312 1216 211 52 167 1517 1337 
1761 1784 2442 1874 1771 2317 415 947 1827 1451 1678 817 1955 320 811 898 638 518 247 1527 737 911 1460 889 1080 526 2154 528 1471 56 913 1680 425 1212 58 1318 208 704 945 192 497 542 936 2010 1673 546 1999 548 976 1644 
551 1801 1111 447 1354 1840 1930 225 355 830 1668 555 749 519 381 578 1315 1066 1445 803 643 170 2233 574 2429 1570 984 2236 1893 2050 1020 582 2464 1505 1275 708 2087 1068 589 120 1284 937 219 801 4 596 1585 1090 579 1404 
601 1162 123 296 236 824 700 847 534 560 2109 491 315 302 581 1290 70 1432 1266 1609 1479 909 623 624 978 443 627 883 2103 338 1051 632 408 1099 1528 1838 1983 414 1324 831 1164 1104 2043 631 172 794 2309 433 392 1764 
2077 2027 2187 2028 622 587 657 484 279 2450 661 1268 663 1742 90 666 557 194 954 633 2347 1836 1358 1347 2155 1028 1468 1650 679 856 1785 1308 1201 684 685 349 899 1533 1534 991 1015 957 1299 1439 695 1978 697 1548 2466 1871 
2079 967 656 220 1357 1906 303 1224 709 2474 793 1132 2496 2209 153 970 626 676 1523 402 721 884 723 293 725 1097 2198 770 729 540 2151 1007 2423 782 876 1411 224 1300 435 2214 180 742 1382 744 183 2447 2159 1409 240 1113 
1211 452 115 584 755 197 2467 2063 2055 760 1725 2105 1671 2345 614 1430 150 2258 769 605 771 2488 773 2255 322 1686 2042 456 1475 177 2459 1208 1642 784 1661 786 953 688 1918 1182 861 479 711 1174 1115 5 797 458 1137 800 
609 136 570 804 805 442 660 1690 1520 1707 1754 2225 1350 212 1925 816 960 88 418 2425 885 1379 533 342 64 384 2122 828 474 599 690 1078 2495 2340 835 836 837 280 2316 1649 1798 1919 806 1491 1898 577 2031 1594 2040 2476 
2327 93 1858 2121 2235 1728 857 858 859 1641 1008 607 1398 864 2350 1199 1599 488 516 2115 969 524 144 615 37 1222 681 840 2414 2192 668 863 1454 507 2035 1167 2264 1251 2461 2408 2108 772 1342 2314 1098 496 1094 1924 2135 900 
2215 1370 29 644 1902 1221 2174 662 2181 712 603 1710 1101 1399 1876 531 1227 501 1183 1406 1855 922 75 2088 2167 1689 1619 441 189 1223 1964 234 1581 2381 2166 2399 431 1204 1606 940 2395 1100 2092 26 511 509 1362 2328 380 1792 
951 2011 747 956 1915 2366 105 2204 1851 1738 416 60 715 473 965 2004 1613 1709 1879 1259 1550 997 912 974 1861 611 86 1940 979 1531 398 2426 95 1175 963 1047 987 613 989 990 2300 1956 2477 1127 2147 996 1914 1188 1805 1140 
1001 382 1591 391 297 2482 1041 1850 1482 339 583 1012 289 1987 934 1421 226 1018 14 2271 821 825 331 1476 228 1064 1717 2128 1029 2230 2365 1367 1811 1317 1118 229 1889 1296 73 1574 1551 1608 2107 655 356 261 2146 1096 495 313 
1355 1052 1340 678 480 1056 1322 1998 1059 1200 998 1735 2304 1210 1065 995 1067 98 1282 1558 888 344 1073 646 1497 111 1633 1645 1079 1373 795 1082 1909 512 371 844 1129 1444 780 2373 1091 1144 2433 184 1870 1853 2136 1465 923 1031 
2343 1102 839 529 1939 1312 1107 1108 2383 568 1640 950 277 2140 1213 329 1484 2137 1457 1120 206 1260 1787 2329 1392 1126 2490 1128 707 1130 1055 1336 1133 32 1135 2325 608 2029 461 352 1141 2306 368 1490 1145 307 1541 2273 2323 1557 
639 981 919 2133 1155 2322 485 2272 2078 1508 2396 1149 1163 1083 1165 1414 757 1168 1206 2289 1171 1172 2303 469 1000 2416 1583 2434 1724 562 1252 1450 1864 1184 1185 750 1737 1885 318 305 1695 1954 372 1109 2251 921 2205 1722 1688 2048 
1504 43 932 2321 140 1455 2288 2038 1209 1927 1371 1935 1134 406 1757 1989 1732 1228 1380 2353 122 1514 1595 586 1235 1920 851 1218 1727 2 2072 2370 1495 2013 1965 1236 1245 1238 1401 731 492 2297 252 2452 2006 1779 2039 1248 602 1250 
1657 564 778 1254 2394 1256 2344 916 1459 664 827 468 2358 2071 1265 1626 1419 891 1489 445 759 559 1352 1359 2134 1276 1526 948 1279 327 2119 939 1283 2445 2000 2141 1729 2001 1994 1511 51 2056 216 865 875 1038 1122 2472 2132 128 
1286 1907 901 2296 166 826 1263 1747 1114 1013 610 572 1116 1088 434 2355 142 373 475 1320 207 1452 2226 807 1325 926 1327 1146 1205 1255 2023 1698 176 1077 387 173 2437 1506 1246 565 1341 343 1584 1244 13 362 2238 1831 648 2261 
980 680 590 1804 420 230 286 1423 1646 1997 2285 71 2183 2277 1923 1770 2362 2012 2427 580 1607 494 1198 1882 9 306 1554 470 1788 1897 1270 152 2460 1384 1598 636 788 1921 1435 350 1391 428 2061 1070 23 1396 2002 1024 65 1400 
1032 1402 988 1173 2431 1446 1524 1408 820 1397 895 178 1685 1159 1313 575 879 1418 2242 952 904 1061 799 1006 74 138 854 2492 710 1142 1431 2152 1433 1434 411 1436 1580 1438 1559 1843 2499 1962 260 1624 556 210 927 31 2178 1723 
1022 2126 340 1741 1466 935 698 1458 1049 325 1461 1936 1193 2307 266 471 2283 659 1510 1745 832 1472 385 312 264 2494 1894 1416 388 1333 606 1731 53 1125 903 1786 451 2265 1986 691 2211 274 1493 841 295 1832 1744 1498 336 1848 
3 174 1834 114 1716 2260 463 1766 2256 1062 1281 1512 1630 1328 397 48 403 1783 1774 46 1331 1522 862 2094 1239 1377 1875 658 1529 159 1664 810 2470 1829 487 1733 2463 107 1539 1540 2451 1542 127 2484 1545 1467 1547 299 1549 860 
1428 1507 850 892 1555 2213 1519 625 2203 1194 1662 1562 1563 1564 1089 317 1567 1568 651 1139 1019 400 1573 1025 1896 813 543 396 1483 1660 1231 1582 478 202 409 1405 1587 846 1589 1590 1810 554 2184 324 1157 156 764 604 1612 1264 
1601 874 262 2471 2173 1344 1045 2354 1576 2331 1611 822 699 1667 1422 1044 250 2138 257 1620 1621 1763 2114 1946 1868 1623 1593 61 2175 964 1631 1349 1334 1884 2186 38 1321 1638 1639 1040 1847 783 1578 347 395 2438 838 155 1828 1440 
1719 1652 2145 160 2473 2386 19 1651 871 204 1794 1385 1663 2397 1665 629 1963 2382 1196 1152 126 1672 1530 2008 1675 823 908 1247 2102 2293 2064 1217 1886 738 1413 776 897 2280 1058 1017 1160 1575 2232 1694 2302 246 490 2248 49 1820 
1701 231 762 1760 283 1121 977 326 1752 1603 510 2188 81 1464 1509 538 1243 941 1326 2475 2342 383 2054 22 962 1726 1229 1257 1039 1273 571 894 2193 1351 790 2422 377 1867 292 2148 2301 89 486 2099 541 2388 1272 2131 1992 1977 
41 968 1071 85 1755 2446 1941 1758 191 1197 751 2481 1237 161 1765 1363 1767 146 97 1294 1734 1772 1553 882 703 1500 99 767 535 1780 1781 2239 834 1036 6 429 1387 1536 753 1790 498 553 472 887 1795 693 1797 2483 1799 106 
459 588 412 1407 600 1372 792 190 1442 2065 2359 2084 1813 2074 101 1816 1821 1004 1189 1335 1817 1822 2030 1525 1825 1169 2170 63 959 389 28 404 341 1777 2018 748 2298 424 2005 2218 84 1842 1837 1705 1845 157 2468 855 1849 1628 
1131 1852 1153 669 1192 1856 2106 1338 1054 2469 975 1378 1863 1348 1293 1027 330 1666 417 499 375 637 2015 785 677 2385 853 763 1632 1704 1494 2252 1970 1654 221 2356 2284 2305 1736 334 1195 218 1035 1447 1929 1480 1219 845 1207 544 
2144 1016 717 364 1905 1566 1769 815 1381 335 561 1912 1913 1307 1711 2090 1917 1346 966 641 1388 1187 2286 2162 1908 8 573 1928 1481 2142 1931 1756 2384 549 1463 702 1426 1938 719 2044 1267 692 1943 379 1945 133 269 1412 1653 552 
1106 1952 1953 1700 2444 1332 1957 1958 235 422 1579 1543 1627 2391 1 1966 2435 1093 942 2489 504 1972 413 1869 1826 1976 907 2191 238 917 525 1982 2070 1984 1985 1995 2291 223 444 2223 665 1596 1818 869 1560 730 1360 1026 1806 566 
1521 171 2003 1990 722 720 2007 2123 2009 2095 453 1691 1819 1762 2294 2016 2017 118 2019 427 1124 1485 2269 2378 1166 1604 1148 1743 653 1823 401 2032 537 2034 1410 2036 1383 449 1242 454 1793 241 130 2057 2045 2046 2458 949 2049 1959 
2051 1289 591 890 595 2149 1877 1087 2059 2060 812 781 2124 1537 1278 2066 789 761 1226 2227 506 125 2073 1814 2268 213 410 148 848 2080 2206 791 1138 1565 2085 164 647 1048 308 1916 2091 943 1768 2478 1647 100 1190 1922 242 2100 
40 1023 2076 1453 1967 1857 1702 1981 1730 1659 149 2112 1374 1751 985 1971 137 1951 2369 503 732 1993 758 104 1287 1903 2357 982 2129 2130 673 2179 1782 1353 1437 1684 2153 1150 1561 2219 1597 775 1807 1291 263 310 1968 2441 1622 2150 
346 1932 1778 1503 689 2156 1881 2117 1253 285 2161 2101 569 2164 1297 2364 1888 2168 2169 914 2171 195 259 45 1214 1556 1513 993 1614 2180 745 2182 2374 1369 1427 232 809 1043 522 2093 2254 1656 2263 2194 2195 267 62 933 597 2200 
2201 1969 973 971 1074 2081 2207 2208 714 185 1240 536 1084 650 1891 2216 1942 1225 1865 282 2221 2240 2062 727 1110 1323 1095 1775 1538 1393 736 1203 2068 2041 298 2406 1063 1316 328 1592 2241 768 2243 1753 2245 2246 2247 718 465 2363 
376 881 2318 1343 1720 2401 1692 754 787 1329 2360 2262 1739 1202 1602 2266 682 2177 1443 868 2165 674 1176 687 2275 1003 1478 2278 2279 1629 2281 2282 82 585 1759 910 877 1177 1376 2290 1014 11 527 2380 1420 181 1535 2118 333 620 
10 1501 2125 2047 1830 30 198 1105 273 2310 1569 2403 1802 2083 2315 2454 547 321 2319 1749 777 1899 1697 2069 1092 2326 1682 2311 1625 802 938 281 1057 2498 2335 2176 457 2338 193 1361 1390 1988 1274 1086 741 670 617 1486 68 1696 
1179 258 924 1872 129 430 2287 2228 2212 1866 187 455 2250 367 1815 2341 2097 1365 1448 374 2371 386 514 798 2375 2376 2377 2024 1880 1180 7 35 1314 1610 1075 880 1532 1746 2389 2390 931 2392 906 1295 1618 675 17 2398 2410 1470 
1812 2402 1950 423 18 1292 1158 1933 2409 1800 1637 2412 1947 1285 2415 405 2417 2418 1010 2420 1492 319 878 1693 1042 2432 363 2428 1415 203 1991 57 20 1669 83 1703 2313 309 1280 2440 272 2189 2443 16 1544 77 2237 2448 2449 2185 
1034 314 2453 752 2455 1429 2457 2333 2082 2217 476 2462 33 1011 2465 2436 872 2411 251 265 508 616 1655 42 1456 1021 1887 576 2479 1305 1304 867 1181 2332 2485 2486 743 1424 1748 1417 2491 2199 2493 765 477 701 2497 249 1178 2346 
