100 100
94 0 88 65 30 137 112 112 230 123 68 170 173 76 19 23 242 120 62 40 154 0 202 14 107 232 225 64 146 185 82 249 29 0 12 184 130 205 166 190 23 53 219 148 152 208 6 130 164 59 170 0 0 63 151 237 169 82 9 24 0 34 241 0 24 217 237 210 0 114 58 0 67 205 230 0 12 129 16 167 154 113 39 98 108 247 235 218 197 88 207 21 231 254 137 128 157 247 147 106 
178 117 173 134 0 0 77 89 109 66 120 94 26 0 23 0 70 108 76 99 224 168 200 75 191 244 196 213 184 221 40 47 0 91 104 54 227 103 127 247 52 0 0 84 173 182 136 20 241 0 32 3 25 48 55 0 46 0 7 184 48 224 220 154 127 26 254 150 103 158 223 172 220 0 252 0 157 181 201 86 114 45 29 3 0 155 173 148 223 107 254 198 143 242 212 224 239 110 73 232 
53 207 209 217 45 56 176 31 0 255 147 153 189 0 186 170 172 93 159 244 147 28 37 242 16 176 244 140 86 221 232 128 11 122 147 222 202 242 183 141 160 195 205 196 143 2 129 0 105 84 137 144 152 89 10 236 54 107 100 141 0 209 251 12 169 0 127 191 175 170 0 58 115 152 140 128 4 0 37 15 17 141 0 208 204 216 159 39 106 128 41 199 7 185 187 219 23 176 0 57 
41 110 235 44 247 32 17 184 178 229 242 32 171 171 220 25 75 0 236 212 149 0 234 32 220 0 244 130 206 147 52 103 143 184 136 166 99 173 143 211 123 38 171 101 10 254 130 56 0 66 0 127 12 119 228 82 4 81 217 108 40 0 226 239 238 90 156 181 15 228 227 250 110 162 69 190 2 77 0 118 98 206 76 151 112 0 243 234 159 193 0 0 215 97 111 47 242 73 55 208 
1 78 201 153 0 0 251 11 143 88 238 147 11 240 92 46 59 0 117 28 113 8 0 86 210 139 208 173 248 171 71 19 104 0 0 51 30 117 202 239 250 161 64 72 230 37 213 0 181 109 86 78 79 153 229 91 46 253 118 198 0 143 0 82 0 215 31 110 209 78 0 81 182 181 57 112 244 85 0 250 0 234 181 0 113 0 5 172 170 38 6 4 100 129 131 250 60 174 100 0 
129 0 136 103 0 100 159 157 80 247 185 235 0 102 0 0 56 128 124 0 5 135 120 220 69 67 161 0 203 64 60 54 155 0 34 103 140 245 43 26 90 0 180 231 0 0 196 217 56 185 32 49 63 70 214 88 116 157 0 52 219 116 239 149 0 225 213 144 24 30 229 126 223 0 2 135 143 93 6 0 95 129 224 115 18 38 220 0 0 228 135 92 20 31 68 252 144 81 96 220 
124 207 0 159 192 72 204 0 0 246 44 176 0 133 105 60 125 126 214 238 87 152 0 153 239 128 0 3 103 0 29 186 246 13 26 45 48 168 223 245 238 181 169 56 135 0 176 73 225 156 13 83 33 245 4 178 0 142 0 146 62 170 0 107 71 173 201 16 151 83 15 90 201 47 194 72 186 8 218 135 154 0 26 190 113 158 149 102 110 106 16 0 36 49 152 52 32 204 213 123 
0 215 84 34 202 237 165 240 0 195 254 164 100 189 165 113 220 94 58 227 171 223 182 188 165 0 45 57 33 0 230 237 114 76 224 189 23 3 162 160 179 249 104 181 0 6 0 36 107 225 21 248 8 218 0 134 118 181 215 0 126 48 252 199 0 73 180 230 249 65 0 0 249 37 1 95 150 138 117 98 74 36 107 233 198 50 25 196 97 182 148 200 0 250 217 75 49 179 166 255 
12 76 21 111 207 148 110 36 76 237 46 125 201 206 133 41 128 0 0 214 174 32 108 0 111 121 222 68 198 97 122 228 212 155 41 159 124 42 242 168 134 17 254 117 30 217 0 181 255 160 48 186 155 5 238 59 91 181 153 139 43 253 228 18 171 126 0 156 198 8 215 219 58 0 86 250 157 153 18 121 20 171 211 117 112 153 96 0 0 18 189 209 0 39 22 140 218 100 224 144 
59 238 207 136 27 12 85 125 188 39 42 216 232 77 199 235 108 176 236 104 153 36 27 0 120 102 90 161 252 76 205 245 107 192 196 174 123 31 141 150 52 189 11 169 115 94 54 150 107 190 154 0 111 149 217 0 69 234 101 24 106 248 100 174 51 202 146 0 0 84 182 0 71 43 228 96 17 167 163 145 224 182 52 4 38 86 137 72 247 0 234 104 201 0 154 69 31 200 14 6 
230 167 182 66 234 209 101 98 208 15 49 47 191 206 0 70 240 93 192 207 236 175 179 209 49 210 130 88 42 155 180 0 155 167 251 200 20 7 163 41 188 253 188 0 182 167 217 169 0 46 212 157 201 252 209 107 35 0 160 185 98 181 0 59 91 87 139 199 47 219 186 67 249 0 50 41 90 28 212 13 0 19 187 98 0 88 135 211 39 65 15 188 0 212 41 107 0 221 103 72 
234 114 0 216 102 2 134 215 116 84 0 0 24 162 201 131 180 191 179 170 84 209 55 130 0 0 142 206 77 51 227 198 194 45 112 0 253 183 202 193 98 75 52 116 124 102 207 138 244 248 246 50 119 17 0 153 172 88 200 250 0 0 107 13 163 117 41 217 214 0 246 0 199 7 124 66 0 162 191 35 85 213 107 33 0 156 156 200 93 51 218 100 139 32 231 69 0 210 206 73 
210 0 79 253 157 128 0 157 46 60 218 34 110 154 0 76 0 253 5 99 244 12 0 203 17 124 29 46 229 9 254 97 119 233 177 35 112 27 51 85 193 4 5 124 27 234 171 67 0 105 0 46 246 139 67 155 8 90 57 0 9 165 69 233 37 245 29 120 239 233 113 108 144 249 149 187 167 182 0 74 12 0 0 146 40 0 243 0 156 204 238 133 228 74 221 0 82 54 12 88 
140 130 245 139 114 0 253 41 0 30 119 22 153 191 187 0 44 242 224 154 212 110 135 1 79 0 232 157 229 253 70 168 186 113 50 0 33 113 223 178 65 9 150 108 157 176 249 159 223 74 18 161 17 64 142 140 35 255 65 192 105 119 158 95 26 157 64 208 210 233 100 61 0 13 163 132 70 55 52 71 50 80 111 147 197 85 60 130 208 150 116 189 86 57 101 5 17 0 16 96 
148 103 102 0 24 133 206 233 0 95 0 125 0 202 191 228 129 34 120 11 140 216 229 43 73 253 165 216 233 71 25 140 161 144 234 32 42 85 128 84 64 56 0 0 77 36 127 126 18 26 147 16 14 235 129 185 0 95 123 144 244 154 66 225 0 223 145 17 0 137 197 0 67 185 73 90 175 218 69 161 188 8 91 177 243 25 21 112 130 168 227 204 187 147 153 53 146 125 0 0 
31 34 77 255 133 40 0 74 54 252 201 0 178 0 73 0 156 1 134 133 213 97 91 28 240 98 194 250 237 248 76 52 142 250 140 3 217 164 155 0 188 174 228 151 136 103 114 231 0 122 67 217 134 131 49 237 142 211 77 135 121 138 171 89 126 137 66 22 245 249 111 248 220 194 111 59 85 21 232 160 38 227 97 235 55 99 197 0 243 45 0 228 91 121 168 242 157 176 175 7 
255 54 234 157 219 0 25 170 19 45 100 89 192 28 53 138 12 220 240 185 0 3 250 103 0 67 224 146 9 102 11 165 165 147 217 245 56 119 95 75 194 19 168 1 119 60 50 134 64 29 111 222 56 176 69 32 48 73 142 247 44 0 198 205 0 227 0 236 171 67 38 52 239 0 235 0 61 29 131 97 39 89 218 101 22 0 0 0 224 130 225 173 122 10 208 155 136 0 45 56 
157 189 111 93 44 0 171 0 230 168 78 26 118 194 0 30 150 31 80 0 99 10 241 8 0 51 11 252 54 122 58 218 201 139 236 242 0 111 158 0 65 167 150 179 165 166 238 35 98 176 0 0 199 160 41 195 0 0 234 251 246 203 176 17 187 164 199 220 6 165 228 209 243 179 36 233 61 121 135 32 199 230 112 246 23 173 39 241 214 196 88 0 135 157 254 48 153 130 117 67 
112 222 235 92 206 133 205 73 0 29 57 54 199 65 0 138 249 119 170 193 250 25 205 0 74 220 134 154 222 177 125 191 28 101 118 85 252 172 201 131 216 192 117 50 241 222 154 147 234 197 255 152 75 58 141 118 0 134 0 39 141 136 158 67 112 0 90 234 205 162 135 141 6 41 214 133 167 249 162 20 253 214 205 31 28 104 60 177 90 186 86 0 0 211 189 138 65 227 195 198 
135 174 5 0 225 156 29 177 142 213 140 85 238 201 54 236 8 0 158 185 190 249 251 220 157 143 0 207 0 248 0 81 174 0 139 59 100 88 5 131 246 0 59 0 254 236 54 104 56 73 97 249 132 246 59 201 122 60 106 200 116 77 155 6 0 120 113 175 0 177 255 205 58 254 0 125 224 57 164 0 133 195 136 0 39 184 162 0 231 183 62 53 131 45 245 236 119 154 136 202 
117 79 205 81 22 161 0 170 178 206 243 234 58 26 44 206 72 0 79 243 22 244 50 163 99 207 22 122 126 141 230 203 70 4 20 139 92 234 19 211 0 163 51 179 179 161 226 166 98 22 202 229 76 107 149 100 245 59 192 136 244 215 27 171 115 194 77 155 179 54 77 0 185 89 68 88 4 103 102 0 149 21 253 80 88 220 81 88 58 74 82 121 67 151 239 35 108 0 133 158 
0 126 177 197 210 174 157 82 25 30 51 131 0 57 39 61 250 7 146 152 0 25 243 0 210 229 76 242 121 0 33 149 0 82 48 10 177 213 58 98 158 174 83 130 24 61 218 211 217 0 138 52 75 179 68 0 119 2 251 69 0 2 0 180 0 39 89 204 0 70 0 19 174 146 10 202 218 0 132 119 189 104 143 162 106 200 183 30 118 75 37 94 228 14 216 70 205 225 31 178 
218 199 32 238 0 140 211 83 112 83 214 0 89 186 0 164 190 195 124 0 74 6 34 55 0 239 181 211 0 222 183 205 62 148 72 0 29 196 100 73 85 80 187 38 96 245 219 56 0 52 8 224 41 185 0 42 246 131 113 250 248 240 151 117 133 13 4 180 137 33 29 72 3 34 155 176 134 0 120 187 107 88 141 239 157 100 202 125 0 49 113 120 48 0 224 196 0 192 52 141 
175 54 95 68 192 192 202 0 255 229 196 0 121 9 14 60 68 239 243 102 14 215 43 20 64 105 171 200 0 117 67 238 128 31 152 48 7 150 8 0 88 208 15 183 86 189 91 38 22 70 44 140 19 191 119 136 0 83 140 160 0 151 215 119 254 0 217 48 0 120 74 181 145 137 237 233 153 146 212 75 63 106 135 153 67 218 32 201 59 33 206 130 15 114 85 161 125 113 140 181 
149 185 222 132 62 89 201 0 0 176 83 98 98 247 27 207 126 118 30 203 108 98 56 38 0 49 110 144 84 164 173 158 89 151 84 129 70 94 85 176 62 48 164 194 168 169 185 247 173 0 4 151 86 233 44 13 38 73 0 146 232 15 231 71 95 1 109 0 0 71 95 116 219 56 110 0 125 131 172 43 225 198 0 122 108 214 47 81 74 135 104 138 71 52 177 188 174 136 248 66 
175 46 78 187 222 88 105 0 0 178 57 35 82 7 139 249 129 156 10 141 0 109 170 237 26 149 0 149 41 155 57 175 169 94 157 16 0 38 122 147 63 4 249 120 73 0 0 0 172 0 38 89 188 82 193 0 92 23 60 106 99 205 244 146 237 200 252 178 149 120 65 27 57 174 51 196 124 37 71 197 69 246 117 220 62 33 187 235 86 11 152 120 63 251 145 43 241 156 176 84 
37 126 0 0 198 77 209 225 204 187 160 163 0 0 45 155 59 41 195 228 211 226 210 111 0 141 101 197 173 53 231 0 68 9 40 164 29 212 0 192 208 231 191 0 0 136 206 167 0 5 0 121 160 227 215 37 202 111 0 76 140 218 188 103 0 238 0 192 229 230 246 66 212 191 99 5 28 248 178 0 213 127 241 0 102 108 5 0 205 5 63 73 15 35 177 210 144 46 94 0 
84 126 120 80 188 145 199 192 176 87 102 80 80 0 221 206 203 6 135 149 68 114 190 0 0 42 17 104 230 128 21 76 117 0 42 36 63 135 185 209 53 21 0 123 0 116 133 181 79 119 24 52 195 138 132 225 160 78 116 0 181 98 113 55 229 7 9 188 53 126 239 40 2 248 0 0 137 38 133 215 33 247 9 50 233 0 41 203 202 233 214 36 10 60 80 147 54 0 247 0 
92 183 166 44 72 155 240 72 36 19 216 167 64 245 0 32 38 49 174 0 240 15 129 60 181 119 0 93 196 112 117 189 0 82 173 162 138 221 199 102 248 133 198 92 0 219 177 211 0 227 90 57 213 235 92 25 49 0 0 31 185 108 240 10 152 13 144 98 0 42 222 220 91 106 214 63 188 192 40 139 75 252 0 143 208 95 65 81 171 42 25 81 86 41 237 157 84 253 101 8 
0 83 127 161 209 226 99 168 246 0 246 46 53 130 51 248 0 35 64 0 188 74 31 129 120 147 153 7 79 45 0 0 247 0 182 70 144 153 83 47 28 170 48 30 227 21 185 215 202 232 107 209 10 35 90 186 177 63 174 240 30 164 32 9 136 49 130 77 0 223 176 142 206 67 6 31 177 95 2 233 56 36 24 13 155 136 228 243 116 1 0 129 186 96 113 159 26 134 217 0 
174 59 232 12 109 84 65 75 107 75 73 204 38 146 14 37 225 130 167 16 35 213 171 234 55 44 183 53 170 139 236 22 207 216 110 216 62 95 230 103 81 81 1 214 166 64 239 218 160 165 229 76 229 90 155 171 225 0 246 0 151 66 27 191 87 123 81 0 180 117 197 6 203 124 42 249 190 209 29 239 29 117 151 163 106 250 194 161 154 7 127 202 151 216 227 212 193 187 181 199 
104 147 241 129 84 89 72 50 62 150 158 225 0 0 234 139 229 184 0 0 219 109 2 184 14 249 185 84 216 223 222 75 162 199 98 33 7 0 58 0 0 32 108 127 247 50 196 213 106 216 247 211 227 25 67 144 63 192 198 41 129 218 5 63 76 59 102 118 0 94 70 79 14 248 152 87 124 92 204 77 153 105 0 0 204 197 146 105 63 217 95 0 107 121 228 124 230 236 46 143 
208 52 0 138 238 36 0 99 151 135 111 142 197 86 126 254 209 156 158 46 2 212 40 60 98 93 120 104 64 251 110 152 174 87 240 215 0 64 0 102 210 91 86 60 90 18 62 100 229 77 104 209 12 113 114 253 14 170 218 101 76 0 42 107 183 21 35 247 251 176 0 35 150 216 120 82 152 38 98 57 0 91 222 100 218 49 180 227 75 239 71 219 253 66 148 30 102 0 6 74 
184 99 4 215 80 109 183 48 186 194 50 243 137 146 42 132 54 18 121 135 156 251 156 106 123 9 53 217 245 124 137 72 19 154 2 0 172 118 135 110 127 64 12 223 103 213 4 230 93 0 160 136 174 167 163 215 0 216 62 122 34 81 7 93 136 193 129 198 44 34 138 0 254 110 207 129 12 221 38 154 17 99 245 204 39 230 87 18 11 18 76 102 158 213 54 74 104 225 95 66 
16 46 112 87 229 117 251 150 89 181 243 143 129 178 47 215 150 113 235 134 118 190 70 186 36 166 197 0 105 0 253 207 51 160 218 46 71 165 22 148 121 0 88 115 129 62 136 157 39 204 28 0 163 65 90 164 78 124 137 90 72 112 0 0 164 27 227 223 184 177 29 125 145 218 106 244 109 201 0 0 153 79 151 134 229 126 191 130 247 4 161 236 0 181 231 238 105 29 100 236 
115 103 153 93 204 9 180 241 176 0 204 0 47 0 193 29 70 171 69 127 128 138 139 30 129 75 245 104 43 240 136 144 72 125 111 11 2 124 118 21 105 120 144 45 241 130 82 149 241 175 117 0 107 99 157 178 112 141 33 187 73 54 95 211 126 37 104 159 204 250 196 214 162 164 236 195 165 233 206 197 45 227 77 207 198 125 190 232 176 250 109 172 96 110 21 201 253 67 107 131 
227 181 148 48 35 86 170 188 1 140 60 39 0 59 80 70 114 27 0 77 246 130 130 173 61 16 10 73 38 0 63 55 49 193 124 137 226 129 12 182 124 223 196 49 245 123 91 110 103 60 237 102 144 206 122 20 80 31 100 250 45 226 245 157 210 13 215 4 139 90 154 61 203 201 50 216 167 28 119 107 89 89 163 0 178 150 217 227 14 60 60 107 41 22 64 159 147 72 32 155 
83 9 205 209 100 35 107 133 0 1 167 207 133 0 118 13 164 8 169 0 0 61 175 42 56 177 84 41 195 233 43 104 92 163 216 191 0 61 246 106 164 77 73 67 93 163 254 172 138 0 94 0 193 54 245 0 69 184 0 20 108 159 11 192 194 87 157 4 92 154 129 208 167 58 21 120 147 174 125 52 21 142 29 158 166 24 35 0 130 16 37 60 165 100 0 216 102 160 57 50 
241 241 0 82 115 32 157 3 24 0 147 128 71 192 11 64 3 0 76 155 238 85 237 80 177 195 213 199 205 22 204 18 228 9 112 183 175 12 177 48 119 197 86 108 156 138 118 76 17 232 0 38 0 42 95 45 159 182 0 0 165 28 145 0 67 63 66 106 197 0 2 212 148 17 171 118 116 182 94 218 207 144 21 0 0 159 119 109 197 197 73 40 167 0 221 133 148 200 0 0 
113 206 116 13 0 214 37 89 124 252 112 113 89 234 34 0 75 192 186 13 33 197 0 27 0 83 80 145 114 54 97 210 211 116 0 164 124 78 65 0 15 129 72 232 206 161 0 178 221 21 206 142 0 70 14 14 88 0 106 0 171 229 0 239 118 0 57 248 0 173 229 117 133 0 149 0 201 95 70 0 223 171 231 1 121 243 8 0 201 160 87 143 24 0 244 66 48 4 199 61 
0 79 0 125 224 241 122 78 22 207 225 51 176 17 240 108 224 135 254 0 0 190 6 130 38 199 230 156 248 0 46 112 138 4 149 226 249 188 161 109 217 59 176 89 161 176 115 224 94 129 0 131 0 46 196 125 103 0 75 204 0 0 181 183 253 200 119 29 168 113 51 177 0 220 122 17 84 121 163 65 163 35 135 141 190 255 117 180 93 0 246 27 195 180 195 6 111 108 56 2 
28 204 118 52 26 0 0 161 231 2 130 99 7 46 85 102 167 60 197 221 124 143 75 252 95 205 194 123 207 98 233 24 108 252 228 18 125 14 187 0 98 209 65 164 0 68 54 143 245 57 133 144 0 154 24 146 185 107 74 0 51 185 80 208 177 165 247 0 125 128 18 210 196 144 190 215 150 135 207 234 162 150 253 148 205 193 121 117 0 86 98 25 152 72 0 80 189 123 17 205 
70 154 243 215 74 217 248 95 77 211 157 205 230 217 178 0 224 160 225 28 36 159 54 66 14 0 94 47 77 172 67 67 12 201 209 73 153 0 166 104 202 155 221 249 148 13 235 200 117 115 240 232 29 2 0 43 0 65 19 0 241 74 120 52 0 84 227 217 86 207 94 116 66 90 80 96 0 11 98 50 132 28 94 115 148 159 97 68 55 0 234 158 105 82 227 0 15 146 7 121 
235 45 138 160 22 0 169 105 212 22 119 206 0 24 166 167 0 82 90 88 243 2 182 236 63 153 79 9 9 142 98 219 211 94 80 208 126 10 33 0 250 200 0 252 48 254 139 176 77 14 0 0 47 0 0 119 102 0 241 80 95 34 116 228 141 134 212 16 29 158 14 168 131 135 48 53 137 0 82 219 179 42 151 77 254 104 67 201 79 193 0 185 0 28 106 204 175 67 27 0 
43 131 146 73 211 254 14 239 26 190 213 89 184 44 175 150 39 154 104 216 37 187 0 193 201 153 70 52 166 222 48 178 115 0 173 145 0 0 232 237 50 0 0 42 0 139 0 80 8 170 90 237 27 35 182 45 67 251 88 0 96 191 74 85 150 105 254 44 198 159 159 154 202 19 128 157 146 47 77 39 160 142 129 158 140 129 0 147 0 0 99 0 56 48 190 231 90 219 22 254 
32 147 112 241 171 131 71 20 241 73 43 0 17 199 14 254 178 0 20 185 116 159 24 102 50 114 243 35 80 181 6 100 219 212 39 177 148 146 34 0 116 0 132 51 236 17 146 141 205 90 122 215 158 216 0 248 45 171 0 239 19 207 58 155 22 194 66 92 41 201 200 149 182 159 97 123 154 20 84 150 168 139 0 202 133 189 0 237 53 79 237 40 239 208 3 230 76 76 0 87 
87 90 0 249 206 243 127 250 45 21 190 228 120 133 9 183 202 64 68 0 42 101 149 217 251 110 40 107 188 143 126 0 243 0 0 48 243 236 237 217 200 53 204 155 163 32 11 155 206 68 244 129 55 252 183 0 220 113 3 0 52 172 102 254 104 72 33 0 104 61 157 78 193 176 78 82 51 62 120 100 0 0 153 95 223 212 231 89 0 181 107 0 82 135 0 119 214 59 233 176 
225 34 138 238 70 148 185 14 197 96 185 113 197 25 178 123 207 149 47 21 17 110 160 44 221 132 0 17 235 26 32 2 0 10 52 228 86 0 159 18 0 0 183 0 233 190 93 227 133 239 168 0 195 153 52 191 2 122 248 142 0 183 208 159 225 99 53 90 3 153 34 197 121 37 0 227 74 150 166 104 74 125 31 184 185 220 0 122 66 77 74 0 132 244 113 105 182 40 82 197 
32 156 254 21 47 39 254 27 164 147 108 0 0 21 29 120 203 107 249 228 249 98 203 136 228 11 47 207 82 77 50 56 185 96 215 214 198 0 181 141 159 0 129 209 226 135 38 110 218 24 200 62 28 6 197 133 30 131 206 127 237 243 104 0 255 155 138 93 0 0 53 181 182 0 0 212 175 59 51 229 91 235 44 155 129 204 0 194 253 92 13 0 152 204 68 147 151 117 122 218 
174 158 26 11 99 0 15 178 251 11 141 44 171 206 113 136 212 149 133 216 0 61 69 104 231 59 0 5 96 101 0 145 0 0 23 29 228 0 213 35 119 0 229 211 253 59 201 0 48 99 0 208 236 70 101 172 0 0 166 35 132 43 8 249 112 64 176 74 0 154 150 209 181 206 230 25 134 130 128 5 92 0 105 149 63 153 152 182 180 95 178 195 0 243 30 237 40 149 218 183 
242 156 165 209 0 8 155 90 202 122 24 236 80 236 181 4 60 221 248 86 214 211 138 215 201 214 185 68 166 242 246 154 95 185 87 156 204 190 22 0 46 113 14 102 59 235 97 180 137 175 154 159 31 6 74 73 57 15 121 234 201 57 32 77 241 202 173 80 138 0 146 161 218 174 2 128 85 234 90 184 97 230 92 16 240 42 204 113 58 161 243 105 56 28 30 169 42 205 29 135 
17 205 197 125 54 0 22 76 168 59 61 59 244 254 161 146 112 43 203 35 125 0 244 28 37 185 153 10 131 245 35 225 60 203 199 150 233 163 35 162 201 168 181 129 60 71 97 51 73 180 239 190 25 101 139 0 38 26 132 79 79 211 116 167 162 136 8 203 96 140 44 7 63 70 0 173 186 206 141 13 1 82 101 156 213 245 198 166 223 167 0 208 33 52 40 18 0 0 46 254 
10 135 244 139 66 189 221 216 252 133 50 127 171 245 179 48 119 117 16 45 189 67 112 206 141 240 238 0 99 157 114 202 246 160 63 14 218 34 0 0 124 152 1 182 212 1 130 158 124 166 203 125 255 95 0 142 73 123 251 249 189 146 251 162 157 0 210 224 12 248 76 226 159 194 232 40 225 56 93 0 238 30 182 204 142 172 22 0 0 227 191 137 165 249 0 0 14 254 98 222 
102 116 0 16 230 190 210 68 154 217 195 200 163 187 198 58 145 111 37 44 134 47 253 164 186 235 190 156 248 200 174 130 31 158 103 185 162 122 84 22 9 26 56 101 109 115 0 208 186 245 228 107 151 0 39 161 165 205 237 249 0 127 0 69 121 96 122 167 0 157 164 162 242 0 86 79 0 61 219 97 131 222 227 52 164 123 183 85 0 200 56 51 215 160 112 207 92 123 0 0 
220 91 112 26 0 146 161 160 30 181 12 0 181 189 32 239 212 233 83 209 0 0 55 73 0 217 127 0 24 69 0 83 55 125 180 205 231 0 59 229 20 52 228 208 0 208 223 37 2 0 136 51 159 200 183 53 194 155 147 7 65 247 208 26 0 13 84 0 18 238 171 181 71 250 210 173 69 32 36 173 75 159 235 80 208 142 229 67 249 0 16 176 4 24 51 126 140 102 213 240 
67 8 0 126 172 212 155 118 54 0 6 116 174 115 61 227 243 42 126 0 0 112 69 239 213 174 156 29 166 0 167 89 154 53 25 142 34 239 43 34 8 62 14 0 197 114 242 180 124 0 0 232 0 21 213 214 209 166 190 101 12 155 47 1 69 67 249 4 167 34 193 60 113 114 127 108 118 158 2 202 157 198 106 127 97 62 173 42 82 15 19 0 125 33 53 0 0 90 93 19 
104 116 240 98 167 0 137 177 238 251 30 49 194 98 102 158 207 243 142 155 213 115 138 175 0 27 9 182 248 0 141 154 178 133 101 233 164 201 172 125 180 0 248 242 50 0 147 14 86 1 207 136 244 98 154 47 138 39 216 12 112 93 242 205 192 244 85 67 216 61 240 228 219 114 186 74 47 46 0 0 178 0 0 241 190 126 188 158 117 180 149 252 84 124 3 0 143 71 230 85 
68 147 214 47 220 24 81 190 206 25 172 236 105 75 76 91 76 89 47 221 239 96 97 252 24 116 136 116 103 26 89 180 203 204 31 98 10 120 59 212 62 1 159 151 82 188 0 132 117 102 0 240 68 0 109 22 202 186 7 237 63 186 252 32 77 194 25 222 0 13 125 53 109 107 57 206 0 210 250 22 241 0 12 225 133 81 68 0 11 115 116 36 190 110 105 226 161 65 91 52 
161 61 42 238 46 89 120 199 189 173 44 219 70 247 240 42 199 25 179 23 191 152 40 233 179 31 68 78 173 251 196 211 184 157 165 109 101 0 165 29 209 25 214 206 3 160 112 3 226 134 240 17 100 106 228 0 0 210 223 112 9 72 233 203 32 56 132 0 97 64 147 132 197 91 244 191 0 30 186 0 235 70 16 0 119 0 124 141 106 0 199 210 0 89 18 0 149 32 190 81 
54 39 0 92 160 0 230 207 251 212 149 248 70 247 67 89 13 63 81 92 12 66 242 223 17 71 178 180 0 133 0 236 32 207 253 81 0 59 161 227 208 81 186 224 164 19 77 204 198 0 223 247 241 0 183 206 212 109 1 0 157 99 230 15 233 235 80 132 181 247 173 0 164 50 96 52 20 125 41 213 195 163 150 0 8 192 44 8 165 216 14 0 208 5 238 227 40 193 40 164 
70 216 68 0 144 0 234 214 230 190 0 176 0 205 168 203 158 172 117 0 0 0 67 77 97 9 48 57 219 237 134 26 122 226 130 22 148 250 180 72 22 119 131 60 253 82 166 119 222 183 172 236 95 134 117 0 97 43 166 0 167 66 103 121 156 214 61 154 46 111 6 76 21 152 0 0 146 0 205 160 0 198 147 170 254 22 226 14 2 2 248 245 118 223 210 80 194 87 100 162 
129 230 18 130 3 95 56 26 206 101 163 170 24 242 21 6 78 211 197 19 0 0 42 221 78 51 235 251 0 137 84 132 20 147 86 78 132 142 111 198 64 151 177 158 125 145 20 138 148 162 0 36 214 176 112 46 119 7 73 27 96 99 28 0 168 104 38 45 24 241 0 210 246 0 98 232 186 180 17 0 227 107 73 106 11 72 83 37 0 185 104 7 0 248 174 67 231 155 244 217 
33 68 125 15 131 35 250 31 26 157 240 184 4 203 56 122 0 251 122 243 220 0 34 199 204 149 129 228 0 95 183 73 42 32 225 38 95 18 42 191 33 38 16 138 130 0 91 179 17 17 0 3 115 244 61 225 237 59 155 255 78 139 111 176 126 8 4 138 201 91 70 231 93 49 72 103 208 186 191 109 151 43 0 0 157 144 60 22 100 121 170 21 112 118 183 200 52 143 165 0 
137 58 226 67 119 190 235 6 19 48 89 148 94 136 228 111 234 0 17 10 0 94 79 217 0 176 3 211 184 170 129 189 64 0 95 222 148 0 57 0 0 222 188 78 221 88 13 0 139 0 194 177 94 0 0 55 159 49 25 182 0 245 42 0 163 208 83 217 71 25 211 178 75 183 118 62 65 183 0 11 27 111 206 127 99 227 98 6 30 116 59 135 110 66 132 0 144 40 62 5 
0 206 190 210 154 0 127 205 140 229 0 241 172 198 71 0 58 133 236 0 180 179 170 2 95 181 0 182 36 182 194 9 0 140 42 206 182 141 13 126 67 223 23 22 190 149 227 0 235 146 125 189 66 16 233 94 111 29 157 12 210 25 2 129 255 57 247 141 62 7 78 146 13 223 78 8 153 115 47 250 73 72 161 134 51 56 69 97 165 238 50 81 157 109 113 178 81 137 129 242 
169 0 237 137 168 181 116 95 247 0 0 48 64 11 241 51 192 40 76 145 154 211 83 226 44 88 165 0 85 0 68 70 0 9 63 52 252 224 71 155 184 0 0 209 99 0 178 100 117 217 30 207 0 90 232 108 85 109 202 99 34 169 39 239 178 130 19 206 178 33 247 0 6 80 3 183 101 241 51 67 9 97 0 255 59 143 15 241 183 198 127 85 128 0 124 0 12 126 0 224 
204 15 141 174 158 135 184 207 0 243 205 117 203 33 110 15 166 213 230 160 216 131 79 14 125 35 102 5 148 178 0 46 24 0 177 201 10 141 164 68 0 167 222 99 254 4 0 142 211 191 11 34 110 199 169 229 0 214 62 0 239 233 137 39 94 170 28 169 209 189 254 149 238 236 69 184 220 164 204 193 0 183 130 174 83 92 89 182 208 0 109 102 248 2 229 71 198 120 39 168 
0 205 69 10 159 21 169 69 18 119 60 176 251 0 18 158 0 29 160 204 213 241 134 218 34 35 193 55 195 19 180 77 115 0 19 0 0 0 2 50 233 20 211 38 17 0 221 141 104 170 132 94 50 0 218 0 186 136 194 205 7 5 251 70 113 41 247 195 102 215 183 73 24 214 63 0 208 34 221 74 63 0 0 240 219 156 102 0 117 159 10 203 29 21 51 66 96 43 94 109 
220 97 24 79 176 222 182 207 2 0 124 72 29 196 154 62 223 187 0 18 0 155 205 118 39 0 151 0 135 255 61 59 0 133 0 80 56 146 55 188 0 187 221 164 131 132 203 230 193 71 242 206 198 55 0 0 17 228 41 169 70 110 22 130 105 62 157 38 89 49 127 100 91 165 33 207 0 232 245 225 16 247 226 180 225 239 61 0 208 3 45 138 119 253 228 79 36 0 154 245 
169 236 43 223 3 96 6 165 168 67 212 58 27 50 17 4 244 124 143 94 94 166 243 20 152 232 54 235 118 174 37 22 221 24 226 194 74 123 97 139 75 222 235 4 4 125 158 52 172 73 235 19 13 102 23 17 0 84 161 171 0 14 38 0 122 174 103 0 115 90 240 239 222 175 0 225 148 0 148 220 49 223 177 0 105 193 94 212 30 84 77 32 225 13 124 0 182 39 54 32 
74 164 32 232 54 252 191 80 72 118 0 236 147 121 125 97 137 168 237 103 188 103 0 105 99 252 245 0 0 202 173 241 59 137 4 132 40 171 0 184 77 240 215 33 0 180 4 91 213 121 146 29 86 227 53 21 123 22 56 1 252 141 223 0 35 66 111 58 244 69 132 220 125 103 155 174 16 144 215 247 69 11 225 166 117 8 101 205 64 28 149 0 13 68 191 153 0 115 197 76 
89 237 247 74 93 36 117 220 205 138 0 168 136 150 31 224 169 253 235 112 32 236 61 187 121 97 0 153 110 0 238 135 62 83 0 96 245 189 0 133 45 35 184 25 54 2 178 218 161 97 104 192 31 111 149 86 0 112 20 0 59 151 4 253 162 246 17 241 211 48 217 204 167 249 180 139 0 27 74 106 88 143 192 254 168 46 94 237 71 246 0 109 48 0 170 201 29 235 0 110 
54 0 7 181 0 106 89 232 221 40 91 237 93 0 151 0 241 162 60 143 44 155 32 191 105 109 171 23 134 240 118 246 248 48 0 130 135 23 58 173 34 149 56 193 27 214 190 0 208 67 160 22 117 85 0 244 57 26 165 167 74 155 63 233 68 114 0 123 123 90 162 134 92 211 201 243 186 244 94 10 30 143 197 72 228 234 117 220 190 63 120 44 49 60 239 78 22 132 139 143 
26 45 21 239 62 64 231 163 88 60 113 146 145 147 182 217 229 43 204 71 166 0 0 95 225 248 251 46 95 0 229 58 0 172 12 237 224 0 45 189 104 113 143 21 141 251 96 60 19 78 236 216 0 0 0 226 73 0 25 253 85 168 97 91 61 66 151 133 247 0 218 0 229 65 244 0 195 0 63 0 4 142 70 56 107 229 182 128 22 32 239 231 29 42 55 209 16 1 132 249 
113 58 3 0 179 211 42 0 136 70 0 76 134 4 23 242 237 191 163 130 155 0 233 159 242 177 46 0 87 99 231 22 24 0 88 129 0 174 15 100 0 195 87 8 0 66 124 179 137 252 193 165 249 78 6 140 46 243 221 116 153 234 56 239 81 244 240 145 142 0 126 23 50 116 3 194 64 87 144 191 124 95 45 88 119 174 23 170 57 124 62 37 187 148 0 215 72 71 251 164 
231 171 196 246 27 112 87 12 31 183 227 139 181 69 0 61 142 91 122 95 30 138 95 143 48 154 182 145 170 154 0 221 198 139 78 31 143 228 201 183 104 14 0 199 192 88 207 154 159 126 210 0 81 133 104 57 147 119 143 0 0 0 18 222 43 201 193 239 23 209 207 0 32 246 0 187 74 94 13 106 17 34 226 0 0 152 208 100 144 104 55 204 67 14 73 0 150 171 14 42 
17 240 248 180 228 85 75 0 208 37 133 3 246 200 32 124 0 51 53 38 0 231 0 46 205 210 173 181 183 152 79 143 212 171 109 213 6 253 149 117 162 151 6 174 243 20 0 26 198 0 0 147 188 135 93 0 157 240 211 18 0 255 176 34 127 0 184 248 0 154 112 30 242 109 100 0 102 139 238 252 41 74 186 0 65 75 123 84 220 108 195 3 0 102 0 34 31 87 143 117 
123 147 0 193 233 0 106 0 254 210 0 211 217 86 0 165 149 96 26 126 71 79 149 161 224 228 179 140 198 0 72 108 0 83 0 109 104 169 103 206 40 0 144 54 223 199 55 247 112 233 119 149 147 38 236 160 77 198 41 0 105 59 184 164 9 37 0 7 144 108 67 0 159 39 190 221 224 0 52 180 196 240 140 0 33 92 194 237 58 126 112 67 81 186 103 221 0 239 57 12 
223 0 215 100 126 245 191 171 208 132 208 189 252 164 37 168 98 178 2 184 196 143 75 0 204 31 10 216 132 203 236 90 220 0 47 135 83 49 223 68 239 100 233 183 187 71 100 168 0 97 48 8 16 0 0 250 0 129 190 185 162 0 251 110 77 213 105 90 237 0 98 156 45 113 247 20 89 124 172 109 110 248 230 69 11 144 163 114 0 187 124 128 49 0 128 112 29 212 0 150 
19 68 0 171 123 0 247 128 0 177 122 153 180 111 103 39 186 189 37 24 124 52 41 128 184 133 154 201 34 243 212 47 223 212 232 69 9 21 26 110 47 179 97 100 210 66 235 180 232 106 151 64 92 101 121 188 0 206 0 89 50 202 165 52 126 220 197 186 210 125 109 207 51 217 60 0 51 12 242 28 0 84 196 46 218 0 122 226 71 201 132 4 110 222 202 0 199 0 0 0 
167 0 46 11 51 110 129 167 242 142 55 111 40 3 0 143 72 0 172 176 87 96 137 0 229 0 30 0 0 252 80 206 158 218 196 152 12 192 38 168 29 205 0 72 6 227 159 137 9 150 46 207 131 253 211 219 62 50 129 67 0 200 20 158 144 0 88 0 0 157 0 198 45 237 43 77 156 1 163 106 184 220 252 150 201 248 142 240 218 182 0 116 96 182 140 192 127 165 133 159 
72 83 57 86 49 239 88 31 71 222 105 168 167 56 68 148 5 73 0 0 248 41 0 23 0 223 109 197 0 114 173 228 207 78 83 34 0 8 213 182 0 129 93 45 192 173 45 231 226 57 72 106 131 225 71 21 0 42 107 191 153 236 71 202 233 19 178 41 181 90 74 98 179 0 205 139 93 150 97 0 191 136 215 44 179 177 137 170 33 178 149 82 85 0 157 254 239 178 221 113 
5 232 162 67 94 161 104 197 199 14 238 169 0 182 196 200 81 250 0 133 92 25 0 25 144 84 223 79 0 201 206 98 104 205 62 251 237 0 40 163 0 216 169 81 127 8 197 83 176 30 169 62 67 2 111 11 0 152 93 177 0 163 34 7 0 0 217 254 132 181 62 0 153 67 216 244 134 118 135 102 0 246 204 196 0 46 61 57 198 143 153 51 109 59 169 213 130 136 100 188 
148 125 19 124 0 219 0 210 25 0 8 55 0 143 247 172 28 75 0 46 33 121 0 192 0 131 67 139 120 226 214 214 47 225 0 114 129 170 88 221 255 125 21 168 0 71 96 71 211 99 0 5 56 122 154 86 12 202 235 173 0 203 156 26 75 128 73 253 172 113 126 85 16 169 146 45 225 212 160 118 138 197 6 130 252 241 232 138 45 241 171 40 147 4 122 221 0 180 57 197 
205 149 208 41 34 241 66 5 179 174 165 40 209 166 165 151 161 40 1 10 156 117 12 109 15 68 45 96 155 62 96 183 182 0 171 70 67 111 33 0 231 143 165 91 236 220 131 178 173 212 172 0 74 228 90 170 109 94 253 93 102 9 61 191 228 9 91 20 89 100 156 198 125 134 199 227 201 192 170 156 253 196 149 199 0 127 15 115 0 105 239 91 254 243 242 235 106 0 230 50 
85 46 1 182 21 231 0 2 96 152 0 0 6 167 15 41 131 10 181 86 46 0 163 120 37 127 152 59 0 111 0 117 140 86 149 0 70 182 190 87 253 4 87 88 202 222 225 25 0 87 0 0 103 101 249 174 5 70 223 185 40 97 152 65 251 49 122 60 28 0 81 113 23 85 108 5 0 0 12 223 88 139 54 200 125 87 8 10 106 31 0 186 18 116 243 136 82 239 144 179 
170 85 188 109 0 131 0 169 118 124 92 253 168 97 204 82 108 56 0 174 239 132 35 155 84 145 31 0 42 134 156 184 26 213 115 210 217 251 157 218 58 90 149 44 0 224 27 91 167 93 112 199 124 0 220 186 115 216 17 85 163 15 155 184 220 217 214 22 242 179 48 87 0 67 23 32 107 93 15 161 255 235 81 39 107 0 116 246 8 176 48 0 229 151 225 8 229 155 13 246 
210 245 138 77 50 111 108 175 196 165 55 211 0 15 253 134 33 99 122 147 110 181 199 22 79 224 157 142 46 163 184 156 186 35 88 133 102 102 195 180 232 217 192 53 187 203 30 58 157 240 43 154 17 222 0 59 230 31 122 77 232 115 236 213 148 149 165 49 60 0 134 224 202 87 119 140 172 207 115 140 175 219 80 82 201 29 196 81 20 126 235 132 77 167 196 229 86 134 180 246 
180 208 0 19 30 80 191 59 41 112 135 0 137 36 27 197 47 97 213 166 68 171 113 39 0 110 36 70 169 114 175 189 227 205 199 236 160 15 143 16 254 63 0 70 137 84 218 157 142 2 161 118 196 84 83 246 135 131 237 8 22 203 144 220 22 236 4 98 14 172 48 211 232 83 0 194 29 187 136 162 233 81 134 219 167 113 157 0 77 75 172 0 189 0 18 35 62 26 117 9 
216 59 30 66 136 140 0 222 146 62 210 67 207 101 97 242 227 175 243 194 115 207 211 98 147 141 3 210 78 66 182 231 33 96 213 203 0 16 247 138 130 237 126 86 11 251 51 0 85 0 210 87 8 188 42 115 1 145 98 208 0 107 44 93 60 4 227 182 186 133 5 100 241 139 26 28 80 6 155 41 124 188 118 236 205 198 142 87 207 18 56 114 195 224 0 137 33 77 229 7 
0 1 170 80 207 208 0 73 151 60 230 33 232 204 0 102 44 214 221 249 83 18 123 7 15 7 92 0 83 56 104 254 218 124 133 122 136 74 228 251 71 208 34 240 1 95 28 45 41 0 0 117 106 51 149 20 193 24 18 163 50 211 0 231 229 48 0 185 16 216 214 19 152 255 170 162 0 127 38 45 42 83 0 185 199 126 45 24 174 153 30 0 0 0 0 137 55 129 246 0 
79 90 205 25 156 30 80 44 102 75 201 110 155 82 51 169 98 120 0 73 114 45 26 215 176 161 123 54 169 72 157 0 0 138 200 65 141 71 0 113 48 212 106 92 0 14 242 26 249 198 26 174 249 179 0 38 0 123 0 150 135 27 174 196 111 191 0 138 0 202 16 164 114 154 0 21 172 23 0 186 40 194 85 146 0 101 45 106 237 82 124 225 93 93 162 240 103 0 151 143 
32 69 140 63 245 130 167 233 121 26 94 184 0 24 79 153 186 68 33 104 231 17 39 210 152 194 180 197 25 13 47 224 11 155 147 247 227 139 240 0 212 190 148 77 0 64 77 52 251 83 31 29 220 104 83 3 106 154 204 217 50 212 224 167 114 89 216 7 160 62 115 0 48 155 192 191 110 175 98 9 77 17 180 167 140 118 6 111 172 118 173 90 117 11 129 7 114 22 96 55 
112 218 169 79 3 127 193 218 1 144 146 0 98 82 0 7 31 238 27 145 34 93 31 165 37 58 166 60 231 47 176 81 72 43 161 103 207 225 190 1 37 71 182 39 152 24 22 232 153 82 211 0 73 67 58 227 75 166 175 251 234 26 144 233 80 28 50 161 29 59 156 109 225 153 11 105 164 110 110 7 95 0 248 224 9 2 0 87 145 106 0 250 202 3 0 0 217 0 36 227 
141 192 8 123 16 242 25 235 187 89 0 133 136 76 0 8 0 140 33 0 221 20 125 245 203 110 122 91 224 104 156 208 123 0 61 43 46 166 127 57 39 180 168 198 65 205 100 237 106 95 0 0 12 247 91 130 71 32 180 244 3 127 228 0 223 138 45 40 140 232 65 238 47 0 88 108 52 0 49 130 0 216 232 52 249 128 250 129 245 191 203 55 131 80 227 16 61 144 0 85 
123 90 154 1 0 42 200 145 37 162 48 214 50 0 207 28 0 106 0 243 225 140 228 129 234 87 61 91 43 228 103 216 172 113 163 65 7 116 7 86 236 21 251 199 157 174 189 187 114 82 0 0 0 117 219 209 76 113 210 89 189 121 0 35 144 130 181 31 231 30 20 128 223 166 69 16 128 107 43 203 168 53 0 120 0 135 0 240 79 0 36 48 44 95 214 179 216 45 0 240 
204 75 62 96 89 214 47 119 244 66 181 187 0 41 0 125 52 157 93 21 239 107 197 115 124 196 130 108 0 87 102 63 0 226 165 0 46 193 183 11 101 184 189 45 236 139 195 214 0 87 207 62 144 0 16 38 126 34 101 202 25 48 86 17 212 4 27 0 93 15 0 242 160 151 93 154 208 193 13 217 113 76 217 246 17 53 0 103 10 34 222 220 212 134 20 49 207 46 128 116 
0 2 215 254 160 84 11 162 205 106 0 76 67 48 62 217 211 158 155 133 126 78 212 180 202 239 7 125 144 0 156 1 253 96 0 65 0 171 61 104 225 0 166 76 207 0 214 239 93 220 70 81 230 118 187 201 90 181 168 103 77 0 232 0 63 122 115 176 0 120 149 0 0 187 105 112 92 0 181 56 0 50 168 178 99 88 27 0 0 212 63 92 23 116 139 0 0 254 0 157 
155 31 105 119 135 189 242 239 171 65 177 180 44 234 0 255 150 220 0 10 52 196 69 0 228 38 165 27 227 0 61 33 131 136 77 93 168 77 0 141 52 69 248 219 129 222 111 146 0 0 147 156 186 72 68 124 0 216 156 124 200 0 52 17 72 164 0 187 220 0 254 229 238 0 162 52 193 248 220 254 122 16 205 24 42 51 188 6 120 0 204 233 140 41 0 36 134 77 201 34 
181 91 219 36 243 22 113 102 89 92 83 7 2 48 146 140 144 53 255 0 121 244 227 69 20 73 223 2 225 167 0 147 115 81 162 0 208 120 39 204 197 73 129 26 134 0 116 197 246 63 159 138 85 216 7 0 249 39 0 247 171 174 99 187 72 0 208 170 227 94 131 102 127 178 244 217 203 186 131 99 48 50 196 57 142 231 0 112 101 7 64 170 164 12 243 196 170 70 239 18 
