80 60
54 48
54 46
1 26
70 13
74 78
49 20
52 49
2 22
40 49
70 15
32 10
6 36
8 7
61 50
2 68
5 62
70 42
52 35
1 60
41 80
70 43
76 24
65 63
32 74
54 57
53 28
55 31
6 65
8 57
35 61
19 20
16 10
27 26
37 12
2 4
14 62
31 23
72 45
27 7
52 14
39 80
38 79
39 36
11 17
18 80
34 15
75 73
1 12
20 49
42 23
76 72
20 31
28 79
72 70
51 65
12 34
70 65
10 49
46 44
19 49
5
65 6
35 61
63 65
10 49
7 8
43 70
61 50
2 4
49 10
7 8
23 42
32 74
62 14
42 23
62 14
49 20
53 28
31 55
60 1
28 79
74 78
70 15
28 79
48 54
54 57
61 50
70 42
5 62
54 57
32 10
27 26
65 51
73 75
37 12
14 52
14 52
52 14
43 70
7 27
42 70
12 1
65 51
38 79
31 55
23 42
8 57
20 19
10 16
0 0
54 48
37 12
4 2
65 6
26 1
50 61
75 73
65 63
37 12
49 20
79 38
70 65
39 36
54 46
20 49
54 57
12 37
74 78
27 7
11 17
62 5
70 43
49 19
79 38
48 54
6 65
12 1
51 65
35 52
61 35
15 34
68 2
78 74
28 53
57 8
27 7
50 61
70 43
42 70
10 49
54 46
79 28
0 0
70 43
27 26
19 20
10 16
52 14
53 28
54 48
49 40
27 26
12 37
43 70
37 12
18 80
63 65
2 22
39 80
50 61
62 5
40 49
50 61
19 49
78 74
12 1
52 14
70 43
2 4
22 2
39 36
44 46
35 61
2 4
12 37
2 22
46 44
1 26
7 27
6 36
1 26
76 24
42 23
75 73
23 31
18 80
35 52
63 65
0 0
22 2
52 35
36 39
1 60
12 37
49 10
72 45
41 80
79 38
54 48
60 1
70 43
79 38
48 54
49 40
48 54
50 61
54 46
45 72
2 4
63 65
74 78
46 44
50 61
6 36
6 65
4 2
20 19
60 1
2 4
8 7
65 70
34 15
70 72
48 54
8 57
20 49
5 62
7 27
43 70
74 78
1 12
53 28
46 54
52 35
0 0
24 76
54 57
51 65
70 72
75 73
31 23
28 53
12 34
70 43
62 14
42 70
76 24
24 76
44 46
0 0
