80 60
27 51
80 63
68 11
8 23
60 29
12 58
29 16
37 65
3 17
41 31
7 60
26 69
78 48
64 13
50 13
60 71
54 68
58 19
69 60
28 29
79 33
6 12
60 68
67 55
80 65
40 53
33 79
79 77
72 9
14 35
26 29
23 74
16 80
24 62
60 61
45 10
2 31
65 9
18 20
16 40
24 70
76 30
39 5
16 27
35 74
34 11
22 66
1 11
53 33
13 70
71 31
2 11
23 43
42 17
6 11
76 62
25 51
42 57
26 34
66 70
3
71 60
30 76
17 42
65 37
11 34
34 11
28 29
40 16
74 23
19 58
11 6
60 71
65 37
29 28
33 79
71 60
11 6
20 18
40 16
6 11
13 50
79 77
51 25
42 57
14 35
0 0
1 11
11 34
14 35
14 35
76 30
11 1
0 0
29 16
28 29
35 14
23 74
7 60
40 53
65 80
9 72
26 34
0 0
