20 100
1 3 5
3 3 17
6 16 3
6 8 6
8 12 17
8 14 16
10 17 1
12 16 20
15 16 4
17 11 3
21 9 8
25 14 1
29 16 15
33 7 18
34 13 19
35 5 18
36 13 7
38 1 12
39 11 3
39 2 8
42 19 13
46 10 3
47 2 15
47 20 8
50 18 5
51 1 16
52 6 4
54 6 18
55 6 18
56 18 1
56 9 10
60 9 18
62 13 5
66 11 10
68 14 19
70 10 1
72 7 10
72 18 4
75 10 6
76 6 20
76 8 9
76 7 19
79 3 1
79 8 8
79 5 14
80 18 15
82 9 10
86 5 18
90 17 10
90 16 2
94 13 12
95 4 18
96 14 5
98 7 2
98 1 5
102 2 11
105 8 10
106 5 7
109 4 9
111 17 10
114 20 3
117 9 4
119 8 11
122 20 15
122 10 2
126 13 14
128 7 2
131 1 15
134 13 13
135 2 16
138 10 4
138 16 17
141 11 9
142 2 18
144 6 5
144 16 12
147 2 9
149 16 6
151 11 17
154 17 10
154 3 6
158 14 3
162 2 18
163 6 7
167 12 16
168 11 14
168 7 2
168 19 18
171 10 8
174 10 3
177 12 16
180 13 16
184 19 15
188 5 2
189 7 12
191 4 6
191 4 8
195 18 4
198 17 20
199 1 9
