100 1000
12 23 75
28 95 10
39 7 13
57 54 21
68 43 36
79 54 50
80 13 43
95 38 41
103 72 33
112 93 81
125 79 13
126 24 56
136 69 97
149 10 65
159 3 26
169 14 32
179 95 99
189 30 6
196 12 61
206 43 49
217 71 78
233 68 51
234 1 29
252 79 100
260 70 79
268 94 85
283 84 97
298 35 1
313 29 57
318 54 12
336 89 98
337 34 45
346 52 58
355 28 49
357 35 99
370 63 9
374 38 83
393 46 55
401 87 3
404 93 65
407 39 98
409 73 69
419 67 87
434 51 88
440 64 36
447 43 43
455 71 22
457 71 40
470 57 9
471 12 90
484 25 26
494 67 75
510 25 40
516 38 72
520 67 23
539 7 6
558 92 58
560 27 9
569 58 42
585 60 14
604 8 36
613 100 83
616 33 56
624 65 3
636 39 52
654 59 67
657 68 44
664 49 20
667 11 11
683 68 2
699 15 50
714 70 5
721 90 62
731 74 92
747 29 44
758 79 27
777 21 79
794 38 18
805 91 20
806 19 34
816 53 12
831 36 58
845 99 94
854 20 17
863 24 19
871 70 84
888 91 75
900 35 57
918 96 24
923 87 78
926 4 25
935 37 29
939 41 79
952 94 58
954 1 35
972 82 55
981 33 16
993 30 39
1003 9 86
1013 97 48
1016 100 20
1030 19 62
1048 49 54
1062 40 83
1066 30 56
1085 23 51
1095 65 1
1113 55 82
1129 40 31
1129 61 91
1133 66 49
1141 26 9
1159 52 78
1174 77 42
1181 44 25
1181 76 9
1190 40 91
1200 61 33
1209 40 37
1209 87 31
1214 31 46
1216 58 78
1217 53 5
1224 28 18
1227 85 90
1244 21 38
1263 39 72
1282 30 75
1297 77 81
1314 98 10
1327 22 51
1330 20 18
1341 63 9
1347 43 5
1354 22 99
1369 26 82
1386 8 40
1386 12 64
1402 83 14
1407 6 42
1417 89 51
1423 72 11
1441 32 4
1452 59 66
1471 22 55
1471 24 51
1472 27 65
1474 36 19
1476 65 33
1476 47 59
1479 64 74
1481 36 61
1498 96 23
1498 88 12
1509 42 84
1512 73 38
1529 70 30
1540 60 69
1542 22 67
1547 50 43
1560 11 59
1576 33 97
1585 27 58
1599 58 88
1607 77 82
1614 19 95
1622 52 83
1632 4 39
1640 17 99
1649 96 72
1663 100 79
1682 34 79
1698 7 47
1715 15 72
1726 57 41
1744 87 15
1752 26 64
1758 78 59
1772 72 50
1774 27 44
1787 14 21
1796 2 98
1814 97 67
1824 9 41
1833 32 76
1849 90 5
1849 15 2
1859 87 28
1866 96 7
1883 76 42
1889 62 86
1902 88 48
1915 69 34
1921 20 85
1929 4 12
1932 75 49
1940 41 41
1952 66 90
1955 39 18
1957 1 52
1974 98 44
1986 95 34
1994 40 28
2000 16 49
2012 5 80
2018 26 14
2020 45 82
2026 82 72
2028 19 6
2033 57 13
2048 61 5
2048 4 19
2063 20 37
2072 40 83
2080 55 9
2091 83 22
2106 26 57
2119 41 3
2136 27 36
2155 62 10
2172 32 83
2181 24 95
2190 3 56
2194 91 85
2209 83 71
2214 58 31
2221 88 6
2236 65 25
2252 73 93
2252 43 44
2260 65 30
2271 94 74
2290 36 14
2290 92 30
2291 36 37
2304 9 90
2323 61 61
2340 31 20
2340 29 14
2351 15 63
2361 56 57
2366 92 29
2368 36 44
2369 46 7
2385 36 61
2399 14 41
2402 38 10
2407 88 10
2411 13 42
2411 80 70
2419 39 5
2438 66 88
2452 18 69
2464 47 9
2480 20 72
2483 7 60
2488 78 8
2490 60 61
2507 74 26
2515 46 72
2527 13 43
2538 47 7
2554 97 59
2564 15 18
2574 62 74
2583 34 62
2598 27 15
2602 44 24
2602 27 54
2608 41 21
2625 78 87
2642 61 20
2650 85 69
2662 27 95
2668 94 71
2669 60 7
2686 36 75
2705 16 93
2712 27 91
2720 5 74
2727 69 34
2739 13 93
2741 19 66
2742 44 50
2750 65 32
2753 79 11
2771 22 89
2772 86 83
2790 73 63
2798 52 73
2815 15 43
2822 62 80
2830 19 2
2834 14 24
2848 82 59
2852 45 54
2854 51 15
2858 34 50
2872 62 17
2875 30 53
2877 22 74
2878 59 90
2887 91 14
2897 95 86
2914 48 73
2922 22 67
2928 91 79
2934 82 50
2945 14 64
2946 77 57
2947 88 88
2955 65 36
2963 18 62
2975 8 77
2983 44 15
2996 17 65
3008 54 86
3019 41 75
3027 50 30
3038 80 74
3053 85 26
3061 77 35
3077 19 20
3082 88 71
3090 70 77
3093 21 36
3098 52 100
3113 16 10
3119 25 55
3134 67 34
3135 95 30
3148 50 65
3162 38 88
3162 78 49
3162 1 74
3162 95 7
3173 84 73
3183 49 74
3195 41 48
3203 70 99
3206 86 14
3224 68 47
3224 67 52
3232 52 79
3245 30 84
3253 98 50
3268 98 85
3269 84 88
3270 34 98
3285 46 18
3293 81 79
3303 41 61
3309 26 69
3311 88 83
3327 55 8
3334 19 99
3344 68 82
3355 81 77
3361 20 63
3378 13 71
3387 49 39
3387 73 78
3388 91 85
3404 67 29
3411 36 14
3427 77 64
3444 75 8
3447 40 40
3453 28 53
3468 95 13
3473 16 48
3485 11 51
3499 86 12
3508 96 70
3523 95 47
3528 2 41
3531 17 82
3547 81 57
3559 75 52
3572 19 53
3585 29 89
3591 92 4
3595 20 85
3596 24 79
3606 2 35
3616 54 26
3622 47 46
3627 83 53
3631 31 30
3646 49 80
3658 83 44
3658 72 81
3677 36 38
3679 56 62
3697 20 51
3710 18 97
3726 47 21
3735 27 44
3751 11 23
3768 10 51
3779 8 72
3793 62 51
3808 44 41
3817 19 34
3831 70 47
3847 11 30
3859 86 52
3868 2 21
3887 40 66
3905 16 66
3912 73 28
3926 74 80
3937 28 29
3946 69 40
3952 7 61
3960 85 72
3971 15 49
3977 60 42
3985 80 64
3985 30 54
3998 1 34
3999 17 69
4010 22 55
4017 82 41
4034 43 49
4044 84 89
4061 62 35
4065 18 5
4065 72 32
4079 86 47
4092 40 90
4096 86 10
4115 50 64
4129 65 29
4132 14 73
4132 34 12
4140 13 9
4143 99 26
4154 35 59
4161 91 73
4179 3 71
4182 28 63
4194 1 66
4203 77 69
4220 95 39
4237 56 82
4248 17 86
4250 82 89
4254 62 8
4255 2 80
4267 95 80
4271 39 54
4284 38 12
4303 17 66
4310 98 20
4324 81 10
4331 72 98
4334 89 82
4336 2 84
4344 58 69
4362 85 19
4378 2 75
4391 28 42
4403 53 97
4416 73 43
4417 34 54
4417 70 83
4432 23 78
4446 11 91
4460 88 51
4470 21 75
4486 58 11
4501 56 60
4505 8 58
4521 75 56
4522 31 6
4541 61 93
4557 20 28
4558 54 100
4574 73 90
4582 36 88
4586 92 59
4586 90 1
4601 14 39
4615 23 81
4633 20 89
4652 56 77
4666 61 6
4673 70 34
4677 66 82
4696 37 83
4700 6 92
4713 27 7
4725 12 72
4731 71 78
4743 94 100
4746 92 96
4761 10 6
4770 15 98
4784 77 60
4785 80 86
4799 42 96
4800 5 21
4811 45 4
4816 94 23
4821 8 77
4831 18 30
4845 18 57
4852 29 17
4858 16 23
4861 57 8
4870 21 41
4885 25 41
4904 54 67
4908 22 23
4911 87 30
4927 57 60
4938 36 50
4941 25 79
4951 63 2
4966 31 36
4967 76 54
4981 68 57
4989 6 56
5001 11 71
5012 41 33
5018 99 61
5036 98 14
5043 19 90
5058 53 33
5058 10 33
5063 17 19
5076 57 89
5088 66 45
5099 33 30
5117 46 83
5134 59 74
5147 44 69
5151 61 55
5159 95 73
5170 72 87
5184 92 56
5192 98 81
5194 87 17
5213 12 95
5220 29 66
5226 6 31
5231 16 78
5244 63 71
5255 13 55
5261 16 93
5264 82 32
5270 93 7
5283 44 80
5295 5 71
5312 78 28
5315 20 39
5328 5 95
5342 76 16
5352 51 44
5363 58 66
5378 32 57
5395 73 93
5399 89 48
5404 99 97
5421 3 79
5423 32 53
5442 4 34
5443 36 56
5446 99 2
5456 44 41
5461 97 85
5470 33 32
5471 80 64
5487 81 51
5489 35 99
5496 76 57
5501 69 84
5519 14 1
5528 84 67
5542 82 36
5555 40 7
5571 22 100
5576 64 85
5588 39 77
5589 57 64
5589 67 26
5595 21 56
5614 8 90
5623 9 40
5637 96 35
5647 44 98
5654 11 43
5659 35 66
5671 81 72
5671 66 74
5678 82 9
5697 36 72
5710 11 52
5719 17 99
5723 56 39
5739 17 66
5757 14 35
5762 33 10
5780 25 32
5781 6 25
5789 43 17
5808 30 78
5818 90 7
5827 43 21
5830 77 94
5839 4 15
5857 76 79
5870 44 5
5883 19 94
5887 5 11
5891 99 5
5906 67 31
5910 80 65
5920 7 74
5932 98 56
5934 44 97
5951 88 73
5956 68 98
5974 75 15
5988 59 21
5995 67 53
6001 47 54
6019 5 24
6030 87 95
6046 64 3
6063 33 83
6073 96 16
6073 9 68
6074 25 24
6080 91 46
6098 32 18
6115 81 67
6128 53 40
6134 40 51
6142 24 3
6150 32 49
6163 82 65
6175 12 73
6192 29 25
6202 91 42
6214 67 85
6215 54 14
6226 46 72
6238 92 24
6249 77 68
6251 87 95
6253 83 18
6262 93 38
6262 14 47
6270 16 69
6283 42 55
6288 20 54
6304 24 8
6313 58 82
6327 85 44
6334 16 15
6335 65 99
6342 50 44
6343 78 11
6353 46 40
6364 40 32
6371 35 73
6384 9 74
6388 7 60
6393 14 45
6395 34 25
6405 41 82
6415 31 8
6429 74 54
6440 72 23
6458 42 3
6462 87 7
6467 9 95
6480 12 59
6499 1 91
6513 11 9
6521 100 57
6537 89 17
6544 30 10
6558 28 84
6560 67 41
6573 82 45
6581 98 9
6600 45 64
6603 100 99
6603 50 80
6604 60 71
6607 24 93
6617 74 43
6634 21 100
6653 68 72
6659 67 31
6678 30 25
6683 5 57
6694 80 33
6705 75 21
6708 62 23
6718 80 11
6730 3 53
6749 50 9
6766 59 92
6776 76 81
6795 40 40
6810 75 83
6828 68 62
6836 30 67
6849 28 97
6860 69 70
6863 98 90
6865 16 21
6876 71 17
6891 8 97
6903 74 1
6922 62 69
6931 25 3
6944 75 23
6944 5 74
6947 4 7
6947 89 10
6962 48 85
6966 33 55
6984 47 27
6984 81 73
7001 74 11
7020 72 7
7036 17 44
7036 40 83
7051 64 11
7061 66 28
7076 52 33
7092 63 5
7107 14 34
7114 97 99
7114 41 97
7125 66 68
7132 39 51
7145 53 37
7155 12 18
7168 37 53
7186 75 13
7190 28 65
7201 47 70
7220 11 78
7223 84 88
7224 96 39
7235 53 92
7242 3 39
7242 66 74
7255 3 74
7265 25 53
7268 50 68
7270 67 43
7286 64 68
7301 82 58
7302 72 17
7317 31 70
7321 54 19
7336 67 62
7348 52 60
7354 45 37
7370 25 77
7379 23 18
7395 73 3
7411 59 34
7429 7 84
7432 10 51
7450 84 17
7453 2 84
7460 54 85
7477 12 49
7496 84 51
7514 100 63
7531 56 20
7544 41 9
7545 27 79
7563 93 10
7569 24 29
7584 56 70
7589 3 93
7601 88 26
7617 17 27
7618 45 41
7634 42 52
7638 98 15
7655 75 30
7664 33 84
7679 46 31
7682 69 19
7688 67 44
7704 22 26
7706 54 55
7713 74 53
7730 75 53
7735 66 3
7745 78 87
7760 39 32
7775 67 44
7784 54 58
7802 78 22
7813 24 52
7826 45 84
7827 38 54
7838 69 5
7857 83 66
7870 53 30
7887 29 68
7893 63 61
7906 63 64
7915 83 11
7917 69 70
7925 94 21
7939 25 64
7952 28 50
7959 22 26
7975 85 71
7979 96 43
7990 56 1
8003 57 54
8017 51 71
8023 81 89
8023 16 3
8037 30 30
8045 51 8
8057 99 54
8069 81 1
8072 60 33
8077 18 75
8079 18 20
8092 11 66
8110 70 65
8129 52 17
8146 7 21
8164 82 30
8171 46 88
8172 39 60
8190 23 88
8190 1 12
8200 22 58
8210 36 17
8222 11 96
8241 33 87
8251 97 66
8266 40 53
8277 76 40
8296 75 49
8301 41 98
8316 18 36
8319 58 65
8319 80 57
8334 63 75
8340 81 18
8340 25 32
8358 8 56
8358 14 52
8368 18 11
8372 55 85
8379 43 31
8383 81 61
8399 31 62
8402 77 61
8418 32 26
8436 81 53
8440 31 39
8451 90 52
8456 3 28
8471 48 60
8475 85 85
8491 86 16
8497 88 19
8498 7 73
8507 31 88
8518 42 96
8527 63 24
8543 41 38
8551 100 96
8554 52 75
8555 55 21
8560 15 77
8577 2 59
8585 16 15
8602 1 87
8620 10 12
8620 74 79
8624 23 19
8640 60 1
8646 74 52
8658 2 9
8658 69 34
8671 94 18
8687 10 47
8693 49 17
8696 10 87
8697 81 89
8703 37 34
8711 61 27
8713 51 100
8726 31 1
8726 3 38
8737 44 75
8739 100 57
8740 10 46
8754 45 92
8757 5 71
8774 51 99
8790 98 55
8796 9 76
8796 28 35
8801 79 64
8813 21 49
8816 82 17
8834 16 55
8838 45 20
8854 58 95
8870 11 86
8889 16 89
8895 61 42
8903 100 77
8905 86 76
8906 20 97
8915 54 35
8920 99 100
8929 27 58
8935 97 89
8935 26 2
8948 65 10
8957 15 53
8958 7 19
8963 9 16
8978 69 84
8987 26 50
8998 97 55
9009 58 38
9024 72 25
9039 77 74
9053 85 11
9061 22 88
9067 94 74
9073 5 77
9082 74 31
9093 97 71
9094 87 7
9099 7 6
9108 62 39
9108 56 5
9109 72 99
9110 30 79
9117 35 9
9135 88 14
9143 58 61
9161 2 48
9165 58 22
9175 13 65
9180 56 80
9198 15 72
9211 98 2
9223 45 79
9232 52 31
9235 18 89
9236 54 58
9247 21 47
9248 7 26
9252 79 79
9261 73 72
9267 18 6
9285 84 27
9293 19 61
9302 68 5
9318 27 88
9324 41 40
9332 40 45
9336 82 19
9347 61 28
9349 22 58
9355 81 64
9365 60 27
9370 1 89
9386 47 30
9401 81 27
9405 8 27
9406 19 67
9419 76 68
9422 52 79
9436 74 83
9451 39 50
9452 95 23
9455 59 70
9470 70 55
9481 6 64
9495 64 84
9508 76 54
9512 10 85
9529 81 34
9544 13 91
9546 79 68
