5000 200000
0 1
33 14
138 295
311 164
54 155
366 434
111 93
347 346
242 175
130 355
422 486
267 52
160 262
371 27
473 337
65 280
46 169
400 146
474 310
362 237
161 538
356 116
73 168
437 611
572 325
74 192
8 437
354 108
113 615
239 204
191 605
614 661
498 732
120 792
838 187
227 77
625 587
291 450
456 649
530 786
686 69
562 1297
252 454
1746 392
3055 3779
60 126
10 25
40 35
23 20
13 6
6 19
39 15
37 11
14 29
21 3
14 32
38 31
15 24
11 30
37 13
3 4
5 3
23 9
23 32
30 13
8 10
5 12
21 6
11 24
7 8
21 22
12 14
27 28
39 22
21 11
31 12
21 4
1 35
27 29
9 2
14 41
23 2
8 5
22 2
20 2
39 21
19 3
24 40
12 8
27 22
38 2
16 12
10 18
23 5
19 11
2 7
5 14
2 7
6 23
35 5
13 15
22 40
6 28
14 5
38 31
1 38
37 7
29 3
11 12
38 37
21 15
35 13
1 16
29 18
37 31
19 19
10 36
31 25
36 27
24 20
4 37
2 38
32 1
8 36
28 33
35 14
10 35
36 12
16 7
28 24
36 38
23 28
29 23
20 20
19 31
22 27
4 5
18 36
35 6
36 32
31 37
27 17
5 28
21 33
12 29
7 19
7 4
10 31
33 23
7 2
36 35
22 32
19 14
11 26
29 32
12 2
11 8
29 8
18 40
25 39
39 8
15 16
15 11
26 33
25 16
29 35
20 5
9 9
31 21
6 35
41 1
4 14
33 11
11 4
17 20
28 14
31 13
21 26
17 5
7 22
6 24
5 8
29 3
34 32
25 18
7 32
3 20
26 2
38 14
20 22
33 35
26 16
37 4
11 34
8 16
36 40
27 7
17 22
17 13
1 33
38 20
38 25
4 7
39 32
31 30
41 21
9 9
19 24
40 41
20 1
38 29
27 35
40 24
15 34
32 6
32 7
28 38
29 28
35 9
2 28
28 19
17 25
7 14
40 36
29 8
2 18
2 39
8 6
25 25
39 41
4 29
36 10
26 28
21 36
18 33
15 12
20 24
31 19
29 13
27 28
32 10
7 7
31 9
20 24
7 12
18 17
6 37
19 35
28 2
13 35
29 15
4 11
18 14
1 38
10 41
19 28
38 38
30 3
9 5
12 14
31 28
27 19
22 22
4 6
11 37
34 7
10 26
6 7
18 2
40 5
10 17
39 25
8 17
24 32
23 32
23 12
8 9
18 8
12 35
29 9
17 29
25 13
36 33
30 41
22 38
6 1
13 6
40 5
33 27
21 16
24 17
35 22
1 32
13 2
5 3
13 28
6 39
21 6
37 2
2 42
8 9
10 29
41 40
16 8
32 21
24 35
38 5
27 4
2 39
4 41
39 16
24 20
30 23
41 38
13 8
3 8
20 19
14 7
5 23
29 15
26 6
22 28
6 18
42 2
34 6
9 5
40 41
19 6
17 32
20 25
31 36
8 4
37 42
11 37
41 20
12 6
28 17
23 29
17 41
26 24
40 3
37 22
37 9
24 19
25 2
12 11
2 39
5 34
25 8
6 36
22 16
1 22
7 12
10 41
40 40
19 35
1 40
41 31
2 15
11 37
10 5
6 33
38 16
1 14
24 10
18 29
34 19
41 24
2 23
11 42
37 36
25 18
31 22
31 17
24 1
34 20
26 7
21 37
25 37
13 33
38 35
5 16
4 33
30 3
38 29
12 9
40 23
10 18
20 8
26 23
41 28
41 16
9 5
3 7
36 17
29 25
17 12
39 24
3 20
36 5
22 18
1 7
24 21
26 38
25 4
34 15
23 36
11 15
2 34
38 10
18 40
37 2
41 17
30 35
14 4
35 1
42 15
19 15
15 10
3 10
42 3
2 30
2 30
39 8
18 18
19 38
16 8
22 23
16 37
13 24
20 30
41 25
30 31
4 12
19 25
9 34
20 2
6 33
7 4
5 4
5 41
35 6
25 7
22 29
15 4
13 33
4 29
16 38
14 3
14 26
34 1
31 39
9 29
33 11
12 17
41 38
17 4
11 38
4 10
16 32
5 9
39 17
13 17
23 15
25 17
26 41
33 32
4 26
41 2
34 29
39 26
38 26
19 41
36 8
9 17
37 9
2 13
9 40
17 10
34 35
14 20
39 11
14 33
5 40
18 23
22 28
42 17
18 13
38 35
39 21
24 35
8 22
30 11
16 22
36 6
30 14
12 17
27 22
20 1
21 29
31 16
39 33
31 41
38 25
39 14
13 37
6 23
24 36
9 7
8 32
21 2
37 21
16 40
23 27
17 24
17 6
2 25
19 11
38 34
42 26
16 6
22 39
37 36
42 9
1 27
18 16
33 16
11 40
16 27
1 17
9 5
12 11
39 29
24 23
38 8
29 12
6 25
32 33
14 9
8 2
24 1
29 11
9 19
22 37
37 32
40 32
30 20
42 11
7 12
18 38
5 40
29 40
6 23
2 6
18 19
5 15
43 24
14 32
1 4
36 30
7 24
7 25
38 24
4 40
25 34
33 1
23 4
25 27
42 9
30 20
40 25
11 17
39 6
6 17
8 19
37 14
24 1
19 35
4 33
31 25
3 31
33 34
5 13
25 35
10 12
8 1
5 33
14 6
34 20
32 29
9 17
21 9
40 19
1 39
35 41
4 20
36 30
37 8
22 14
16 42
42 32
8 5
25 21
22 36
41 5
14 27
5 42
22 31
18 18
8 41
24 9
40 33
40 31
18 14
18 11
12 43
6 43
27 16
14 41
3 32
8 26
39 23
2 35
24 30
40 34
29 42
12 19
9 4
34 36
1 20
40 34
7 15
28 10
18 9
35 3
3 15
2 15
11 17
21 31
11 15
13 33
39 40
43 27
9 1
1 7
25 41
31 8
5 24
5 8
30 33
39 14
41 36
11 41
6 27
4 19
19 20
5 14
32 18
23 21
13 42
5 27
28 19
39 12
18 37
19 19
27 11
18 20
25 21
40 24
20 28
29 29
21 40
12 23
30 41
24 15
40 12
19 39
35 5
39 3
40 9
21 18
36 33
27 11
21 42
33 29
34 23
11 21
38 39
17 36
4 25
21 16
1 21
12 35
25 14
24 15
43 13
39 36
38 12
40 16
29 37
1 24
36 27
15 18
26 29
4 36
20 29
33 8
9 21
40 8
24 22
37 38
3 34
18 30
18 9
3 24
31 37
22 25
7 2
27 2
3 12
20 40
17 23
13 5
39 25
36 1
20 20
23 12
11 12
20 43
5 21
16 34
3 39
2 14
6 10
2 43
29 40
3 41
37 7
35 35
32 2
4 29
25 31
35 20
25 15
41 5
3 13
30 2
21 26
12 10
21 16
21 5
8 38
27 25
35 23
17 20
42 21
9 26
8 5
43 5
26 38
39 34
25 19
7 29
7 10
38 10
4 25
42 21
13 15
26 38
17 18
18 9
4 6
14 24
11 15
27 37
8 28
38 31
21 9
14 6
31 43
11 20
18 39
30 27
35 2
12 20
4 14
16 5
13 23
31 33
27 17
9 34
31 7
4 20
18 9
21 25
29 38
39 23
26 15
1 18
29 23
43 10
39 28
26 15
12 43
38 31
31 23
37 33
5 20
10 39
4 29
14 21
16 41
37 40
37 2
17 16
38 34
15 21
35 11
11 31
17 41
25 31
15 40
10 16
21 26
43 21
13 10
38 19
3 13
24 43
15 25
2 30
4 27
8 18
2 34
24 44
31 27
17 42
31 24
37 1
34 28
17 6
15 43
17 29
43 41
30 39
21 20
19 27
32 17
10 16
35 23
40 2
27 23
1 17
14 35
19 21
24 8
2 10
19 33
36 40
27 8
31 33
4 15
38 28
7 11
5 43
23 16
26 27
32 8
35 33
28 23
15 20
19 43
25 44
35 29
32 11
21 36
31 13
40 33
4 39
44 32
14 10
15 25
39 31
24 11
18 34
36 36
41 31
36 2
13 27
22 23
41 41
34 11
17 21
12 20
12 15
2 8
36 15
9 8
11 26
20 16
42 36
44 25
23 22
15 18
7 27
19 27
4 33
36 41
21 39
18 18
14 3
43 35
32 22
27 40
28 3
28 39
29 28
19 9
6 22
24 12
20 1
9 17
34 37
25 8
27 44
13 23
14 14
34 19
30 10
15 31
37 26
10 27
7 19
21 34
25 10
32 25
32 18
13 4
34 12
28 9
38 34
33 41
44 17
9 13
44 20
3 28
42 35
40 27
37 10
24 14
3 18
6 29
30 26
3 5
42 39
16 28
44 40
12 3
5 14
20 33
27 43
3 4
40 34
13 32
20 38
30 38
11 11
3 39
22 44
1 5
41 32
40 37
17 27
6 22
31 40
17 43
36 14
8 7
24 38
15 2
27 44
20 20
40 15
26 25
39 5
42 3
10 39
32 36
25 11
16 30
22 25
14 4
24 17
20 8
14 6
16 12
32 20
26 30
10 39
39 40
41 18
9 8
35 39
26 38
16 34
10 8
6 7
3 5
8 36
39 4
33 11
9 4
40 18
40 22
2 2
19 38
41 24
33 12
30 43
42 25
45 10
28 14
34 27
14 6
14 6
7 21
5 16
31 15
40 31
37 1
38 31
16 38
6 32
22 13
11 36
13 17
29 33
18 5
26 2
16 14
19 30
8 28
15 29
2 41
36 37
14 43
15 6
42 29
18 17
13 26
24 22
5 25
16 32
37 23
2 2
33 1
42 34
44 11
36 30
31 4
17 39
20 44
17 6
30 9
26 36
13 7
44 37
40 40
31 42
34 39
15 3
35 13
16 4
14 20
2 23
9 5
10 28
23 12
19 29
37 13
44 43
31 3
41 32
5 7
26 34
12 11
36 45
30 36
41 19
18 7
28 26
41 12
40 6
32 3
7 45
40 22
34 20
30 21
8 38
27 42
40 19
29 16
28 34
14 14
30 32
8 15
13 17
16 35
40 16
43 30
41 24
32 39
9 39
34 20
15 34
11 44
20 29
17 30
19 43
4 15
27 44
37 10
34 20
40 36
24 25
22 19
19 18
16 9
17 16
5 12
12 15
20 34
7 26
41 1
11 13
14 22
35 26
29 2
40 37
23 6
28 32
9 7
23 27
11 12
31 10
34 12
40 43
25 23
31 19
41 10
9 9
36 28
13 32
17 23
13 17
3 3
14 1
23 2
11 39
37 31
13 43
24 18
41 26
41 23
16 46
25 26
15 40
34 22
18 31
25 27
40 2
6 5
16 34
11 44
45 4
14 10
34 14
37 4
14 15
45 28
14 34
41 44
34 28
43 45
31 38
16 19
21 20
23 34
20 17
3 33
42 26
22 37
15 17
27 38
14 1
26 21
43 28
35 30
8 21
8 12
34 44
10 6
2 2
28 12
19 35
16 28
15 41
3 34
16 21
33 7
14 4
2 5
32 38
6 41
29 18
16 14
37 25
13 2
28 39
1 2
43 38
28 5
43 36
32 26
14 12
30 15
33 4
10 31
34 12
2 3
32 15
36 28
10 23
21 24
16 15
36 32
27 38
27 25
1 29
2 1
2 36
31 10
25 45
25 9
29 14
28 35
14 34
14 7
10 21
25 6
27 34
2 46
42 4
1 46
6 45
30 43
41 39
21 8
16 11
8 16
14 36
20 33
46 29
38 19
26 43
45 28
31 13
23 3
42 37
4 10
7 8
9 5
1 2
28 20
26 15
30 24
43 21
38 10
20 20
34 32
14 23
46 1
36 12
17 14
7 6
38 32
8 34
37 30
41 19
4 44
41 21
35 16
36 14
44 23
14 1
30 2
19 45
8 26
20 27
7 16
15 46
18 20
6 6
36 26
22 43
13 11
9 15
30 4
23 22
33 16
7 12
6 38
6 44
33 23
14 17
17 14
39 46
17 3
46 6
30 46
46 36
12 44
18 5
45 39
43 2
30 5
25 4
3 4
35 28
35 26
40 1
27 15
2 8
1 18
5 1
18 3
19 43
41 35
28 31
33 43
15 33
40 46
23 15
29 22
17 2
28 22
40 6
5 35
43 22
24 4
44 5
3 10
33 34
1 8
8 6
6 2
2 43
14 42
24 21
3 11
18 31
21 39
24 18
41 16
30 15
6 1
10 35
12 42
34 22
41 16
22 11
37 22
11 33
9 28
38 12
30 9
12 23
5 45
7 18
5 21
29 15
40 1
33 32
2 7
10 8
38 19
25 30
30 45
43 5
27 3
34 17
29 32
19 3
2 24
12 19
32 46
20 24
13 35
7 19
24 41
45 11
21 5
45 39
33 14
45 20
2 36
2 38
2 13
35 14
8 45
43 4
19 24
17 35
40 45
11 14
40 13
13 19
17 40
17 47
20 7
45 2
10 5
10 20
1 21
22 16
40 26
38 17
2 10
24 6
47 18
8 31
1 31
1 47
46 13
38 24
2 33
36 6
5 38
3 8
18 16
46 6
36 21
8 2
38 7
21 16
23 8
13 30
47 45
15 14
6 16
29 39
4 5
40 31
7 34
41 19
42 25
3 30
12 20
34 19
43 44
32 25
43 47
39 10
1 43
37 38
45 38
19 36
35 47
31 28
41 44
27 7
25 44
5 7
20 11
20 43
15 1
44 1
9 10
7 28
25 32
41 17
18 26
7 27
5 39
47 21
42 16
29 10
10 27
4 19
40 35
5 6
6 30
10 22
21 35
5 27
43 21
44 32
42 44
41 15
45 13
46 18
3 1
45 6
31 32
7 5
39 14
17 14
20 37
10 25
35 16
28 19
12 35
23 22
1 27
13 1
33 20
22 21
6 34
29 6
15 25
31 22
10 4
36 47
18 29
33 46
43 42
15 37
10 1
2 29
22 24
30 43
9 20
29 43
35 42
46 30
18 36
16 15
37 42
5 38
36 11
17 9
24 3
12 22
43 13
44 29
27 14
33 15
15 47
6 44
34 16
13 9
48 18
39 9
4 40
19 48
38 26
46 29
30 48
18 17
22 33
31 44
11 18
30 38
11 39
4 2
36 27
31 41
38 3
39 29
16 36
46 1
46 19
5 20
22 33
41 6
21 2
28 39
45 19
35 4
32 39
14 5
16 29
45 26
37 44
44 5
13 14
3 24
29 16
30 5
40 28
19 48
48 16
19 47
30 44
44 16
23 32
46 43
30 18
45 44
39 23
18 41
18 2
13 23
28 9
32 5
43 45
13 8
43 4
19 12
21 16
25 36
1 17
37 31
7 46
37 11
39 41
2 10
14 30
15 43
28 21
48 7
16 7
37 22
39 25
1 37
24 2
10 48
39 24
21 21
16 30
14 32
47 1
23 6
43 37
15 46
27 27
42 7
7 40
14 11
16 41
7 8
38 34
23 8
8 49
27 48
3 11
4 6
35 34
16 18
5 20
10 17
14 26
10 34
25 33
35 35
34 36
1 11
28 16
48 41
30 28
32 18
14 20
23 32
30 20
40 15
16 12
36 16
17 38
43 32
6 2
40 35
2 1
23 26
29 26
1 20
6 14
22 24
7 42
44 16
33 32
23 42
14 28
22 49
22 7
20 1
9 22
9 35
4 47
29 48
6 45
20 21
34 12
8 11
8 14
39 17
26 23
45 26
14 45
49 20
1 44
36 17
20 2
35 33
25 1
42 27
19 7
37 10
21 40
42 2
40 30
3 1
19 27
49 38
30 40
30 22
43 45
43 38
30 5
31 19
24 14
26 41
37 16
22 39
13 21
41 35
20 7
38 20
18 7
47 7
33 44
39 12
14 1
33 31
45 32
27 12
14 27
47 25
16 39
12 46
30 40
10 23
13 5
33 29
42 16
11 45
12 47
14 14
28 43
43 41
25 49
37 9
33 7
2 41
4 11
22 48
47 44
43 32
49 37
36 18
41 27
34 39
4 23
17 3
32 10
19 5
17 5
5 37
31 4
22 28
49 15
40 7
14 41
39 39
19 44
25 42
5 24
31 29
33 25
44 41
32 42
35 23
21 26
23 32
1 40
24 20
40 16
14 24
44 48
25 22
7 39
17 12
24 14
2 29
36 25
42 36
21 24
5 50
5 45
25 40
1 38
49 48
16 37
7 44
6 41
29 10
16 20
48 11
19 21
33 6
12 5
26 28
40 23
7 40
13 18
1 19
32 21
9 18
29 11
37 8
32 32
39 19
20 25
25 35
26 8
47 5
29 38
50 26
42 40
36 17
22 5
27 20
18 50
17 27
30 41
31 12
22 8
26 46
31 22
30 16
32 9
23 32
3 21
10 48
30 4
13 6
25 23
4 32
15 28
33 50
8 35
45 40
42 20
41 8
30 22
4 49
13 40
5 2
2 20
47 26
21 38
25 46
31 19
13 25
3 29
7 22
4 34
38 5
34 39
50 31
49 12
31 49
17 9
20 31
43 25
39 19
4 17
4 26
42 49
19 15
48 51
30 7
23 4
11 38
3 19
34 4
19 41
44 22
10 10
48 6
46 35
41 9
20 7
1 4
47 11
30 4
27 14
20 2
13 32
46 11
5 36
25 38
24 11
43 27
16 12
3 6
35 28
15 9
43 39
45 17
38 40
17 49
23 10
21 18
32 13
46 44
12 42
4 32
35 17
21 26
34 48
40 18
2 23
29 26
33 36
2 33
22 38
20 20
49 1
30 21
5 42
10 43
40 37
21 49
35 48
46 25
47 48
42 48
44 15
50 8
24 34
36 50
12 31
1 10
49 50
44 33
2 15
9 46
30 15
40 3
36 37
43 37
1 17
30 43
38 17
11 34
36 47
4 27
11 5
49 16
48 5
39 42
47 7
19 9
7 16
51 3
50 44
51 5
19 5
47 29
15 28
39 49
47 21
40 31
45 27
1 3
24 10
10 51
19 29
1 21
10 11
18 2
9 22
39 21
23 15
4 32
44 17
21 2
39 13
45 23
17 10
46 2
39 22
14 16
19 6
25 37
35 4
2 22
29 19
16 24
38 13
4 31
35 39
4 21
50 24
30 34
5 44
24 29
34 1
22 3
21 20
36 6
37 34
29 5
12 35
43 14
30 36
31 15
49 2
28 14
25 4
33 33
28 11
6 50
16 36
49 37
7 25
7 25
6 23
33 35
11 20
15 44
16 4
2 49
12 16
2 13
17 28
15 28
6 34
7 50
20 5
44 47
28 10
49 22
29 25
37 30
9 20
4 14
29 18
36 21
50 28
41 45
49 52
36 29
28 9
9 1
51 11
3 35
5 41
33 29
38 35
18 10
31 31
16 40
42 3
32 4
46 28
25 23
41 34
16 32
4 9
13 17
29 20
2 51
11 38
52 17
22 3
37 9
43 11
12 9
34 46
21 6
41 9
4 11
12 17
40 35
10 16
50 36
14 33
13 49
27 12
19 38
21 3
20 1
44 29
51 24
37 12
15 12
46 3
24 14
16 42
5 8
25 22
29 29
1 6
5 38
11 16
22 35
1 28
4 11
15 18
36 34
36 23
17 40
48 49
22 12
19 28
29 4
52 6
6 43
25 33
29 14
35 14
45 26
3 49
43 35
50 13
16 2
25 6
33 13
16 29
5 41
30 12
8 23
13 34
17 35
37 21
1 18
40 17
5 1
51 14
41 37
50 13
28 20
1 51
23 36
24 2
14 43
35 53
42 12
36 21
49 46
1 38
1 15
7 30
7 29
17 40
27 51
42 39
33 20
40 1
44 19
46 25
18 43
1 11
12 31
49 49
36 33
1 36
49 36
40 10
26 38
53 40
8 17
31 31
40 1
51 27
52 25
13 50
3 40
26 14
21 20
40 37
27 10
30 5
50 48
49 24
44 12
19 10
49 45
45 3
46 23
9 25
18 45
46 47
46 48
25 5
51 32
47 44
52 32
9 16
49 19
23 31
40 41
38 19
6 42
46 12
16 15
41 19
37 34
26 44
39 19
12 36
20 30
10 2
44 40
5 8
50 21
52 35
8 6
35 3
27 18
1 26
48 4
51 28
7 3
2 11
6 46
34 47
48 38
46 47
11 10
34 33
8 50
35 4
6 1
10 43
21 27
16 53
46 4
10 39
41 43
44 16
43 50
53 27
11 39
28 41
1 26
6 51
23 16
15 16
14 4
17 51
10 33
48 44
44 23
44 12
32 9
39 52
34 23
37 27
50 17
28 12
47 20
10 13
51 13
2 17
48 53
35 50
9 9
12 14
7 48
33 26
32 52
22 39
52 41
15 26
38 12
14 22
39 21
36 13
16 15
1 48
38 48
26 33
32 4
15 29
9 46
9 22
25 48
29 25
25 20
17 30
39 41
20 43
9 10
2 47
38 43
32 32
37 39
7 27
8 39
27 37
17 17
45 52
15 30
24 33
40 38
50 47
36 10
54 10
10 30
8 28
54 6
29 17
34 37
37 21
32 11
17 2
27 12
22 3
13 53
22 46
26 2
40 47
2 12
29 54
49 35
47 11
54 20
2 3
47 49
3 43
49 19
5 5
21 30
12 32
54 12
17 51
39 34
42 14
32 22
33 25
24 44
30 40
32 26
17 37
45 2
33 8
53 46
37 1
37 46
50 51
36 50
52 16
54 7
36 29
29 17
10 9
45 18
12 19
43 26
2 48
42 9
18 41
50 46
35 20
45 53
4 30
37 7
29 49
18 39
39 24
4 33
1 54
21 39
39 42
42 33
54 40
53 52
40 8
17 26
9 15
20 54
39 14
28 28
4 13
25 52
17 30
36 15
17 23
43 18
25 46
8 28
21 41
1 52
28 10
44 29
49 52
38 28
35 50
37 9
22 31
8 11
46 21
23 44
37 2
48 40
48 14
25 13
38 17
2 53
23 42
43 34
33 39
21 21
36 33
44 23
49 14
41 6
52 42
40 48
5 41
31 24
51 13
35 31
55 43
46 40
25 3
45 18
7 8
23 11
17 11
52 7
20 4
28 7
39 38
6 9
10 41
8 12
35 47
22 10
36 53
41 16
12 33
36 51
43 5
23 19
44 55
7 22
36 46
45 55
32 14
53 10
38 38
10 28
21 22
33 27
55 40
19 7
47 45
38 28
13 41
40 6
19 14
39 17
49 45
9 2
7 5
34 46
9 32
4 16
41 19
37 12
33 18
3 9
20 10
51 24
51 7
15 43
46 22
49 33
4 21
27 51
9 23
50 21
53 35
53 11
34 35
26 15
24 56
46 10
19 10
44 47
39 19
32 35
14 14
29 47
40 18
18 29
13 20
32 27
53 46
51 51
47 26
46 28
47 46
39 53
30 26
34 30
44 2
6 15
33 18
28 11
30 4
44 8
42 21
22 11
16 6
17 36
27 41
49 43
50 4
9 36
13 25
53 35
40 40
9 17
19 1
30 3
40 50
32 19
23 25
41 29
1 10
54 20
46 25
55 32
18 36
13 3
2 21
46 37
45 25
16 45
10 6
43 44
53 57
44 2
7 43
51 22
45 42
10 49
22 51
53 33
37 12
20 19
42 9
21 4
49 49
38 5
3 50
18 16
11 9
12 22
30 54
1 53
53 1
15 32
7 43
45 48
8 2
26 44
21 52
9 29
46 50
12 25
21 28
53 21
41 29
56 5
9 41
16 16
27 42
13 16
27 11
16 16
37 48
47 35
37 33
53 53
51 43
44 1
47 1
45 8
55 42
8 24
55 54
29 13
6 2
21 12
21 53
18 19
1 16
36 35
44 57
48 33
47 6
34 53
11 52
1 45
45 56
56 16
10 11
29 36
30 10
7 25
38 19
4 38
46 18
30 30
8 42
10 43
37 50
35 2
28 27
30 1
12 32
1 48
37 4
12 38
1 27
32 44
37 1
18 7
16 39
47 40
22 15
28 26
23 9
20 8
47 46
5 36
30 6
54 49
36 41
56 41
15 16
25 51
20 55
12 14
51 12
32 52
26 13
32 54
24 12
3 46
34 4
52 8
10 53
17 45
35 54
37 15
12 36
48 30
56 58
23 43
26 6
28 33
16 6
31 26
5 24
16 42
44 56
46 2
21 37
9 20
45 24
4 55
12 32
33 52
17 2
31 38
32 24
38 46
12 44
21 38
57 53
47 29
3 22
14 12
56 23
10 56
31 27
40 7
44 20
3 49
49 3
32 27
54 55
18 58
19 39
11 31
44 20
8 21
37 24
16 49
54 3
48 20
17 58
10 2
37 15
53 28
55 31
25 52
11 16
7 1
6 45
58 22
16 1
13 10
1 34
48 47
55 49
57 13
50 2
3 15
1 25
41 54
27 11
51 32
37 42
35 1
26 36
46 3
54 46
47 19
22 49
31 31
26 17
44 59
20 58
47 16
53 50
35 20
39 31
34 2
56 36
51 38
27 21
10 40
55 33
45 1
36 46
11 26
5 45
4 34
25 10
5 37
53 15
39 19
49 58
6 53
32 27
21 43
25 32
10 3
30 29
53 51
53 31
57 10
9 29
34 47
28 60
22 59
22 7
53 44
28 23
16 20
36 58
46 59
9 38
4 59
12 38
21 19
48 19
2 21
6 45
4 21
45 52
2 38
4 59
30 33
29 21
4 12
35 37
50 18
49 31
11 31
51 47
43 9
27 58
34 26
21 45
10 12
52 14
15 60
46 33
29 21
39 31
9 32
46 59
57 16
53 8
58 8
23 39
21 40
50 9
11 6
20 31
19 11
44 60
55 28
54 40
36 15
44 18
17 43
11 54
32 16
30 53
14 16
43 57
48 16
34 21
28 47
36 36
47 48
23 38
9 36
34 31
5 10
56 38
28 9
10 55
37 36
45 12
45 59
5 50
50 7
49 44
18 12
32 8
41 40
51 14
54 59
60 23
7 46
7 59
47 36
21 26
29 25
56 22
42 13
11 18
41 4
7 39
53 54
33 15
6 31
43 54
41 24
28 17
7 52
49 61
41 54
9 11
38 19
51 13
28 19
15 21
50 16
7 27
20 29
39 39
40 11
3 61
25 49
21 25
11 27
35 42
60 15
47 25
8 21
27 24
10 39
37 55
4 12
16 34
26 31
18 62
2 57
4 59
28 6
3 4
43 58
21 21
9 6
39 26
24 39
9 31
21 49
17 46
60 49
30 26
59 21
50 2
51 49
5 21
53 4
50 60
38 25
54 49
51 12
24 33
12 53
58 58
32 35
16 48
16 14
8 16
52 27
54 28
51 29
53 10
60 60
49 28
18 45
19 55
4 16
53 34
17 54
25 38
12 9
41 30
26 35
30 31
20 12
52 19
27 56
20 35
36 55
6 53
29 60
21 6
8 23
44 15
56 54
55 39
6 3
41 24
54 29
43 40
27 51
21 38
36 38
58 61
40 18
21 35
55 37
17 29
27 3
48 13
36 28
5 40
8 18
28 62
57 57
56 25
49 30
18 50
33 22
33 42
47 29
56 10
22 32
26 60
32 17
30 23
4 63
30 28
45 45
7 29
2 61
60 28
53 44
56 35
4 36
21 20
11 54
26 22
42 25
44 27
25 2
41 8
25 45
45 13
39 57
1 4
24 32
6 52
38 52
39 1
43 8
2 12
59 59
1 57
41 3
56 13
41 24
58 20
57 20
19 28
33 13
25 23
61 20
46 23
28 35
41 14
52 31
44 26
14 25
10 12
6 40
45 17
60 47
23 10
44 59
60 20
25 34
47 63
37 27
4 40
6 58
11 62
21 38
21 16
20 42
48 28
18 30
22 36
16 25
12 25
37 4
29 60
34 61
38 44
35 54
46 2
23 9
61 6
43 53
2 61
46 14
60 13
6 22
8 42
24 33
56 59
61 45
59 52
14 34
39 47
3 5
24 54
24 40
58 20
2 10
15 15
6 13
32 58
23 26
58 20
36 10
59 44
3 27
62 39
34 32
22 63
20 59
39 63
8 56
42 42
63 28
21 26
42 60
57 6
44 14
49 19
10 29
46 37
46 5
27 15
53 17
36 26
14 33
13 60
57 57
53 64
34 36
5 43
57 56
43 54
48 56
23 7
35 11
24 21
47 4
13 13
38 28
38 43
23 44
17 57
3 38
32 35
10 22
14 32
54 37
23 35
1 47
60 26
44 36
2 46
59 40
47 60
57 7
1 62
60 19
5 45
4 50
47 53
52 38
44 18
57 40
7 2
44 16
41 55
46 53
29 54
25 31
1 56
21 18
12 56
11 22
44 51
41 17
35 53
47 44
7 53
20 10
22 60
61 48
47 8
46 14
33 20
61 6
15 15
48 28
39 63
36 57
23 29
13 51
9 9
23 6
51 38
48 56
3 41
21 24
34 7
61 50
64 7
52 39
2 25
41 30
7 18
51 33
16 56
5 38
18 43
56 57
59 54
15 42
31 32
6 26
6 48
64 38
44 5
60 4
44 24
33 30
39 65
18 7
6 31
54 6
44 19
10 36
10 2
39 31
34 16
51 23
40 10
52 41
11 38
37 5
3 20
53 33
8 49
18 38
43 64
30 15
5 11
13 35
15 30
42 12
6 15
6 48
51 6
29 37
50 29
12 36
29 64
54 59
31 48
5 44
62 40
49 61
45 65
18 57
27 67
2 50
1 67
1 43
27 36
65 57
27 65
25 33
53 14
21 48
61 57
24 32
48 62
12 34
31 33
16 40
19 1
15 64
55 57
44 10
66 7
10 6
22 64
9 25
9 57
33 26
57 18
37 28
15 22
27 66
22 29
62 27
31 4
48 17
5 57
32 17
33 12
37 13
50 62
27 12
1 17
2 14
54 27
66 25
59 63
40 46
67 34
20 1
18 11
2 55
22 4
61 14
35 52
8 10
23 41
44 8
46 49
41 59
1 37
31 15
26 11
45 47
39 33
29 59
41 64
16 52
51 25
66 20
48 2
19 2
4 40
41 43
52 14
57 4
27 3
2 64
12 52
66 2
21 66
17 33
43 14
64 17
13 65
39 10
15 9
20 44
43 65
11 54
36 7
57 40
18 26
4 24
26 22
51 14
13 58
17 49
26 47
40 26
56 32
66 55
33 15
59 58
21 26
11 51
28 18
10 25
19 56
3 28
27 68
5 3
22 40
53 14
52 30
16 2
59 58
10 8
41 4
31 31
6 48
19 22
58 52
39 45
44 56
61 53
68 19
18 18
14 63
25 30
39 58
35 64
10 51
7 23
25 4
11 33
26 41
45 17
23 41
26 69
63 33
61 55
19 41
9 13
53 12
62 37
4 49
1 45
66 10
55 16
11 46
35 38
44 62
10 55
30 44
8 8
33 31
55 48
52 65
61 11
29 47
47 15
34 56
59 53
50 7
19 54
9 13
39 48
27 41
24 41
13 49
39 26
4 48
13 42
12 10
41 9
55 39
49 5
37 21
10 58
60 50
45 67
69 38
12 41
65 27
38 9
54 14
29 50
6 37
69 18
13 5
67 39
69 1
25 1
51 48
50 68
26 23
50 17
47 45
12 1
38 62
4 58
62 59
27 60
30 5
50 37
48 4
39 11
38 58
33 10
28 43
7 31
27 28
70 21
39 71
2 12
45 22
16 60
22 61
2 22
62 11
8 9
56 1
39 30
16 14
17 70
58 25
35 9
60 28
39 56
68 32
30 36
55 25
15 52
65 69
33 42
63 8
8 38
55 45
8 67
60 22
66 15
11 36
21 63
29 61
59 11
54 65
27 41
4 44
11 55
44 26
39 72
43 8
41 42
11 60
65 44
41 27
57 2
48 6
36 27
22 1
68 36
60 43
3 13
38 42
70 49
68 14
7 38
5 6
16 51
35 69
16 66
59 29
62 36
69 66
70 39
55 49
39 51
23 33
5 24
66 14
38 57
42 18
59 49
61 19
41 13
46 51
62 38
63 18
36 45
25 41
49 49
63 22
24 14
45 33
8 17
55 26
63 31
7 35
24 30
14 41
42 11
42 4
72 27
6 12
13 21
23 51
33 38
21 67
36 60
17 16
44 65
60 7
5 45
13 52
53 60
39 6
16 67
36 43
27 54
38 29
52 67
12 69
67 29
10 9
39 69
14 7
23 44
67 18
56 25
65 28
1 69
33 51
41 57
37 7
50 47
61 9
14 70
13 64
55 43
10 27
32 33
68 53
67 29
71 49
15 56
15 48
39 65
8 29
49 12
68 6
19 45
17 68
52 54
17 63
29 68
73 19
33 23
56 36
13 65
38 68
10 39
61 1
40 52
12 72
37 50
2 47
71 69
72 19
73 19
41 6
56 25
61 37
28 56
43 74
50 65
46 46
32 40
50 5
41 40
38 74
2 39
35 37
29 63
73 67
33 2
42 41
2 60
51 51
16 58
53 31
24 12
71 54
53 8
4 73
35 55
1 4
15 41
70 33
42 24
45 52
11 51
23 68
34 26
2 49
25 51
7 39
59 11
60 41
33 48
26 31
10 15
31 36
9 19
24 9
45 31
71 28
31 7
28 46
48 7
69 8
63 9
32 66
16 48
30 22
15 25
19 40
65 21
59 12
74 76
11 66
44 49
56 35
23 14
7 70
32 41
35 56
10 2
51 47
72 39
14 36
24 48
34 46
59 75
74 46
64 10
12 75
59 2
29 24
52 11
65 51
9 20
12 50
6 70
21 70
17 76
36 56
67 47
9 31
22 3
59 13
32 76
31 57
75 21
44 51
61 9
55 70
48 46
14 5
30 23
65 61
43 39
21 4
35 39
45 29
42 36
42 23
56 55
12 8
20 74
39 70
27 11
21 45
17 59
43 24
15 23
75 10
50 28
6 20
4 10
68 15
73 70
57 15
76 29
69 18
1 48
29 37
49 30
41 58
55 59
71 5
27 36
13 29
50 36
57 28
45 16
24 8
6 33
25 61
76 35
77 40
1 63
56 54
66 48
36 70
29 42
77 43
54 28
38 44
3 7
33 4
74 41
77 37
39 3
15 66
29 79
64 55
51 39
7 41
16 8
6 73
41 75
52 71
45 10
69 24
32 55
19 38
25 71
21 44
63 18
69 62
49 45
20 9
1 18
35 68
62 65
52 16
15 64
9 24
35 40
8 43
14 24
75 47
4 9
52 15
68 12
41 52
39 40
56 36
52 59
49 9
73 17
21 39
1 19
16 68
9 9
71 14
78 66
53 44
26 65
7 52
57 38
15 8
68 4
56 57
38 80
71 80
43 27
35 45
43 36
39 50
26 4
14 20
69 68
5 58
47 17
29 40
45 41
28 72
3 1
65 67
10 79
13 25
46 79
33 19
46 40
7 32
31 69
40 65
61 4
1 65
44 21
52 23
72 70
1 63
11 1
16 30
68 41
51 33
39 68
35 36
62 6
78 35
43 15
6 76
65 36
11 60
38 79
24 4
75 77
13 54
10 77
5 24
38 46
5 31
26 33
3 74
24 9
54 29
76 49
63 63
24 13
74 15
69 29
30 14
67 58
56 65
81 10
50 53
79 32
3 38
46 43
77 14
39 27
55 47
5 13
4 15
9 57
28 76
36 3
59 66
22 14
48 71
69 57
5 10
31 33
43 30
52 41
66 56
46 46
46 13
78 5
19 44
78 68
40 8
20 32
51 57
10 27
62 71
47 4
38 57
29 2
12 23
21 76
4 57
27 18
21 47
13 64
13 5
41 56
65 39
64 16
83 69
13 15
47 77
39 38
7 44
75 43
15 25
30 55
15 36
64 7
70 85
23 80
80 9
40 5
37 3
47 73
66 5
80 25
26 43
29 76
35 61
58 37
53 52
49 40
42 10
57 67
6 24
46 60
39 19
3 19
6 75
9 71
75 46
40 12
52 66
27 28
46 37
56 7
66 38
28 9
68 21
25 66
56 48
52 25
38 58
27 26
75 34
27 38
17 53
37 30
41 21
34 16
30 33
30 25
9 3
27 32
44 60
47 74
29 80
5 51
35 60
16 54
81 82
2 14
4 6
47 31
70 5
59 32
56 60
54 70
63 44
5 3
28 61
52 25
72 22
38 41
60 13
84 27
50 35
65 63
64 49
41 56
64 2
71 64
75 77
7 41
49 87
45 68
40 40
2 75
34 72
4 75
46 4
4 75
48 35
82 56
72 42
67 36
23 28
36 9
81 23
45 59
72 43
45 21
7 49
52 39
86 26
50 33
77 55
78 1
2 78
12 60
85 54
55 12
9 75
39 71
67 22
59 83
27 17
28 52
19 43
1 26
58 90
44 47
72 14
2 11
60 72
3 80
69 42
2 69
71 21
74 24
30 36
81 74
6 70
44 54
51 67
57 3
63 3
76 83
13 24
2 12
43 66
80 6
13 72
39 89
15 15
57 58
50 89
82 67
30 55
12 66
84 38
64 6
89 19
19 11
41 18
21 29
77 34
16 64
74 80
23 11
5 50
76 66
24 66
24 61
17 26
60 89
87 76
13 66
16 57
87 23
45 36
86 53
68 13
79 48
16 31
71 61
66 42
42 57
3 54
65 85
56 36
17 70
86 87
91 59
23 80
85 70
42 56
22 6
18 75
54 93
11 27
26 88
31 76
29 74
12 62
7 14
32 75
4 47
80 27
18 39
42 55
40 66
64 25
51 68
30 71
71 89
6 76
11 23
14 61
43 12
21 33
60 39
45 86
34 71
12 48
76 3
56 41
53 23
74 53
66 7
1 6
84 44
2 21
38 30
45 35
70 64
25 93
31 82
68 92
78 67
10 28
58 12
67 20
24 80
13 79
39 29
48 94
93 34
21 69
19 13
52 44
52 85
91 12
58 10
77 91
46 55
69 51
93 6
68 12
88 13
81 95
83 2
35 95
50 82
15 66
46 77
13 54
16 20
27 70
22 27
51 3
42 17
75 63
39 71
9 90
38 2
41 9
80 67
7 28
88 44
59 32
51 92
25 80
5 47
86 69
84 41
58 19
42 66
87 6
94 72
52 17
27 44
45 61
85 8
63 92
20 19
90 20
29 55
37 59
76 95
21 87
61 53
55 26
28 35
57 95
90 9
59 6
7 88
6 26
80 85
49 57
15 57
90 26
93 87
76 7
3 96
42 24
23 3
65 31
23 65
73 71
29 62
11 82
43 54
74 72
69 26
7 65
39 81
12 95
16 98
31 90
13 70
29 51
51 71
36 7
22 12
2 67
41 18
42 70
73 26
38 83
65 40
34 84
47 49
23 16
87 81
63 90
86 36
36 67
46 34
79 43
27 16
96 1
44 5
73 27
98 81
7 82
87 80
32 10
76 51
60 99
2 41
13 15
34 83
54 89
67 79
15 51
12 75
19 81
75 15
89 62
54 75
55 30
96 73
25 36
52 82
24 77
91 67
78 71
85 38
81 64
26 85
38 63
34 98
27 96
18 1
102 60
94 5
95 84
32 16
83 63
45 5
84 16
45 88
1 44
25 45
88 46
45 78
62 103
83 45
102 1
50 71
1 57
66 7
85 16
45 30
91 95
20 100
55 36
46 65
6 101
83 101
86 78
103 91
5 44
40 16
57 70
87 58
18 12
11 31
54 90
66 90
10 56
100 97
61 78
58 89
71 6
63 5
35 24
83 12
22 71
40 12
92 85
29 41
102 3
33 57
41 41
103 82
60 60
17 83
50 95
28 50
62 14
47 49
75 60
36 6
46 91
95 92
35 29
95 43
7 38
92 87
67 11
71 68
1 93
11 34
63 83
74 5
82 39
78 14
94 13
106 66
24 46
49 29
25 93
86 26
31 71
108 28
6 14
92 2
107 19
23 60
101 43
59 80
84 80
75 69
73 87
22 66
54 80
51 52
40 11
31 51
10 18
47 84
101 67
69 101
108 86
98 68
53 102
83 82
35 77
87 26
22 5
87 78
76 42
68 89
72 62
65 63
6 32
14 56
20 61
29 89
32 18
97 51
26 76
31 77
28 31
106 5
20 67
80 35
23 34
69 72
67 90
55 69
66 80
60 49
94 51
91 80
7 84
83 78
100 11
93 33
48 52
108 32
29 68
64 22
105 66
71 104
56 83
15 33
25 33
44 102
80 109
93 27
11 24
39 93
14 9
6 77
38 44
70 20
102 84
14 22
22 82
71 90
101 19
92 75
112 103
12 30
86 70
58 50
53 101
101 48
36 15
7 39
3 102
73 61
100 75
33 99
104 47
73 84
31 43
54 57
75 31
102 81
17 99
113 98
13 64
110 69
86 109
95 21
107 74
84 21
54 83
56 118
8 104
103 36
54 70
36 2
53 27
106 99
52 49
12 87
43 85
94 90
75 33
4 98
43 55
14 110
42 38
57 12
100 42
36 99
48 10
78 32
55 44
65 95
15 64
66 27
33 86
113 19
20 115
17 28
67 76
107 22
50 44
94 88
18 116
116 32
15 40
76 107
21 43
49 8
64 58
114 111
59 78
112 11
43 12
45 120
94 42
103 44
38 53
27 111
31 81
86 94
58 111
29 9
49 29
28 80
121 85
77 120
8 37
118 100
64 97
111 120
53 80
49 12
68 102
75 28
48 1
51 26
106 60
78 20
70 88
71 12
76 110
46 22
102 78
26 36
118 15
13 67
100 123
99 126
120 39
18 123
46 8
52 58
41 109
20 46
93 50
74 3
50 2
125 46
13 53
56 61
48 72
5 36
90 115
93 14
49 27
93 6
79 116
49 44
115 60
26 49
115 12
79 12
110 53
54 17
58 92
103 96
108 36
89 87
34 66
33 105
43 24
89 76
28 42
79 91
99 55
34 36
20 51
102 3
126 43
61 120
68 24
43 37
84 53
10 86
38 107
22 7
43 4
36 99
15 57
121 19
80 70
65 117
79 123
9 38
12 87
23 3
5 24
59 70
76 107
99 123
28 99
70 1
131 47
68 112
111 14
94 50
70 26
119 48
95 133
87 4
120 132
66 119
128 12
95 63
134 40
126 45
53 120
50 55
128 90
120 52
98 26
81 42
37 51
80 58
97 7
93 51
40 105
51 83
86 122
36 38
14 29
70 104
105 54
121 38
38 58
30 30
82 29
27 107
68 38
96 101
60 99
113 111
1 37
119 62
12 29
135 126
135 129
126 48
82 104
102 17
134 48
111 134
101 36
142 37
73 125
82 8
113 59
31 74
131 17
101 39
64 133
131 92
77 140
143 126
73 36
74 66
5 41
3 51
71 109
77 74
96 121
134 35
126 124
36 79
54 144
60 49
12 40
20 21
110 100
118 12
141 135
69 57
129 136
109 128
83 7
88 34
30 155
10 43
21 31
65 85
24 68
44 90
16 48
126 110
150 92
38 70
48 39
71 136
144 140
75 124
105 88
57 85
94 1
80 73
141 95
1 128
16 47
83 129
17 81
150 138
33 75
83 145
47 120
61 110
27 6
24 42
71 80
112 105
74 129
11 11
124 25
120 56
113 160
98 73
35 24
96 59
93 50
34 143
72 143
132 112
102 49
53 116
111 9
133 105
126 11
16 161
99 154
60 72
27 26
23 123
89 101
31 146
41 145
54 29
142 22
105 109
149 136
68 74
81 33
19 98
26 167
5 169
89 129
135 119
6 136
69 47
98 112
79 162
154 59
99 59
157 1
118 174
67 58
53 79
86 47
7 71
72 7
43 108
154 78
153 159
144 74
153 105
54 69
45 111
141 49
94 38
149 20
156 24
155 152
166 64
93 32
87 167
91 33
165 171
138 103
22 119
93 30
150 146
99 137
137 120
100 156
38 52
101 90
30 161
80 104
4 10
98 114
102 165
38 5
142 117
104 23
156 140
158 54
88 21
121 83
38 81
36 36
165 161
28 85
148 154
14 112
166 9
120 29
150 107
10 49
165 37
18 177
152 48
80 174
137 43
10 143
135 27
134 126
138 22
116 10
23 157
160 22
79 188
64 28
191 117
84 85
59 42
3 14
4 73
42 160
184 157
105 187
3 1
61 124
196 97
166 33
53 26
96 191
63 194
14 196
21 2
129 53
185 2
16 107
144 55
202 36
127 120
169 76
21 47
91 75
199 204
155 135
43 146
122 94
20 121
6 37
10 174
203 154
8 153
99 169
159 170
119 21
182 80
182 88
58 73
145 70
103 187
207 15
142 203
76 89
83 173
167 227
75 82
218 42
161 145
6 73
60 220
147 45
107 101
32 172
109 90
44 68
148 190
50 233
213 164
128 226
103 237
86 37
108 136
81 88
93 51
211 158
101 123
75 167
116 45
63 215
81 82
127 257
128 54
180 124
165 161
226 85
118 196
187 39
244 10
239 169
178 154
12 171
26 46
130 74
99 167
246 136
230 225
22 266
161 199
215 253
256 175
131 104
175 122
214 97
260 281
235 228
188 117
204 15
72 269
257 118
73 209
47 232
48 147
82 184
92 237
7 120
48 120
138 106
50 185
52 100
48 99
86 5
274 204
60 256
21 131
67 33
146 6
136 24
147 167
210 199
119 128
53 208
275 302
175 289
47 65
243 251
336 23
153 214
216 321
191 132
32 243
161 214
218 328
224 2
360 165
233 147
65 274
20 189
19 189
352 34
229 41
237 42
15 397
4 267
119 197
291 83
184 34
160 41
