100 3000
0 18
3 3
18 24
31 11
29 23
23 9
3 27
30 5
11 30
20 2
24 32
11 22
6 9
6 5
10 26
27 32
1 8
4 25
34 4
24 20
21 15
1 6
18 29
14 10
17 24
34 24
2 10
35 29
23 11
17 2
1 6
20 8
8 17
8 33
38 16
21 34
7 4
28 7
36 5
14 33
29 28
85 57
218 95
141 60
98 148
15 13
15 20
25 31
9 17
33 5
11 20
16 209
7 30
15 20
41 25
11 23
36 40
24 1
39 24
11 8
44 5
14 23
35 13
14 2
7 41
11 43
2 1
12 52
18 18
10 44
29 25
15 53
42 32
35 11
31 37
3 10
35 50
37 50
54 22
59 48
7 44
34 58
31 41
21 53
17 42
24 32
1 34
23 54
15 47
46 65
16 5
43 53
58 13
22 29
95 16
31 88
15 52
17 48
68 80
107 34
