10000 2516453
0 396
155 54
146 431
197 154
72 272
151 375
471 73
82 485
375 98
126 358
251 58
61 249
147 320
335 55
66 347
88 83
444 132
39 217
359 18
313 165
304 142
440 185
441 154
418 327
98 30
453 431
148 384
88 348
427 443
379 426
476 75
469 275
136 485
37 108
65 395
476 490
191 75
444 305
455 57
35 124
288 403
381 371
430 434
245 8
4 339
448 91
423 414
420 278
80 493
345 80
174 365
285 82
296 229
145 112
123 404
82 464
117 201
430 66
213 265
407 436
255 52
63 290
37 400
266 404
80 152
187 326
392 449
352 27
125 129
247 337
161 73
106 156
480 281
11 435
39 440
430 453
134 130
66 409
70 259
197 489
92 388
67 95
321 15
147 469
201 438
251 462
320 117
452 7
281 150
71 370
199 471
388 481
180 425
19 356
381 113
85 203
269 25
407 460
302 128
11 301
266 465
364 149
438 48
396 300
441 469
30 88
442 151
271 374
246 287
373 28
46 201
393 188
92 461
415 282
273 78
150 282
70 109
438 187
423 478
270 29
347 401
111 364
111 154
255 437
69 30
151 493
153 257
113 153
216 305
285 320
327 198
317 309
352 376
361 459
456 15
201 75
132 130
22 124
417 447
325 341
199 377
172 347
102 469
415 358
147 219
47 270
238 347
281 101
183 73
316 194
231 464
216 137
230 221
261 438
11 113
229 292
310 494
467 114
61 249
341 422
278 260
169 98
219 340
134 274
193 367
59 176
202 107
355 158
331 411
407 76
298 215
337 135
19 84
21 255
331 22
360 87
366 492
237 409
453 71
94 103
413 336
1 350
164 465
81 480
62 263
362 420
270 130
8 19
312 437
324 83
280 229
231 389
352 388
295 85
370 464
38 269
226 71
56 446
79 183
280 358
53 168
334 103
188 312
207 344
402 93
223 365
72 61
3 87
346 490
210 210
107 263
19 250
51 363
5 463
48 4
258 88
477 193
282 105
195 351
166 467
282 97
301 186
291 70
328 350
239 435
222 237
337 328
311 202
127 380
390 406
343 491
446 385
419 59
7 30
316 172
449 248
37 385
371 122
8 291
356 209
160 121
480 465
378 443
410 155
365 483
253 172
340 340
368 11
157 399
128 192
480 225
56 140
130 171
440 115
224 133
393 216
337 336
5 184
15 329
352 338
280 287
121 307
408 301
194 132
204 269
155 428
261 315
200 498
161 140
262 391
374 25
385 220
134 339
463 145
430 336
421 73
90 459
142 199
66 60
212 294
106 74
298 247
172 331
410 290
403 197
42 231
21 36
24 438
256 186
182 466
272 231
365 410
186 160
18 457
403 385
347 203
176 196
353 301
142 272
375 128
52 473
173 290
36 60
233 396
346 473
144 270
220 391
439 355
470 69
288 283
21 28
409 333
167 363
88 55
478 134
95 336
235 76
383 62
302 155
107 348
461 28
147 342
242 439
353 44
100 329
109 398
215 212
391 90
474 336
402 3
18 255
357 490
338 209
109 177
213 203
219 325
414 280
281 11
113 120
111 481
329 140
149 85
50 351
215 302
313 383
384 87
285 239
374 53
15 43
330 452
338 109
420 335
462 433
291 443
61 54
405 215
307 32
147 15
410 110
2 63
264 77
4 67
79 212
342 455
35 460
95 101
367 111
179 22
138 152
35 109
70 314
201 317
90 249
209 33
350 70
90 11
250 201
91 307
217 67
139 155
163 399
45 46
67 474
137 205
328 483
358 54
9 4
392 480
38 258
219 433
44 368
73 4
165 140
407 430
56 293
160 458
191 174
169 313
265 58
195 237
185 361
405 171
124 248
411 495
439 294
433 286
393 178
382 45
233 410
116 492
100 483
385 280
381 174
350 440
433 433
223 26
315 119
473 330
395 364
312 465
57 13
4 243
204 468
125 274
115 344
359 323
200 423
255 208
303 209
294 303
414 133
140 430
120 60
379 78
144 294
346 113
477 43
367 500
212 46
422 495
401 382
20 189
292 85
316 338
405 180
245 21
227 234
128 13
462 422
290 32
424 145
38 69
310 283
370 137
273 422
253 178
108 311
461 269
10 179
136 324
83 44
17 301
439 94
69 72
160 229
164 68
244 298
423 479
102 169
249 73
471 244
3 220
202 479
192 325
468 238
468 215
332 11
40 257
435 377
297 264
293 340
345 364
228 310
456 249
150 246
264 310
298 115
334 444
329 318
245 194
319 186
359 452
473 375
285 153
12 49
345 46
402 64
289 375
424 429
477 44
432 276
12 133
403 437
450 158
468 205
45 314
15 410
52 14
432 159
248 190
188 123
294 68
337 106
43 235
187 316
193 316
83 410
61 400
475 457
28 115
20 497
270 463
41 58
179 57
182 230
362 167
327 259
371 86
345 351
91 391
243 284
141 102
413 192
191 2
447 38
54 327
469 193
161 401
192 10
451 375
140 231
3 34
440 489
55 482
17 44
175 153
64 259
162 430
328 463
199 418
300 488
299 388
192 271
462 443
479 134
178 118
343 472
94 404
70 17
400 390
283 341
468 327
455 494
133 140
246 348
5 375
357 492
174 254
213 251
102 117
45 280
257 379
202 102
340 66
428 458
248 106
132 290
314 226
352 321
227 184
291 3
271 488
407 458
456 453
213 477
470 69
10 295
43 430
88 276
409 374
401 216
85 225
408 37
309 161
67 416
166 389
200 429
134 259
465 64
206 272
471 212
370 14
215 10
52 489
92 385
100 140
476 194
441 47
95 37
356 261
281 206
78 92
229 72
261 335
366 450
301 443
107 79
72 285
139 36
38 426
126 486
99 493
403 79
469 274
12 479
16 251
320 443
418 270
28 231
325 409
96 437
255 310
204 242
142 68
84 499
165 477
258 126
461 178
274 493
368 61
354 297
357 18
245 412
30 122
412 436
84 412
358 41
253 221
423 454
10 420
186 65
433 83
133 474
257 318
224 128
240 351
111 71
41 15
246 101
477 188
446 432
345 401
204 203
373 384
143 288
446 186
128 362
419 440
277 433
58 110
191 77
345 76
134 187
271 103
174 358
206 364
266 384
146 233
176 305
340 193
262 280
401 484
286 356
344 152
383 180
419 194
50 270
60 79
260 494
17 82
114 414
241 445
311 172
468 175
280 314
311 309
461 100
394 201
68 346
341 24
380 428
65 179
345 125
135 482
75 339
382 285
395 197
410 482
16 429
409 54
466 16
289 87
246 196
57 128
75 469
166 328
224 189
272 378
315 106
364 388
335 494
396 4
86 148
254 499
41 250
203 236
329 227
228 18
480 474
11 403
89 206
264 482
219 271
414 475
449 336
346 113
290 11
139 76
205 439
390 183
34 155
348 375
456 191
151 288
56 2
150 120
189 200
160 57
31 480
67 80
288 113
61 120
151 456
375 351
204 429
209 95
342 288
75 50
477 457
72 95
230 51
436 89
317 150
447 104
392 176
441 308
155 74
453 311
337 199
199 468
51 138
384 185
354 88
288 204
245 366
281 92
441 101
334 227
389 404
108 115
454 61
40 292
18 60
309 81
164 310
418 367
206 37
419 62
206 405
216 306
229 308
186 402
113 61
17 296
225 96
225 77
239 137
271 425
454 475
394 331
300 325
59 1
480 354
134 46
431 23
48 255
366 48
337 244
354 123
40 373
290 337
12 65
140 458
55 399
88 127
225 465
138 332
326 484
47 63
25 460
383 254
221 400
307 467
362 320
172 31
424 51
229 355
17 443
235 240
285 48
46 496
292 132
447 390
343 273
103 26
203 290
344 56
189 371
245 11
189 203
163 413
266 46
33 84
242 50
38 291
167 431
370 1
191 243
46 497
47 396
94 214
89 213
377 418
366 458
459 82
454 42
149 487
330 468
212 364
201 476
168 498
27 327
160 253
125 131
151 285
143 392
56 278
360 202
472 388
107 126
206 423
450 95
83 498
240 315
458 19
305 149
44 214
477 91
292 209
191 85
61 392
267 454
294 137
329 424
298 24
169 366
333 395
343 60
156 131
365 12
417 421
470 219
125 101
231 218
86 463
430 414
126 172
401 138
53 403
433 452
413 193
204 9
312 222
111 258
188 11
465 44
386 18
478 494
144 348
133 340
243 364
371 55
71 252
114 198
140 410
461 263
44 99
145 11
95 215
186 286
288 265
242 355
262 158
404 441
276 154
430 38
378 209
185 443
479 431
381 205
328 31
416 123
48 496
274 334
42 93
198 434
99 66
225 74
365 407
117 183
226 273
104 313
469 57
85 258
99 204
110 93
264 180
345 225
438 180
466 426
280 373
472 292
142 496
195 172
279 99
437 109
207 258
138 208
389 183
127 154
47 115
98 362
469 153
393 155
300 217
368 30
323 343
316 16
160 264
317 195
110 219
280 123
77 294
478 380
114 377
339 396
25 165
225 246
324 85
475 26
210 473
204 192
229 51
220 289
199 74
219 493
364 95
78 474
438 176
48 444
387 325
409 156
333 280
451 359
75 332
116 13
104 345
434 481
171 425
411 121
415 463
243 319
427 135
330 139
472 127
35 212
448 298
127 126
313 425
323 294
97 484
34 317
179 91
398 475
22 421
229 92
310 181
110 51
358 390
116 188
94 166
201 51
353 126
40 416
130 383
101 222
64 467
369 483
141 113
179 38
238 438
465 298
385 433
56 237
275 343
318 161
150 231
315 482
243 151
414 252
95 317
203 6
337 89
122 130
285 71
344 6
50 81
116 436
391 265
86 409
81 283
16 399
283 5
45 485
417 228
212 15
375 264
361 386
197 176
214 420
39 47
315 2
252 329
307 169
88 95
419 20
431 397
254 155
11 63
474 473
301 68
231 472
68 456
228 464
325 489
359 465
359 193
225 99
227 409
180 73
380 290
139 75
34 337
462 88
221 256
152 365
413 79
20 354
72 69
1 256
157 202
101 437
49 98
22 411
346 484
224 165
139 343
228 358
86 475
169 450
58 110
414 458
125 409
124 367
73 344
2 42
322 9
7 378
327 183
98 445
78 8
271 153
389 355
159 318
323 283
233 468
170 9
175 267
48 48
409 37
231 232
1 211
374 411
49 225
437 78
283 382
393 287
341 255
245 168
426 42
148 8
101 240
206 251
331 326
322 111
322 423
91 336
350 395
417 98
134 490
144 80
193 84
178 146
406 320
335 377
229 299
286 83
415 189
7 453
118 130
198 378
44 31
371 146
23 267
21 75
120 162
69 239
200 420
202 498
277 25
84 135
437 62
360 150
391 494
290 53
68 306
1 254
132 185
150 59
227 360
27 70
6 389
400 388
331 391
303 22
5 103
217 353
105 374
461 199
360 253
376 391
329 91
321 38
84 143
273 336
312 239
122 366
428 170
402 20
221 94
400 37
335 482
462 385
474 327
144 23
69 319
106 287
159 414
246 61
201 141
14 12
397 105
234 366
367 244
83 40
454 307
470 251
282 457
154 188
264 418
92 295
436 63
313 390
229 112
358 12
138 478
434 192
128 4
424 30
461 23
55 409
468 339
269 150
179 82
372 15
42 66
383 393
106 87
233 432
100 408
267 183
352 234
345 381
76 142
198 395
131 492
240 189
38 213
321 194
155 369
30 374
64 166
139 332
5 276
198 178
3 213
277 18
112 33
144 311
380 310
247 145
429 408
106 45
296 478
423 34
240 176
362 69
25 138
352 247
193 102
197 181
369 14
372 1
440 42
473 289
384 132
375 56
193 214
344 51
336 464
396 255
417 39
37 412
390 276
127 274
145 65
120 69
237 354
336 335
324 483
407 395
191 191
85 30
404 70
462 369
214 173
174 484
240 377
224 374
183 389
114 59
281 319
456 410
156 172
254 477
83 187
237 396
290 339
77 291
441 142
168 35
401 220
159 302
472 195
156 390
212 136
59 147
477 157
271 17
168 292
398 380
109 240
473 15
72 488
426 322
96 280
247 120
416 433
163 310
328 156
378 270
233 140
230 73
261 286
144 424
153 435
260 142
152 221
96 221
472 407
95 308
154 284
371 89
96 307
173 161
230 356
352 498
224 440
186 479
319 156
11 377
116 370
223 24
332 157
261 491
293 85
324 20
262 105
456 276
56 160
150 431
259 47
181 443
7 22
120 495
124 251
302 86
361 100
78 480
255 100
408 439
144 491
64 20
163 458
475 467
359 78
207 146
153 211
268 265
41 236
454 20
326 464
166 306
311 343
229 489
176 474
154 412
448 415
45 453
339 11
86 416
30 252
169 419
255 226
24 299
438 377
231 482
347 248
158 229
316 310
159 303
123 373
252 496
368 267
427 156
358 120
76 139
71 444
22 50
339 251
186 25
248 245
33 9
40 165
81 357
91 313
296 3
280 280
5 120
249 232
340 158
346 390
189 239
147 177
36 256
417 154
230 464
443 243
229 452
128 375
133 277
298 36
435 16
16 171
238 180
476 194
156 341
360 408
142 225
224 328
161 373
346 220
400 457
88 296
36 225
412 8
355 339
196 347
48 114
67 7
226 242
21 77
77 215
362 143
206 53
209 444
134 191
263 118
313 442
228 496
289 469
365 384
389 164
179 468
183 158
283 483
120 324
40 28
356 74
12 105
246 71
354 336
42 247
44 94
239 491
333 8
416 150
115 75
170 64
110 144
363 345
194 36
117 219
326 49
149 179
157 439
367 353
279 359
457 68
53 329
181 336
230 446
78 82
23 183
442 267
272 289
210 205
76 142
349 298
188 28
312 231
387 184
375 41
379 110
267 348
100 275
178 413
75 258
262 224
209 267
78 320
378 389
439 159
203 113
458 365
63 293
15 473
383 394
8 79
330 343
329 450
211 276
61 144
78 83
283 113
415 286
409 116
149 403
123 31
395 496
320 292
45 483
336 444
354 322
33 242
76 120
429 254
374 127
305 307
122 402
211 81
99 471
31 490
39 257
59 61
449 150
260 370
446 257
359 275
302 495
472 212
290 53
299 277
212 440
201 44
448 105
123 316
110 313
418 469
160 269
340 274
18 253
149 244
361 412
209 408
150 4
179 102
128 409
49 427
189 146
288 233
217 196
354 385
13 121
294 116
51 22
94 364
360 263
221 202
202 13
138 225
462 5
232 352
299 444
48 270
114 30
63 92
478 420
181 152
222 211
121 180
115 420
429 365
211 140
244 237
31 39
369 300
140 356
284 396
118 179
428 407
352 128
334 484
41 43
77 24
381 463
448 115
374 203
379 153
300 385
458 367
313 285
142 410
405 426
441 69
86 162
139 24
175 203
341 175
334 246
294 247
425 48
39 161
168 495
45 215
325 110
428 478
24 113
41 247
118 260
419 424
395 255
337 269
467 49
197 268
6 39
266 347
247 122
174 394
122 224
368 328
210 442
4 303
453 495
203 356
123 183
459 376
96 312
452 414
376 24
224 294
202 37
429 141
72 167
232 295
127 34
81 112
322 277
476 300
126 247
407 332
232 287
359 312
386 274
292 405
42 448
173 334
157 61
105 55
417 355
115 437
103 119
215 16
296 2
141 342
83 240
317 179
475 423
455 173
401 87
319 394
109 126
90 202
201 392
437 407
17 410
438 282
164 270
455 42
31 391
464 185
61 262
86 89
365 394
468 164
358 371
356 354
234 178
390 303
467 235
194 150
459 29
62 467
104 270
225 363
283 404
69 135
265 440
306 49
152 329
218 78
192 73
97 282
244 180
108 230
206 226
70 186
460 326
69 159
237 416
310 61
196 322
225 128
26 350
469 398
329 288
86 98
10 120
195 485
224 169
456 29
438 247
270 194
404 361
473 75
449 121
263 26
141 341
279 167
67 401
314 364
450 172
401 225
293 153
272 44
40 289
452 167
166 224
393 121
3 235
459 429
467 413
327 186
463 60
141 74
311 245
188 345
121 246
162 387
179 150
443 146
95 73
142 407
177 1
332 60
375 317
309 307
133 475
37 38
216 82
355 400
81 434
223 318
54 374
99 337
370 189
462 359
187 56
62 197
283 334
319 232
436 25
264 323
134 309
185 210
348 320
201 395
376 64
133 477
442 73
466 118
277 37
383 19
289 183
223 440
146 307
75 176
382 491
452 329
470 359
39 341
38 474
414 456
453 204
240 464
458 230
309 467
313 269
164 495
22 306
158 111
132 29
131 89
182 490
381 419
18 429
369 183
470 281
248 25
216 308
387 414
152 55
107 351
37 151
170 367
345 137
300 453
414 221
170 280
312 298
420 78
65 171
210 283
432 224
401 391
151 445
258 261
472 68
353 413
304 414
292 278
277 59
405 191
165 80
221 51
330 168
126 360
420 284
184 162
221 398
403 81
405 311
396 320
349 108
234 362
151 495
187 158
9 245
225 491
477 213
470 397
355 86
217 148
8 340
174 161
296 191
285 357
422 382
87 72
358 36
348 466
309 16
410 78
84 45
242 323
160 223
241 314
437 343
273 218
427 34
221 466
178 140
78 227
146 43
223 197
443 177
386 207
388 402
440 452
26 165
209 17
256 489
348 11
383 265
194 152
165 200
150 460
272 9
276 72
72 255
397 286
230 311
61 74
411 431
366 275
213 175
271 151
467 282
460 412
346 356
5 457
144 400
36 349
16 246
430 21
133 49
128 324
238 76
104 109
476 26
131 500
392 397
432 32
453 258
319 60
42 19
452 86
209 302
444 156
10 195
31 152
383 230
182 289
369 477
53 370
448 126
175 474
231 176
213 418
116 217
230 496
317 50
301 239
380 479
91 135
251 385
171 391
466 89
81 229
65 253
9 329
56 50
155 150
155 78
72 387
246 430
408 499
120 202
475 238
184 486
83 178
392 251
401 283
5 352
291 258
240 473
372 500
259 108
297 381
29 21
222 321
421 471
212 66
336 205
293 267
308 363
421 466
291 416
295 328
351 58
466 15
147 315
255 90
144 12
218 251
110 15
469 17
143 271
280 271
360 406
457 231
459 340
415 473
271 357
420 113
351 411
408 497
151 447
408 92
220 167
266 337
238 80
150 257
352 69
357 244
242 326
140 257
478 66
130 116
65 98
55 424
104 159
194 288
89 458
173 69
305 424
20 483
440 296
480 231
100 388
66 69
94 88
264 107
373 466
100 349
81 161
469 419
463 230
172 96
235 296
398 413
281 87
440 390
29 311
138 127
269 123
334 17
148 242
150 55
176 221
304 455
195 482
412 475
294 191
143 8
467 138
253 345
32 472
223 71
446 386
163 250
155 15
360 342
28 16
280 199
79 176
286 336
360 112
245 494
244 321
64 353
71 466
422 228
93 283
473 457
480 271
306 465
178 200
155 349
57 73
54 119
238 11
446 198
256 283
48 458
413 209
436 26
87 336
324 450
4 184
86 102
166 410
219 274
355 170
227 429
313 25
423 200
276 291
42 140
86 88
424 404
290 261
81 251
426 127
81 484
328 316
13 91
107 449
107 266
211 174
274 332
360 52
160 306
457 71
90 317
88 498
345 4
14 143
371 308
180 97
226 95
131 342
477 148
292 389
430 487
4 104
5 196
431 470
313 161
375 316
460 267
1 468
114 460
108 153
225 180
125 240
478 375
74 42
164 149
478 26
182 264
136 155
263 246
190 219
14 70
103 287
341 121
343 427
127 258
158 95
355 410
82 200
336 207
362 4
338 45
128 12
284 197
16 238
317 325
475 154
294 473
106 462
459 493
457 348
345 436
275 412
260 225
5 163
260 8
68 252
367 421
343 404
441 41
342 222
402 393
51 240
78 111
100 221
350 410
111 432
123 150
197 14
43 111
261 299
285 95
204 130
64 316
379 454
204 237
189 151
444 176
345 95
15 322
344 472
364 59
162 423
141 43
51 154
159 239
434 28
171 309
246 10
224 105
391 64
374 55
329 422
386 258
337 174
324 189
311 328
463 139
9 130
466 343
342 48
378 344
70 328
409 303
226 240
207 294
352 165
98 371
363 30
72 424
84 247
221 25
107 205
376 105
121 495
369 30
261 270
465 62
190 123
212 121
182 114
178 81
371 400
30 419
390 280
159 55
244 202
377 181
221 406
5 99
205 220
378 257
364 6
186 485
334 261
33 368
171 49
364 163
55 3
177 222
45 199
363 446
349 171
226 273
308 335
162 279
232 80
330 263
449 323
134 393
368 401
144 498
428 406
389 45
59 39
74 182
3 380
211 93
366 442
232 296
177 4
466 201
122 368
419 131
444 492
332 219
8 331
76 134
424 197
176 488
258 448
36 226
59 232
236 190
200 124
229 120
197 249
66 170
157 14
59 113
175 199
152 487
416 81
469 370
148 148
429 298
9 211
226 148
476 217
246 280
356 160
465 323
238 392
78 123
338 98
440 176
407 306
181 213
26 93
363 408
154 358
473 263
21 269
348 217
108 294
363 424
371 257
206 219
313 127
328 158
149 73
57 35
259 192
383 92
210 134
20 283
119 186
132 241
106 179
95 88
259 418
120 448
260 188
473 109
391 237
410 398
178 81
432 130
466 462
408 89
199 313
102 117
151 21
106 324
101 220
254 462
173 425
236 49
448 327
291 433
248 362
425 322
217 81
222 128
131 196
353 198
217 490
252 233
170 134
282 45
171 163
74 297
284 348
199 384
403 165
357 344
310 323
182 235
326 49
127 228
8 139
76 111
404 101
474 125
53 484
340 271
282 360
51 47
439 107
279 322
242 22
244 392
369 484
150 46
291 32
442 186
152 66
76 114
237 403
126 335
38 313
109 105
438 391
77 18
467 40
229 482
120 235
324 303
297 418
143 120
18 371
358 47
164 210
340 443
480 186
116 351
36 260
445 214
414 190
303 307
450 59
360 494
352 105
125 426
180 322
61 433
79 148
7 260
313 343
258 372
446 440
61 348
361 73
109 418
418 488
97 335
75 393
41 87
72 125
187 311
342 13
424 30
315 350
327 369
53 111
257 304
433 14
50 450
150 21
237 237
473 177
103 487
432 218
248 211
137 327
219 184
216 71
1 19
163 55
425 305
12 339
19 357
141 189
451 113
22 439
11 454
112 471
244 264
29 413
141 469
193 202
471 280
134 227
472 187
374 383
421 161
207 85
282 390
179 246
83 191
262 105
181 92
198 428
139 295
159 307
52 113
56 493
260 45
476 489
32 244
3 361
107 36
377 330
217 211
463 430
231 420
185 136
56 412
223 224
368 475
67 392
405 461
341 38
450 461
129 204
467 496
371 125
231 42
35 406
120 46
423 139
340 126
161 195
74 162
350 54
35 195
413 64
38 499
217 349
135 15
186 300
278 389
212 4
337 312
375 246
55 124
289 265
77 472
445 283
180 267
411 50
406 49
265 487
408 340
314 23
395 479
318 499
39 231
282 257
18 487
255 464
264 244
327 266
338 390
349 306
132 234
132 151
373 495
281 3
131 333
285 202
193 207
55 323
106 13
147 411
46 24
208 30
146 40
374 260
385 212
424 223
371 318
97 17
478 448
90 312
376 39
299 59
229 225
473 307
419 86
363 16
180 491
350 134
431 173
110 360
319 190
92 439
386 77
202 121
411 306
72 51
283 98
303 437
110 254
95 22
318 203
49 474
385 363
105 231
395 77
61 398
235 365
437 404
223 358
48 139
198 409
272 188
169 143
109 377
140 106
414 399
239 417
405 352
468 393
410 218
188 330
37 222
237 117
85 134
443 166
445 487
213 95
454 29
335 43
34 356
152 277
115 305
139 61
262 221
149 190
437 415
437 207
383 267
351 447
173 208
451 416
405 77
30 108
65 280
45 30
209 409
258 314
76 450
423 181
430 284
268 493
358 340
172 222
344 179
320 95
54 423
434 276
385 69
236 255
307 500
107 483
106 229
144 409
229 411
387 112
269 211
333 472
292 204
149 441
293 147
354 154
40 304
359 85
200 453
385 224
202 476
175 302
273 89
122 500
68 487
133 437
35 195
94 58
99 263
306 203
326 41
23 255
350 371
312 121
209 40
122 75
162 215
323 127
255 447
66 412
235 477
458 494
428 287
25 13
81 39
474 175
361 232
319 349
43 372
60 181
224 45
251 282
327 351
68 228
72 244
214 12
471 144
460 282
445 228
366 459
217 273
110 380
145 17
177 367
340 307
147 278
69 166
9 169
208 366
28 480
480 98
72 229
126 402
348 434
438 309
26 433
221 117
442 101
473 262
9 88
30 142
247 171
431 286
113 362
431 127
456 199
96 324
443 123
234 454
76 356
45 201
260 136
116 493
81 227
227 99
379 393
205 455
137 212
394 269
411 244
246 396
268 446
33 247
139 348
90 454
352 158
185 468
393 380
389 427
121 348
200 124
62 67
155 270
260 442
341 144
242 429
178 48
338 90
310 39
212 53
463 459
75 362
451 464
66 17
463 460
48 312
132 43
369 485
421 388
7 349
12 179
86 205
42 115
361 435
383 407
389 81
75 17
143 125
458 334
293 131
117 175
113 266
371 365
64 150
282 220
406 194
360 146
451 494
327 333
13 462
367 68
203 424
186 476
109 465
353 372
463 439
34 291
376 409
23 235
34 346
334 307
107 295
84 330
296 365
60 342
232 45
262 400
338 178
121 176
428 460
62 416
88 495
113 18
239 408
207 87
213 292
269 80
39 7
12 354
342 322
369 258
173 330
304 257
17 180
415 271
313 451
24 260
16 393
208 243
448 102
15 241
23 40
298 95
250 495
204 2
234 84
113 22
171 68
370 149
202 280
5 194
25 109
440 107
212 314
332 325
416 449
157 179
128 204
9 420
321 127
343 487
444 218
434 144
367 367
423 290
76 297
205 299
71 254
406 484
78 329
416 188
267 222
438 442
330 475
271 54
340 97
134 337
380 466
5 300
253 464
210 156
18 32
160 466
159 66
144 163
148 313
197 245
285 74
463 496
387 203
458 274
439 441
175 258
227 72
77 433
386 114
313 481
100 11
92 275
251 191
54 211
138 410
470 444
209 429
97 142
316 169
157 180
75 65
9 210
281 426
93 366
7 212
69 326
168 24
322 240
322 93
479 487
371 377
432 99
365 402
181 319
182 91
13 109
41 68
58 80
299 359
228 14
29 359
50 31
387 198
315 291
73 155
341 381
194 377
37 262
361 487
113 355
396 29
343 440
441 297
62 142
157 151
469 43
308 427
186 270
461 345
177 453
446 34
211 272
408 135
255 274
141 265
263 222
277 299
279 430
428 123
114 211
168 41
45 178
181 108
478 414
255 115
467 267
435 145
21 55
418 270
431 87
39 471
464 159
274 11
6 319
58 200
430 280
351 115
9 170
363 272
147 323
323 54
214 178
43 1
138 451
252 426
406 66
199 152
454 305
223 214
104 438
252 460
372 305
4 10
229 470
202 340
462 211
318 194
218 355
309 153
291 341
162 403
322 475
268 477
220 109
343 164
58 153
282 25
51 78
6 303
4 350
27 375
340 28
135 26
132 371
367 474
107 261
462 100
141 270
237 373
244 442
472 363
148 60
325 37
4 244
209 16
414 211
134 172
469 133
369 223
209 271
153 476
259 169
147 226
170 353
34 442
42 490
433 334
325 90
76 482
275 9
147 78
404 26
377 406
251 74
444 400
123 217
135 475
18 34
224 451
425 381
222 263
83 159
377 113
252 65
287 48
4 277
390 498
328 126
128 477
211 192
417 177
251 47
419 265
270 424
147 287
89 146
216 393
75 356
262 178
94 158
148 337
459 472
359 158
127 265
306 59
1 404
349 112
231 156
246 108
45 315
476 72
248 351
201 10
345 463
113 420
267 496
40 239
158 74
342 98
176 264
78 182
367 45
236 95
455 82
115 470
390 298
131 491
444 199
323 58
95 291
243 399
312 344
438 47
127 497
12 351
35 59
409 466
373 203
202 397
296 69
6 27
413 371
285 175
228 425
401 161
435 184
172 102
176 93
70 218
205 15
77 42
108 395
42 278
447 87
335 278
401 346
310 344
340 85
474 196
28 239
351 189
10 182
438 119
453 93
467 36
129 230
136 319
220 426
10 2
176 125
475 492
137 21
442 500
76 322
32 327
83 217
399 333
457 424
117 445
442 199
158 423
301 494
50 150
109 383
154 69
180 88
15 17
18 416
121 151
444 102
193 297
226 193
133 442
295 41
163 134
165 167
364 152
297 251
441 54
92 385
111 97
322 484
194 475
287 163
307 344
227 197
440 387
190 457
209 99
324 382
212 298
120 369
407 109
445 36
88 127
254 27
212 318
361 39
336 433
92 340
441 389
193 224
199 245
136 234
325 224
97 454
31 307
183 96
436 171
232 211
134 481
281 188
43 383
13 273
168 204
425 349
398 194
121 473
6 235
208 8
99 234
39 174
289 110
342 275
107 65
107 222
399 33
450 10
245 33
110 35
479 144
83 57
246 160
431 371
62 96
157 89
461 369
411 160
255 362
194 446
413 334
375 90
456 143
131 382
186 137
254 245
250 6
156 227
79 261
343 318
157 381
251 289
299 229
344 437
168 179
434 456
133 369
141 4
479 461
5 440
258 218
303 142
221 285
405 111
341 114
46 173
421 379
386 15
120 29
210 55
386 500
12 487
282 315
52 285
49 284
367 358
71 339
295 337
424 257
83 350
36 436
437 340
340 356
197 487
424 246
128 1
150 200
424 229
399 56
258 248
285 182
20 95
123 404
164 124
418 89
32 322
405 117
230 420
323 322
166 132
215 205
309 303
421 401
105 146
353 428
246 387
477 188
125 92
135 388
96 21
53 340
461 271
312 192
91 459
73 457
12 330
348 268
396 422
331 289
143 122
18 461
101 59
249 96
184 367
433 234
56 22
6 222
427 96
269 261
247 486
350 268
232 302
474 251
290 216
166 441
14 325
451 47
458 458
57 229
192 260
334 51
103 328
39 194
136 58
342 190
379 372
418 22
148 48
36 385
284 337
318 388
311 279
208 367
223 134
337 403
219 154
130 108
236 78
456 371
386 213
48 451
285 242
162 317
17 172
469 172
449 261
220 449
85 125
439 434
102 458
297 93
446 464
57 1
460 467
120 168
439 349
253 373
117 95
265 122
172 298
432 323
249 497
79 377
315 121
267 500
22 356
266 355
64 254
440 150
471 157
83 175
17 121
432 318
365 239
114 247
82 404
74 367
241 27
215 132
194 45
420 9
181 67
310 302
116 476
352 482
27 331
406 115
169 391
125 280
477 473
120 208
290 231
102 239
238 289
370 432
145 21
230 397
242 448
52 142
296 486
480 229
351 281
39 483
73 174
209 499
148 152
98 101
9 397
371 214
451 447
423 334
288 135
75 91
98 97
429 300
448 337
32 236
122 31
399 31
249 482
237 287
81 457
198 317
318 100
78 99
167 251
42 340
65 2
302 319
410 451
249 398
21 346
319 59
16 53
384 329
214 68
123 107
163 92
244 316
104 76
212 479
308 484
381 229
224 91
148 347
163 193
189 45
466 115
76 416
112 46
150 58
323 279
110 190
290 276
406 352
345 117
211 77
468 59
43 273
281 29
13 195
300 191
198 181
436 302
226 317
461 210
143 393
463 477
112 363
395 235
382 110
449 360
288 331
409 269
192 290
385 207
80 302
132 58
316 159
22 211
360 445
219 416
223 412
102 183
283 421
113 114
317 278
109 336
156 333
185 19
141 448
368 181
226 422
288 429
301 116
413 36
138 467
224 473
7 462
11 390
127 311
395 211
247 459
218 183
4 285
404 86
283 304
369 64
137 80
179 317
404 386
478 281
321 468
462 69
356 195
385 370
443 336
225 45
382 187
351 457
45 125
206 49
45 93
288 120
71 59
191 123
448 61
381 375
311 160
74 50
2 330
58 238
250 327
43 431
94 5
183 313
447 283
66 35
404 433
267 122
179 38
387 22
170 414
190 11
74 413
57 301
236 52
179 378
111 63
39 190
360 333
150 319
222 381
215 234
280 86
437 485
55 216
457 12
41 202
362 398
79 356
451 35
438 157
41 395
279 82
146 15
351 11
125 464
343 413
202 99
90 423
81 297
57 60
42 5
133 55
4 133
466 136
262 370
409 136
213 471
255 391
175 256
342 141
9 384
341 255
172 88
416 168
232 234
292 153
288 352
275 290
146 136
247 218
29 354
375 487
59 162
67 395
480 33
282 120
160 164
201 102
28 359
439 276
381 456
206 383
300 446
66 408
381 245
138 157
239 319
314 460
95 283
323 251
279 418
42 28
364 76
253 498
456 343
158 465
76 416
187 220
30 431
108 288
8 328
24 477
300 451
98 185
60 130
313 269
34 401
473 341
372 347
80 28
404 148
152 219
479 464
297 339
322 12
102 140
291 433
61 3
311 345
242 230
23 99
364 256
99 304
251 313
78 349
187 1
169 68
326 487
460 186
48 145
349 439
292 286
203 204
229 315
460 331
223 201
208 494
457 104
315 387
257 392
238 327
52 470
158 244
95 227
293 365
150 478
344 300
280 402
242 117
215 235
319 284
361 403
374 244
23 401
12 409
65 318
429 80
395 400
70 498
373 205
134 153
214 265
77 264
263 155
214 373
171 62
125 294
37 346
195 4
456 470
443 46
212 68
212 38
339 231
213 96
343 74
128 147
379 226
475 37
3 338
478 281
399 174
329 384
57 273
223 486
460 97
29 415
143 12
307 23
337 86
96 162
267 280
220 285
149 101
109 391
301 115
103 425
344 477
337 99
71 334
329 259
19 450
117 338
248 259
183 479
19 392
268 219
126 154
336 384
32 205
205 155
476 144
280 122
9 325
74 115
95 495
52 132
203 103
89 423
238 17
384 225
457 111
270 182
346 449
346 418
160 295
251 177
188 485
280 404
44 404
218 198
110 193
362 244
294 149
158 406
421 124
348 45
411 80
49 108
460 406
5 173
425 256
297 111
136 90
63 481
426 362
44 224
163 282
401 32
315 357
364 486
221 72
282 27
124 221
427 334
376 189
242 347
432 49
307 457
80 24
80 62
478 94
202 354
359 494
231 499
165 84
143 259
238 61
397 50
452 344
223 19
106 172
469 198
172 478
128 239
40 493
288 122
172 465
196 6
412 42
424 290
115 98
274 329
45 199
387 183
399 342
473 311
9 309
225 452
241 404
58 344
334 419
91 471
314 314
164 474
391 141
153 104
145 196
221 291
248 160
293 393
25 459
341 390
448 2
241 240
361 118
67 273
300 240
1 290
151 71
75 201
124 399
319 434
118 44
406 436
166 118
250 93
461 279
243 455
86 475
86 466
141 393
82 290
318 432
367 386
185 11
353 88
377 459
64 209
112 14
218 68
264 172
451 234
96 53
178 343
442 490
19 71
291 380
55 268
409 112
63 309
216 144
145 40
167 441
406 18
376 190
370 82
343 202
181 368
201 105
189 90
64 300
246 358
302 297
51 127
134 27
417 400
124 484
310 290
17 262
432 431
382 194
408 72
135 462
133 28
26 302
410 44
54 165
125 76
133 149
57 29
402 279
11 289
161 401
410 466
97 361
261 423
1 134
432 137
108 421
277 303
75 247
214 479
170 76
323 489
307 133
175 86
144 168
160 4
421 431
448 461
474 73
168 25
147 231
257 212
65 89
296 205
336 466
346 405
105 147
275 478
192 93
430 299
22 285
161 341
244 138
44 245
220 83
233 115
49 113
426 107
180 9
324 25
1 57
287 277
300 295
422 36
443 197
428 326
275 94
27 411
480 123
52 361
110 479
61 71
138 33
308 216
459 416
363 184
215 328
272 126
135 483
161 241
253 317
11 106
46 113
120 191
302 204
233 15
92 409
280 474
77 307
430 8
407 167
477 334
193 32
426 258
298 58
277 352
176 70
144 374
241 215
338 52
296 144
397 464
265 169
330 114
196 98
300 130
303 479
214 30
104 388
341 403
306 145
255 373
253 29
179 88
424 83
165 245
397 343
367 298
68 94
230 313
320 439
189 172
161 213
224 248
346 80
246 181
174 51
468 420
222 161
200 287
20 463
107 129
36 125
308 310
260 142
136 176
98 201
127 39
24 370
81 223
428 493
447 473
120 155
57 368
170 443
274 354
257 332
31 63
296 214
88 344
144 118
403 380
283 72
426 172
126 415
26 269
48 296
435 189
221 394
149 207
251 316
201 342
212 45
233 29
89 58
343 442
219 146
348 275
389 257
357 76
280 126
291 1
148 113
420 202
34 94
419 185
461 433
315 395
144 300
201 373
112 258
220 125
402 18
94 336
73 304
247 307
53 84
131 8
385 292
301 297
385 375
155 421
159 305
257 296
93 435
395 34
325 201
244 468
231 350
227 477
392 210
47 91
468 87
109 35
111 452
403 287
34 256
187 222
129 350
306 75
283 147
183 273
176 390
120 267
438 98
373 313
368 96
405 452
460 264
283 116
136 395
156 326
79 24
4 465
269 299
457 140
93 372
385 69
43 96
48 324
415 219
353 274
211 38
416 317
325 134
264 235
366 231
444 155
393 70
233 236
410 109
457 257
320 209
62 212
431 479
418 290
316 304
428 89
72 375
315 100
55 312
259 410
113 102
364 224
119 381
336 28
235 39
101 62
197 250
230 481
410 339
350 330
185 142
183 405
369 235
385 163
402 199
65 412
157 85
380 400
102 236
57 96
357 358
370 343
93 87
358 223
373 206
208 441
420 362
152 276
82 70
451 166
259 34
392 390
330 380
158 332
71 290
256 14
156 92
480 391
270 475
131 251
88 90
23 463
455 487
101 364
390 5
326 337
158 182
337 488
144 295
218 126
77 186
87 238
376 258
398 296
134 482
273 196
182 190
251 420
347 495
57 230
397 274
120 114
181 445
331 133
257 2
232 328
143 75
35 120
404 265
17 116
177 40
234 339
65 167
101 77
13 265
45 491
24 368
420 180
474 190
375 434
5 363
398 429
383 274
284 366
365 393
171 422
158 124
353 315
19 465
163 275
144 271
301 16
134 399
365 80
254 396
204 51
59 169
135 281
69 453
122 466
69 380
159 281
413 343
327 110
157 257
305 260
67 252
129 22
281 489
350 322
206 371
257 384
278 28
117 268
33 237
265 378
205 82
232 276
426 320
432 423
57 458
378 16
23 365
335 348
384 410
160 483
16 324
21 304
234 449
153 323
422 491
51 186
100 362
267 28
378 315
409 57
346 226
196 312
414 423
106 400
133 351
126 476
272 362
25 485
199 180
148 168
55 225
139 324
403 15
426 54
90 104
95 321
234 203
218 411
400 195
300 153
12 265
424 167
191 391
132 248
239 102
369 207
193 33
240 87
381 247
460 386
378 283
15 371
181 390
164 171
165 49
100 424
197 481
151 86
44 291
148 192
479 204
202 471
152 77
445 476
317 248
475 347
40 394
80 421
200 74
180 76
108 245
152 123
340 75
399 486
276 416
382 171
329 160
122 360
222 333
350 496
2 111
144 240
425 244
293 347
378 10
134 452
473 445
389 171
42 148
225 338
267 293
161 471
149 230
197 206
242 272
158 356
126 276
229 119
269 273
236 226
349 360
58 437
244 309
222 162
368 194
29 59
380 157
371 341
422 160
9 463
212 260
474 74
199 214
38 61
413 459
36 331
152 445
290 354
16 236
301 315
130 72
86 484
345 476
213 370
55 55
218 162
231 28
208 455
253 64
103 368
71 317
354 436
254 272
342 203
446 314
1 293
116 36
248 64
357 253
106 131
93 240
38 139
314 488
158 312
373 338
64 74
437 365
70 115
309 207
294 449
313 29
244 357
125 342
411 137
462 92
339 364
378 359
81 178
376 173
319 497
359 251
176 410
5 203
333 498
382 310
346 175
207 447
111 66
265 314
147 183
387 408
436 47
296 445
377 399
147 433
269 486
227 173
459 396
241 294
311 487
147 456
51 219
436 260
73 128
447 213
398 203
420 51
66 129
135 477
450 132
147 348
244 450
57 272
408 111
179 415
116 225
142 337
130 469
243 387
91 258
190 269
371 139
302 144
58 115
42 204
296 79
454 427
325 262
369 183
29 137
266 488
424 251
163 444
52 256
434 16
128 175
287 165
67 346
159 91
220 64
137 405
316 329
396 439
25 190
33 499
89 500
194 476
186 450
394 83
315 486
472 451
301 42
357 477
194 425
380 370
265 448
474 359
426 461
402 199
472 227
462 99
310 218
439 62
184 193
95 401
21 291
448 192
322 342
219 172
255 10
279 438
338 150
313 481
75 131
278 482
226 380
90 311
323 97
477 195
213 204
307 483
312 88
168 193
251 423
319 71
314 485
215 191
63 388
374 309
170 389
277 110
82 89
161 146
365 283
146 130
369 235
36 29
384 328
103 415
344 444
175 57
447 61
73 463
161 232
335 465
178 201
375 151
140 369
345 198
91 451
462 350
353 361
307 460
42 321
75 381
429 384
248 359
207 416
456 68
164 154
427 143
252 274
28 359
127 439
289 489
122 12
240 71
234 286
402 14
438 290
432 31
26 85
122 498
325 343
31 451
461 305
58 178
281 5
54 135
298 86
77 385
447 357
387 333
22 283
364 389
440 248
437 395
4 149
124 302
272 39
414 410
200 39
231 436
202 55
7 77
196 140
169 401
131 102
380 249
479 171
420 191
285 97
466 98
289 395
257 428
162 27
396 352
229 199
153 211
401 400
279 410
197 303
303 10
224 14
86 119
402 279
289 231
370 299
186 367
402 249
364 402
402 355
56 318
197 112
192 491
200 266
450 245
295 283
383 47
222 488
54 129
126 86
140 421
156 166
367 412
167 481
35 442
291 155
50 213
113 163
424 47
258 213
41 197
431 481
439 97
127 74
279 270
107 114
3 481
300 363
353 437
302 178
434 202
32 295
127 486
14 421
260 166
127 120
456 341
385 450
120 179
113 325
71 474
332 292
267 37
112 470
420 260
312 3
279 320
88 124
135 257
204 325
290 97
149 167
360 393
396 263
439 59
216 406
245 322
228 91
267 297
431 225
26 159
143 299
88 445
155 276
168 439
109 349
280 388
42 115
421 160
436 119
187 394
455 381
258 205
204 131
276 387
300 211
447 297
346 368
388 406
442 97
383 66
149 144
192 465
389 83
38 388
188 54
97 393
43 91
442 313
319 380
8 351
58 301
179 251
194 363
332 417
310 189
339 478
358 399
215 209
286 498
287 76
351 232
321 377
381 75
141 473
74 361
57 212
451 474
79 279
351 130
53 206
384 445
204 244
143 341
264 392
288 163
285 275
51 195
298 313
112 17
376 492
416 400
225 414
383 207
182 275
130 491
39 292
205 239
222 201
446 21
4 401
341 399
298 335
82 314
382 397
247 483
54 306
125 121
72 337
90 343
417 352
430 251
395 345
105 265
239 84
217 293
347 277
325 178
259 225
146 293
351 433
133 475
25 185
248 188
74 274
1 28
281 28
371 458
457 443
126 289
360 466
33 346
307 274
72 11
123 487
43 466
231 490
321 238
94 128
445 396
301 233
198 203
422 489
374 348
109 123
256 495
379 17
437 71
14 75
27 180
380 460
202 32
241 408
237 343
438 473
454 337
353 477
264 179
224 251
69 381
270 212
342 226
231 484
279 447
272 350
26 330
405 341
173 123
112 266
466 213
369 402
74 482
28 492
463 250
237 65
263 452
52 23
106 357
373 365
217 197
405 227
173 38
386 215
389 343
61 206
289 77
208 480
220 224
169 383
434 327
133 422
188 258
188 274
28 34
252 55
434 497
245 465
43 302
442 448
441 285
478 201
250 495
258 333
205 102
41 475
162 142
252 288
71 477
180 328
149 371
130 61
306 265
434 327
393 444
479 371
381 134
210 13
142 326
22 397
294 431
11 41
372 64
473 449
80 156
436 150
372 256
154 312
182 463
56 447
305 152
257 365
237 151
446 398
304 408
424 387
267 251
239 299
249 355
322 211
432 495
401 474
347 148
213 247
272 485
116 180
193 443
29 239
37 193
242 389
442 329
345 73
170 384
92 89
454 57
194 456
200 130
140 234
48 140
51 418
130 70
137 10
419 487
436 320
30 60
410 82
332 2
78 332
160 287
436 178
389 337
275 32
323 330
245 408
7 410
143 21
50 500
363 143
21 154
138 17
143 238
409 85
25 479
295 373
89 191
110 491
46 210
229 210
84 464
59 230
179 311
130 276
394 467
333 196
296 177
175 208
30 446
422 209
343 288
233 347
338 138
142 318
271 16
204 339
97 224
278 207
107 269
101 7
384 269
118 172
168 255
21 162
336 117
356 197
367 358
99 420
408 441
62 153
323 280
171 180
440 16
415 151
338 71
287 271
331 220
278 281
85 392
261 436
471 441
469 222
34 161
62 283
239 246
281 240
270 167
117 152
286 406
136 263
219 167
397 18
214 436
66 1
463 22
193 245
443 297
27 432
308 263
266 176
456 142
88 133
336 402
342 434
77 271
34 364
400 16
83 446
220 391
468 61
329 385
54 401
199 11
118 200
39 29
461 426
402 281
309 326
359 440
125 303
407 158
296 193
90 65
167 169
448 27
465 178
319 193
67 102
188 169
106 327
99 422
108 288
397 152
256 245
178 396
367 359
386 92
216 206
146 417
115 93
267 6
443 246
152 85
203 347
138 445
146 252
125 124
285 173
318 219
41 122
215 228
287 314
446 410
218 457
99 389
401 345
474 499
93 25
369 316
197 402
125 208
463 474
148 152
225 41
21 292
240 124
161 447
213 33
403 68
114 404
297 20
250 273
334 280
124 432
19 348
424 175
44 436
20 158
194 108
15 85
426 80
322 114
166 171
257 53
304 78
121 438
300 141
376 50
422 65
404 312
401 108
63 396
108 462
184 144
84 208
327 430
416 86
51 380
307 88
124 264
106 83
444 165
364 434
189 420
62 343
39 144
376 19
164 320
359 56
444 15
362 373
10 13
159 169
116 344
128 81
446 220
364 349
104 68
262 111
82 333
168 4
426 69
8 491
160 400
461 18
383 476
420 61
214 135
447 491
194 433
414 77
189 385
186 198
411 63
190 376
32 173
127 351
154 138
447 464
55 160
134 236
193 450
382 461
87 44
242 284
267 437
58 170
135 20
251 451
371 454
406 493
209 229
68 69
214 258
225 415
311 241
366 192
63 9
138 242
220 296
77 183
59 371
31 365
420 467
109 343
63 119
153 61
437 244
458 25
194 152
58 129
137 244
354 302
376 35
111 7
309 82
450 433
475 492
226 6
465 435
7 106
281 239
15 28
3 99
5 147
264 74
389 59
59 369
14 345
234 439
31 423
311 245
368 68
383 290
435 285
406 413
111 84
200 94
461 492
28 180
8 355
211 99
29 258
90 247
252 184
154 7
351 228
407 234
315 137
61 133
218 374
467 220
33 425
454 314
11 7
400 175
80 129
402 395
398 447
154 369
139 347
135 493
89 90
114 484
72 75
332 18
118 469
327 346
458 22
229 61
170 495
432 270
221 322
134 456
375 25
461 430
2 62
380 263
79 135
427 494
175 135
281 370
60 261
471 199
76 399
364 271
131 482
62 387
143 240
43 235
207 444
253 249
143 155
421 387
453 107
315 348
378 265
315 156
135 484
83 474
397 488
63 68
248 395
158 472
33 136
164 420
333 391
20 39
398 17
267 111
454 224
21 85
183 225
35 405
70 118
19 6
360 439
426 345
217 2
407 334
281 104
197 278
225 227
303 450
254 63
287 36
377 397
80 1
71 16
287 62
170 253
194 469
343 116
343 134
346 105
325 182
213 479
56 379
8 294
393 239
364 420
235 454
103 246
91 316
17 160
38 361
457 349
282 126
55 258
351 67
148 151
4 452
47 111
402 378
240 377
321 369
151 269
447 274
261 422
41 244
408 341
245 358
148 108
240 112
311 469
58 115
105 283
9 412
111 212
103 98
377 483
461 441
315 433
238 46
400 426
45 374
212 331
25 488
373 19
97 432
433 395
67 25
387 54
440 485
53 58
253 407
16 301
245 395
82 420
134 41
138 258
210 282
261 155
149 54
399 202
340 26
376 226
19 190
99 385
28 296
278 409
418 348
12 96
293 362
60 484
200 251
273 490
426 255
184 281
243 154
91 327
479 119
459 98
241 483
49 356
356 219
377 341
318 188
54 481
31 281
448 24
67 100
162 385
178 150
378 476
446 180
56 392
84 174
141 288
14 368
358 36
397 463
203 175
33 130
198 469
139 388
399 370
254 399
383 330
202 80
211 119
20 317
103 3
422 286
190 84
276 352
78 39
6 308
110 263
37 212
299 400
471 282
12 345
57 66
269 228
145 278
342 464
299 299
228 375
163 298
95 489
121 233
73 84
266 94
450 290
426 465
389 271
251 103
116 70
411 24
305 363
14 133
25 311
438 298
355 195
83 435
140 59
365 71
76 462
282 99
191 204
7 108
294 462
188 356
10 349
250 208
38 275
311 414
37 466
347 410
372 247
223 320
430 99
245 46
403 114
91 366
414 369
267 235
269 21
158 225
463 205
43 326
204 252
209 259
421 349
380 186
113 33
197 14
171 490
296 296
452 261
234 401
420 457
33 32
262 187
116 114
302 407
335 414
124 156
348 84
20 292
80 495
125 479
321 21
254 429
276 377
75 184
199 177
99 393
40 323
110 185
31 164
327 273
299 444
460 413
453 254
391 408
375 432
251 28
240 206
237 295
220 440
151 194
31 439
113 28
239 318
399 170
307 108
441 479
221 202
420 115
63 58
325 272
431 318
405 201
395 10
64 32
436 348
284 199
135 130
190 307
101 351
438 105
371 272
116 346
17 409
68 453
253 388
84 134
208 224
371 497
249 344
211 388
386 409
412 441
309 231
407 32
246 170
332 375
251 357
334 57
446 431
221 50
266 40
277 473
269 363
446 124
209 177
125 323
393 33
371 106
155 391
448 308
74 63
93 46
204 369
390 28
140 126
108 317
329 257
345 114
271 54
139 298
171 280
5 457
341 470
466 62
97 236
43 207
189 37
30 449
142 387
479 484
54 172
422 362
134 345
147 231
315 343
242 334
201 166
438 389
374 171
251 98
386 31
286 18
162 54
453 95
181 269
4 446
76 140
215 257
215 17
318 205
18 268
31 140
113 155
389 60
104 496
350 174
274 47
325 500
255 294
437 397
99 222
300 108
407 353
85 220
110 353
79 224
379 360
452 342
201 411
473 55
440 190
247 66
423 30
141 82
86 374
431 31
135 113
443 295
293 131
121 233
37 174
379 201
8 68
91 383
41 482
147 485
64 320
5 494
330 488
104 4
77 238
76 377
156 183
352 156
429 212
55 21
108 93
283 304
452 392
28 460
36 259
405 100
132 286
5 291
46 203
141 394
385 165
473 108
7 2
385 27
7 381
364 464
307 317
387 209
265 437
11 101
115 334
204 292
109 398
426 201
403 227
81 2
283 340
377 236
115 407
314 177
131 498
355 258
361 123
404 76
13 13
187 218
395 463
298 132
171 440
272 130
466 208
7 489
457 214
242 151
427 251
209 245
227 306
332 94
470 257
181 163
3 462
275 119
404 496
60 320
98 31
203 427
229 332
335 379
34 60
263 405
365 167
269 334
325 137
233 212
159 203
173 66
323 460
415 135
105 305
460 492
217 395
461 425
3 405
364 142
64 118
470 34
261 188
77 312
63 475
134 391
156 48
480 136
65 378
395 228
200 367
209 437
457 485
99 337
429 405
413 452
83 416
144 18
357 79
219 318
464 468
164 238
106 5
15 413
355 259
40 358
467 327
389 272
204 343
329 77
430 31
354 320
465 179
220 140
456 35
351 332
101 140
53 170
332 236
151 355
9 38
33 138
460 94
362 195
439 464
122 93
270 138
259 393
475 146
281 58
339 58
105 153
166 453
384 22
82 22
309 150
72 12
412 144
134 303
181 368
324 347
107 90
216 49
372 465
304 122
364 321
104 259
112 332
33 23
447 43
376 161
288 242
418 184
230 63
183 359
256 300
296 138
20 328
236 226
432 99
455 201
245 318
25 65
267 475
219 291
164 215
436 221
462 157
182 390
359 163
352 62
265 62
329 488
175 370
451 200
312 103
290 491
138 70
146 88
31 168
39 10
37 214
119 216
51 389
250 260
69 43
168 432
250 400
334 243
18 182
136 105
300 269
436 134
21 274
303 294
458 158
441 246
38 375
36 165
97 26
34 86
211 432
333 429
456 411
36 498
261 21
366 355
370 416
115 174
231 285
66 169
260 396
282 113
480 373
232 7
192 359
21 361
99 287
215 101
150 450
291 378
115 70
383 20
341 208
451 373
148 294
14 178
314 380
440 316
103 68
267 101
113 155
223 367
168 276
403 100
315 292
435 112
446 366
159 24
273 345
53 411
423 21
349 176
459 250
237 107
420 257
252 82
266 375
136 382
32 83
473 233
112 278
178 179
264 188
143 404
91 332
473 69
231 337
287 290
318 151
396 100
224 26
76 89
118 216
363 423
438 105
38 465
388 227
208 123
380 429
382 313
209 201
383 403
57 54
225 365
94 85
351 418
193 66
188 331
288 308
217 342
285 382
309 266
476 300
10 81
442 470
239 94
283 280
403 19
49 193
212 67
342 263
221 182
69 79
380 401
67 432
464 273
461 30
328 66
209 192
36 246
21 255
379 464
80 15
413 464
391 397
181 419
164 41
169 464
78 155
137 129
194 362
75 186
390 395
161 314
454 419
322 426
77 319
111 221
384 377
395 314
266 433
333 209
299 195
202 286
326 124
16 93
6 312
132 349
233 272
126 95
119 474
197 53
478 218
174 92
71 346
298 63
386 69
3 13
51 160
370 382
111 479
307 318
452 405
71 309
283 389
174 63
67 235
439 258
37 480
335 166
74 22
442 455
107 63
93 340
443 467
192 448
131 109
260 157
66 374
474 415
27 334
393 205
26 467
181 440
290 322
242 16
237 452
138 88
251 228
173 115
162 489
259 269
266 242
245 32
221 350
235 225
276 438
383 158
227 280
313 433
369 473
77 7
401 113
375 206
51 175
72 450
99 387
331 489
195 486
365 180
216 295
112 436
250 42
212 477
154 161
252 4
181 251
223 13
257 280
338 121
144 459
89 454
375 183
438 106
228 328
397 48
420 335
363 260
462 467
107 255
362 342
227 340
300 500
425 434
284 480
468 170
273 49
190 48
209 43
180 78
49 314
250 228
470 265
252 21
421 294
67 66
69 111
478 449
106 23
113 328
248 337
263 329
276 209
68 62
158 353
448 419
437 377
369 210
431 273
276 186
406 56
49 205
6 156
34 184
262 375
205 31
405 295
327 349
97 259
170 432
252 108
463 167
298 379
319 457
125 39
316 97
120 389
215 486
387 216
447 382
439 52
166 171
299 263
321 337
85 481
209 485
342 232
292 53
283 162
115 223
477 175
172 305
88 290
259 292
245 492
174 363
360 194
63 16
477 370
13 55
138 453
260 349
326 237
391 145
280 18
234 346
397 334
132 419
419 101
300 183
173 149
321 472
70 54
192 241
220 93
245 84
458 493
453 171
305 452
220 486
436 68
456 298
35 132
190 284
317 250
177 44
374 84
179 227
415 158
191 493
121 41
475 165
148 338
430 313
344 404
174 252
98 484
169 259
14 220
205 34
258 263
107 114
402 264
252 484
41 338
258 102
380 153
233 137
237 13
342 28
309 279
269 432
376 78
300 257
151 160
279 403
86 194
311 118
445 486
154 335
259 323
107 11
424 4
169 294
389 48
265 25
390 421
409 395
349 376
455 75
306 265
442 275
43 332
257 198
290 270
329 220
178 432
439 170
304 73
142 140
301 69
79 14
161 173
218 132
268 150
263 110
469 182
140 164
76 280
259 267
154 356
247 447
310 352
469 26
407 358
15 344
45 294
41 222
432 329
194 169
173 499
422 322
206 195
204 96
116 425
426 203
314 386
90 158
346 413
347 343
376 269
268 352
265 63
369 299
249 88
264 267
169 299
234 412
105 205
355 262
190 283
17 317
230 176
63 430
327 435
245 10
282 142
450 125
60 190
342 37
132 335
220 380
465 61
357 366
16 277
461 80
210 451
53 145
166 489
363 1
380 435
449 243
133 179
395 261
85 476
397 340
336 254
191 336
175 496
201 257
117 352
203 125
431 77
381 283
252 413
88 261
280 185
172 103
188 336
353 165
293 220
28 476
238 387
319 279
7 208
237 230
125 383
284 360
1 495
208 405
294 376
72 267
313 79
436 368
232 333
357 446
313 252
35 158
209 202
14 485
229 133
432 375
337 427
246 143
410 187
407 399
297 356
333 315
343 426
475 251
154 44
161 259
264 24
193 159
30 96
164 43
205 77
369 207
474 216
179 446
350 239
428 490
408 478
216 36
265 160
377 27
287 147
217 19
276 178
178 382
116 174
456 67
148 346
454 361
130 287
449 398
173 204
112 376
62 207
355 276
7 130
335 81
246 393
214 251
388 464
389 314
69 468
297 193
92 363
144 345
290 279
34 297
55 102
404 329
6 385
262 54
337 72
158 211
256 171
75 315
263 44
4 337
17 11
174 339
62 330
192 76
312 15
296 126
43 150
42 102
378 199
261 404
326 285
125 439
156 143
123 295
259 3
187 169
430 265
271 95
268 34
203 272
94 281
205 253
450 2
178 495
75 492
361 401
300 456
333 98
356 388
55 270
235 14
397 495
349 91
407 110
358 408
305 111
398 229
282 18
386 216
402 426
188 59
454 101
75 237
376 312
112 136
22 299
224 176
142 283
200 415
39 145
346 497
343 220
201 334
475 259
470 110
427 377
339 93
144 23
453 488
372 352
251 176
103 76
7 349
83 13
61 309
264 41
476 313
336 182
422 49
23 408
377 496
60 344
158 356
5 38
371 315
435 449
204 296
322 330
187 491
389 381
460 356
24 465
186 460
53 225
295 176
277 325
393 262
311 28
4 62
376 94
399 360
221 148
425 487
294 147
201 44
270 79
5 95
341 347
451 432
236 70
411 324
67 102
177 77
313 213
15 315
428 190
206 478
377 321
243 401
216 240
367 300
364 331
179 35
72 190
184 491
346 119
419 354
277 100
155 410
84 57
218 152
25 39
471 69
328 43
89 86
9 287
59 72
122 419
314 158
192 63
345 11
319 332
100 161
440 311
373 4
197 273
140 293
311 469
364 299
313 450
258 268
202 54
253 205
398 9
46 171
137 458
345 289
366 348
198 8
351 242
129 238
359 436
322 190
265 226
109 402
216 185
98 166
357 252
57 323
35 326
190 394
265 352
406 125
378 499
22 395
262 3
37 369
81 260
11 334
168 351
31 49
201 324
264 209
11 4
274 228
286 118
470 312
269 272
474 492
135 82
223 384
231 484
51 277
206 443
432 37
426 141
202 206
283 122
202 396
187 44
57 3
124 234
469 427
384 314
360 209
30 212
405 209
422 25
368 100
286 106
45 175
67 475
455 343
267 268
46 125
441 411
122 460
191 337
106 270
69 140
435 353
359 373
392 70
235 344
83 400
248 231
273 348
91 381
430 320
356 213
361 109
477 224
16 228
178 363
280 83
50 416
208 334
329 358
308 355
153 407
228 460
343 85
101 71
466 187
132 208
439 347
169 174
318 311
278 8
461 309
50 234
410 245
399 11
204 179
133 122
452 467
248 464
454 351
429 288
118 452
226 235
373 165
48 142
368 428
192 173
360 59
245 303
377 483
16 6
332 363
30 359
434 452
402 234
275 320
40 285
146 18
267 394
419 217
149 176
156 411
381 444
468 244
256 198
129 309
177 60
361 462
374 247
68 333
229 423
101 470
364 125
103 14
197 238
253 253
290 201
358 325
34 373
128 141
163 55
221 448
297 364
312 175
388 307
337 484
305 371
385 414
179 96
466 239
312 482
348 201
259 484
152 132
226 339
431 91
149 378
296 243
252 496
275 115
127 108
176 361
204 17
422 490
350 21
277 41
334 411
257 355
76 187
156 360
155 476
41 358
363 115
387 260
380 324
429 179
432 212
347 320
151 146
347 363
100 28
97 171
1 418
68 195
145 491
133 47
148 252
37 266
444 493
187 298
112 357
434 141
445 209
17 325
405 81
403 241
375 228
95 215
7 430
457 247
179 280
464 114
360 81
95 449
387 232
410 378
262 480
197 14
24 492
477 357
478 35
476 246
424 98
200 450
124 104
106 241
298 314
381 495
352 107
251 447
219 303
183 62
409 295
103 13
447 253
49 357
38 257
293 408
316 196
74 417
265 326
428 454
336 235
134 494
151 297
320 458
282 250
125 110
268 420
419 342
91 38
316 16
360 76
317 104
30 214
319 399
399 464
455 153
57 433
208 74
354 265
460 433
365 64
63 482
165 471
224 342
402 254
185 319
67 408
375 274
371 43
62 435
249 412
211 81
368 377
402 109
448 170
368 313
386 4
161 483
283 481
333 68
30 8
107 334
383 476
125 435
360 165
118 50
81 401
320 215
108 277
79 118
142 294
34 330
392 455
272 150
245 458
460 52
199 447
384 275
110 24
154 117
210 98
265 250
43 143
165 65
219 116
334 403
203 274
204 176
254 275
281 314
139 242
374 5
156 244
125 223
187 68
434 108
131 212
273 370
273 211
156 255
72 123
77 493
416 356
319 183
15 112
172 185
129 197
416 122
36 496
307 141
137 69
100 189
255 67
243 339
436 141
12 434
154 206
448 422
136 42
463 99
272 255
385 36
323 148
305 471
21 381
22 179
334 82
313 298
148 165
212 296
457 461
205 114
99 400
125 52
280 334
456 323
202 153
346 211
359 459
258 313
385 384
256 288
17 22
471 455
157 114
204 87
209 169
295 246
67 23
72 481
278 448
121 308
336 290
168 331
275 150
396 397
93 194
468 169
360 80
364 321
417 89
386 319
308 115
266 495
272 186
283 281
240 161
398 494
185 239
105 237
361 134
415 84
78 250
61 181
373 402
475 485
171 148
299 476
359 472
142 29
430 330
201 206
14 229
472 476
477 163
105 373
270 255
123 172
144 383
333 231
213 257
396 358
180 205
473 161
382 410
458 89
78 360
205 431
361 332
456 231
281 494
197 497
351 115
21 430
218 195
359 498
20 118
271 327
156 303
315 311
151 360
151 11
414 253
132 463
387 149
362 264
408 492
31 363
389 204
470 63
359 110
386 287
240 129
81 484
441 309
180 426
96 486
470 104
411 454
45 131
334 436
163 403
83 296
18 379
353 109
300 135
299 141
272 235
328 448
338 323
125 11
78 328
237 165
202 410
344 249
224 383
122 200
337 123
142 277
374 499
183 382
295 336
291 270
314 164
56 424
294 311
77 195
480 312
469 425
14 294
369 30
444 16
316 191
182 24
351 28
320 63
214 320
316 148
478 446
143 69
36 18
265 111
235 33
78 408
197 207
227 44
361 426
159 98
89 373
345 318
94 39
5 194
99 204
413 437
307 71
461 313
306 381
297 167
43 73
220 167
62 123
244 340
378 294
302 454
244 342
24 486
139 462
237 154
158 12
203 159
279 342
318 477
347 321
401 136
70 262
18 233
390 339
435 15
263 348
307 271
393 25
466 355
387 326
252 45
353 141
335 153
322 459
185 349
164 383
268 103
210 188
90 190
337 155
469 387
225 331
335 376
53 308
441 377
168 103
450 147
214 53
195 129
121 70
394 80
297 151
203 435
145 436
238 394
39 267
393 239
422 233
368 225
427 13
383 34
241 230
191 94
176 56
18 199
362 172
383 454
285 380
272 314
62 46
326 52
271 99
413 157
69 459
288 475
126 399
166 23
130 415
85 148
465 388
45 316
109 11
341 215
384 476
368 49
214 292
33 158
326 463
36 145
109 268
387 293
174 311
158 461
350 80
220 276
93 451
335 197
118 435
78 312
361 129
198 422
201 22
88 200
80 276
85 236
170 413
345 391
297 482
42 54
299 80
439 405
424 83
62 13
386 199
298 356
395 312
445 327
90 51
217 279
349 292
228 182
241 209
165 56
402 203
468 433
470 117
53 381
416 20
458 170
304 61
108 269
67 478
324 221
7 445
405 286
18 264
380 227
88 115
322 38
224 479
292 384
378 394
39 452
364 297
59 2
362 285
102 155
96 384
238 194
449 478
188 472
392 385
295 81
84 93
439 144
183 485
359 408
370 360
365 61
201 301
52 31
339 122
62 136
272 495
84 496
44 419
18 230
356 459
248 260
273 158
386 208
214 158
70 404
177 183
353 159
8 161
298 22
95 213
241 322
30 226
211 78
273 290
35 392
156 332
309 111
186 143
103 129
182 358
193 129
460 359
205 160
398 473
335 57
205 36
150 441
53 360
18 299
116 235
388 170
398 418
284 330
62 14
265 351
262 415
424 332
217 325
261 247
335 216
161 140
156 406
364 341
119 390
199 418
14 361
290 269
297 422
73 479
390 331
278 323
61 485
152 108
209 311
430 123
150 410
309 18
387 316
137 408
176 125
294 249
255 238
161 253
289 387
222 206
280 20
108 358
247 202
279 367
371 80
35 441
259 174
363 1
333 493
86 339
304 235
353 455
477 194
59 175
396 94
441 297
75 405
186 50
277 415
294 250
338 192
174 131
361 342
137 167
373 293
262 372
422 451
66 365
344 422
467 437
171 455
269 446
238 455
114 364
304 81
458 107
169 157
22 203
343 204
307 356
172 170
20 384
78 90
432 143
165 433
167 451
275 440
62 138
438 420
31 317
337 96
89 50
168 309
118 151
432 142
441 451
447 61
330 17
372 483
258 313
225 298
169 227
132 482
369 2
438 444
448 127
287 4
83 447
397 357
207 234
187 319
314 478
30 283
21 144
49 240
357 66
456 220
280 403
403 460
22 468
115 35
269 94
243 471
4 344
15 218
302 309
425 108
354 218
436 441
110 227
102 430
228 61
152 445
320 353
66 267
399 458
88 208
335 81
77 214
407 240
111 457
396 472
217 122
258 11
444 266
99 424
35 322
109 426
159 485
142 45
23 346
376 4
320 96
230 30
446 222
115 297
390 80
205 124
25 460
80 459
311 302
239 246
373 493
229 90
421 187
50 179
62 287
338 94
55 330
321 276
231 349
407 333
75 43
372 91
368 172
157 236
38 364
92 440
477 134
186 180
244 277
295 410
51 46
150 251
29 285
248 235
185 94
306 393
166 357
219 412
382 96
220 483
295 232
68 201
174 159
407 132
311 315
222 248
323 165
380 328
113 94
480 352
179 487
307 404
463 462
117 161
228 210
137 63
382 43
288 103
189 119
242 214
460 280
218 2
47 85
431 435
73 447
32 286
103 270
440 462
265 166
5 324
162 332
11 65
36 30
249 367
364 292
337 85
72 378
461 369
240 273
222 412
97 125
285 490
126 184
272 457
356 456
458 370
234 450
229 74
167 488
401 81
273 327
14 91
28 275
44 439
129 80
196 220
291 482
438 323
418 244
334 42
246 356
312 341
410 27
168 482
364 223
440 60
471 343
453 29
343 448
11 189
266 304
254 187
77 294
369 466
124 335
209 131
295 307
81 309
455 48
209 241
219 230
47 296
147 280
327 427
316 412
198 459
70 239
42 201
351 244
442 329
183 371
221 115
135 350
55 141
197 73
349 149
385 106
130 422
388 111
278 473
302 288
303 93
435 17
76 460
303 150
245 327
315 186
201 158
384 446
173 472
132 204
248 223
400 58
43 499
349 449
144 467
56 370
365 59
85 170
71 301
83 36
116 172
268 176
55 473
465 268
136 113
62 367
73 474
4 283
425 277
148 444
460 44
43 300
190 233
451 438
462 59
454 464
41 270
12 118
216 287
132 158
270 77
311 43
395 66
120 476
377 62
90 16
146 237
459 166
84 169
84 255
159 104
194 211
433 134
61 179
215 116
365 69
252 2
270 85
477 228
291 454
423 363
186 444
191 121
120 392
71 384
70 310
417 369
226 466
35 98
101 393
140 237
146 340
56 94
402 389
97 70
250 171
390 42
126 83
242 106
292 318
260 44
149 151
189 102
409 365
182 45
77 280
188 164
379 432
78 350
470 36
35 226
276 160
200 368
414 332
175 25
252 386
260 104
475 481
172 151
189 459
192 310
334 283
263 178
467 447
396 261
65 30
311 114
53 147
240 230
302 48
469 287
132 486
430 462
223 244
357 186
401 171
336 21
116 237
25 212
248 293
97 273
37 72
88 250
104 151
174 487
284 318
64 428
247 300
295 470
478 186
296 239
79 213
120 51
174 444
71 390
204 312
472 446
218 77
310 106
207 245
207 342
480 475
181 424
460 498
297 32
404 35
428 337
289 434
397 477
23 419
412 456
378 470
444 262
276 486
299 451
467 409
476 327
464 258
401 66
324 499
123 12
207 159
88 412
422 253
276 24
290 202
362 368
387 48
99 442
109 441
424 299
411 199
8 288
11 160
290 297
163 335
321 500
465 254
319 404
146 196
26 481
348 147
17 80
165 49
308 288
187 173
429 335
359 328
377 128
276 6
346 158
430 276
279 222
141 64
197 384
442 212
449 108
246 383
156 188
297 211
55 15
419 180
296 174
450 331
280 470
282 135
285 443
97 396
223 179
151 111
227 446
402 84
141 50
15 101
176 355
305 180
127 351
313 302
117 70
81 114
204 87
349 48
317 455
172 417
384 3
389 194
89 86
15 327
344 121
238 156
124 151
316 91
134 33
214 253
126 371
417 237
214 155
125 245
222 42
187 345
387 151
184 84
144 344
417 400
222 45
157 132
286 10
352 342
387 207
245 108
327 198
32 394
374 239
388 84
286 331
350 208
219 390
165 218
104 8
162 306
393 426
239 284
239 226
398 159
210 6
307 170
354 240
435 197
459 450
383 253
477 366
383 193
25 186
305 407
243 349
206 314
202 425
247 458
142 409
443 96
15 364
468 351
95 376
382 68
452 407
315 301
357 53
286 133
188 489
411 280
380 380
360 387
55 405
322 102
388 461
39 83
452 394
372 100
407 421
120 285
430 20
155 247
60 56
479 408
254 252
325 214
159 270
16 53
460 230
449 384
295 468
464 3
274 358
67 22
339 144
27 250
344 13
137 270
442 358
121 418
428 67
401 309
384 9
86 443
186 122
170 238
396 59
341 380
242 124
215 349
442 234
409 8
47 383
120 409
382 412
179 51
252 189
59 69
439 429
444 404
231 216
70 492
93 360
331 56
350 334
376 150
246 95
271 54
11 185
439 111
345 94
355 137
371 343
204 86
90 382
152 313
280 122
371 350
351 213
329 98
287 461
372 108
280 436
454 371
334 220
242 379
240 355
399 217
150 406
187 291
393 145
319 222
395 294
112 266
100 70
371 430
223 175
416 306
245 59
132 89
395 246
471 393
375 188
354 441
199 87
190 24
119 388
399 388
74 439
254 249
281 77
134 298
67 31
274 380
400 366
400 159
251 297
429 225
232 112
70 386
386 272
373 232
274 127
373 191
436 209
446 112
439 299
159 265
276 100
85 299
53 411
394 220
271 269
286 245
307 84
361 54
211 187
383 3
307 63
91 285
298 361
291 477
295 399
238 97
343 186
346 397
234 274
139 373
67 482
380 409
33 193
53 215
476 95
4 328
25 296
344 37
188 146
363 21
273 180
429 176
51 308
275 463
297 233
423 24
419 333
451 217
188 111
165 164
76 298
370 283
96 352
273 27
120 433
262 323
240 335
432 297
404 176
162 427
412 226
289 298
174 456
15 174
100 274
121 497
313 138
199 119
51 262
476 483
353 70
160 214
421 88
77 70
196 388
254 474
22 248
71 136
302 437
451 291
185 435
196 381
34 341
436 189
190 74
416 418
309 440
210 355
8 177
450 316
291 253
77 322
65 131
212 111
82 97
396 26
89 229
432 335
185 161
279 487
68 473
57 42
148 251
294 401
366 70
479 438
277 155
236 379
157 490
5 297
331 356
420 279
125 337
231 363
416 313
293 221
177 38
381 407
71 415
129 482
478 211
203 269
385 242
381 378
307 145
452 478
430 470
370 470
22 486
296 107
353 231
9 416
238 479
92 58
374 55
53 224
316 320
317 48
171 107
128 239
97 342
292 345
155 78
153 403
49 281
337 6
120 217
146 113
463 199
237 288
230 420
442 294
388 130
158 164
45 403
416 476
260 224
408 290
399 117
350 149
416 216
61 334
114 392
424 419
270 198
265 138
353 265
223 270
21 379
369 86
97 185
102 51
26 302
53 330
362 44
221 180
206 93
151 256
139 393
342 86
222 276
408 191
164 290
464 314
36 136
236 419
155 165
149 135
102 466
397 478
327 477
66 432
295 257
112 262
311 458
164 124
348 304
248 366
408 402
201 209
183 473
313 337
7 189
229 290
421 312
37 82
309 343
106 450
88 362
52 446
93 109
86 110
449 374
372 333
289 79
203 371
50 87
430 389
361 163
69 64
32 382
388 339
248 440
337 2
255 94
450 91
114 381
334 484
82 253
291 416
402 355
250 209
256 148
410 414
153 222
349 379
413 29
242 256
355 424
39 255
78 68
404 356
120 343
105 311
378 224
312 320
243 169
187 162
478 394
277 215
256 23
121 363
100 141
307 178
370 210
302 410
312 204
340 429
161 104
306 71
250 361
479 375
405 269
319 491
404 168
324 152
68 105
340 16
104 411
121 388
191 463
281 474
467 79
76 489
469 394
363 67
441 435
149 315
331 183
311 270
104 146
166 117
216 388
313 382
197 326
260 324
426 290
453 92
236 214
416 271
167 81
133 299
86 454
48 320
410 217
132 282
100 118
277 121
38 278
169 353
251 500
371 199
244 214
76 386
172 334
290 33
304 100
447 323
455 104
431 302
351 280
445 463
144 229
100 454
252 198
378 127
25 218
100 451
234 180
157 117
412 102
117 374
347 251
225 170
69 243
122 151
58 119
9 290
282 448
244 427
86 136
165 159
230 486
294 366
440 5
272 389
81 58
338 365
467 28
406 191
248 410
411 80
479 204
46 358
179 490
408 348
342 351
65 361
87 90
337 234
145 461
17 449
473 196
337 346
438 91
12 203
251 301
349 186
309 404
439 214
109 133
199 110
239 316
173 163
51 56
395 383
47 269
50 116
277 276
120 22
408 338
242 480
377 376
330 340
394 406
252 455
97 146
151 406
403 103
221 348
110 458
310 145
213 205
377 333
251 184
82 369
136 49
176 129
261 144
129 331
161 412
82 138
266 324
327 369
451 467
242 187
195 93
120 164
72 301
33 131
465 91
190 464
99 290
56 407
285 269
101 317
254 251
240 243
451 214
460 14
68 224
160 238
427 475
301 114
460 342
420 193
11 276
22 436
443 20
143 330
417 30
434 156
170 144
10 194
472 329
151 215
56 477
110 74
366 384
96 496
172 444
169 329
330 158
360 197
264 239
97 89
313 323
182 172
387 386
212 46
50 491
425 112
223 490
306 338
76 182
140 234
427 289
321 351
403 205
391 267
212 493
191 193
145 368
219 302
348 182
185 293
183 205
173 451
33 86
381 102
291 164
419 274
445 312
214 55
43 197
88 109
90 418
88 239
446 273
333 234
372 61
342 5
409 11
123 480
68 7
227 1
308 23
179 430
362 194
252 494
218 450
279 424
246 322
241 436
415 280
426 117
298 146
2 126
400 360
260 74
240 295
219 192
343 403
292 18
459 153
450 408
407 152
369 491
274 300
461 317
470 292
195 498
158 258
51 324
198 445
299 493
302 341
407 5
369 461
400 318
32 108
58 251
61 262
362 180
135 409
163 53
407 410
301 392
107 425
157 479
458 150
300 164
52 154
137 16
476 479
97 274
359 78
480 43
352 431
62 24
172 440
151 287
190 112
145 154
332 282
92 402
12 391
455 306
3 320
123 439
447 132
171 176
425 338
389 461
75 259
74 243
441 411
388 463
312 219
437 477
161 364
237 352
393 330
335 394
136 234
204 207
147 350
342 11
89 259
9 324
435 49
321 231
91 378
234 104
226 138
322 464
254 71
439 325
323 401
435 79
364 231
114 387
328 496
240 182
411 194
198 301
347 267
197 134
145 138
226 208
443 259
182 40
132 397
403 305
262 262
402 47
333 191
395 65
467 171
122 26
54 370
161 231
439 417
469 410
82 500
93 425
408 232
94 180
206 345
300 140
453 54
247 102
105 205
334 233
204 258
100 255
17 108
457 448
105 231
263 140
338 127
16 193
276 183
291 205
2 397
130 389
464 477
357 138
462 75
18 245
316 72
16 111
48 167
354 399
442 486
42 319
208 97
224 337
144 220
373 433
286 165
191 160
14 147
173 256
474 240
197 307
94 435
338 486
152 329
73 200
353 478
386 422
333 353
299 256
363 472
249 298
53 225
131 477
219 201
221 325
362 280
274 269
284 207
86 356
170 276
436 264
290 366
45 461
214 458
461 64
418 119
287 84
431 476
263 88
167 61
232 245
452 225
430 391
471 374
26 116
411 375
87 62
197 77
228 241
200 352
426 377
134 18
371 251
154 488
283 177
237 233
417 250
228 426
353 66
320 325
95 6
214 194
423 174
53 254
72 285
473 373
240 15
128 44
156 300
200 150
125 409
104 421
176 134
413 381
83 265
429 43
226 328
151 497
344 122
329 125
437 110
91 189
161 274
4 165
130 478
321 28
47 472
252 35
303 21
233 11
233 37
32 395
103 477
347 396
174 281
160 308
272 34
462 295
69 211
312 489
143 93
244 469
431 22
410 389
392 129
224 483
81 151
475 446
131 441
81 347
227 35
173 490
145 341
176 158
446 235
227 449
300 330
230 79
474 53
221 427
413 43
203 339
423 203
306 333
244 218
38 336
81 370
383 494
139 413
60 120
203 231
335 271
425 161
281 69
324 261
314 137
70 220
86 84
281 117
101 327
211 184
160 301
1 156
73 304
178 500
312 62
68 298
96 201
116 29
150 321
202 136
41 225
121 450
271 377
289 397
240 12
429 231
173 258
334 328
430 240
20 476
198 365
332 4
26 321
269 222
330 464
331 307
315 44
365 127
42 171
323 3
223 158
185 391
179 460
357 192
28 478
354 227
308 455
211 408
254 198
333 361
415 338
396 491
45 343
330 432
96 447
255 193
267 32
200 63
404 259
282 315
333 500
140 476
191 163
113 292
83 14
429 24
52 96
395 85
282 184
278 476
202 184
248 252
51 344
55 170
81 457
301 467
36 400
174 70
55 155
248 329
66 69
304 410
18 437
379 15
171 417
369 92
60 324
263 78
256 446
183 45
179 392
196 43
411 392
156 325
190 216
195 85
38 478
127 222
94 443
225 143
77 443
132 235
99 176
139 348
72 342
255 343
158 140
33 278
238 258
222 495
206 198
33 135
133 481
346 108
268 286
82 21
213 358
84 174
357 406
156 358
339 115
65 142
385 371
273 77
250 186
107 413
355 204
208 366
326 4
159 488
10 85
17 53
16 59
60 193
417 478
94 253
152 52
378 488
374 39
463 91
395 291
61 214
31 105
154 59
120 15
283 175
434 404
464 131
36 65
354 232
397 135
175 123
107 221
448 414
218 61
62 247
163 304
441 129
121 124
267 450
88 270
272 94
62 128
266 32
453 377
71 307
422 75
238 267
233 340
272 346
66 289
454 164
174 448
87 442
235 268
32 43
76 252
142 25
262 500
32 310
104 374
49 269
152 370
272 357
91 386
99 157
52 38
53 156
173 259
181 80
277 132
389 9
247 171
34 5
388 246
286 164
224 182
379 26
68 60
145 52
194 79
367 33
364 19
330 236
26 106
436 368
69 394
32 64
430 494
114 231
380 74
360 450
192 95
51 93
169 428
14 92
160 406
230 386
189 120
216 379
110 139
144 232
217 384
240 494
138 45
82 118
467 22
316 187
407 282
159 190
196 160
166 390
32 215
433 145
104 121
257 498
176 344
143 53
323 498
195 268
128 475
402 253
152 59
172 379
272 253
366 262
302 327
144 74
72 469
437 273
159 96
139 337
55 142
232 409
464 65
473 314
292 446
89 393
465 103
37 109
288 203
357 158
345 332
274 34
262 226
286 328
221 267
172 480
191 422
230 71
158 393
369 132
148 84
387 296
258 86
203 304
35 193
55 335
435 193
36 173
176 459
466 41
373 304
460 86
377 74
64 143
468 278
464 153
227 402
432 253
400 381
262 273
11 324
122 182
437 282
60 469
22 7
260 489
124 211
308 349
163 72
52 134
185 109
1 368
84 385
461 421
406 239
86 361
22 228
230 452
8 31
103 257
161 173
389 89
259 253
409 327
110 340
463 427
1 71
154 104
267 395
399 213
255 76
415 476
308 21
329 188
33 189
391 385
213 444
25 369
392 79
177 89
2 156
14 166
44 49
468 478
400 424
380 469
468 287
208 196
66 179
56 31
4 468
192 466
175 405
405 482
52 183
190 28
166 128
256 271
327 130
213 237
228 483
287 199
66 61
464 376
300 201
12 358
285 429
98 181
101 166
346 11
190 143
108 389
388 242
427 384
209 203
123 340
464 86
18 58
90 281
250 161
466 407
246 319
109 495
366 381
82 346
365 15
26 206
222 44
266 243
475 478
203 423
39 437
218 81
273 180
235 379
166 216
273 354
209 38
169 69
198 409
121 490
458 7
438 475
16 117
228 464
305 109
85 190
59 219
63 105
182 335
97 183
410 301
269 47
278 432
104 394
76 168
159 352
3 405
168 199
370 7
473 234
405 387
35 427
264 155
472 388
216 341
252 163
431 410
261 49
12 90
243 327
421 371
236 263
135 364
14 488
22 100
171 295
322 197
68 222
456 281
309 308
178 127
142 141
143 449
316 9
349 399
62 340
235 223
284 168
133 93
356 341
113 487
384 105
23 424
356 73
432 465
276 460
168 93
408 195
193 370
122 237
374 437
323 231
446 470
353 89
286 199
29 68
478 460
230 134
449 372
224 112
263 361
127 6
89 356
141 423
112 463
332 310
304 190
116 370
361 413
216 440
360 178
330 311
194 85
327 9
15 212
155 416
116 468
451 124
3 293
81 103
175 226
92 285
9 31
437 98
49 172
306 139
99 497
473 186
431 216
310 275
153 43
5 357
244 22
476 332
398 240
404 146
431 408
46 220
343 412
229 341
400 186
218 400
231 465
425 42
436 474
73 162
1 287
221 23
19 463
273 169
121 222
377 472
474 208
208 194
468 201
60 160
242 326
375 418
249 260
455 34
241 133
471 432
435 81
444 6
175 47
312 447
96 116
414 469
69 302
452 167
99 338
378 14
380 197
67 83
355 187
308 412
229 71
429 113
302 371
460 492
334 403
145 394
200 219
89 100
358 273
278 20
457 107
110 394
333 105
236 210
36 330
344 462
325 398
418 22
350 434
385 322
206 488
372 177
158 451
216 373
312 294
132 445
81 299
441 407
448 475
219 64
143 262
356 362
101 286
275 124
124 407
372 148
472 484
231 475
239 498
27 158
6 151
172 361
432 297
308 140
182 461
342 319
6 274
199 105
383 426
233 216
233 153
102 377
282 80
177 463
123 193
101 147
27 446
470 111
205 263
265 113
254 17
292 52
56 500
449 385
138 181
410 432
61 277
114 227
211 393
335 310
6 440
414 64
346 405
177 479
275 379
82 35
388 247
92 383
249 276
416 342
420 354
436 472
20 385
246 164
41 273
125 160
99 170
332 74
237 232
353 294
303 98
262 309
233 156
328 342
174 297
474 393
7 100
307 267
212 21
460 77
425 83
132 497
308 395
120 28
21 16
232 169
175 327
460 164
126 78
41 364
121 166
299 107
382 320
402 491
47 119
247 302
325 212
264 71
337 452
472 31
166 132
387 109
324 354
478 475
282 27
140 430
94 103
334 236
231 206
129 45
293 397
193 485
473 377
30 161
47 267
174 240
258 271
468 73
196 330
61 46
38 7
420 366
255 177
128 378
36 5
338 413
181 208
165 359
200 384
78 300
440 328
318 169
314 294
389 465
315 273
285 61
49 110
130 74
234 480
63 1
111 466
310 278
441 475
12 51
379 107
213 130
389 55
454 120
106 354
104 443
344 309
54 392
319 265
225 80
322 79
40 219
42 337
59 106
408 100
69 224
98 404
23 156
399 419
298 246
117 458
416 45
320 23
37 13
20 189
82 237
217 195
271 260
381 244
333 221
212 266
124 398
174 135
453 383
463 79
421 217
182 38
292 385
94 291
179 332
361 198
261 270
78 318
100 439
387 141
425 204
164 453
279 143
424 205
390 154
286 171
319 126
295 282
47 353
127 61
374 112
202 321
63 379
459 165
347 462
120 365
403 336
92 241
145 207
130 232
225 246
125 324
179 467
429 4
416 36
312 489
315 156
355 448
339 213
477 159
67 250
23 308
22 156
311 466
120 82
409 51
252 4
256 103
469 196
207 341
167 498
174 294
120 356
211 374
230 360
151 10
320 452
24 168
34 59
404 398
266 349
256 193
206 196
177 363
102 152
8 389
189 55
19 23
455 340
277 229
389 347
10 187
470 181
310 141
45 261
430 457
34 311
198 239
364 414
274 483
121 269
86 375
26 275
225 8
378 369
279 58
179 128
122 95
400 192
182 467
275 336
435 350
448 259
117 232
305 313
221 349
105 130
345 91
130 238
109 62
93 259
111 224
28 159
446 230
142 130
467 93
385 219
439 52
368 68
158 393
35 104
73 481
160 207
268 63
60 117
480 152
311 418
66 217
167 30
62 19
151 303
149 28
215 462
157 25
250 49
435 446
91 485
13 403
386 439
269 359
457 404
325 103
289 360
185 411
383 146
7 446
69 423
361 362
435 15
321 273
66 454
59 405
180 146
129 332
91 62
340 110
344 114
214 92
237 278
13 13
207 283
79 86
352 18
42 168
358 374
380 327
378 296
256 46
79 229
47 482
316 473
58 91
373 228
452 406
315 381
183 351
357 289
399 358
129 249
52 378
153 432
61 106
104 445
349 274
185 366
440 358
394 51
194 384
270 155
274 451
470 216
329 87
139 427
429 294
304 471
247 346
422 120
298 354
430 414
46 484
409 422
346 300
130 307
346 75
353 42
44 384
208 217
306 414
359 252
239 229
381 136
395 270
206 60
253 262
269 336
112 390
438 155
198 304
325 498
401 475
86 392
183 83
374 470
348 51
173 143
343 461
450 70
85 131
201 128
146 436
206 237
383 487
293 376
120 470
180 252
399 294
398 177
60 95
149 334
43 410
202 400
77 286
164 346
275 369
308 141
95 278
130 306
261 57
172 469
380 365
456 13
237 60
354 13
326 168
2 392
404 443
410 398
109 40
318 22
421 173
23 232
349 26
192 56
111 74
368 389
179 452
125 420
400 6
277 12
379 226
401 280
289 37
327 457
233 195
325 400
209 179
216 316
272 376
80 213
173 254
42 33
332 461
433 386
388 424
201 172
259 111
34 353
172 76
471 32
369 122
195 199
158 397
169 21
116 104
122 285
414 37
151 412
162 475
99 363
373 177
7 49
47 135
151 167
436 258
71 6
332 12
405 48
451 18
115 118
368 443
151 284
43 195
152 429
370 24
226 56
39 89
165 282
404 423
23 241
381 492
73 428
4 171
160 181
199 250
13 353
234 249
351 391
223 12
145 365
30 319
378 108
193 45
363 491
457 34
183 307
312 486
462 392
414 394
126 320
321 489
423 378
404 479
429 475
355 253
108 481
435 82
16 203
271 300
452 79
219 276
105 241
163 66
179 4
369 87
375 83
14 287
30 391
362 360
469 314
167 355
154 128
182 208
414 18
208 300
110 156
92 245
222 297
447 475
455 342
304 110
203 490
475 412
242 221
385 99
310 352
311 421
63 485
161 485
475 77
77 435
434 399
71 278
11 286
163 443
444 83
259 183
267 261
410 333
68 68
141 449
42 252
41 21
465 75
470 75
259 39
458 231
219 90
18 199
370 353
259 108
130 39
102 117
293 359
218 109
296 399
426 245
50 248
380 418
250 98
284 167
177 493
104 316
30 178
116 98
397 63
159 440
233 365
278 24
39 335
246 292
34 150
120 332
351 26
10 16
345 372
54 48
134 309
155 258
292 132
352 243
82 429
68 45
180 227
388 153
377 176
350 278
474 191
290 355
111 3
175 244
343 2
111 22
267 44
86 172
399 359
10 152
53 303
365 468
183 174
139 90
2 330
268 53
299 375
168 153
272 223
72 306
48 30
218 141
166 335
52 108
157 177
475 233
15 225
417 214
388 362
247 286
417 300
285 445
124 473
382 399
75 38
183 434
375 84
469 111
320 157
182 256
14 65
269 391
427 473
23 175
146 52
221 202
407 212
122 308
184 177
188 220
436 340
297 405
303 321
80 319
339 330
428 172
271 317
290 62
20 100
177 77
316 488
148 476
467 134
237 477
443 478
52 11
300 362
67 267
454 465
234 452
100 479
5 412
368 332
341 353
404 272
48 44
249 6
203 23
29 254
382 481
286 363
379 500
275 130
224 492
57 236
148 167
398 168
115 465
49 375
323 9
35 134
166 288
86 218
59 202
189 286
120 369
74 425
127 377
147 78
257 148
325 326
140 481
380 305
459 267
336 33
254 330
391 53
372 49
234 474
158 485
179 265
246 338
316 67
36 27
221 177
193 134
477 447
217 456
197 18
96 422
302 462
369 375
327 393
348 227
299 253
410 171
389 100
147 459
31 137
237 153
364 298
18 404
274 48
388 12
434 450
75 226
440 442
20 311
280 144
246 425
349 209
457 73
384 245
296 135
189 79
474 287
426 313
303 152
419 114
474 374
275 420
114 438
33 393
307 189
179 87
214 458
466 241
451 321
261 434
317 313
431 256
88 146
65 4
300 302
196 332
29 193
268 115
315 133
183 263
444 76
179 431
261 81
316 39
66 166
171 53
349 451
45 323
186 36
474 263
444 466
419 24
262 100
148 64
187 21
463 296
363 409
89 373
399 103
396 114
360 257
315 228
80 166
434 38
303 113
34 204
104 216
261 386
214 291
450 492
166 224
59 107
247 126
4 188
399 391
313 90
28 256
227 52
425 434
297 414
229 93
156 213
107 376
449 218
464 408
310 6
106 181
103 194
114 121
259 476
110 176
224 468
210 446
24 11
401 465
69 486
365 68
295 244
108 252
410 483
392 367
182 281
81 43
7 389
293 333
93 294
411 157
415 315
308 226
208 434
331 290
387 358
155 310
299 258
327 433
