64233 975987
249
15188 400116
19251 351131
14651 514181
37372 513322
55952 314587
8451 371378
16660 620919
38590 307258
45743 768531
49298 30427
29456 251740
34527 122420
13875 226107
10546 305336
33380 84177
12063 540800
5862 230608
46326 517478
42225 233109
41089 471647
64025 341474
49825 610363
26630 913329
35240 587397
25954 310012
58340 561162
17697 814137
53761 246223
61372 454274
26187 890425
63219 640377
8982 791202
56569 661870
53984 746892
25956 751705
54028 3163
21253 60625
46205 949953
57251 479281
20090 278045
12601 815904
60382 747789
11109 897394
24215 476094
21030 456940
12889 322143
10884 817378
27219 875958
5611 18989
22448 935939
50887 616368
17679 718866
59062 420141
24761 662518
3616 35406
24495 621068
33571 930701
16317 358735
12888 796263
36305 402656
51642 342261
35983 919308
33955 682560
10573 890029
19370 395747
31813 597274
10304 30268
10095 854379
28952 733242
59641 299536
58195 600673
7677 556123
925 727571
38210 921955
61544 118163
20313 603241
27859 917324
45285 48427
38318 804235
40397 316149
21238 55030
12081 248659
59210 899908
25050 752472
42292 369955
36840 445968
57353 784406
24157 189855
36064 513023
23352 121596
62565 660494
60783 143009
38333 886827
2502 719689
15455 745008
21974 151544
37389 180930
9065 422745
55063 53630
55883 6493
43019 485183
20228 552367
52433 723656
34008 778525
3437 395269
7642 674477
60901 52054
20668 596113
49648 465160
30670 111315
12407 253398
28148 341088
12743 42231
29315 633487
40729 773536
42090 763400
61232 885364
49545 100357
37606 250686
20528 923729
55396 922
44740 637068
25328 155088
35472 61222
28433 19112
25548 225012
570 66446
31963 393279
50337 765904
19233 321044
37323 936381
32377 925942
9935 104351
46353 735652
55892 83964
41463 878816
11975 575939
33426 912411
25999 544106
25407 958523
59169 79572
10525 504261
18563 208578
10309 58070
19696 823695
46142 155981
40342 385193
10998 591850
41804 125706
56040 655165
37942 143641
16646 897959
50720 263106
23445 7070
16382 378612
29350 370203
16584 339889
9761 259026
57767 964624
27117 590931
4194 59815
60373 821689
17374 761961
347 318003
28387 739778
51370 946589
62653 407022
3287 457745
4168 725916
33531 732066
19602 218033
47346 433880
12466 90184
60105 514426
47476 295815
46982 662986
45158 150970
38374 793578
61132 317283
16304 298685
24977 906715
22394 853821
41038 464705
10014 865050
54165 41561
47931 242385
47012 51806
55652 138471
45348 437797
62215 448024
46953 436481
58260 371081
17666 589423
58318 631622
17266 962483
24383 854866
44091 416968
43124 331007
43217 919491
28157 884020
47323 572213
8331 874003
44432 96523
47852 336555
35558 937726
12806 974859
43793 440528
35939 204084
33330 291907
47394 381713
6069 168816
18394 658397
57478 656787
27572 26618
15943 962934
48641 880745
53832 935062
58069 81772
20868 234198
35200 487631
7306 436874
51231 478434
47857 327390
26975 555427
38053 267030
32580 174723
730 58774
21192 451177
45901 113601
49879 939691
4694 974129
60595 653522
12115 573686
58299 466326
53610 211500
46987 541509
61590 348197
46933 570937
21237 118831
43670 948411
21293 699193
42337 623414
22746 534171
38492 52602
47023 745377
49249 829773
22674 667810
9444 365486
40056 415433
