588271 247575
867
371092 117113
229354 101806
445179 105030
218249 212732
361541 157434
238379 187487
485473 151838
566807 57498
78591 37013
364358 5797
448301 177468
474820 29267
359333 177718
276796 15540
167348 171561
545169 181228
305060 181418
72556 127544
384049 159276
529075 166615
324164 202
51542 66586
541075 114030
298798 180412
92115 235348
381031 53694
214681 82659
495474 236466
293822 77764
403369 161327
525478 193702
165104 36309
77700 174943
129692 7627
169093 20702
145564 174408
257425 9143
65368 28928
177641 48409
81344 139347
553837 203604
247626 126977
420384 81002
39590 91691
364442 152301
471056 24344
207285 244406
538635 15951
346089 107423
211447 216150
495364 111905
499528 120060
37239 107557
220139 93056
349693 115405
78096 24732
390127 149012
560887 27851
78171 83305
287057 165643
353650 115440
153378 177355
363826 1060
266925 140547
123675 49577
69126 115656
350321 49624
406960 239227
209167 24811
203867 213676
48144 65836
435539 240526
464427 240274
351229 79511
175185 156615
406745 54354
73477 138413
100403 50176
98917 96318
274231 112357
229316 4630
85671 9798
484855 57377
358119 158995
546618 216654
219993 74666
144691 91662
422927 222200
361179 111195
190823 178390
554414 47947
570940 132763
178949 110941
389847 9325
151398 142351
477688 43557
140085 18831
70786 132007
411140 229484
487492 181265
529298 208196
321901 149411
260246 62861
350192 70967
106523 101574
115984 46688
219040 160462
91960 223455
25399 5342
102365 100748
557031 3234
555418 54708
97297 154233
150686 166813
226784 2358
189492 21597
402636 52850
555544 233479
62593 60252
106928 169413
86162 29809
250711 6695
269098 34161
250712 130561
338631 213791
208633 131704
237118 197967
104920 76259
119825 137631
507006 158207
379517 139357
150390 220286
197811 112252
333389 51174
38026 118825
523047 139638
234725 31414
174210 92875
296911 222841
97844 94546
266089 43453
453906 199094
78467 150765
390439 14394
536167 57657
35913 198058
224877 123916
101156 114102
572704 17099
546360 131739
112851 117752
495539 229926
266220 230585
203027 237355
178405 42812
141513 113896
161336 70588
474422 156545
306980 178209
433604 139792
203611 874
375375 22920
524229 90745
19258 140699
100624 14400
394794 112303
108184 229217
355012 1997
518691 77857
543246 72319
187506 176349
233466 193718
556661 96773
150318 47654
368268 157609
339407 18946
433520 212911
107491 68058
347559 157503
268659 203030
440670 45828
98035 227176
193171 207535
479890 211045
577413 134206
120772 106805
353196 241724
170094 7270
137476 163861
111634 171471
485627 9191
99961 3147
28805 130153
406776 159970
84831 175689
325844 2903
111776 174057
155119 73549
136402 13200
13834 146905
315283 156454
562996 50502
412872 169489
475069 78228
431673 80986
63752 79038
132117 59678
532436 171167
442329 169367
177136 160604
191778 44169
159034 9077
145495 184610
438201 99895
113169 227968
137324 178765
103162 239512
438997 10057
64247 236509
471319 166799
564308 72158
156844 215087
177748 243396
497138 120729
32706 176150
380680 68791
395274 22489
325654 141711
103306 10576
576261 99038
321149 120487
468789 88830
312311 26758
368589 66199
558627 155150
546682 11642
220026 199238
421301 146114
386655 185064
305811 86444
295703 144127
113466 19471
213633 243060
95907 6836
264510 29430
506972 183388
103113 194916
347627 130156
402315 58592
225424 213551
216325 135502
549378 15176
193103 45371
559894 124822
414275 16207
348031 24770
525897 12296
286578 208241
252010 201581
521363 145452
538321 153716
232551 143300
119694 92196
227045 138100
56047 11252
339520 232685
573556 21961
108217 118661
235873 119003
96532 80909
188923 72486
567390 178906
563660 194365
351621 136562
515231 137761
232035 205454
75699 236874
141934 218357
259900 158312
541975 109723
454565 235178
552953 11341
420810 159843
41048 6582
348795 212724
58909 198591
19632 227914
68401 177119
332437 40777
177663 139473
148287 165750
307430 27602
268822 208470
31137 183201
261411 159743
556075 146615
466985 142867
315178 228150
49414 182581
38823 219698
527692 241193
145725 91811
148671 35899
181702 10116
189967 69070
389711 158591
251299 235628
421098 83900
69975 105907
280488 168955
81743 9404
414985 166382
135772 238680
392394 83243
508285 235908
550472 160267
348252 7340
365668 122978
89246 132524
131258 186003
217135 11415
203008 78236
551296 65485
96021 51589
379163 137829
491750 119681
511555 179077
562795 213096
194260 39571
419965 16303
270276 64925
14569 212715
7539 43063
510108 225700
245639 203650
204606 182011
84843 38949
307761 183738
448763 194428
209601 230249
452516 101048
209650 239635
10133 238778
241523 154354
463916 176972
496128 78192
120413 156473
399954 242763
161600 32152
465200 55338
537577 59591
190635 116070
573761 180729
370177 24367
455865 81907
567323 221781
295084 228998
21585 20885
165916 157376
61278 103220
438273 45826
331041 219274
145918 60044
458332 17744
155867 124742
567236 136878
417905 170335
245507 22253
463285 206358
239270 208654
70524 214128
202808 154051
481241 64731
523733 232623
193384 143753
117325 72434
505698 151791
394168 176477
29802 7324
345241 20838
516546 234691
513004 76761
61830 120766
183930 3164
523952 140575
399066 6493
151211 124963
92309 148344
288588 22540
282670 61825
107617 82614
427344 37331
222041 197523
408498 33057
428786 185231
269369 182488
20059 199277
516637 7754
112090 38789
198352 98434
217705 151218
533771 238744
209539 92067
248829 113082
183413 239553
119611 222434
528248 60616
289122 117175
391813 142315
404219 143101
533019 244779
142763 63122
255999 185116
301726 46885
95704 54346
58373 174930
586683 59336
413615 150277
370272 12366
347962 31448
49000 156585
173238 96043
278210 245249
263872 59823
459965 30075
507567 178697
290650 36282
419296 102277
520617 172875
201583 21576
171540 126856
521484 62739
500872 236335
12137 203176
534343 49729
44311 82340
398707 236220
207493 216608
139358 203949
291488 119734
164054 109744
316275 128529
416745 12646
392603 222311
299296 225610
474684 143255
460707 230975
97530 107595
11114 226579
509829 234392
10186 228135
531920 136173
84188 47523
305178 191690
8651 131550
175693 86659
35900 158748
464998 232897
58327 140584
402041 19757
520661 79450
211055 38476
317823 206598
527243 79706
219215 34507
177387 212655
165082 222194
398817 185338
545616 187714
460433 199473
436575 200753
414432 121862
238226 151399
468748 96627
317933 170109
388911 3104
582440 144634
273336 229369
113348 217902
271427 178225
108572 189631
284806 231339
332522 174245
57286 129949
183122 16132
465461 38994
423139 96574
383125 81067
326253 90194
363143 167575
477677 67515
368793 40943
562398 151772
497508 125518
130734 183432
167428 222693
340996 150331
516272 216463
409875 185647
567469 181844
147920 47141
526887 110929
196886 66100
400800 132896
305151 182485
80160 197224
156972 201465
123152 107958
420915 221260
381879 179416
323508 90117
247243 182669
305522 16216
260014 161326
162266 96789
302224 154880
263766 181005
197272 172520
567480 108844
35568 2350
513892 36746
84055 218643
567608 102047
187258 113618
401381 130473
315988 212515
429144 79075
122118 25244
350858 94142
184775 60816
242806 237800
20180 231682
132938 153260
32699 173273
557642 173391
230457 22498
543030 33852
105809 135312
404096 89415
291686 243920
290889 201222
245440 196565
162013 168991
250724 100261
469009 55341
557890 211397
56306 240724
150394 111194
468 228531
478698 54828
326608 230685
512566 81514
144589 209766
27006 75149
43657 53424
80187 104882
150882 84282
54115 157373
150927 22732
176050 82849
172038 94167
25458 178834
268635 217185
51570 197783
77506 95243
266886 85444
358943 222978
514024 224595
6163 155435
7338 60731
569204 174149
147402 228020
25083 206785
186314 225452
2250 10162
393058 75542
12423 140801
483192 10066
551725 130601
233110 195473
27354 229918
73904 246374
135540 133302
270755 156967
577676 8290
339025 179422
416660 237554
455983 8946
116493 179351
48401 186922
517111 209784
457821 217918
274777 133503
498504 111576
399602 167903
575699 19630
524641 33723
27914 193602
94370 211065
524143 126896
218709 33924
58535 242946
473369 93460
451064 114032
104735 68700
88443 189472
58724 203110
511177 131087
410864 199386
470811 242122
76499 76899
448558 136203
582938 202938
335774 198454
144399 167062
133394 94664
146088 153571
145756 226703
444138 87008
251030 239441
556562 215877
298837 173131
235275 97087
264642 69425
357517 11397
330968 108442
457392 191338
438291 54687
361455 174757
278816 67225
166910 181997
116505 123862
338593 66887
69067 111964
111188 61130
395255 148913
205565 138405
91400 128198
284467 111860
191220 11820
223315 203665
422996 11160
495004 159540
215197 195627
102720 189767
351609 161152
223982 238638
335756 162182
210935 52316
130198 33825
301945 8431
572261 182492
91356 172824
554885 141329
379972 234983
517148 144902
121208 127226
417802 80801
127550 35965
107916 89581
566909 97912
23884 188296
314931 100347
399969 221693
132862 57237
475252 146361
113864 195706
234951 203810
154189 78422
127085 48016
479596 83474
575065 169658
219750 163118
322793 136659
469124 119097
549181 98519
422643 32089
542622 178428
138511 22617
97908 68182
580152 11586
318465 91417
288569 129822
243075 164268
203361 222360
189425 137700
549634 190366
215277 80251
327636 159310
541736 204792
576296 214736
198878 23745
400055 55362
537176 169609
98211 41914
58714 209258
267897 30426
78363 14238
513876 222704
199324 99347
13389 100558
343610 219167
475287 144147
144620 212013
403521 181540
293099 14330
502634 30209
554155 12279
200912 199289
200022 69983
525396 244421
173172 68763
388651 69731
498755 223069
78152 26154
295766 190340
537411 91268
151146 8484
523666 53149
573617 154503
114681 161284
111718 66074
188875 53168
118393 70557
412142 144868
201523 97444
135110 176343
264505 40368
405483 181743
68904 23134
160736 234397
274699 87861
164120 104561
218225 11825
214510 198162
113370 164000
450744 207909
418681 38805
294695 213670
62807 49975
131984 120714
457288 230932
282923 28983
386983 179129
568146 69120
504421 189178
82005 139130
105566 8384
583722 184481
488567 165290
13003 53942
538132 35400
51480 158704
84872 142202
414941 36124
439791 116888
455112 45216
13276 134879
338801 206402
353627 16353
533145 167072
74453 175636
9562 34746
438834 149848
257920 35387
145548 232480
216059 232588
580976 76802
295429 136148
144305 186279
81080 237356
146136 111773
508859 82223
336621 179442
115251 116346
458918 201141
557456 140210
54446 43230
321917 37353
340952 111113
117394 123294
32872 47016
259409 173385
480236 99844
432564 127582
298276 141602
479284 244678
333646 244938
554595 65768
52353 141137
139925 210151
258801 73419
286708 95748
494474 173841
23753 136549
352432 113904
292393 208422
194516 107035
293136 143667
581295 64338
34790 183274
376977 27309
249459 127563
150432 114024
123773 62776
291067 88508
476337 28513
25180 143256
83504 88512
447492 35010
335710 42800
280108 84805
583950 81717
154597 83370
234028 69913
255875 4319
24793 139730
81303 144623
524071 69855
542560 176704
196646 103815
126845 128730
547757 244433
228756 221632
395140 26195
466869 65893
43276 245980
512443 67380
284687 46842
424503 158103
4563 185113
387480 236576
471067 132281
534337 124267
15180 180756
220501 8889
436477 214431
150707 178162
201186 177469
31754 212961
179276 1746
114039 66820
266105 5849
13146 114487
346338 45093
308315 127120
426107 245612
501578 81574
397176 163669
405698 222257
283401 245912
475207 125017
380208 11374
24876 21973
49972 106611
13019 59438
97156 189996
172625 139923
311210 49312
77082 53805
355041 161500
70289 142188
262643 125027
518374 52533
63969 86675
9187 55215
5391 180044
