718257 639579
327
617419 67771
448287 447535
689649 310739
544730 363387
549437 53080
368170 222891
329362 57625
582822 623273
292427 582426
89962 553415
35978 287696
287208 537593
158694 224208
254232 286076
59546 244442
443917 324318
476830 285150
697890 509697
429616 599575
484092 369892
254487 501346
530971 383656
138095 279570
641542 58087
357907 6787
53966 352080
683081 485728
559838 290894
642734 580925
685428 60288
65469 39959
381360 390644
662807 386850
290124 274467
37030 264363
271551 375587
693597 514717
378782 528622
78099 94564
526737 44709
25218 284553
166847 91432
471101 203041
427101 503445
335105 42763
513697 588194
578755 240141
566779 548010
68282 429156
268889 55152
339883 271970
598724 237503
251287 635670
436875 579789
308495 513122
279988 107245
525109 597494
232141 472487
528953 607503
138971 6331
381966 520613
65348 258615
437460 631946
539411 43466
432845 528572
135746 611800
284204 574950
363713 209897
703076 628115
3460 539512
356883 339342
559457 15383
14294 484296
312771 602574
378252 48381
594320 128272
380388 256376
227977 284964
300145 3278
81551 101327
74033 67069
340821 401728
61857 14764
610806 138261
648571 215262
368850 80375
458761 126799
232320 54130
578896 29290
29579 77666
501281 583860
649690 572038
563640 121643
19740 460683
535792 448586
136926 105493
67999 313806
588732 480421
110796 41648
408991 84878
376540 142155
253878 211801
136310 525583
371036 183627
221055 6978
441829 135890
190363 174060
456932 166259
544010 584883
616718 542360
536262 158760
576896 130360
636771 178977
47058 383713
248565 38890
502387 170688
38711 517400
90351 244662
90636 141306
343285 71965
287871 94546
331018 577724
75863 347839
513743 177250
684906 533793
283707 180551
104176 478758
499948 28230
693179 413612
72458 218893
604085 201532
652167 329709
244737 199542
50101 120325
613485 2005
616368 397174
715275 320262
670999 193155
45211 155467
682987 394543
703289 214939
156516 184929
442205 420629
8973 309221
513539 312719
348628 93835
474665 164839
409478 414206
685857 509277
39823 218339
690838 616753
405498 498211
152192 95066
378434 22543
210852 552861
41918 438617
408017 330213
681257 304242
58239 601249
403949 258413
701995 188572
616625 29053
516420 492699
478352 363884
522840 238428
220322 30757
455936 637086
152789 394988
233303 521486
311186 237492
6293 91773
218457 68099
587070 568081
241705 465912
141714 621144
578727 630861
136833 95655
585428 533790
531240 264412
353305 613510
695989 258045
177622 82411
46660 86803
548208 203635
132406 68099
203318 361749
103362 595903
566053 573213
101569 388006
565612 524607
200456 229364
570608 235891
437762 500589
566290 568566
427265 312280
685166 572410
513150 291679
678625 448298
560470 579247
308291 371483
629547 260668
189262 404178
24094 242920
328881 350163
392666 463746
682998 283407
299453 227005
7897 109564
358772 457923
613135 69912
493556 41106
713692 108235
618911 417400
152127 595023
467597 355615
184066 330790
82155 483909
531472 98854
28644 619447
529462 401584
702984 318886
402297 402277
74828 548704
140268 494289
154666 226859
542583 628584
642184 395678
197132 493800
18881 619473
66538 405632
160146 369020
488849 585247
455437 606342
208218 462247
662372 161615
698659 279915
669160 286760
597966 571351
493092 275741
492599 546467
380323 510790
400281 126023
531042 73806
36161 178830
491605 11707
214028 203444
649647 375982
625126 450252
95615 306133
499412 60056
596091 90942
642297 355759
354772 145163
657457 248992
605244 273726
519061 502976
360906 524773
466520 384956
339939 480611
56825 42715
229094 224886
355793 327752
511154 637613
254846 589713
450944 319486
672798 186082
613897 81788
230451 322840
21063 34258
378826 166899
441708 107077
453228 196142
247002 46644
200533 521938
146347 223021
220953 374408
125358 511055
322316 466030
334683 301262
191249 352337
291708 31785
588024 398169
278301 418466
157038 578941
640703 50237
682778 629095
433036 316833
534636 598287
358481 365923
427109 30493
241408 221140
631569 434441
717987 249140
571441 591335
306064 566436
623518 608869
339231 435616
402028 312829
177239 166507
563104 424780
477570 410720
213171 132187
334254 176155
131892 280211
577344 394753
530594 198993
202537 5123
689336 178861
359638 558177
218607 217860
609794 637912
3547 105558
28681 337671
159197 463605
466360 402411
237958 545316
681191 361784
329387 542038
112370 621044
151634 293837
388852 293784
282943 523496
496545 280803
330260 28117
69196 223763
671356 385106
230877 431998
