369 335
80
13 58
92 11
211 7
116 142
197 239
36 83
28 333
47 104
281 158
214 206
339 232
26 27
138 200
136 57
367 203
36 33
105 105
91 181
30 127
252 49
29 36
364 49
214 331
285 281
191 206
76 321
157 176
274 64
199 8
50 175
129 220
341 185
81 83
295 189
67 12
286 35
329 36
282 158
138 259
149 245
358 157
99 166
248 5
43 40
311 262
261 287
136 237
64 101
17 143
185 60
96 293
91 312
61 325
37 242
211 157
142 48
352 12
218 293
27 194
308 80
13 94
44 334
262 7
221 123
179 20
219 168
263 218
361 265
237 295
271 197
179 319
61 255
220 202
147 269
175 30
196 86
227 136
15 117
185 290
251 79
