547500 775240
882
383304 379117
228996 465715
268233 116394
366016 721633
60091 743541
108512 563871
535842 369759
231536 448813
372551 520016
444925 695934
87880 731378
144874 488647
51722 200579
19537 770897
48622 150869
509394 168316
12456 635038
303160 387565
363584 413049
435524 430855
296472 395051
526295 423121
413425 133579
300450 151604
226661 113787
178047 722379
433169 241022
268706 4594
518667 640816
538194 526775
102226 252768
221985 330117
429959 234576
243033 123033
424035 73000
247616 689090
17978 540775
100268 100383
509314 482644
289210 527126
223124 192867
511326 109685
373427 63025
83349 671113
304137 378999
472632 33812
8462 469473
320166 99367
206063 472052
537185 390372
248351 490399
260284 168216
348045 488663
143410 86326
241611 688281
202611 199815
149728 690084
27018 694318
274783 357355
257609 5588
56217 171165
430430 89824
294393 633815
374095 384792
185792 368589
217140 56809
255255 296892
375022 308189
379748 453961
492522 187143
97270 22721
475550 347629
319254 640910
242703 722781
33348 38076
458458 367327
417041 735032
5237 456226
47697 411375
490949 82727
126433 326490
461159 455371
388530 243099
477902 633639
375362 316908
393196 170501
398507 259692
122214 243606
196343 141723
511377 773439
372379 302105
32149 83053
449339 694807
320265 646011
447184 654017
486754 445058
189798 745995
82286 734177
487075 602422
480354 450963
176274 418788
299961 560494
140297 763223
310396 640390
465153 715265
2186 663121
309198 350772
232557 136728
343403 200783
255200 304997
188998 712280
245810 140366
440706 443892
487006 190599
381084 201282
6633 517375
464015 712356
525652 758650
283801 494322
397145 10412
333334 635509
304361 604587
262322 608823
31328 334151
368908 747461
247739 164777
253372 585659
474194 231632
279879 298722
125651 629050
402676 484635
271562 519173
360490 287213
34281 70624
11070 40377
537053 10154
327363 742701
136485 756361
387085 357189
161321 304472
7999 354736
62553 394949
313139 506747
480236 425740
30577 490942
479074 652293
244469 94883
10142 422951
359954 216949
232621 744663
149350 429383
448581 377620
276204 629465
46148 662075
141645 666564
484632 413365
46924 638009
468909 724717
231873 189520
436674 738640
400962 109039
187137 452146
292969 98898
372868 294202
507938 83704
130773 404344
188880 481458
163066 10957
241355 569656
350914 175980
220729 159118
327119 773999
211292 549156
507335 316132
445798 639013
407716 305682
546605 451965
345506 576825
493689 282370
528815 638003
407019 168364
173932 238493
190688 251526
386100 278159
332339 70847
183783 737397
10758 660540
141638 589083
540277 19568
219886 773857
56057 44475
198224 639350
234221 309493
186848 627006
287127 107893
150146 148952
378425 544128
259384 651912
252589 316296
315756 589014
139358 222948
410785 165685
126913 24833
231853 563691
500339 433369
516752 412767
104982 69810
530333 642635
278876 430263
81685 561570
396421 717126
483237 537595
512157 73239
59873 732007
321552 40704
503340 79582
242925 225535
75395 199001
35017 75613
473201 670827
220773 750323
88011 309129
135427 433353
397671 218482
242784 289864
26573 743850
85814 679535
4825 596300
404155 139686
502729 319985
371601 102062
325372 290337
497984 722382
415055 701633
268761 604704
43573 673309
134036 576770
239461 760735
187928 311640
198524 668184
438753 37591
127140 454795
500040 674355
281973 714814
405983 557224
17307 535764
526580 12837
66744 755046
409661 42236
132356 126442
412505 509508
290557 10303
431078 170628
52714 676026
199430 268919
266127 325819
326961 646475
127122 258524
16759 448612
56805 764085
492862 214035
451322 403532
167594 591791
216673 64568
518790 75011
277081 410801
14546 730840
120793 148986
375097 562674
2840 286751
281237 173190
312564 516769
158503 579775
140237 477472
385962 355859
300513 303280
270500 531615
188990 409397
35031 708747
402632 470829
135834 54604
446649 56632
405212 327232
128203 481413
128594 518996
237005 417772
198058 660313
31110 695140
188186 5189
195849 490617
285010 93411
200547 27561
200267 182786
281582 140605
82631 618377
288912 15510
322056 50374
252435 764449
153563 27990
2531 592768
6000 500616
414129 185843
162208 754402
337499 146728
112901 30045
347584 121384
362253 109747
32925 486458
39712 399618
142988 616778
91306 534504
60588 99648
191031 393802
83032 472111
262461 570996
97477 146854
49247 482278
89757 378750
95053 473967
389043 65367
378709 49699
273412 681051
298934 538973
470057 398062
478535 509306
27837 656523
364903 478112
461 612423
420451 76417
495311 271082
256132 227193
262501 315379
13929 287810
425182 358463
374602 479577
188474 37346
282375 177128
433729 301276
196627 397092
249577 162660
276874 223248
430862 578762
50486 300770
310315 10943
350371 378669
527908 558059
159830 277389
101665 168232
155054 337385
238069 387155
306499 339512
105186 393543
242374 88658
416022 311577
325197 499486
151121 501889
136023 340902
486743 505882
130572 251864
216988 541083
31307 165943
527949 649009
373399 270027
344648 233400
289194 543137
21185 647791
397431 630059
445491 195507
404205 116790
298229 566412
404539 104077
417642 486173
421791 485161
404966 310561
224168 692440
268606 197210
260484 89389
99673 661584
67091 319951
157709 537166
539619 256000
274243 589328
67704 626710
203181 567407
407954 654641
288590 388663
132720 703348
375400 679294
522018 2477
252623 750533
298545 532020
89233 220245
224785 186506
522140 510328
529395 260323
65538 718910
267443 445120
513488 685748
300712 276788
379558 247839
348951 770631
507450 411866
144567 321958
169250 415231
470261 16441
233994 739375
282884 344427
6278 38857
229185 394565
384587 273135
447604 234966
336655 497210
168590 61574
273085 5459
360905 483649
71092 712070
176207 282610
526197 76130
277073 490035
468247 55863
350461 167663
33973 657153
24637 493308
353264 663089
66682 323477
115227 500950
426437 203192
151010 356029
376967 180187
536313 212461
30759 455896
525546 276372
296489 525556
395852 755151
23927 769386
530383 301188
82057 95852
431287 136254
434718 731596
100494 547966
83011 284713
417409 240467
390720 193703
545250 220438
329639 538782
203196 74884
50188 519569
173247 359722
143660 608042
368170 170243
92373 548452
168214 113193
545100 293643
256559 387153
316551 552454
281168 429335
42079 492961
380389 714014
225437 767286
397391 329944
502557 255879
531050 392200
428848 624179
239868 774325
355284 374248
64409 714175
215508 733700
539239 283049
256484 237167
174806 70104
391722 402602
218188 24570
446069 722622
532444 271702
176109 337959
492039 309144
218364 491067
85630 151105
355120 18126
99962 434605
167844 624889
493333 479729
176368 446579
374100 441564
191764 771453
275377 759427
104207 18048
332969 723403
386817 478704
77081 725671
198718 357435
314503 21092
129916 101524
406632 745832
441647 224681
398118 746445
14881 110165
374472 289478
165724 554638
240370 98573
185062 587421
16926 270144
384612 771652
266531 330007
145331 599088
62726 186306
352960 162047
67032 69688
21259 525202
395285 471387
369023 472454
142668 214862
369366 480454
190806 697610
404180 485251
528397 638687
80976 319140
58958 214242
16327 84692
309505 658682
103599 314927
20394 72708
162210 352650
388514 423203
351695 26948
72292 388327
28427 215804
243872 536565
196828 36485
284211 149658
455934 225166
169612 765573
525594 319228
391602 439117
435931 114908
219177 189564
195712 390385
318197 64895
178981 61734
370815 704642
265905 567900
324059 57466
446629 205728
483919 305658
546277 148594
50629 329132
510960 251077
280476 155303
377193 746166
336159 496807
286089 95510
116966 23213
73375 270151
383315 364186
30863 539275
73577 227981
385265 434458
233772 665273
513821 488129
428680 674852
6064 658862
54534 151225
28893 432199
305023 393670
521074 345580
248644 688433
393133 178487
236710 730923
277051 371424
484143 527010
393633 4574
190242 673401
496637 767401
212188 78253
377936 129659
252017 630265
386695 645766
399339 462943
418694 84957
187991 157268
76082 146009
412308 755853
137530 317696
354423 687915
326612 637197
249830 707754
546454 383679
307084 141849
233929 746781
182866 366881
151718 621249
5042 341906
236874 465573
217815 43421
498984 620633
9824 595255
424727 448104
404267 167676
57327 654300
19351 397633
197683 392477
177459 510212
492422 234684
394742 671806
133193 372559
514682 210354
349733 743045
325856 310681
389233 750419
331498 589919
288718 423770
398675 472121
202363 596625
457105 307649
95760 357141
31657 70568
16332 548776
36497 206067
357732 159516
141228 595292
331919 292137
293715 180621
248288 641838
151449 284553
275676 514583
510089 349147
107078 114047
269608 178379
180477 71419
404669 746822
57195 484032
54938 651511
405697 748973
16853 28326
33557 6137
536810 747752
249874 96768
120762 386536
404837 374477
130076 103446
159131 591392
384662 1209
159437 762915
70638 749268
518464 442403
259553 292722
18553 366773
385059 603763
251184 301447
323643 670399
473555 151474
537035 46384
181217 134860
340546 293439
169198 423792
15340 135561
475990 1455
119403 83043
210325 180724
7983 100140
430322 768199
318149 238469
159985 537899
353478 502881
66257 558352
499259 189036
545865 228668
241692 520454
282343 768403
57526 552384
200761 251722
519782 616687
257077 386477
363284 40563
2702 186359
267520 534095
182363 655580
174021 74705
122431 439504
90839 252294
355942 516701
390150 287863
448053 299956
319367 553811
265330 332786
148797 696687
57175 8006
212102 150461
339883 123570
472612 153953
533635 528239
224691 534052
501142 597865
34987 421269
12552 357735
304421 610256
522495 472039
541843 597084
234002 397983
374675 528642
488799 77608
405182 651280
162630 494161
82693 653693
169291 424463
525745 298943
8108 318358
125883 472731
238383 534686
394055 138817
307515 90801
410780 739944
419460 512016
135142 706451
155080 175457
533277 112885
353921 577529
382716 705136
344594 680089
44228 434320
472329 51211
412560 252311
538222 21599
230895 717158
199328 522537
281445 385366
428881 162293
381774 143678
345306 615985
398418 663185
525726 748340
117782 52264
247771 147373
525894 772594
151139 333432
153561 73087
325006 744016
223080 514507
184805 605545
385895 295080
14703 388796
103227 358591
497321 672433
261564 112448
342287 240204
452423 352872
120318 484566
423705 183974
354496 716266
205325 8452
437767 580213
337353 598869
67977 632770
149327 20358
156288 628220
176767 727483
438715 393532
211493 41918
96530 79839
103262 126681
225708 272899
369790 678970
427311 607888
23349 630082
142814 545502
265781 235032
24062 309540
291127 363441
543877 228282
316890 495557
27831 540103
59787 398391
246974 554715
40901 51852
97536 651981
182449 676913
67951 189906
229325 723651
419425 271117
316346 69218
184360 432982
412812 29614
283384 252498
2382 663258
38159 617313
460144 182175
321640 182313
394108 275502
231929 755036
406322 487856
72446 213185
497170 500700
364962 307598
50812 82887
298649 450792
460501 83936
531238 349905
378966 610376
309207 116680
526625 531452
369911 88637
119773 265695
71344 182520
355234 319247
426795 464389
275324 12408
86170 58128
497215 122807
387047 18921
298838 352590
512029 660844
56788 102683
273074 496763
504776 766197
21210 127541
37459 276105
466237 156172
36229 199481
429652 378957
33416 287439
222090 99676
73842 48351
513439 768071
415346 229314
25589 320224
320808 608937
323076 474317
448805 299815
299241 694067
505817 618314
321391 149818
481568 7983
357165 613077
407939 541057
217373 322627
86363 14281
267860 445890
90872 598553
434607 361759
193506 108109
517894 185547
344307 648964
532495 197783
333332 187868
114606 417320
366474 467730
425076 258976
124413 299230
6324 482719
513915 260378
354717 572502
328968 674531
32851 485731
377080 287921
169122 537992
76987 733672
477869 716634
308489 582986
200686 222112
92909 525060
345564 576743
172055 62946
457287 437557
224414 757297
485826 436877
291386 225063
191136 687940
319398 20789
489301 91711
542877 666801
259288 480870
302048 230808
185248 621265
220330 515610
250462 668164
229656 607342
420764 493425
248766 89587
117130 437487
188688 541529
247599 376934
7651 461677
