271676 821023
878
257981 736370
87340 753277
16702 644173
268324 197807
258859 305431
234887 645479
49688 529264
51020 569777
173179 816095
182720 126841
83812 674358
103567 365579
121567 569438
266213 569758
216291 778196
60855 123382
18068 10702
119124 92794
1407 472338
263298 546277
236096 28138
82142 138726
243901 17420
17574 495302
14684 126261
58069 292770
201748 422043
23920 167259
228317 300425
211331 33849
175884 280012
269468 492844
70365 74856
175990 558969
270514 812581
232718 623805
252190 290824
225306 441181
105889 785666
166616 296280
235230 79308
100659 471361
121200 699755
11344 362527
256313 290664
42097 627863
72180 233311
40032 624774
232026 8171
59915 288388
80865 584958
242803 547760
259339 497968
206364 623423
142242 144148
134939 589225
80634 56932
18278 564392
128529 578712
222353 424704
250408 72400
217866 236006
151047 403941
193195 568188
146612 746644
148099 278062
167687 128873
180372 228444
78158 295784
155617 641672
3847 16203
226252 34982
40759 513476
170728 7972
19692 459424
172080 695108
240235 491510
58394 171414
123113 449870
130661 493919
182396 259613
192245 215766
57601 436785
211965 412825
79424 88021
216097 643541
7984 204841
154164 172145
141155 69556
231903 412233
231331 321122
19427 699834
224913 800119
94335 487494
225704 303439
5191 342850
138230 298214
118698 210922
269385 708568
12903 653056
171928 121690
263768 758730
23406 54168
206009 440824
56462 714697
81545 407614
81771 545548
168684 212327
196410 347923
216368 172108
234426 282670
247414 229
40820 539657
110027 548300
230870 764971
104938 269883
244740 593958
146692 735129
4125 57779
172392 79972
90245 13941
201926 473608
47657 332194
144258 397511
187276 73821
37788 179333
256874 173950
45063 216772
264431 745889
27830 771421
118375 729264
270278 607078
140100 701192
81057 507087
218569 669447
96689 549526
265486 558470
226302 396744
17821 639159
84752 399796
204822 697249
241202 104817
237776 468179
37484 14032
194719 731432
62019 790745
149574 817749
75900 38318
167585 280414
30930 556541
246381 697198
39652 444432
14046 606678
53081 90139
62982 51706
241639 369415
14914 574792
164010 538013
77114 736125
2615 471615
85494 43506
179133 265507
179163 547529
23537 275794
220331 58730
216082 594330
218537 33114
108007 197008
99004 369794
106218 718840
226197 267766
243814 549704
50444 344783
129720 96476
107871 766716
1443 646434
220138 566922
35316 193785
268478 352628
225681 407214
216608 65392
212953 300058
224847 141995
152324 80701
192395 427015
156317 46114
138043 537090
200302 735639
234392 440118
50215 646424
201370 52049
114097 721955
35655 374992
189016 574902
204692 348363
235852 574993
43940 82077
151621 627915
100711 503922
53424 507041
31834 213293
62617 657582
263839 418785
167547 263702
15914 125915
164249 259862
225070 719948
241491 786840
53690 595354
23885 776233
2279 692273
239543 608459
211634 696127
141242 140885
174675 122761
127149 525179
115484 295745
60678 82233
95069 20356
266733 543623
94741 553355
240752 210428
214900 408635
116891 7542
165157 552929
212502 598133
215528 508191
238302 559682
102776 449123
153645 779476
82792 598243
81032 660115
122607 615472
9426 587801
265619 572775
115032 452733
44669 747645
267119 290048
256114 345305
152837 204131
172717 248800
173260 460243
172523 223229
127305 114553
154094 524736
204815 6255
269247 298417
150526 718296
129382 325492
110141 776288
253987 666666
30776 502817
166509 799693
106732 648106
135290 797667
3497 167291
83101 667832
63930 207452
14346 30085
256613 200676
185822 636832
125456 499412
90623 32017
256999 730445
34377 361483
52888 668319
257976 719903
219329 678584
222317 187889
142534 115857
129208 724513
40648 615353
143733 518861
200262 431344
207991 47365
209591 203190
21334 610373
13655 385030
177571 135605
145302 616868
239948 624223
199798 777963
218837 683806
108639 309737
140929 707635
55633 477920
118861 629501
69086 401242
2159 347622
70536 785308
64923 752801
76819 800106
90223 714516
145472 145956
7490 135676
121869 239250
39438 189957
90204 263214
177694 529914
197687 203003
2894 573623
27409 600009
251047 591455
87573 437182
152975 211686
144716 775090
122206 622293
129371 218685
202974 791859
150741 243861
251458 818350
184438 39218
196441 566252
116344 401664
14782 348999
245525 462070
1970 11546
254686 379043
230969 534488
250858 258104
258390 700366
47429 56385
81320 116289
13835 263659
200617 685404
210096 777506
66387 86527
85452 135944
161313 380399
195823 776008
108271 196770
78718 527298
237247 85297
169558 524158
81270 441372
152183 159734
38756 40250
27167 333797
170076 605553
4277 23688
115142 298469
10273 745154
1795 485598
39519 179510
43168 87983
99634 663420
158899 165011
37241 708166
113348 110098
64338 237218
261595 116575
262163 201887
170482 652131
5766 386490
46776 251121
211214 502036
256306 88360
233310 144383
89813 548405
190889 699268
139802 718408
198948 705673
129060 430655
62541 242349
251871 52603
52325 332033
57588 564711
177424 564305
59712 211036
55741 371476
93103 183814
102367 90563
172140 268643
63414 636073
127741 194142
148056 24334
163449 507672
43511 761199
77847 68890
94109 40201
96831 130539
2893 737119
103892 108589
169644 272334
64167 810695
15508 482739
250009 257420
65760 52535
149714 551363
56059 106923
230334 620116
174685 29629
154063 573850
260690 201489
118313 415101
236937 326217
57665 539219
94192 109535
16771 351090
1964 238087
1043 587944
158294 738495
62428 193912
123558 91038
246970 748008
234362 418845
239078 288937
68451 695730
175273 606922
132265 516794
167969 332021
94443 114064
255881 585968
191304 83087
223276 339048
253054 725101
60225 121784
12779 259930
148492 351978
247127 689239
156925 687368
191834 818547
3207 137670
170023 294440
183891 242989
187241 356973
171484 710295
244973 400602
17792 569090
13669 238782
60559 345686
97289 16152
15093 24081
107992 805660
16715 492050
227564 434028
8126 661792
69261 678162
127404 300859
235276 805002
98279 657497
20347 702787
106033 495283
21068 177802
8230 320662
150013 686366
14622 690678
211992 396464
228752 464122
81584 633291
184148 675764
146875 246449
214540 397409
129640 35100
250809 53714
213646 739241
268121 496917
89996 87630
1819 115587
34761 62870
260733 622995
236624 188531
185369 801118
63244 548152
189753 70531
114780 302158
102424 296024
35787 161202
14960 781149
240432 352962
84980 59122
148887 483305
177105 800168
146578 559097
12229 415346
123929 151326
83698 391516
94888 220193
271454 532619
96109 427611
161216 329075
245046 26449
264079 428565
78943 229909
199554 628964
10144 215614
134826 580785
92911 275311
53887 661513
262457 390062
243085 769029
189625 345819
176726 360274
195390 789576
87913 629874
208294 404524
101173 367079
54668 233157
118644 744711
187426 53928
187825 574147
74202 199147
216005 246635
108091 761371
19409 410341
162665 553650
243513 440997
13321 465766
183921 588925
110408 721191
167786 297966
204069 763380
125946 586943
5155 320174
201711 96332
128828 745661
20587 221726
264083 10416
180416 186390
41579 779687
233045 796691
96296 587570
152654 489071
73542 696864
127598 177555
144146 116475
236997 25534
27127 786785
115512 272727
122661 758612
188598 8304
160066 463564
50705 578452
250813 249584
231204 614996
222495 267340
179306 164713
116311 188336
98835 223186
160462 415032
224392 202957
168672 29987
240321 127574
67330 213587
195717 689645
148375 549204
32037 513056
68236 199295
80943 346313
207030 598956
94811 257109
181982 230073
161713 639040
67824 608346
110934 348414
76673 701130
72480 682423
29424 251620
26276 34217
203243 125416
123518 401246
30791 511297
106387 522105
80018 425159
211650 52569
221224 211586
104750 641210
193963 645667
201007 803405
126383 191934
241929 444614
41791 439232
57485 72123
171953 469195
71323 718918
39145 415489
210367 48969
122949 567631
37159 745270
186634 416560
144485 186338
257470 203671
73865 110917
220405 163625
76270 656751
173126 668854
212232 265783
43827 532714
239395 505457
201821 227500
93065 798235
51556 114011
135910 436640
139793 248660
134072 183519
54566 501674
25135 236123
108666 527592
67065 544475
195557 765308
146822 625884
35796 621476
69413 574321
83612 170763
179016 188214
130333 430412
155917 249590
147286 439663
63899 163786
129516 519600
78225 696679
196427 799109
137224 323387
141621 141705
242117 36600
155992 775841
223371 391601
238846 617214
195974 414101
17784 585938
40694 293865
139628 249790
14672 330611
44355 245047
160318 662372
94278 487657
110886 5372
7640 584662
36571 619254
156857 255750
109623 185839
54584 479843
129278 170395
55389 747905
68437 781596
27937 538624
95618 224910
186120 706264
250976 795948
144457 255620
160395 449794
45894 414778
57759 144267
95667 580698
250068 678475
119750 369704
14706 131943
25406 237968
38357 54179
198490 818189
13823 662642
192468 806004
32464 480076
261736 16836
160276 531014
84724 721064
185475 304449
89724 460781
157014 658108
235722 276373
246779 220624
83193 773737
78017 525256
34559 625197
23899 1053
21454 529221
199869 452806
36073 151438
260819 528282
162186 566096
172174 625456
17384 530345
6715 200317
5957 125957
139308 788407
92814 259918
110108 137702
178937 217692
118007 282749
81219 493340
95859 213726
57868 323298
207138 804148
40801 810390
188869 455541
26376 792736
236519 197901
188142 457143
230045 243527
12806 792406
105680 67794
50083 488983
134427 505550
62226 587065
157339 685600
242555 17491
151897 204383
95043 123121
53023 592766
159484 728378
163307 661486
244643 78680
267090 173656
183644 71437
242467 516707
15113 296156
140762 585941
129194 552085
197481 450379
56514 170788
184860 71243
57939 570077
188772 59161
71689 323760
176064 1988
171469 204850
142592 716778
245245 371716
236355 777413
101105 38928
76130 251271
149319 18133
102529 95434
174487 428527
91615 668102
240818 168675
30074 151766
1144 764383
61416 733966
144169 666413
12267 143587
101967 217159
237070 249509
44435 395320
96787 368387
106520 560897
265339 93634
78816 524134
141986 335026
233031 294017
155278 308903
158585 615137
218649 85946
71306 330116
262433 125519
127448 764033
172246 319053
89413 457741
45906 611601
195862 445436
189344 758930
235503 388384
147724 359747
114573 5232
72747 532512
194488 116965
246244 517855
70312 82272
197015 789376
164104 672317
134979 172422
6393 181886
64028 808522
222242 600681
106140 257991
123972 804034
3429 377357
243417 126150
191249 313316
74171 17401
150989 62468
195752 400529
153859 630921
115803 359924
231799 410208
229352 302863
197491 326919
271589 505937
213969 354231
61666 457842
67230 251579
215959 632746
260900 635507
136776 245701
135472 211835
158533 294047
57531 729978
174163 770188
74810 248495
199711 639621
64063 778440
174270 2389
86642 231242
120993 800146
258339 36386
93910 815115
30523 402012
132777 433816
66359 494807
169105 168858
13499 811589
153624 280175
108022 432514
203687 25851
178148 479703
124598 79545
127303 539377
33764 431854
72563 340472
128789 539367
49114 313512
30269 753768
253099 56008
226202 432439
270126 222016
80474 176232
115881 128951
16880 259667
90711 361126
146976 594782
238643 349200
187243 557354
78019 768923
210984 199880
256528 445224
110528 595522
194058 286792
10365 550128
71687 702961
7783 451698
218624 102349
128350 5815
129106 574715
28221 442742
152718 30791
227902 494096
37857 340543
263848 418909
241302 523695
114955 256243
243618 298575
165559 373816
89028 285187
29149 163712
239449 547443
128048 249551
225026 542014
119684 475709
197501 572616
208849 209307
52305 11329
85178 15260
6407 373195
249402 230653
17521 675193
48033 248103
245204 186241
112189 301029
8032 172528
94154 534887
61494 489590
215832 504580
207335 295205
200860 644077
189606 138615
27855 343929
124810 145544
112607 344648
254369 730778
54930 704497
59336 657797
246276 38772
72470 178537
174777 193571
112852 243491
67573 254273
196268 42670
21467 328481
