10000 23
7630
4793
5095
8367
8901
9021
6134
7594
3629
761
6889
3003
2953
5401
2819
5197
2195
320
3489
3314
2891
6228
467
3049
3390
3497
924
4424
9052
7532
2604
5252
3280
6572
1415
7542
9464
2099
9119
1190
5171
9915
803
1155
2591
9951
1983
3979
8408
2502
8178
1425
6621
5512
3665
1251
321
7473
4760
7822
9828
8769
7505
1803
4231
6145
3384
9379
824
3280
9379
8776
8403
4754
9464
5509
3742
469
7357
6237
3662
7460
8317
230
5253
6334
8551
7471
4374
9526
3419
9223
2367
5910
8408
9446
723
9282
8488
2943
2065
2116
4457
1461
2868
1652
7201
7682
9999
5343
9302
8743
3775
7556
2368
5092
5730
411
505
1726
2909
3681
370
3398
7603
9381
4130
9409
5705
493
1005
4806
9613
8429
5624
1451
1370
1144
8439
7089
8963
2472
6751
1547
5854
7473
550
7124
6269
2706
9072
6712
340
3195
4210
3171
7337
5487
9927
1877
7877
8376
9893
5082
7767
5004
3017
2039
6279
6814
847
1934
205
7180
2494
1336
7836
8165
4550
7984
8298
8820
948
8046
8865
4493
3781
2042
1494
3108
7453
468
84
882
1188
7733
8619
5255
5250
407
2285
4196
6503
5613
626
2949
4601
8475
8894
8261
624
1749
6467
665
3116
1376
118
3963
4708
1683
6820
8927
4531
4553
3344
9546
345
8799
3532
7788
6832
3311
4819
6162
8178
2995
7387
3939
1072
758
4053
1377
9683
2710
6719
6422
4760
6881
5474
4825
1429
488
3888
3597
9255
1318
243
3199
1630
148
8990
6798
4313
4933
22
9778
4052
6608
5222
7248
2725
6565
1875
1276
5159
6716
3896
1874
7721
3584
8862
3746
3368
129
6349
8307
1404
1763
8105
4864
889
9609
800
1563
2303
1374
1234
7085
6397
8222
7573
3053
2661
17
7927
729
4755
3375
3874
9274
6945
642
1712
3912
7668
7983
1308
1149
6744
7866
7250
7692
3944
6726
4283
8524
4680
8831
4213
7475
42
5122
2638
7898
3583
4543
2568
2744
9710
1370
9882
760
7154
5128
9233
1353
596
4304
5320
3986
9575
7219
5384
590
5734
7
2801
3135
6816
3964
3397
7176
5519
9923
4486
3177
1443
1904
2491
8877
6652
3577
4826
8958
7802
5665
5064
9702
4665
6874
1880
8902
9036
2640
9866
7422
9792
7704
3375
2370
9141
5783
1437
3498
4599
8027
3126
7058
5045
6805
7088
6647
9493
7874
3430
2511
1061
3513
1734
9853
6663
9620
1862
101
611
3467
6279
4173
119
3304
669
5065
3691
7302
4667
2467
6398
7530
7895
655
5331
6627
3494
9784
4102
8992
5046
5393
1178
947
6855
4230
5554
4402
7652
5429
6716
1655
8259
2402
2958
6960
3355
611
9794
4271
350
4326
5826
1456
7437
9287
1314
1000
966
3154
4677
9050
6794
939
9175
6411
3914
4667
8934
4011
5074
4040
2259
9087
6024
517
3883
4757
1914
3752
730
5778
6462
6537
9612
3536
5447
4155
7750
381
8254
7106
6144
6996
7695
1449
8954
1645
1841
1431
9984
3734
7428
7622
5457
5637
9710
7377
8831
1978
4973
2978
7208
6804
8213
4620
1548
9196
883
2151
4023
7965
9317
7155
7382
6853
5135
4194
3971
2893
836
4315
7906
3885
5688
6482
5040
6058
2572
9138
9244
8293
3695
6317
9091
6945
5372
5825
4225
460
4482
9454
2569
3443
2657
918
4285
4645
4464
354
3965
9109
3742
8802
3288
4481
4289
9355
8021
2858
7292
2286
5622
5410
6203
8085
6884
509
598
1174
7940
5953
271
4842
605
1261
5113
6253
5463
9943
6843
5631
6805
4517
6189
2960
7864
9388
4168
4230
94
3352
4143
5638
4093
988
9049
7880
5431
2087
2661
1282
7090
9705
1334
3290
2097
6574
4962
2629
9243
826
1685
8425
2942
2614
6107
7597
6784
509
9897
9987
7271
1571
5313
7751
8897
2123
8210
2422
3635
8149
4220
1420
8181
9156
4887
7328
5495
1322
4176
6857
3922
4387
2753
8232
6230
679
2773
6835
8892
7515
6413
7751
7822
2349
6627
398
2032
3059
4559
1046
6598
6788
2731
3304
6850
7722
2955
9559
187
171
2633
3719
2378
1278
5206
5897
8070
5229
7675
217
5410
3364
7912
7948
6325
7455
9011
5386
8502
3332
1668
9110
8580
6224
1484
7762
6313
7700
7981
746
1286
7590
5852
822
6393
4027
8002
5329
3627
9388
9851
9844
261
4211
6401
4422
1979
990
9714
1575
4495
5337
2851
2788
4857
458
7749
1647
6931
8637
7222
1272
9169
4224
8546
5235
6402
5308
9754
946
581
6165
9478
3046
4967
1517
6904
9058
1890
5612
3472
6175
772
726
5442
3966
9455
5423
4239
5325
9263
3564
8841
9787
3595
8065
5405
5095
6967
1752
5229
8946
4190
1090
1518
3717
2946
2102
8948
7749
6554
5742
9122
6545
6959
9881
3296
9367
3370
941
8430
9753
9577
6276
6219
1517
2066
3205
7221
3240
424
9553
288
24
9435
4986
887
5520
2827
6150
1799
3563
3256
1769
3196
8418
9191
3609
7965
8581
3624
8309
4684
9287
835
3347
7870
9596
4749
9277
2172
6758
6670
5986
6167
6797
7853
2147
9208
238
9603
8020
2585
3241
8518
9709
8568
6081
2601
3379
5959
5464
6284
825
1010
9787
3712
9901
2212
2224
6726
5659
4627
2366
2046
2103
2100
8931
2327
3079
4765
3462
6045
8462
1995
7087
5437
7128
3123
4598
2620
5428
697
4755
99
1634
1861
1707
9099
6248
6810
5922
4353
9774
8942
6761
6008
2188
6488
5913
6007
9774
4983
3061
9635
1067
464
6204
3789
6826
23
3929
9459
8096
3515
4537
894
7627
8696
7087
8086
9597
9174
9654
6791
8841
7365
5729
6816
6776
2735
3054
8901
1739
844
2353
4729
7458
1803
3171
9562
3673
8271
8722
6947
5478
4754
9283
8608
1083
8746
1238
4318
9596
2807
3051
3550
8207
3708
2617
9493
7745
118
359
3160
620
3247
8503
3480
9648
3545
2447
4149
156
6571
7590
3521
8966
1084
9152
8224
9234
6099
7267
7520
3924
5791
4875
543
7255
755
2534
8390
9144
6725
1953
1163
6099
2472
4722
2923
7895
1580
4127
338
3806
241
4821
1534
4778
869
3559
3693
552
9249
9894
7744
7927
2447
7279
8864
5778
8280
9469
4639
2188
9672
7909
882
7715
5180
7758
1111
6938
2995
5286
411
286
6038
7273
6801
2405
2804
3169
4918
2518
2588
8613
8431
7019
329
2352
9806
7791
3276
5485
8099
5824
1426
5929
7359
2140
2008
4953
3020
104
6115
136
7028
9103
4101
4521
4210
4339
4740
8759
6051
6740
1143
6275
327
3323
4108
200
4071
5528
9991
4931
6173
4667
5227
9845
842
7638
7252
8380
345
9107
6791
7785
8272
2350
3664
3827
3892
779
8528
4428
9924
6197
2950
2921
3942
3084
407
6717
605
3178
239
6760
3045
7046
5201
2583
924
1182
5140
4164
4451
801
1475
3216
3689
6529
5550
2788
4162
7534
3054
4328
2065
6587
6427
4961
6012
4490
823
9998
5928
7241
4667
5044
8685
8166
6747
6729
3518
7124
7727
2714
2287
9662
6075
487
2694
4691
7847
6017
5118
2101
3447
3314
5378
3653
1821
8031
5882
1652
9871
354
5913
6193
4435
9674
9981
5403
4673
4276
3485
2092
6723
1822
7424
5415
602
6351
4222
8479
851
3150
3849
8758
970
179
8378
2737
9578
6705
3
3611
182
5572
2621
1957
728
1757
3305
9867
261
1583
6325
7993
9294
9199
5751
2342
2758
1763
3200
8477
9015
4383
782
2802
5322
6633
5875
7276
3129
3150
5306
1852
514
1027
2807
4062
2310
6605
4825
4321
1146
1332
5572
4284
9138
4355
5057
121
8737
9029
5427
9361
6717
7872
5343
9246
1139
7227
5744
7192
7398
1878
9526
7243
4517
4545
4564
5876
7991
6386
7070
2727
9046
3894
6344
7554
8750
1612
5573
4753
9936
8259
3836
3478
9015
4292
5476
5753
6628
3509
6355
9391
5306
3916
9872
6551
9922
4104
9278
8444
390
2518
9684
4391
1356
9902
4123
9201
6863
507
6860
2425
7439
8423
1411
1035
8332
1771
1802
8582
3695
8622
2983
5345
930
3952
3324
1175
5186
3057
5975
6382
3474
9004
2301
6049
4539
8821
4392
9560
4175
8825
7036
1802
7095
7627
2327
9099
3284
3093
3632
4911
7920
7708
3370
1877
7673
4488
6912
3958
380
1719
8715
2891
1797
245
6207
8812
1497
4660
4703
3421
7982
3114
9192
2806
2418
2674
5647
7883
4376
9702
2052
195
6346
7365
5165
8750
9262
9926
1448
8351
7333
821
1612
6666
2193
9632
9036
8922
3794
8776
5583
1019
6121
1402
2584
9153
3381
9561
9793
5729
9315
6614
1185
2442
7928
2483
8828
4194
3784
9068
1435
7252
6553
3251
4349
9335
5454
9004
2103
4423
5986
2498
1561
2491
1656
5405
1776
3558
448
2843
496
6970
835
524
5892
7196
5146
1965
5896
1067
5903
6939
2654
3089
8239
851
9178
2109
588
4701
9696
1526
4851
591
9302
3459
2560
2761
4286
3511
5440
2691
5577
2370
5960
1725
8048
4486
72
3745
3632
7960
6319
6468
9418
5591
3606
1739
7341
8742
6963
5064
7725
5958
9469
5825
6875
6110
202
9659
3627
2536
5490
743
746
280
1334
8692
1160
8522
2677
2236
1889
9063
2518
2303
751
1345
3350
173
3812
7935
4852
1494
8884
8925
7795
1912
2758
3417
7085
7913
4909
264
1107
7794
9862
4345
785
7353
4453
7623
4319
7825
7823
2271
8564
1990
6405
6597
6138
1968
6186
7129
4434
6360
519
3449
4182
4211
2327
9775
6705
5113
6442
4431
535
3195
2188
1229
7382
2511
7917
5579
7756
1204
9893
2978
820
7452
3953
7570
9527
1116
2978
4486
529
8452
5938
4025
8883
1820
7015
9129
9523
86
2733
7341
2053
4880
2587
5423
6812
7993
2609
6415
1725
8177
6876
1889
4583
8626
6014
7148
8936
6563
3155
3919
7119
5411
9867
3868
9527
2918
5783
7141
8421
8307
1858
6968
4471
7312
1180
5958
3805
480
1612
6565
4062
672
6736
508
3152
5582
9832
2843
4568
8168
7281
458
5370
6909
9513
9948
4516
9598
9206
8531
6508
3856
1809
3107
1503
8777
7804
8409
9589
7314
943
9230
6723
2258
4923
4790
4069
9727
8250
7131
8253
5908
9931
7225
7283
6521
2990
9677
9015
4739
5561
2410
4442
6070
4865
3300
2475
1482
154
6680
2775
5116
4328
8993
9441
4074
8500
4352
4752
302
7362
7443
3416
2508
8554
9073
9422
4394
9525
1346
634
6539
2119
6083
6832
7899
333
4492
4264
26
4029
7687
7479
2059
8158
480
7124
5188
9217
5467
1613
8941
1087
4872
3368
9579
3943
7039
2771
4800
5345
1957
1171
9488
8992
4058
1165
9791
248
6878
3616
4486
1374
4844
8312
4211
5277
5684
7463
8238
2081
5439
834
513
1341
6937
4303
8155
2654
7116
8003
7589
6817
674
9300
4602
8039
5345
357
4578
4085
4592
5205
9352
6275
3934
6098
9113
544
2158
4797
7513
1963
8436
6523
8753
8523
4285
4875
7853
4563
3413
3981
8525
402
8800
4610
4619
1094
8672
466
2815
7755
2539
7555
6156
8263
7205
1117
9638
9193
5132
4349
7845
7225
4369
9136
1207
8468
4966
5823
3985
4092
1012
2133
3878
8130
1126
4347
719
5924
6958
164
7724
5690
7862
3790
4067
8062
3619
6005
9705
94
3525
7948
4450
1066
8829
3765
7960
7363
7802
8326
9685
693
332
2883
754
751
5153
3490
4628
7445
6066
6055
8841
2023
3759
4855
8749
46
6426
2862
1929
3352
4942
8843
1122
6900
2912
7899
1969
8468
2947
9224
8449
1934
8834
326
542
3294
6104
4912
6660
8026
5693
2594
35
1393
9442
4790
3219
8900
1896
4241
5838
6407
6667
9291
5943
6227
9779
9237
6270
3128
8642
6417
8675
4956
2963
7156
4125
2064
2584
3566
9684
394
9776
6143
6572
300
5369
4821
5945
8898
1469
982
8587
3940
6205
469
8187
5138
9781
37
965
7961
9734
1072
1129
9074
5093
6527
2645
3999
9575
5190
266
3573
1432
4151
9538
8857
728
9792
1210
1941
3064
8189
1269
8563
7120
1446
3506
5564
6623
2425
2856
5875
6469
2282
3891
6884
2454
395
1902
2487
205
4616
359
9566
1784
5040
4996
8481
8806
5321
3922
400
7592
418
8009
4185
1026
9282
7076
7367
9427
9910
733
1699
8025
2816
7641
7074
7009
3030
1045
197
2913
7493
5487
4571
8636
7278
7338
8182
1964
9847
1695
9207
5725
8054
4176
1323
6769
7201
8926
5014
2283
4499
2079
1326
8393
3556
3149
3640
3472
4999
9202
990
2638
7139
4280
4258
551
9960
9553
7552
6254
1057
8397
499
8768
1946
4663
8472
9062
3144
7505
5829
7810
4933
5459
1619
3481
704
3812
3852
6485
3058
6750
4194
7462
5127
1479
2676
8058
3362
1872
467
5244
8540
3720
9336
6831
6807
3123
7998
6903
8711
6176
440
2463
2074
940
6087
8780
6862
592
7453
1086
9646
4663
4220
5949
3348
4116
4657
1612
9158
6138
1151
2373
8506
3708
4066
6291
2449
8413
66
859
7955
9658
492
2065
5215
7734
193
5060
5633
3994
5621
5640
7606
7698
3467
1896
8649
372
178
7246
4750
903
9532
3913
8467
371
5211
3893
4427
7466
839
5218
9813
6643
6716
7536
4497
7617
9337
548
899
3051
4591
2147
4778
5171
8068
3110
6142
3735
9209
8222
2375
8897
6702
7848
3772
9821
7989
3203
6172
7062
3862
2612
157
2083
2013
5467
3212
3759
874
4379
5308
2338
7170
6962
5027
4190
8333
3049
8321
2016
6337
8314
7588
4291
4595
2130
2125
8915
8639
7765
5372
7416
4214
9084
3752
8358
8869
7220
9737
349
7179
1983
4919
2393
9134
4948
8444
8369
8290
1051
6942
9754
3287
6105
6914
6140
7669
6708
3648
9641
9005
1638
6548
8490
633
1547
5221
5885
1423
2628
8755
325
1460
438
1251
1788
4224
2765
9846
7408
8373
6152
3888
3418
1216
9344
5986
1037
6338
5106
5416
8937
529
766
5500
104
7037
7398
1702
177
58
1890
5205
5006
2047
792
8991
1321
8302
2254
5154
4326
9519
3618
789
5380
593
154
832
3169
1716
9828
6890
5667
8687
4442
4377
9378
2484
6014
8497
9594
4919
4200
2524
3225
4936
1542
6971
285
3187
9832
8734
7802
7041
648
9159
3954
8574
8366
7337
3293
3819
6142
3160
7530
7779
3895
638
2749
8600
351
6957
7036
9403
7076
1196
6623
2335
2095
8600
8558
7702
4027
8859
860
2163
166
4002
1425
706
9268
6197
6690
3921
1100
7456
38
4463
1621
24
2145
4537
9504
8157
2924
4861
463
8474
5580
7670
6561
4754
3476
2388
8958
4932
664
410
3859
821
4708
7204
3446
3543
4050
5625
239
555
1959
6145
5292
8828
8057
2055
997
7163
4385
8948
555
6551
7606
4336
8832
5785
9450
2589
561
712
4474
8783
9645
6016
750
6302
4924
4720
4839
1154
3159
4466
1638
2586
4786
6993
8073
6912
181
1944
9171
6789
8771
1875
9265
8065
7219
2686
2092
6261
9800
8499
176
8646
453
5604
2722
1713
3414
5955
3691
9017
6617
1099
9206
6058
338
8347
9815
6872
723
650
423
4851
5208
9664
9060
6811
3219
1505
4259
9835
2344
5940
5239
9815
7992
3595
384
9004
7989
4371
7687
3594
734
8485
8799
9415
7182
5097
774
1920
6298
4890
1041
1120
6148
5289
3962
5782
6528
7123
4250
5456
485
1677
8912
8672
9640
3245
2594
1445
8383
2879
2758
3958
4248
4321
6729
4212
1951
228
239
2235
9508
570
2433
1537
827
5299
2495
9692
6755
6321
8626
769
2916
5337
4183
5583
8822
5426
2752
2259
6291
3595
1013
1511
9941
6867
3497
6611
9912
4894
9080
9391
334
437
4378
7245
2842
9936
4787
2899
1071
792
4336
4580
3093
6130
8713
8651
7078
20
5872
91
9984
5574
994
7882
9618
4943
1046
5229
445
5006
1558
790
582
6323
3568
7656
3368
5138
7244
1239
9146
6362
3423
4155
3507
6343
2575
369
9094
3360
5292
2508
3190
3765
8373
4867
2750
988
9682
7308
6347
3773
9286
1259
2597
9840
718
6191
8293
2117
3945
8608
2995
1335
4620
2904
8829
2435
7832
8295
6912
3509
8196
2101
1518
6690
6785
4625
6329
3986
7215
9435
8114
5033
6894
9263
2637
9388
4820
3900
5512
4422
2708
8425
9219
2055
1221
2282
4355
1756
3086
8767
1282
7661
7990
101
84
8685
8743
8931
448
4666
4171
6132
853
4882
9417
1856
9312
3171
5920
8698
6156
6767
3867
1807
6774
4320
5904
1917
9446
9325
472
7859
1175
3072
4011
3476
3817
4663
2566
4101
2243
5445
6763
522
7525
2179
5985
2265
9102
7986
2937
4454
1399
5253
9069
3290
340
6384
5851
6579
1443
8681
3068
7689
8025
4206
6511
6663
1572
4331
2861
4758
6783
9168
4993
9924
5693
3488
8840
5121
8533
3614
1005
3362
5184
5112
7713
7597
5513
2790
3206
7853
8810
8285
648
1786
3105
6213
2169
4225
6538
4077
408
8050
4665
3849
8012
177
5524
2092
817
2280
6848
1855
4417
4960
5517
9036
9982
5256
1381
4921
280
2729
9739
2398
2870
4508
5074
194
1581
9873
5605
2647
4152
7554
4235
6586
6214
839
6052
9037
1564
8568
5358
3217
883
9108
6020
2628
7599
7570
8288
9407
7579
8910
2158
6167
1118
2636
8894
8186
384
503
4188
2511
3671
1308
6273
1508
6379
2498
8725
838
1217
6241
9108
9840
5087
2587
1619
9709
9370
8783
2566
2946
6272
6581
6153
5450
4825
4424
6214
8241
3565
9814
4434
7632
9584
9352
9713
5388
3384
7801
4977
3648
9446
6730
4419
5925
4089
7327
5873
4512
6975
6865
8141
8776
4333
5573
5885
779
7706
7778
1846
8540
6756
8410
9612
4615
1302
5566
510
7409
8216
2197
4529
4435
7624
8956
6949
1582
5350
879
7864
391
2984
9133
985
3763
8864
7242
9723
3404
830
3634
6205
2974
1278
2443
4374
1583
3759
4099
4283
9654
2928
33
4683
8395
84
4593
8195
8499
2403
1352
5273
2721
1752
1766
7386
3803
8620
8986
6879
4746
5180
6491
1955
7933
6118
7318
2638
6444
1315
3622
7267
8090
1762
9734
2501
3418
1340
760
25
9867
5477
6726
5072
6271
9682
1
8461
5874
9208
5384
6228
1410
7539
9445
5811
4122
5450
3984
9891
5124
4707
3183
499
7767
2012
132
5687
4352
4918
9900
6206
8490
5489
5120
5562
2792
2484
6552
7999
7625
3121
3388
3327
8057
1420
8026
8375
385
515
3883
9550
9679
9175
8965
3735
7232
9947
6673
7164
1758
1696
211
9007
3766
6742
6541
5217
5292
709
3023
5663
6580
202
3155
2220
5387
7936
9242
9406
3195
6210
6759
6142
4598
161
1447
521
7774
5679
8819
9275
498
5530
1983
6464
5611
4034
5410
6751
9963
6015
641
8763
3910
9466
8683
1850
1369
6857
1700
723
7747
4247
6708
4502
1609
1382
6558
2580
8023
8122
5003
6895
8131
826
2886
9806
2069
3308
5005
4159
9790
2616
2233
3995
3488
8173
6726
8441
1259
1187
4955
2385
858
6180
2464
9532
5548
5729
1955
4788
6137
1848
9256
8761
1077
5526
5378
8593
5171
9486
5493
5807
541
2297
9146
1661
3784
4501
7860
5933
8232
7396
6004
2285
6051
9773
1788
1461
3315
866
5545
6159
6159
7711
3793
3910
9875
2696
5010
242
4180
8732
7968
6494
1183
5191
247
5090
6361
8070
4072
685
4581
5525
7902
7053
8339
7150
8044
5628
9716
3698
3006
6599
4690
6305
965
9872
9385
7905
3358
2198
2056
9058
5140
1502
3045
2978
8240
691
9038
3949
709
6013
5205
9271
9351
9841
5985
8006
4871
652
4445
740
2673
9398
3865
4494
8281
4048
6084
9807
5983
2895
4126
3021
2245
9357
6523
2326
9869
4624
5385
7221
3420
3746
6385
7280
6407
3115
4281
5131
6204
5575
8875
3884
1930
1637
1361
8385
5090
7523
1615
8292
3638
5219
3771
9190
8317
8843
9292
4523
5488
5756
8984
7002
751
6850
7603
864
9580
8233
3688
2119
4929
7181
7195
2181
8076
2147
9591
3854
2690
6557
6234
3193
1275
74
3364
947
6218
2563
78
1283
2850
3672
4647
2647
5179
3966
3411
1483
9979
5559
2926
3488
7748
3156
6255
8534
8635
4452
4611
4583
7504
9960
3570
4817
3014
5282
2576
5634
9297
4777
2042
9268
9465
7004
1621
1421
3917
7195
6295
1732
3399
5351
5781
6343
8475
5426
3607
1177
7641
4455
7468
3470
4371
9777
9965
3989
9974
6030
2979
811
629
5999
3985
3231
9507
7362
722
742
7626
655
7485
4476
8219
994
4061
2203
1349
3915
4584
6993
1220
9622
5703
9868
3561
7178
4800
1680
6814
7224
9228
7663
5496
9523
1937
9995
8110
1587
2525
9788
5758
8214
4661
2989
1522
460
8979
9785
7117
4207
926
539
5352
7287
7027
8676
2379
2744
3742
8490
9938
6310
9970
7830
4949
1878
9852
7873
1706
5362
5687
1254
9454
789
4689
9342
6648
7747
4803
9061
3796
5136
1452
6836
5570
9039
7275
4584
6023
9045
8431
2709
5700
3411
4561
5868
8293
1245
2886
9188
1989
9075
6914
4073
953
2735
6989
9119
4887
2260
1006
4737
6127
9365
63
9555
461
6531
8370
5931
5878
4330
1876
5783
3732
452
4772
585
7181
7574
597
7476
1829
8911
4993
5190
4132
2489
7547
640
3837
8791
5992
226
8400
2150
6820
1082
744
4633
8665
353
965
1000
9994
6772
5807
9100
4783
5351
4881
6448
9182
1058
4171
3574
4492
3336
967
1174
9460
4776
5410
9578
8005
7987
9200
3024
8895
5971
5903
334
4538
5768
2416
5449
3300
7011
1744
3513
607
3507
6620
9874
8799
3485
4674
3981
7599
5101
4679
8900
9783
2988
2730
8079
4545
9807
8336
1977
8170
2332
7712
8625
5688
4282
357
3220
7369
7086
6485
6462
3550
3603
9495
5141
1955
8620
2334
7815
7175
6900
7205
6659
473
5081
5466
7625
5314
2579
7470
3234
6087
5092
4449
2178
9806
748
3023
600
1373
8837
1689
3799
5573
7100
5625
8696
4807
3846
9305
5527
8255
4457
6363
7031
4057
6783
3663
895
4778
4261
7031
4151
4322
7441
1268
6474
5092
5777
1914
4760
3420
1582
6731
6974
7764
5744
3228
6424
2497
6863
3023
1827
7633
5494
7975
237
1507
39
2269
7245
5373
88
496
4715
6634
3712
7419
6121
6933
5155
5417
5563
6700
3113
3824
2771
2291
5023
7587
9360
5052
2418
2744
937
9699
5841
4312
2055
6822
3519
8451
403
6078
9523
1362
2528
2539
887
3886
8810
272
6912
8954
9068
7562
3742
8930
4045
6635
322
7988
368
6697
2867
5530
912
2030
9423
1504
5849
8082
8638
8424
5965
7546
1902
6019
18
483
700
7665
3400
556
760
9635
4637
7287
4540
3567
5212
661
9797
6898
5689
816
5636
402
9958
9315
6644
3676
5154
1955
7870
7469
7521
998
2356
408
4892
2641
345
1457
9057
7696
306
2218
5377
4902
3028
4009
6116
6137
7711
5862
1815
3962
1752
4491
2036
8459
8499
8211
4338
156
9446
4173
3206
3073
9995
2479
77
3758
5508
696
4892
3849
4825
730
6044
6176
2743
2997
8695
9447
9265
7443
7496
4500
7103
3541
4056
7006
5696
8051
1758
9037
716
1901
3730
6679
5448
5285
8191
8856
4333
8395
5353
4273
2762
4992
2783
5896
5585
33
2828
4851
36
3545
2865
3863
9415
8486
6224
321
5683
1177
6545
5030
953
9042
8860
1634
523
2233
1503
1835
7264
2425
4
2373
17
7085
9181
5146
4841
1902
22
5886
3880
1863
7791
9071
9217
3543
1021
6516
956
5284
7706
2233
705
1089
2700
5412
9027
2553
3580
5550
5609
7260
8576
6201
8293
2045
3915
5880
6670
3186
9242
1722
1628
7851
1610
6710
8791
4490
8616
4551
2297
3999
4931
946
8408
8252
4146
3207
8083
6037
9491
9645
2328
1363
8379
7033
4880
1690
5762
7882
9931
8548
5970
2599
7429
2938
7157
2221
2973
4054
380
1959
9765
3887
8225
2722
4256
4179
9507
5343
8721
9059
8320
262
2375
2339
5449
4119
292
121
1272
507
1943
3452
2193
7932
6675
9376
8324
8984
861
8529
1795
657
4677
9374
8024
4162
6836
6300
4133
1194
8378
9577
4737
532
4676
5667
9203
4350
9929
4561
744
5744
5993
488
383
3454
3712
1253
146
8657
3387
6557
3858
2311
8596
8205
5175
319
8257
651
6153
7529
7882
7957
5838
3904
2836
9348
8329
5082
7862
6921
3600
5913
3392
7013
8188
7869
9501
6749
792
3858
472
854
1440
1729
1833
4780
3825
4782
4270
8403
8674
9224
2364
1448
8666
7320
4101
8741
2308
1575
3017
1784
1966
1268
5258
6798
4472
368
2313
2688
3394
1036
1008
8998
1124
1907
3929
6848
5975
4647
9474
3565
5971
2634
1658
2412
1642
4113
1310
1769
1279
1101
9782
1997
2368
4305
7069
2726
3209
4296
4224
2778
1733
4434
3125
7905
8698
2043
6180
1925
7529
735
209
491
4409
4776
775
4050
8926
8795
5006
2218
2072
2218
4504
2872
6780
701
9082
701
1772
1075
1331
4931
8082
5092
6300
4304
513
1769
3514
5305
2691
8789
2278
9988
7364
8644
1980
5924
8958
2489
407
5297
3943
6466
9596
7419
5283
7590
9363
4802
8205
4788
1991
5237
8317
4201
4807
1318
819
962
3362
2348
2555
7642
9964
2657
8925
8570
7775
2919
5457
8909
4673
2275
1398
3271
2522
2244
986
3517
4834
6620
7756
860
6550
5713
3130
7481
2755
8310
8433
3026
7486
192
7621
1151
4493
7878
1195
6122
2732
1494
5401
8336
6464
4320
7567
1645
9278
8141
6949
1626
6847
5667
4288
4541
2347
5287
9817
9509
296
7962
1768
3175
1553
6164
7908
9771
7373
8957
1807
306
3332
1064
8854
7516
2819
1229
7137
9502
4515
9981
2379
431
4360
498
3053
7873
2383
4586
9538
1196
4778
7947
1865
2282
9093
2530
3471
3885
8052
4885
7054
6254
7409
4244
8412
7125
5828
335
651
1952
2887
1156
5878
2173
7575
9478
7059
5096
6036
5082
6906
4132
3349
627
8308
7285
7342
9111
5189
3956
6065
9767
7143
9892
5267
4276
2048
7273
1958
6250
7727
9091
5968
1431
6714
8802
9172
4874
3257
5748
2484
4922
4057
3351
2613
2990
5377
6279
9863
1747
3831
8644
4467
8215
2099
5573
8620
2820
4560
4869
6454
2574
9531
87
380
9561
1806
687
2781
673
9791
5607
6300
715
340
8471
3492
9637
5523
9882
5971
8334
1547
9514
186
7067
9500
1797
3354
9010
5786
9852
9319
1111
9708
1716
3661
2123
5629
3479
5579
3323
3960
4045
2893
7367
7955
2827
5211
1225
5784
9939
7291
6126
3287
5719
1946
5486
2953
4471
5139
6731
6855
8507
1438
7521
8137
3474
6392
739
638
2923
8873
4435
6600
4066
4362
7435
9228
4146
7318
6365
974
3552
414
855
2745
7514
348
7748
7747
4480
9387
7569
9367
5684
8746
8885
1459
1857
3836
7309
7180
4818
4477
6881
302
1851
1985
7262
9789
4374
1560
9565
6463
5376
2719
4321
4519
5916
1390
2653
7057
332
2274
9861
942
284
1328
353
5531
7832
5298
9976
3602
4561
6207
4185
9224
843
1897
7496
10
1417
9080
4891
8823
7609
1801
3612
7075
8110
8095
589
5759
3368
2281
1576
1201
2635
7426
5795
5392
3824
1852
2929
4176
6742
6800
3708
631
127
8363
2467
6588
2825
8303
8788
9733
6154
7250
9567
4951
3014
4095
7909
5303
1472
2461
9319
4990
7
1401
6146
8551
9444
5815
2534
7260
5848
6660
5883
8856
511
4605
7212
6855
8903
1583
5753
2951
1359
9856
4092
3756
6786
487
5326
2856
631
2267
7585
9174
895
7118
4116
3631
2183
4290
1248
6732
5383
214
7984
4068
8086
5172
8748
7013
661
4624
6191
2200
4205
8463
1396
3656
4306
1557
2628
9496
9693
6263
700
3149
6114
462
8574
2181
8289
343
1375
7437
9376
6059
1181
2852
395
1208
6418
7175
943
4210
8579
8188
4881
6785
226
9863
6597
7797
1517
942
2231
7597
4219
1394
2444
8683
5695
9252
3032
9969
9091
3078
1191
9303
3315
189
4271
7405
1145
6026
9367
4916
3069
7538
85
2777
9249
4101
6041
5854
5901
9160
912
3198
3505
3678
2721
7462
6535
5812
662
8235
1183
2426
2582
16
1812
8841
7169
6151
1063
4929
4002
6381
9896
5811
3896
4993
3298
1493
4220
4097
9145
2621
1190
9206
553
7154
497
5784
6853
8395
1532
9520
7674
1789
875
3320
1489
2203
9063
4670
7696
3135
6918
2965
6265
98
1110
1627
3406
2941
264
5024
6764
9755
9314
3492
9294
360
555
1922
3148
8668
4795
3129
5720
1814
7650
1190
4252
509
5572
5136
6435
5932
2119
9074
2337
3522
9512
338
8289
6783
9279
7383
7425
9369
1103
7042
313
9682
4628
301
6591
9305
6471
5021
319
5758
7367
2156
5007
1332
4054
1495
5570
566
9197
4452
2250
9131
7930
9668
2447
6500
9055
8980
3294
1225
2514
5295
2011
4962
3197
4702
151
5115
3516
210
7730
7806
4369
2747
473
6898
3731
5209
8685
1168
4978
5409
4185
6354
6907
802
5843
4561
4204
7936
8475
565
3467
5338
3447
7395
3963
7399
762
4800
752
9826
4182
5397
6878
7582
6820
8066
5124
6660
9769
189
1965
651
7706
9483
9732
373
792
5258
9503
4138
8032
3674
1884
9055
7533
297
7933
5843
9518
329
5348
2260
1347
5320
5935
5118
6750
7441
283
5429
6838
4710
6819
7422
2000
4336
2520
9712
2612
8163
9336
2746
7514
2215
5661
8350
5823
1572
3194
4113
5864
579
4984
5174
1147
6265
8236
206
9207
6794
9079
1268
3554
837
1161
6975
5725
2685
6766
6659
1933
265
3222
6040
7481
9885
6774
2740
7233
8516
6822
6846
7380
2764
2136
654
8493
6788
4545
1136
6880
6370
3892
4137
8013
1339
6168
8360
6263
9308
244
6309
9055
1219
1144
2899
5324
731
3109
7746
5381
4577
545
9252
749
3632
1854
9934
2923
3686
6969
7808
1702
5730
7973
5917
4739
4013
9532
7176
5126
4680
1886
862
7401
5996
3087
9721
5179
8549
7420
9675
2728
8233
3582
2832
1229
4194
5291
7422
2896
6393
4948
4617
5780
74
4322
6137
1521
1720
4893
1327
9682
676
6070
9134
5615
5929
7197
3757
4719
5108
2986
7930
9453
3505
3173
1873
3814
9441
3550
4957
8859
1150
8838
9054
714
9295
145
2687
222
193
8197
9775
7270
5598
6293
5855
7133
1446
4884
4780
2993
6993
1127
803
168
912
6730
1240
8993
2104
1274
6435
7326
8640
6031
4256
3293
4557
8242
1299
7903
3447
9455
1096
5655
3898
6004
8508
8921
2088
742
4170
780
6576
807
1350
6957
8162
2499
2702
9784
5989
9143
6948
3392
1270
9553
2464
3207
21
3021
5500
5849
751
3702
7185
2914
1199
1105
5475
8568
2391
4431
9155
9672
5689
953
176
9836
4065
6774
3123
5258
4159
2651
1609
2513
7140
9214
2680
7707
204
5238
8811
9454
2544
2002
1638
9584
3149
3677
1001
7682
6524
8438
6569
80
3647
8263
9356
5652
974
6083
9081
354
8054
2684
8903
9678
276
3272
7098
9463
9517
3122
9428
9749
9737
4413
2271
622
4107
5082
6137
3625
1931
5051
1968
2089
4488
2815
263
8914
972
1887
8927
2810
4977
7262
4443
6495
9036
8893
1024
1036
6466
5027
7486
4097
8545
8968
1213
8838
716
8986
7707
716
4105
6753
5738
616
2873
5243
373
6536
1454
8825
3280
1600
334
9400
3869
4062
244
6158
5932
3438
812
1727
9850
4033
8735
5426
2488
7544
7283
2652
1485
3388
8824
7557
5304
1775
9441
4223
8786
5738
5405
3256
5562
4822
5758
671
320
3673
9530
1940
4835
100
3201
9656
3400
2717
648
8860
4375
7657
4801
7686
9076
5908
9947
8497
9494
8261
342
9085
4545
8358
3663
6201
6926
9958
1626
5710
5079
464
4230
5053
3500
2775
9251
6100
7852
3268
506
7368
3176
1505
9171
4341
7356
9926
2351
5935
6052
5435
4033
4294
3878
363
9231
3723
7475
4685
455
8537
2197
5234
1872
188
1908
6001
2004
71
7270
3262
3794
899
33
5174
8296
2291
4139
7057
5314
1693
9175
460
1620
7716
1162
5324
5486
8788
9692
818
3972
7910
895
4703
7951
4079
5956
979
9648
2415
517
2830
589
5902
9039
7950
5599
2741
9178
1953
3969
973
7180
945
4110
2812
2583
2124
3504
5670
9186
7812
3436
6346
7385
3903
9571
8936
9299
6833
4887
5985
9735
1057
8997
4479
9012
5527
8976
573
8518
8299
8712
3347
1380
7842
1317
1551
8241
9636
1551
4654
7265
5996
4478
6540
3480
2937
7316
4749
6065
5526
6182
3939
1093
9584
6180
2723
4573
1142
8920
4394
9343
5987
4678
6997
2548
909
4445
2495
7113
8514
7347
85
439
3601
1785
417
4298
1307
7350
5032
2723
780
5109
9574
3715
2596
8318
9377
3087
474
5514
1213
4746
579
9346
6434
1605
8490
230
553
9833
8814
1084
8812
9878
2029
7476
308
4255
7189
4458
9921
8860
1836
552
5461
6257
4984
4293
5718
1613
2240
9303
381
898
184
7685
380
1208
8591
9007
8085
5677
4595
2651
3816
966
8506
8044
6129
709
8143
7685
244
966
5893
1262
3451
3340
7680
6083
8840
786
1650
9253
130
6965
2377
5482
312
5107
1550
7070
9677
7805
2885
3857
8826
7173
6312
3719
5761
761
9182
792
4082
6805
1437
8027
4482
4570
7439
1023
5499
9725
5130
5156
2503
2314
9673
2998
5645
8884
6474
6700
1958
9095
3664
7508
648
6386
3163
9832
6214
4125
987
6913
8888
7308
9174
228
8231
6433
3086
104
9328
4980
393
5970
4462
557
638
923
1348
4430
2793
2840
4904
2319
4606
6567
6778
2001
6682
8441
799
7912
7993
4610
7673
8363
3577
4550
3178
7637
9583
699
9182
6616
9430
7410
636
9323
2138
263
9235
8240
7335
6841
7475
8854
5443
1523
8957
5111
50
3059
4462
8535
2897
6797
1223
2406
9957
6796
6057
1862
5332
9823
910
6808
8276
5494
2089
6100
2067
7541
5759
2024
3521
431
6723
6075
7577
3338
3517
1746
8186
2936
6801
3276
8826
3774
9645
4376
2885
9570
7580
5478
6578
740
3937
8153
2294
7532
2737
6106
710
3425
267
547
2703
2469
6031
139
9269
2174
2639
2151
1615
6688
1944
3453
761
9766
943
1210
6270
7619
8851
7010
1624
7549
9777
3415
6338
6673
7566
520
6599
7201
378
1520
9389
7250
510
6875
4274
151
3539
1165
4349
9776
7064
9259
2309
1585
186
133
3012
4277
4802
7183
3089
6599
7209
7495
1029
242
7575
1624
9573
1278
3225
7857
6094
165
492
6076
9494
8812
1321
5333
7146
837
4412
6315
5043
4690
6549
5704
5950
4247
9890
660
4328
1381
3926
9465
9816
7364
8950
76
6114
8322
629
6366
6110
6916
3952
5936
8319
6668
4595
9169
8392
5661
9508
6072
3530
3660
7345
9796
4541
2866
7247
5476
2887
325
8484
1044
4072
2801
2915
4148
2142
4189
6168
7771
4959
7466
3247
6749
4028
914
5339
5726
8321
9483
9922
9181
8752
7576
9380
5815
2495
521
774
7328
1114
5240
6700
682
4393
8356
3493
5664
3615
2212
1575
6726
9275
9887
6017
8032
4804
3445
8964
3964
5840
6341
1909
6302
532
9069
3885
5377
5303
1938
3508
2384
8198
5048
1129
247
6236
431
7647
9865
732
145
895
8494
3378
2270
3094
144
1943
3382
8818
1101
723
7511
7983
9804
4277
9575
7417
3842
1186
4030
1828
9926
8545
7779
8968
3141
6027
3959
8429
9823
7319
7116
4833
6257
7193
7400
1661
9266
4721
6937
8537
3457
8236
1111
1718
4638
2858
5356
6966
9795
7100
9388
8471
9993
7995
1910
7310
3137
3341
7950
4730
1032
5141
6370
9839
5275
9704
6879
243
707
8332
6053
1069
1203
2829
6936
8210
8216
8526
7877
2554
7817
5485
4044
3471
2549
2594
1324
4727
7505
7103
3230
1565
432
4079
1682
1745
7927
8858
8269
8415
9615
1810
3015
6254
6570
770
1867
6045
6520
5640
3728
2664
1018
5623
6980
6546
2041
8910
5911
9961
5570
9127
4067
243
5033
6454
7843
1448
7029
8946
656
568
1614
67
5478
1939
4733
7858
5594
6374
4268
6398
7617
5707
264
3722
7883
7898
1846
7582
3123
6601
178
4159
8793
8780
3712
4822
3846
4768
4334
4595
8621
6194
7118
4362
82
7481
5396
5886
1765
1764
3615
8328
3054
3583
5066
6528
65
6751
5942
6895
9835
8744
965
5686
22
5407
6962
46
8199
1340
6063
3504
6160
9261
472
4373
2018
6051
7744
4530
9843
8164
5219
3840
8978
2679
3489
5122
5666
7460
6016
1415
1888
6559
8703
1594
3429
3222
1534
9951
9291
9110
9876
2611
9246
6050
1628
6384
2302
1234
2895
3434
72
2043
6863
2336
1803
4209
7801
8528
5804
7717
3499
6892
5386
1805
8901
410
2551
5671
6972
1977
6193
6076
4030
9784
1405
1961
2578
8216
4599
6287
1553
6487
6405
5798
3837
7619
1440
6081
3400
4241
9029
703
5796
8662
2956
6932
6488
7852
916
2224
263
3031
2166
7546
7208
2272
7054
1063
4255
253
5316
4540
5912
2474
2632
4626
1751
9838
162
2691
5810
6025
1960
4129
4245
4070
3406
9971
4648
3190
6614
4666
9788
4563
4411
4437
5465
2681
3578
9424
7534
7750
7036
5752
710
7446
139
8346
5686
4870
8060
1014
985
4732
5079
1066
637
5548
2308
7707
383
1213
877
3578
2021
3034
3827
5666
8387
277
1224
8145
1145
8791
1974
8225
5740
4953
1398
9941
4967
8292
5683
2625
6137
1608
4107
6882
7552
8480
4434
8028
2281
8019
4464
7063
2133
491
4447
8006
3532
8719
3743
7604
9062
5536
5960
7830
3695
9638
9166
8961
795
1868
5178
7760
7479
7476
7626
9517
7964
3282
7443
2
9220
9287
7809
5083
4462
1525
2261
2845
3756
5623
747
4879
6931
2581
7198
5179
2312
6642
5392
458
5341
2373
8576
3580
4175
9603
1976
3519
3120
3306
3761
4203
1038
9658
6554
5825
1984
2544
6866
3564
8596
7370
1464
5154
1353
8582
4854
1824
7552
3128
9997
2020
6698
9435
4180
6932
221
3182
6106
1016
7068
1514
6695
1351
277
7722
1476
8919
8617
9168
5412
4734
6636
1500
2512
7778
2732
1487
5098
598
1445
6807
6173
7314
7078
7874
1259
5189
1449
6055
5601
8242
8484
155
5876
5796
7255
7525
9765
9217
301
635
1310
7119
4549
3438
6260
6427
7351
7193
3529
2963
202
2156
4973
5118
9950
6581
2380
1382
7029
1974
5769
1701
4954
2182
7366
4834
6226
2599
5852
6550
961
78
8737
1936
3365
9562
4330
2150
6986
3636
1337
2317
7517
9646
3469
9051
2773
8775
3870
276
1953
3524
2237
8107
6946
6748
3810
9687
5486
7403
4766
6014
5089
7069
4813
1394
6607
6679
8159
5513
7519
4682
8931
8347
4530
2168
3443
4401
8364
859
7403
5555
542
6649
3215
8779
7298
2633
1989
8998
1504
4231
8149
9683
2533
2011
5064
4685
545
1249
8932
8436
5959
8044
5683
5103
78
5318
7335
2183
5497
4424
6801
286
7270
6987
1566
5303
2246
9788
3894
9349
1419
8611
9806
860
2956
9113
5211
8540
5994
3594
5458
7157
2365
777
5204
2697
8514
6942
8554
5832
8001
8778
7345
3879
3894
2599
6009
4091
2318
3591
2846
7838
2057
5145
7978
7690
1049
529
9924
7451
2656
2695
6678
3954
7701
5684
4463
8912
5963
557
3657
9132
2960
5653
8931
2950
2001
6553
3145
3527
3809
3635
2742
6431
9082
7527
6360
4831
5505
4773
5644
639
4859
2586
2427
4623
5090
9856
135
491
3726
5152
3700
4772
9748
9419
276
2612
5488
3189
9673
4161
4069
7910
3589
4056
1393
1277
9963
6616
4847
1357
9159
4809
3776
1538
3186
6029
8370
2388
4723
9236
2563
498
242
6917
6850
798
3661
1274
1881
2292
7032
1764
543
1338
8883
6343
6838
7215
426
60
4368
60
8834
2698
442
3189
2533
2731
1153
5178
4610
6974
9595
5000
491
3364
9530
7258
9831
5675
2690
8921
561
1974
7356
1670
6231
4699
8668
3344
1185
8261
7875
4228
303
5596
4926
6832
8389
7533
1011
5125
2811
1794
6410
7345
7650
3161
5087
8159
9517
6322
6300
6444
9041
1353
4489
564
3138
1479
3815
1665
4447
9799
7719
1226
1810
8837
481
9698
9864
59
1629
6818
5124
998
5694
3599
8031
6916
2611
6209
5065
2328
417
5070
8896
7263
5981
5307
478
7355
6054
7999
9714
600
310
1667
6253
1626
2134
1434
2126
8295
7615
7093
7443
381
474
1278
7675
4255
2299
1829
9469
6214
3028
2378
5424
1769
7670
7421
5220
5896
8804
6261
1381
3330
6868
3062
133
4097
6247
4739
3966
3659
391
8606
5618
5260
4741
4672
4496
8789
5007
6849
1835
1318
1558
1426
4507
4966
4331
2928
2094
9887
2938
2222
987
1893
9862
9242
634
2883
1195
4802
2355
3185
927
7950
767
9810
9986
8290
9118
8330
678
6657
8904
2639
4078
1825
6474
5718
9477
6845
8243
5135
7036
5149
598
3501
2738
5544
7101
5458
3434
8619
2114
3802
1086
7008
1208
4257
8692
586
6704
1691
3584
7620
4050
1018
3949
8364
8708
1059
8321
936
859
8028
6936
5865
9411
4385
6581
1476
4085
7587
5656
7588
4647
3741
5301
6156
5193
3411
8724
8636
8362
5078
7476
2311
8811
8194
6326
804
1348
9791
2436
1809
5415
729
757
5442
9839
724
8151
2218
6026
2510
9823
4083
7263
2611
5736
2261
4411
5827
865
8288
5338
858
8148
9898
5162
8498
8591
8688
9413
4833
396
7191
7329
952
93
2324
9704
1878
599
4766
2355
4299
5890
3004
3504
3517
8472
3780
361
9248
121
1836
4331
7596
4739
19
7478
3692
9247
1383
680
5562
4798
9017
8532
5607
721
4361
88
5035
7866
3441
7133
7777
853
4889
4605
740
9022
4405
7239
2443
7494
3464
67
3911
6643
1096
4218
5527
6982
9004
9575
1442
8590
3939
6207
5956
8960
3556
4713
8683
8991
1291
7166
6879
5848
230
184
6561
7267
6722
2050
6640
7646
3935
5043
6646
4620
2581
1953
2308
2899
389
9167
4950
8172
2636
3098
5876
8289
5925
4141
3215
6282
4275
6683
7793
3425
3082
4352
3978
1630
1780
4945
8991
6683
9855
3976
4921
7438
5358
1688
6155
2485
7566
9569
7782
4531
5097
5841
4652
6456
5492
8118
3661
2343
3116
3930
116
455
6488
8595
7987
9315
3851
6034
2264
856
5128
5317
5957
3117
190
9566
9568
4255
6521
1329
4525
6258
9773
2200
2399
9335
4115
2915
3096
2358
4462
3996
2813
6608
9384
8525
466
4911
3377
3415
2731
1700
3516
5079
8359
1257
5074
5347
7422
7359
6252
1739
6756
5701
2213
7636
9089
1357
4817
5158
8045
3641
468
1126
1840
9211
8148
1613
7265
1322
659
3378
9190
2903
6029
3737
7137
332
5160
3646
875
3153
3711
3000
5913
5226
3033
8560
9012
4500
2044
6756
2188
3409
9746
5574
5590
8469
3266
7834
7420
7404
7102
6050
9440
2991
3923
3567
8783
6844
1157
9671
4070
1844
4182
1241
8135
5028
3460
7209
1099
6667
8423
5851
6491
4357
7937
9948
7661
4195
6173
1382
8246
1851
9038
30
2656
4689
6076
9370
9542
775
3943
3777
1017
8492
7217
2422
8602
3367
5540
98
2556
1464
424
2209
4922
4890
5552
5548
5504
7702
4824
5002
2979
3457
6224
7964
1950
3261
6115
2695
3855
1676
4780
9337
8667
7589
3815
2217
610
4821
7574
5378
67
6791
6455
4176
2427
3686
791
9639
3733
3867
2108
4281
4662
895
3027
3124
3808
6385
4976
3022
4028
6917
3696
5867
2875
7914
1874
9119
5873
2935
7390
4152
1009
649
8531
4357
5672
5106
461
7623
7508
2151
6408
7376
5024
729
2509
6691
6256
4865
2716
5144
2957
385
883
5902
7042
5945
224
4102
9880
8776
6590
9070
9246
6785
5078
7545
6551
4609
2951
7270
439
6342
5687
1913
6742
432
1762
6625
526
8882
5546
4874
1324
6597
5296
3909
3015
6444
1783
7041
2964
4712
5388
775
4721
4224
9932
6126
7666
903
765
7633
2283
3934
717
4893
806
1196
1413
2883
3009
5496
6123
592
8377
1349
8434
9376
228
5406
3266
8220
8107
8516
6129
3720
4476
1202
5879
7067
2422
4218
2203
5365
8855
6360
8143
6949
7083
1132
7441
7240
9857
3085
3649
1768
4012
7534
9862
3687
1663
3465
696
4296
4867
4063
3546
10000
9422
4974
7177
2607
2811
5921
5790
2820
5726
2959
2129
6127
5260
2813
5672
9442
9260
4112
8310
9126
4643
7033
8875
4035
7997
6936
4106
1047
5348
8519
4741
649
3285
5038
4577
625
1371
3222
7011
8224
3986
8439
1332
9866
2844
5237
9706
865
3721
9980
5477
4556
5
1524
8864
692
6674
672
5977
9822
2330
1193
9673
6711
6070
89
4113
3109
4238
4081
7963
8495
4701
8294
5371
838
6149
6978
7780
5349
6082
2596
7544
2304
4715
2617
5630
3477
8803
6959
3236
7153
285
2035
6627
9992
7725
3719
1385
8422
8479
2249
5370
6438
9530
8293
5073
5493
455
6857
1825
6108
3411
502
7287
9195
6762
9699
9911
1277
7523
2577
5735
3723
958
8295
2631
5908
9273
270
5745
5221
770
6031
5480
3481
6008
1126
444
6073
256
646
1305
998
2308
2555
1131
6960
5269
2502
6056
3538
7145
2483
1058
4180
7899
8275
1034
7797
1682
7781
7553
5351
54
6665
4807
2045
8536
4601
8716
9514
2912
5056
8685
3649
7979
5665
8725
3915
5315
8505
3738
8029
8556
1118
3927
8609
8529
1514
6297
7787
6224
7257
9994
8248
2201
9786
658
2276
9192
6235
3415
5698
8845
3623
8133
5900
9246
2573
7603
2125
4733
9588
8826
2138
3285
3482
8524
904
9254
8271
3872
195
9957
7690
1453
2906
698
1519
82
6858
9432
142
1709
1709
9579
2595
2180
4981
4558
8011
2822
7212
2472
2636
1307
8003
5306
9339
8213
7809
6323
6336
1842
6923
8447
1496
6388
7789
3477
2357
7678
326
5330
4496
1087
9546
8129
27
532
4973
4547
2266
6723
8489
9102
5880
2564
4003
4854
9603
6048
2763
9023
1838
253
1156
975
5974
1454
6345
3484
9344
2737
8066
9469
3663
6256
6246
9079
6301
3769
9282
8206
5246
8970
9706
1096
7491
7474
8874
2696
712
2495
780
4201
9726
8313
6164
4915
3366
3076
786
6594
844
1175
892
9044
5921
6384
6162
9921
6849
8595
1201
7154
1219
357
1935
3675
4013
2132
1746
6888
1124
7329
1442
3300
2248
5074
2543
1146
422
3057
56
4316
8940
6597
7849
3522
7945
4301
7506
7737
5782
2402
6650
5215
9294
4380
543
6508
3801
3951
1715
1553
6209
421
5357
2595
7007
7703
2152
6481
5342
7778
6537
193
7544
6883
5462
3137
9718
2567
1586
66
5820
9939
3478
6080
9878
6135
4024
7572
1672
1757
1544
3879
1821
724
9017
5002
8222
3925
9450
2947
1179
8849
4587
3195
479
519
9051
4741
4748
3025
3121
2968
779
2692
9578
5340
2376
4176
3872
2461
9628
6695
6445
2646
1002
999
7950
5960
3283
8719
8836
3015
2907
2994
3339
8450
7732
1406
4013
1509
6449
2550
8840
7761
9254
9471
7218
9455
1710
2692
2343
6572
2961
640
7681
6672
9573
8375
1517
8917
2551
1574
4623
8238
1708
2256
3740
7067
6834
4414
9844
2816
9087
6096
9324
8714
1466
7374
3114
6560
8406
5414
1166
310
7798
9425
2514
4506
1592
7124
1902
5989
8391
2961
2263
7810
4231
4582
7943
3035
810
808
4684
2605
7532
1468
7430
9987
6255
7796
5334
6650
7255
3370
4711
5687
7319
9397
6332
7455
6080
2546
5814
1677
9419
3368
3870
7540
695
8221
1696
5873
713
5589
8803
5637
4010
3272
59
5577
385
6001
2872
3051
8979
4003
2474
3360
2014
3427
8689
8352
279
7711
8257
1070
863
1397
62
5672
6971
6896
9549
7389
7533
2519
1373
9372
7382
9486
4731
3011
3842
5077
7372
4066
6233
2884
2362
7773
1034
1848
5144
8009
3446
2513
9354
252
4022
8327
3423
6393
1125
2448
456
6800
222
8999
1012
9333
2591
6544
4566
6915
1393
4065
8790
1319
1709
555
8747
2289
1891
7865
1460
131
6202
2561
9
352
6416
7497
2611
9915
6500
8759
3591
8915
6709
1463
6491
3107
3399
548
9528
7408
7689
9816
9096
5734
4361
5818
289
4103
8416
1521
8672
9453
2966
3965
8429
7790
1287
626
2464
5423
4309
2164
397
8458
5732
9744
1511
2449
9586
4404
8935
1454
6429
2313
8579
3043
5457
3947
4195
6321
8823
5416
1431
4870
3114
4485
2328
5851
8850
3726
6729
6950
6581
2096
6404
619
6562
5759
1824
7083
2903
4487
2044
2142
5091
139
2453
5520
6865
5503
318
4181
9332
2427
8892
7038
951
7601
5731
7154
903
1972
8640
3058
6109
9118
2476
8563
4845
9950
5933
6
3267
3945
477
932
3948
430
2929
3752
4773
364
5393
7763
8773
9289
1320
2287
4807
6774
1039
7279
2608
5629
6644
1965
691
2564
177
717
1695
5535
5590
3774
2233
6301
1872
5505
6874
3015
1625
4208
2195
3052
3921
3486
412
1269
188
8298
708
8710
8282
7748
9530
4717
3052
6261
7269
9809
9321
2009
1940
1031
1504
5649
9547
7351
4583
3758
5726
5590
5233
5433
1238
6243
7642
8189
7844
3997
8206
4021
9791
5660
122
8207
784
5721
456
9414
6982
3419
667
8231
7880
5454
458
8068
958
9197
7001
8563
1434
2235
6357
833
9371
2562
3113
4173
9909
1292
5662
4858
5878
5917
5933
2984
5449
8362
5564
7598
1667
1666
4158
128
281
8590
708
9679
2028
1512
5011
7714
5742
3854
9737
650
464
2859
8068
156
257
3132
4807
1943
5769
8114
7968
6235
572
5049
2388
356
3124
2066
7321
8661
459
9887
2950
1450
2803
9541
4359
8445
6632
6662
625
7617
3028
8446
338
1513
9596
4646
5317
81
4629
2409
7185
1572
3193
1201
3544
9634
2080
6224
6886
980
8375
1422
5060
3696
4693
3539
6484
2478
8440
7041
2742
5971
4181
439
8543
490
8038
8017
1753
6611
4832
9258
233
265
8410
2855
6381
2936
8817
9919
5892
2562
5541
2162
79
9680
5963
8158
9442
5912
7264
4774
2816
7686
3457
3870
333
4717
6588
5429
3786
3329
2119
5924
639
9237
8085
4155
3418
9981
786
6671
202
6230
2267
2865
3565
2870
5908
7408
2051
3855
796
2531
7312
5311
1829
5433
4015
9440
6314
3586
1706
5528
9888
7842
8750
1767
3107
654
5376
9106
2609
8440
602
8748
4170
9697
10
3836
7082
9812
4050
4912
956
843
275
2105
4997
559
6940
2420
4532
9115
3289
4152
4247
1542
1231
4856
2000
9179
2143
412
4425
6512
3278
3153
5287
2756
6180
8160
7726
9301
8562
3576
8180
5594
772
8823
1742
8249
9738
6833
2258
3286
5338
9996
4169
5809
6233
8331
7456
9472
7747
558
8928
8743
1562
8351
2772
1447
2552
554
5873
5297
1376
1800
7037
5931
6522
2673
7884
613
8982
8936
8810
5957
6468
2707
109
598
8892
8656
2644
836
6759
4235
7617
5517
4537
6044
9371
8028
8098
2773
4962
9625
6139
7040
2009
2503
6241
5617
2301
7417
2662
8517
4794
6348
2486
1970
2279
6002
3726
4608
9491
2351
7297
7603
9402
4155
2028
3889
3266
1064
193
4140
9320
4992
2364
1687
9748
1299
7350
4538
189
5796
844
3270
3581
4334
7138
5547
1280
6883
2011
8588
8160
7582
2443
6177
3633
4397
5229
8240
1100
5104
9677
198
7614
3834
2826
4388
1960
7321
9957
1939
8650
7576
9835
1798
2097
811
268
1448
7468
9659
5235
4899
9793
7425
1988
5437
7042
4512
4706
7460
7639
4164
2247
5138
5925
1953
9148
8986
4698
5919
256
697
2532
6631
3103
6062
9658
1634
8529
5993
2824
6080
3150
2283
2984
813
2321
5489
4743
8045
3392
9599
1817
8691
8362
6802
9382
3205
3793
3556
2880
9276
9575
2632
5311
3230
177
1926
2074
8765
8168
6857
6531
3386
6037
1201
2179
185
5485
5643
7042
4900
2248
7569
8276
3563
2207
347
7316
4134
8567
2542
7033
7812
4636
4147
9279
188
4106
9195
9427
7486
7086
7738
7568
4688
7462
3143
6135
3013
2943
7190
6019
9353
5283
1937
9527
8716
4991
1156
4094
7319
7498
4512
9999
457
6123
481
5671
6712
8718
7921
8972
5303
9548
7285
3659
2660
730
4364
5360
581
1699
1885
3514
4095
8540
3265
2522
6834
9269
5026
7109
3211
8439
4109
4123
9356
1944
9122
2119
7188
6757
2087
7133
8988
359
5704
577
5146
8076
2977
3179
5484
5462
5696
2790
1750
2248
6931
3569
1437
5895
8954
1142
1943
2392
9730
5972
1614
3167
3422
3312
4750
3204
9100
7225
1509
1730
5602
2115
6082
4110
6477
118
3472
7241
4574
9907
1217
5066
1294
2841
2442
8965
3768
6516
462
5616
4952
8325
1676
2122
7831
1768
2463
2960
4395
9799
980
577
8600
380
3373
3246
7246
2372
2566
6471
9728
3503
5759
8490
1934
3412
6094
4982
61
8830
3892
4286
3190
7018
9850
9665
3016
7592
9324
236
433
2571
805
1842
1705
3526
1038
1738
5478
304
9413
4089
694
8301
5956
1948
4762
8868
5176
6150
4096
4037
5698
7083
4923
6391
2322
544
3310
4018
8975
6772
573
1029
7179
3340
6051
3757
9314
1491
1526
8575
1737
1398
1895
723
3300
1948
4899
4955
5594
1179
5681
952
7781
8210
6039
3351
8813
190
2743
1948
1457
6053
3793
495
8824
2883
3551
5041
2667
9330
2399
7843
1260
9582
7264
4562
1128
3077
7572
9798
9841
2547
4971
4910
1327
400
8377
3303
1759
4451
5131
7337
6760
1404
4437
1288
8316
4097
9443
351
528
9823
3177
8951
3501
7315
1604
3423
9167
7998
3271
6279
2837
1702
8643
6846
4666
2217
577
6582
7672
7594
265
8339
2333
5864
410
3404
231
5124
6141
8005
1099
5621
9640
2378
6365
42
4081
4333
5426
6453
5985
2565
5366
6935
8383
5510
8109
4746
4714
6771
2259
4290
3938
3427
3110
1575
6147
3507
7337
3974
879
5996
2577
8766
2892
1620
5671
5839
9666
1709
4112
3898
6757
7770
2921
4798
1688
4157
2841
2861
3065
4930
9107
1819
9752
5488
347
1902
6251
2781
8221
9479
5528
383
2031
7787
2509
836
7236
3916
3278
4587
2211
8793
3353
8310
9596
4435
6411
8300
3741
3870
5086
5736
4326
835
1260
3853
7955
4300
3596
5199
1257
8150
3626
461
8070
1187
9142
5915
8916
826
9877
9254
3994
1362
5538
9696
9875
191
996
9802
504
2196
8445
5342
7309
5854
8871
1267
7505
7403
6175
5039
9143
8811
6161
5469
1326
7934
3442
1125
2818
8486
1787
5975
9143
1969
6019
420
8109
7918
3621
6999
5787
9194
6031
5694
3190
6188
2465
174
1267
2627
6325
1115
4086
492
1194
1175
721
6351
8114
3916
5584
3703
8965
3747
8121
6252
5053
1489
1237
8508
3055
7296
6623
3506
825
1399
7142
9549
1456
3344
5463
7307
373
9152
2205
8552
1458
8744
4162
9463
4870
4837
8579
1313
6373
3316
6626
8758
7336
7823
2330
2920
8683
3469
1353
4348
381
5244
1020
7083
544
9279
9926
3393
2416
4034
1179
7635
5039
9182
5447
9972
5549
9891
8129
7946
7381
1063
6519
5592
5341
8620
6344
5774
316
3992
6390
4198
7860
2423
4856
611
2231
6827
903
8069
9404
3827
3911
422
9466
1041
2646
6643
7456
844
1979
4471
9770
1183
4121
2992
3918
581
6632
8212
3291
5194
6557
8909
6619
9081
2412
2476
7295
3369
6141
371
2815
4250
6774
4842
2666
7451
5941
4317
7294
5851
4743
1213
2839
2066
4864
520
4945
2923
9254
4300
4870
2283
4734
7024
9757
7764
2753
2707
4593
3712
8045
6550
7655
2171
7197
9102
2181
1324
2483
8470
2976
8370
570
4927
736
9929
8161
9539
8046
5479
4945
1540
718
2608
905
2356
1399
817
1128
4131
6224
6126
2923
7670
9884
5344
8838
7412
8724
6618
9686
232
542
6003
6879
2776
9300
9990
4939
34
5632
6988
2300
1350
8637
784
1998
7707
2449
6411
8051
4053
6494
7332
4089
8595
4298
7261
703
7033
9618
5482
7513
3871
4434
3665
7611
6138
9348
8771
9164
9027
3046
2958
9238
6765
3341
2347
6830
8939
9239
3718
3075
4075
2685
640
2158
7510
9912
100
5032
545
806
8533
7634
7174
5581
8820
7242
7337
7116
9412
8913
2454
7130
3424
4727
9567
445
1995
3494
5606
6345
7131
3787
5348
6606
1700
7362
7944
1168
3886
8455
4419
8191
4033
7624
7031
4602
4219
4953
6225
2984
6009
6540
8665
4725
7107
4584
5072
3836
4334
1920
9188
2371
7517
7609
2101
3931
3516
8478
9082
380
7673
1729
2606
9874
8418
9311
1638
7081
8938
5693
3491
7265
5296
4645
7896
4471
1313
5529
2346
4270
2480
417
5517
3811
1671
7087
4399
1018
8099
5521
7485
7301
460
4247
5192
1553
5813
1038
9602
1992
9934
3048
1215
3233
2358
9845
128
6386
934
4155
7551
8532
5639
6874
1802
7016
4297
2948
369
6536
5450
6559
9507
8159
628
8722
7973
4808
6802
5892
3911
8638
8646
2128
9129
5735
4875
2756
2931
6619
7641
9454
7797
3275
7534
4285
6510
5527
1715
2523
6307
3569
9381
4678
4622
1919
5033
4186
1422
8420
6305
1732
2035
577
5838
3699
3516
1465
7006
2597
2939
5167
6225
6169
3446
9534
6210
3520
8042
6759
9025
9262
6609
1890
1592
9694
2952
7529
3456
8136
3152
4385
7068
3463
9723
2176
9687
4971
297
151
6596
140
8201
5232
423
8210
4460
3890
2758
4403
3089
4876
2903
9347
8460
5610
3603
6008
8256
1319
5267
6590
7831
4559
2621
7750
6892
6074
4895
7219
122
241
3443
8646
143
5571
8523
6254
5852
6876
6465
3855
9553
5897
3231
745
3637
6673
3855
1028
8957
9621
7916
9830
6416
1617
1118
5519
1907
2380
4204
8121
9746
519
7118
1948
3188
3117
5288
5711
3871
3114
5422
2672
4613
4994
2251
6569
729
3155
4333
7999
3832
6671
4172
1278
1515
4240
6258
9105
1677
6550
2690
2979
1040
191
672
7750
838
7766
8293
242
4224
5551
5019
8219
3886
9900
607
4413
5714
3596
8316
3992
3248
5726
4334
4305
8743
6176
3223
6443
8481
3028
8876
2971
9531
7550
646
8004
9582
7433
6625
9507
9760
6646
2474
529
3126
3642
6177
2470
7941
9739
4528
5811
1975
1286
3663
1376
9657
8251
9498
1537
247
4527
7312
1340
9225
2771
4434
2994
7348
3671
7930
7618
3335
9675
5243
7465
6466
4848
3650
9950
6148
573
3322
9106
3305
1187
300
3619
5334
6693
4095
9753
9768
566
465
7188
4038
680
9216
1062
7575
4538
9857
4928
957
4761
220
8068
1834
8867
2421
9862
5914
5573
2787
6924
5866
294
4011
112
2950
8052
1878
2187
7578
1176
6317
71
5458
8179
6765
2908
8576
6817
7930
2400
9599
60
217
971
8148
8024
8622
678
3318
447
1252
2941
1783
9953
6073
7038
645
6580
1181
1119
5131
3481
8434
6073
5508
561
6408
3195
2282
9583
9524
8081
7239
6635
4793
1066
9212
4359
8558
8843
750
124
9412
8982
1534
2181
2710
3814
448
7947
1608
4366
1936
7582
4549
2096
7920
6744
9471
7494
1670
3856
625
326
8460
4420
4346
6823
924
2701
2362
5998
5054
4340
6126
6235
43
3213
1136
8164
7493
8948
7972
6467
8243
2389
2649
7241
7549
3081
2245
9182
2836
5410
4578
1687
9652
