2000 93799
8979
9763
6851
4796
738
2328
7718
4401
4501
5059
7644
8415
9591
5261
3585
6922
1798
6924
2636
8678
7871
5571
4250
7682
3101
8873
4737
281
8670
8215
6107
8196
4516
7533
4436
2704
9937
2937
4086
3282
4202
6074
5072
9368
4169
6529
8395
4054
4980
2367
1033
8228
2425
5842
4459
3934
9116
4817
8819
1165
6184
2256
7951
5896
128
2083
5702
4377
7959
6736
728
4875
9032
1624
5108
764
6648
3523
4162
1621
8594
9111
1915
8504
2186
2000
7654
3473
2694
4068
681
7729
5653
3632
390
9020
1150
3270
5892
4846
6603
2630
3562
9203
3583
1835
4322
54
2732
5083
8851
496
292
989
2124
4360
521
5642
3628
5611
9504
8732
6434
8714
924
4602
4422
6337
9532
6446
7370
6625
8649
692
6766
4989
8179
5538
1126
6883
7469
8754
4530
2299
8640
6772
9757
1789
9648
9675
8821
698
9007
1997
3046
6579
3747
6527
8179
1573
5380
8779
7402
8290
7277
5395
383
129
4113
4344
3120
5111
2948
2587
3859
1874
72
2963
9646
1531
5977
7481
1008
6784
1744
7585
9155
6877
9383
3462
8305
9562
5723
5413
6674
9879
7795
8360
7414
618
3200
7468
9558
4410
7527
9450
1611
5268
9111
3836
4914
5703
2942
8416
9001
1096
7913
1994
4294
3758
8882
7738
2037
5628
6708
368
576
8428
122
6495
2131
6395
8232
8062
9505
9345
7625
7010
7625
8667
5408
7048
1113
8578
9374
4287
5371
7716
9489
8575
7125
8724
4767
6646
4757
7321
1353
4882
6345
8635
8765
1518
1687
1067
7765
4280
7052
5603
2423
5885
8493
7827
5957
6157
8522
4623
3252
8681
6763
2223
868
5337
1425
1822
9806
464
1251
9173
9077
7084
5414
7076
3373
3895
8375
8221
3690
5964
1468
5750
3046
3514
5518
7068
7874
4825
4787
2482
3526
6579
3688
6745
5658
1223
8328
5772
1301
7285
3556
5472
9962
9328
9872
5615
8560
5336
8590
7929
2346
3551
4098
8359
5315
3354
7969
8460
6691
3914
6971
7215
9813
7472
8059
1834
2711
5990
5745
3690
6077
3113
8580
5963
884
9766
538
2390
6540
8534
8765
8317
4965
5546
5663
1477
6163
486
799
174
4295
9223
3366
6821
6550
162
2553
4090
7673
8709
6612
2524
6184
8668
153
3362
1572
2223
6147
4421
7292
9912
5956
1306
2533
7907
440
8076
1203
2889
1519
5884
9955
3307
8106
1868
1239
796
2865
4065
5045
8943
6961
4041
2211
9616
9786
7848
2978
893
5531
5113
9073
3680
4034
4933
6473
9518
469
96
8285
7504
8392
6941
1068
6763
8633
2964
3065
9170
7307
142
6539
1042
1867
1103
5867
6369
2801
7350
1514
1458
5343
2462
7615
4085
3559
739
9275
5094
9287
5107
4588
8954
9456
7495
9758
4059
9342
846
9922
882
9497
9815
8945
2367
1270
4544
4118
7970
6047
1667
6963
7229
8873
9874
1180
8582
6820
7938
375
6858
2551
3795
7442
1069
7059
7233
7648
4693
9494
6465
2970
1284
9724
1089
2342
2461
1163
8112
3953
5309
3961
28
8520
2892
3851
6420
1783
6764
5970
2852
886
9562
5672
796
1998
1033
9530
8198
1025
8343
1532
9310
6254
3049
1247
3032
3696
7797
9271
6757
1780
3072
8506
8061
6749
1540
8680
1817
6236
2550
1586
4794
98
3917
6696
9718
2393
6209
6329
5545
3040
6242
8886
7643
4731
175
3812
9164
4966
2062
5645
3580
8565
4976
2288
7671
8618
5323
7107
4923
6219
1596
2763
7777
1175
4386
8625
4807
921
2706
2290
2181
4236
7857
6383
9436
7416
887
5718
7512
4147
4972
2607
1515
761
8236
3676
6606
5835
9853
114
8476
1889
5261
6398
6969
7696
7680
2020
3648
6579
6794
8406
4519
3756
5374
1052
5230
4062
534
6716
7454
4939
8712
2890
2063
3293
7985
4206
6283
2381
8878
9451
4593
9998
1119
7739
2485
6059
6952
4669
3279
210
1585
4350
735
5569
6040
340
1234
6856
4277
2931
7490
9304
6238
3904
9811
4999
7298
6416
4501
7423
7475
7529
5253
1833
8672
3794
1153
1567
8746
5878
4723
5837
817
8270
4631
8755
452
3444
9385
209
5388
1296
3193
6496
3297
4972
7221
9887
4116
2315
5668
1739
8733
9602
1266
5141
44
5927
7046
2426
9392
9145
6203
2159
9133
4943
912
789
6276
1896
1078
5488
4220
6878
1095
5880
8554
8716
3442
4057
3967
6281
9418
251
4405
5649
9717
7944
1662
4195
8766
6214
5572
9051
1694
2757
2138
1305
450
2339
2421
786
9228
7345
9665
3617
8543
3944
7595
8844
1065
1118
4907
1209
4150
1525
184
7321
9545
9370
825
1136
5415
7735
9779
8772
7120
4198
7438
7365
4003
5991
6498
8475
7949
9987
102
6619
3022
2841
7336
2327
6097
3458
6512
1977
168
5799
4083
8786
3373
2660
8967
7511
4308
4218
6661
6183
2551
8635
9405
9523
2792
9218
7114
3581
1182
9920
98
2701
3261
8381
3384
8050
8045
4937
9303
9499
8448
5691
5829
1785
2898
9842
4471
6037
1026
7050
3662
7379
1048
5596
7178
6358
7007
4070
9830
8444
6914
604
424
475
6622
6753
8672
3619
5390
8705
3900
7957
9366
2344
4364
3614
9294
8397
354
2234
4206
4055
4121
188
2337
4699
9504
6311
5293
5247
9626
2946
1657
6486
3556
6835
4618
5342
2931
8347
6711
437
9914
516
5324
199
3933
7570
177
2011
9440
3761
3158
1916
9231
4500
6186
993
4699
3038
4581
5754
4148
721
6565
205
3387
4175
2323
8080
8866
3530
3865
4874
6380
3751
8085
8412
674
7381
5528
4127
1915
9005
869
8327
4233
644
8997
216
3327
2193
8355
262
8792
3680
2035
2175
5986
614
1295
8085
8547
5145
6514
967
8746
4751
4681
4161
4261
7757
8291
3907
9341
4093
3602
8478
2393
5680
1335
6574
2528
844
2215
3412
8965
9453
4719
5146
7293
4650
2102
2234
9496
2912
4350
5321
5541
2269
2372
4145
9896
8577
7954
4242
9349
2461
8276
9682
5284
3148
173
5296
4044
6017
5820
9740
8127
4115
1094
6342
9762
5842
2216
5846
7113
3183
2017
386
2241
5835
1337
9417
2561
6488
9772
5733
5558
4366
9527
7703
7198
8597
3173
9085
7500
2626
5565
2089
2581
9849
1736
773
1959
5140
8270
5184
9673
110
6335
4594
514
9
5775
4596
3510
9099
8075
5087
3785
6713
3839
7661
5367
1111
3867
2660
7546
1341
6163
3771
4303
1671
9104
451
8570
429
5436
2057
7652
5399
3002
6832
7844
7904
6906
7945
2365
893
6421
1727
6258
7206
9610
739
2280
1304
7924
4427
3979
9520
7212
8559
6490
259
64
3110
8460
1643
1973
9511
1760
3180
3722
6127
1722
1280
2127
1373
9916
4253
2050
6444
3632
309
6823
6769
9536
9172
4843
2591
6612
4790
7251
8488
8586
7690
4834
5525
8448
8264
9626
6799
8371
6716
2043
2826
4017
2656
6655
4261
4859
8652
7772
7174
8045
4421
4464
3837
6689
91
3470
6279
9933
4998
1128
495
50
1058
5909
3925
2540
4321
9073
2952
1684
4175
3468
4295
865
7662
2522
7744
9264
1619
6127
2147
5124
8503
621
1198
9976
7597
973
4418
2682
9254
3166
7377
8054
587
3567
6911
6626
1054
4326
43
7263
643
9836
8206
3084
6109
9384
52
3574
5645
1543
1134
1579
7752
4058
2477
886
6648
4032
6603
913
6579
3256
1540
6924
7536
5812
5681
8689
5444
4804
4595
3963
9277
3566
9719
1572
7482
5745
5456
3396
1831
3836
8506
8838
704
1959
317
5387
1439
9653
5786
8887
5589
2255
6229
8747
3229
1539
6575
2131
864
2680
9659
8970
3799
3147
8677
425
7184
4105
9436
3579
8837
9688
3616
9130
3317
7299
1376
4920
5304
2367
3105
2097
5784
8547
8638
9842
9864
7592
7375
2960
3439
9164
8265
2502
2216
3830
36
1804
8128
6491
9423
7975
3080
675
5347
5605
4023
5225
4987
4165
7633
5217
5069
3402
5079
1377
7419
3051
8273
8016
7068
8481
1721
7127
4635
7257
1941
8649
338
9311
9065
441
9516
7871
4271
3684
7173
9986
4622
3316
7597
8944
4110
7703
9323
8366
2183
6730
6815
4940
9743
8896
2643
4507
7216
9924
3125
1712
5817
9123
8858
3079
4758
6749
2352
5150
9252
7511
8010
6301
494
3753
5625
2792
6126
1012
3070
8701
2488
5778
7105
5376
2032
4610
8463
9750
2514
1266
3302
5662
1616
5666
6416
2552
5585
3637
3606
4881
4357
9690
8709
7467
5618
4925
7845
8800
9821
5407
953
5995
6434
2155
8756
571
5411
7284
7868
9026
9923
7419
2784
6140
916
3823
7758
9503
2968
4151
42
2686
2858
9993
4076
7183
3350
653
5810
7934
1348
442
5201
6614
7860
1882
3104
9456
4052
8352
6393
727
1542
4547
9034
7497
3697
3798
2941
5933
7319
220
7381
7367
3678
5466
4891
8608
3506
9371
6802
7384
5008
6178
6988
8952
6463
9701
4927
6937
767
700
7444
729
8718
7135
5103
9596
5489
3518
4568
7239
7754
1912
5520
9031
8880
1770
5330
9749
5279
6352
1437
9565
311
8604
9608
2738
4022
7480
5952
3705
9807
8178
6248
712
5639
2747
9602
248
2587
8879
5890
3650
8775
7347
2269
7681
6190
6838
7621
2111
9498
8892
2767
4729
2020
2272
7068
2588
7574
5433
2712
9636
2807
8716
7397
9003
3102
8140
7480
4319
2733
3136
3226
9184
8140
948
7506
961
4695
9348
302
6903
5972
9440
45
313
2618
8860
4317
1214
8662
605
5680
3900
658
5561
6843
412
4176
3212
16
3030
9013
6877
7993
6203
7401
6113
3778
6670
4899
449
1921
418
3658
8991
7856
4048
6109
2678
6976
3921
3581
5587
9762
7618
2115
949
833
4355
3942
1792
1849
2737
8696
6931
1132
649
1822
2812
5387
8114
4410
7292
9610
715
2408
979
3996
5176
6792
8218
8625
1671
7830
8461
7778
8530
3901
2134
8465
3330
5820
5045
9318
3361
4410
4371
5674
9451
8390
4559
8143
1963
2691
9715
162
779
6584
3613
4194
3682
5543
5540
6502
1688
446
5242
6045
9186
5621
2431
286
5502
3861
9297
2032
8230
7048
1775
6594
227
9893
1493
5938
1890
8661
359
1520
6635
6113
9715
9695
2111
4729
6379
9148
6387
7582
2669
9493
3918
2052
1182
2857
8219
734
857
46
2249
7282
2477
9510
5012
9662
393
994
756
3262
3984
4675
5491
1058
6931
4752
9181
1976
5892
9222
5707
3127
8642
8317
4108
253
9800
5151
4450
2332
7680
967
3231
1282
2785
3448
1716
224
5242
5638
5510
5517
2759
5017
1859
7772
8937
4213
4328
4319
7699
9708
3487
8952
8862
1469
2000
8708
7239
3346
8891
5563
4510
8798
4063
9201
4653
8534
8453
6117
281
6667
9199
7311
6718
1996
5117
6236
5850
9445
3483
7298
9358
6055
4885
8535
2750
8202
1267
2559
8649
5174
5987
9922
3656
797
3544
2230
9107
9709
6546
5663
8750
7759
4105
4668
3722
9222
7682
6331
7947
8175
5149
2475
6224
4845
5461
9739
5059
9330
8348
3160
1705
6176
146
7252
3169
5059
2332
476
3547
5797
1183
1204
5412
4691
5074
4807
2569
9842
992
7777
3300
1777
3307
4488
6672
7093
8291
6749
4787
7307
4942
1120
6747
5614
863
8608
9241
8274
4893
4746
603
5890
3293
4224
8761
2106
2205
2284
7686
8742
8375
4889
1081
1977
670
3984
2989
4091
2797
7711
8843
2183
8335
4025
1261
1174
6472
322
2375
8555
976
3013
8947
3873
3666
5992
2739
3269
8729
3772
7168
7106
3257
5291
8721
6936
8729
5558
6696
6846
1736
6214
4953
4641
1005
3481
1759
4995
2868
4810
7260
1137
6456
2139
9020
7507
1302
3753
2496
2734
2029
3102
7660
9392
3927
1643
6390
8615
9291
2452
9389
9199
1947
1762
3047
41
8886
272
7003
2840
9179
2644
1842
3452
9705
1380
4268
8816
945
2353
5465
5115
9068
4113
2883
9557
8618
3697
424
9631
1323
9044
4044
6486
2415
699
2786
