100 1
2147
39
6232
1751
648
1574
4152
1101
2598
9800
7948
3658
2437
3882
5775
1330
5424
7534
412
5699
9413
9108
859
7166
5140
8014
9871
7052
6684
3675
2455
1245
6901
1614
5567
7383
2241
3517
5144
200
8477
2778
9956
5638
8631
1935
7362
2267
1505
1579
7456
4273
8380
7085
6404
4521
7607
7755
4735
2358
4547
1643
3382
8884
3788
180
1877
1075
6839
4229
4626
2326
1821
2858
8843
2046
5411
5145
74
857
6836
9643
190
1952
3084
6099
8083
7166
4428
3543
3932
8008
6373
5180
6400
8107
791
8040
1169
4800
