2000
1312881298 1249347649 32 23
713004948 1740078539 577 3
1918487942 589777329 518 24
40915738 1126460307 114 23
1434439971 518089986 322 28
106872384 2064101867 454 23
615968986 1274597832 433 7
785223119 585454121 280 11
1142018684 842610807 96 4
207250709 691771883 305 17
340910250 353587035 393 22
2019585359 1761798396 178 27
64628413 697292514 164 11
1782323519 405194348 36 24
613412985 342860038 558 22
985170387 895146043 363 4
1955640915 1109472173 355 4
2013102824 342769427 189 14
1533418925 292088052 147 4
159493043 2550611 512 16
1836573762 1433539428 29 16
1931904927 1974601269 523 19
1276100669 1038338916 184 20
1507470430 1957933999 377 7
2067712844 1421273007 349 15
724895710 841542344 467 11
1725723184 1474597275 564 12
1609388252 1005831619 457 23
205351163 1804970975 338 22
1780481399 1606718367 142 3
866596364 1751175142 569 7
1421915978 1910321405 388 14
1013970459 209588566 554 28
1444703287 1436236446 273 4
1230181557 1367195015 574 30
2043745732 843351704 444 3
2028306689 261174101 244 28
1597994466 350464384 208 26
1831431461 619321226 248 3
54672520 1950557319 193 4
1540228629 1951821254 20 7
615025813 1624349454 313 14
1715079111 1986300128 490 13
951079413 1899389503 164 14
927321631 1259903481 379 24
200917811 1294661537 510 20
861701069 1606448690 293 12
1584229930 2111656201 591 3
630119809 1223347043 460 18
2090978133 650394779 240 28
1263220483 1603226467 446 25
68651308 1421412517 475 27
1483143839 735890011 82 14
359976821 577965667 205 3
1570358954 918015156 398 3
602654465 230165089 589 27
109209042 560442227 396 12
755197635 225026593 125 21
1766839641 2111852728 234 11
438192445 1765673885 188 3
1119454614 1682574475 260 8
885018810 681733496 35 3
459665756 2014613141 6 1
32701838 414060386 181 12
144754816 1186701730 317 23
1839193497 34330895 139 14
1900476121 75343209 67 29
839135920 704425140 485 14
1301866488 182966831 197 12
1461093931 852961876 84 20
1975839021 306267826 457 24
2102717968 1484691880 379 24
1772228961 1387852503 3 13
281547075 2126881260 107 18
603426676 324034962 27 3
131107461 1385675422 138 19
991552794 355581066 318 21
709257983 1190678956 450 29
1142153857 292339455 23 28
2133241023 1359042685 104 23
779755231 1114512107 171 27
869529280 1839056561 416 21
1085840509 1876492774 233 20
1438453171 1377602215 499 17
1144772909 534174876 493 13
2143367671 1756217080 368 8
557380804 1954934955 195 9
524992484 2042342214 534 19
1819131629 582532297 560 22
1523390663 1073027360 420 23
1464225867 1942414110 478 21
1264246188 18694811 285 22
376765543 910469482 478 14
1429929556 496533287 218 2
1189793219 309343359 284 20
940115957 295807839 42 5
2087787024 1540312466 584 22
1994971143 1891473598 213 29
1978266468 605016977 546 22
1786907773 1256562759 111 11
2116177332 1169494934 174 8
2031626778 1431102098 211 24
475785500 179427712 312 13
425738189 410403175 327 3
939148056 1850645580 354 15
1131168646 1124944419 30 13
1188013967 756607596 218 18
984949248 1934712895 287 26
322632095 1431838085 563 4
697432240 1448557858 23 28
806209419 1128375005 243 1
1790832722 1286626846 327 18
791921513 1750051375 544 25
587367080 489945715 574 17
1627273289 1468993057 525 23
1901465097 1956278860 396 3
643256981 1820507783 365 2
1850936283 1340334327 547 19
12837482 120416149 586 19
520374677 1249832328 339 29
537789833 1533276383 397 26
371871407 534014188 588 8
1992565658 542528913 74 24
1339428788 2087067802 405 7
740611247 983973530 382 1
1578404704 117282730 488 3
1785374884 402596807 297 26
1303306330 1804675761 68 19
242965889 113980028 500 2
1093732313 1785929859 216 5
1200280632 356352236 458 16
2138457485 74624895 355 24
1270065101 161723227 73 8
1071582340 1220192903 103 25
1816648206 1237959847 225 29
1046626983 506138460 542 12
574942756 1609201894 259 5
861962810 1647290014 221 9
837203754 2078502652 405 12
1570935090 1173690281 284 16
954132268 1563889897 82 27
1291155369 1390570765 279 11
1146629618 734380416 294 16
1664350309 661681367 450 29
1018413935 1592433329 534 15
627007015 505429422 534 14
1470060484 2000352469 130 6
1278034026 958622913 447 22
1216254308 534841695 411 20
1919111352 518395429 74 11
2084001123 55394958 251 1
819971322 182587769 255 2
1415834210 1571360994 213 19
1557620847 1243642117 281 2
1933484781 1459798118 323 10
853836821 215564876 160 22
1189290593 1259107608 554 17
1360243949 414924108 246 2
1125472696 2017611707 136 9
2059801846 931586805 69 10
1026799887 595034351 247 9
1130995829 1767407611 29 21
726510927 1958169444 308 8
1012206866 2053339117 551 18
240366431 1523224980 12 30
1156453084 34910523 230 15
1605115025 1883959644 379 15
1845427822 1736918419 448 13
1277853784 1755406522 139 21
504837391 1812025640 228 21
193778000 892557717 45 6
997072810 1906793889 116 27
1309249373 1276104128 549 5
1637298729 988839673 144 2
1365785548 1782082608 422 21
811332385 963908309 383 27
296160422 1277747612 38 7
1533251912 661467924 272 18
703758698 435616857 233 19
1988578283 1256652847 544 4
51343470 331243314 394 20
1448881375 1973526839 176 3
360260509 609844784 380 18
2050996555 1675749291 466 11
787487148 852865802 85 18
1020497942 597065595 370 9
207944989 602206362 168 5
372515849 1938254597 18 25
1190372538 221955376 142 25
156950617 2117258255 578 9
469032559 957462190 384 2
1284405304 441787859 586 14
1084959780 1344490341 400 18
550805364 363702036 213 26
1463317061 1193332372 226 2
1128997022 1640062444 38 28
156407882 121595153 356 11
1417586528 129136940 222 9
1749231417 1143225778 298 11
1269177946 618908080 85 22
629030853 2127196574 33 29
628415489 1807546657 402 30
602710749 357853242 393 20
2029827292 1123891957 183 17
2052621871 95506074 142 3
1508106924 905157780 175 29
1172053578 761435191 216 14
714415801 1803204250 492 21
350070308 172623257 401 27
1193591130 1698089295 159 5
413506315 1653313945 141 6
1534088475 1298887695 336 3
1206640943 958669074 338 18
1643032860 1204786061 182 2
367933848 1363377643 96 10
979461020 996366547 374 26
745513699 505340300 481 27
1577822310 1401894453 373 14
1547003049 941000266 151 5
104446949 1400077117 135 24
1662730577 331718341 347 14
307769723 673454690 581 29
856988065 319095240 51 27
504044360 176565374 169 2
487490833 597094584 88 30
970728719 1055304612 388 9
558984108 1918816041 564 4
613004963 1206901049 258 14
1475521451 1177422506 47 4
1966738081 1386398607 516 28
863624951 1998628178 402 23
1886902682 408382199 594 1
1813801899 876218611 480 15
611077989 1841284807 289 21
1642981847 2015630866 189 19
1982717714 367729452 488 1
1290311751 2013885031 233 12
1700684451 1250763798 372 11
2070597957 468175922 372 26
243048783 1584657717 455 6
1703707042 49796884 461 2
1125720883 1516880095 406 6
1038108355 93725519 502 28
475148193 1464546018 305 9
897962512 1808394038 556 29
987012865 1965907576 324 28
1796339370 2021415722 118 20
1572754059 612113142 544 24
1424022146 1818195414 363 10
432498014 1506040592 108 7
1699762048 1655558124 213 28
920286004 721298336 470 13
2040857823 735037858 233 27
954693162 1408703085 129 27
1113661839 723048517 211 16
644168351 1286487194 127 15
1814306552 139960914 139 30
1642675638 1434494026 483 16
1681788275 1768171087 272 24
1630479036 1777285448 178 13
1849803957 1703909060 376 30
1637132419 2010220291 370 12
776298540 1613437221 177 4
715071394 700387309 212 11
1686466471 270995012 127 28
1097520396 1197387360 592 4
1230543307 583003462 44 26
1428278444 1301790630 546 13
1386488625 1890957180 125 2
1268856746 173358139 581 30
1874841237 513563551 354 23
1328404225 30252390 161 4
1298585380 1281416507 520 11
8189232 2141544239 528 8
1714779281 745808648 148 7
1207146555 2006321364 475 10
412718295 863538606 271 29
1274762209 2147130907 161 1
1320590820 496695606 198 29
457161862 59738675 431 19
1431420722 107473640 88 10
1942671712 1536418740 263 3
1347824915 513915677 440 10
541771555 1076418046 596 27
871431993 1339313790 218 6
1423017271 1843773301 483 12
2023381386 838631639 35 18
660837397 1721832752 65 6
1069721510 447298900 6 23
1097068885 2081922829 423 26
2006228398 642910408 379 5
1701388714 338744037 378 24
1189528740 480976964 566 23
1289200724 1323620941 264 5
1359776404 1776936407 212 13
1949240014 888867929 103 29
1292491514 126227166 499 4
1502757302 1730738343 510 27
2106382852 790356224 58 2
1362561273 1279849553 398 16
763007598 1605348682 198 26
406488252 1985725837 552 25
1885718274 1382852255 312 12
1784423938 1597100709 518 30
1269486612 2142051675 361 30
1040637806 1418745499 380 30
1860635474 1120295689 114 9
291826366 502549788 137 21
1607311208 1426935328 591 3
1011436325 1697349736 294 22
1758185105 275638002 205 22
2119244236 430413780 202 2
1172848930 2107790924 159 15
1306441215 1177338343 411 12
2058595664 413976199 271 20
108373177 199184695 253 3
2000347273 2078246000 157 9
1286608126 604066679 460 12
1238180230 863445593 310 27
203018388 1274109036 28 17
544462572 1701198791 178 20
704869968 758254194 321 25
1654634993 291046038 44 23
949311926 247487113 334 10
263431814 663682589 27 15
1086526515 1221792730 283 8
1183523776 169843152 84 19
166115039 415530286 17 25
1501811860 297622499 111 30
553325820 1395470769 229 10
1518519269 666004331 537 26
302709333 808611080 532 24
427107394 177157970 40 12
1025024465 190645340 396 18
288448605 1568053737 389 29
604458100 1305937115 198 22
1048223455 705934449 163 8
275658082 1478719092 363 16
2089628548 1509717923 95 26
1092376442 475572258 543 21
52798467 1303529134 256 26
1590377938 127884620 583 28
1444369722 1115383313 442 22
1004437858 386262196 481 30
2046559740 639985511 206 19
1538159353 1822542833 115 19
314962542 511850656 410 21
1755581046 1130668308 61 16
598016146 2060811012 516 24
1690864422 512038064 68 21
387211128 1806052243 407 3
1802662351 1675159663 264 13
334293975 618221754 564 18
112780340 1440977638 139 25
1290973190 219860361 515 17
1687167430 1532765335 392 13
1033553231 1820087319 412 21
227541221 1309663443 365 27
613779406 624799074 224 27
1482957637 958663883 198 10
1772934233 1397990080 126 22
736690301 797331458 167 24
2111136541 866255840 425 15
1099036444 73318993 213 3
2044347825 2114986855 184 15
1978647282 1408074058 172 17
866934611 1254950441 121 28
529781767 1980642262 152 30
1837767569 1947405051 597 9
1282437090 1492649485 491 23
747682588 308236390 320 22
898473548 893712945 435 20
751024469 1435308345 572 26
1562886720 1549830334 174 12
779840937 1432642703 472 16
1489296735 1478008736 492 28
2123655849 1545938510 473 29
1275943394 2025797821 215 14
106926156 1289117291 377 27
2043298775 721444828 278 15
610455786 1247527786 284 10
961719779 125122019 471 9
1603119893 1034663647 2 18
1178838114 1296063355 233 11
1901818615 1685121503 333 11
230212601 394628040 134 19
1604048945 107898579 222 2
557390972 1814458146 313 30
1104914280 916284416 279 4
971147038 238959564 503 30
570844707 1826745793 377 5
236289084 1810483415 435 9
1963992663 667090651 338 1
1783888286 1896046101 497 18
1178478166 654042309 288 30
2119225149 1068441135 90 4
2016643688 1632921671 116 26
574699725 1659291880 7 16
1983620858 66103329 103 21
1509692814 313940083 138 6
897589942 1856858423 169 3
1873588918 58805896 538 2
30213302 1094872231 479 3
1587944284 2048711395 334 1
407751226 170288127 305 22
1207545977 1663196276 396 26
1217554997 1457933622 289 26
1054850276 1850595455 239 21
1056643760 416138241 282 3
340229908 833698178 27 24
1417403328 1345283205 450 6
50794321 358422624 370 14
2083225029 1577180424 416 6
1301712438 1792849280 398 22
1649741057 164626592 402 11
1749633410 1160047380 323 20
1114478573 1847550901 569 10
1873327650 2080817705 165 8
1893588321 769911743 133 27
1547188805 1839364443 294 19
758603628 370982278 73 2
2037988172 1871239340 372 8
1056522969 428280961 104 3
1045659115 1236224344 325 1
943922023 1691725902 314 23
175779985 1259321733 281 10
1965636933 941248206 236 25
1756589809 121343514 84 3
1583714282 1258086865 393 26
108423531 1552554438 136 18
916023470 1442802302 499 23
748842073 2113568537 559 20
1509898723 1377772958 270 4
1967445093 1163889669 551 21
1920160036 1746740331 188 14
1267090547 408916560 296 21
98024849 613633793 16 19
1089941287 1993672825 561 8
979912831 705374855 469 26
1440553186 1176285916 385 1
544614095 143369554 199 23
284009472 540846952 522 24
324691052 1193428746 362 7
865743142 1135234643 509 15
411062580 1207151896 164 22
711991805 876647292 296 3
354499525 448913804 330 11
392082105 1749384153 315 9
1461986423 130637839 250 19
140236676 423135281 199 16
158199255 1140286755 187 6
452654005 2142299007 455 5
36531412 1999866911 168 20
1589677979 2082786068 101 5
1677958354 1850076618 162 29
1163254314 2057072012 534 2
317081490 1445560365 327 29
1863416286 1522534444 41 7
160533488 1137883908 67 11
186193451 409347448 354 20
2065884943 1452008242 314 1
1417182131 1417299035 571 24
196097992 1169278263 274 23
1578136121 857533722 303 16
1317795231 1294736040 276 10
519269242 1768836023 177 27
2057706229 91680175 232 16
416381571 704937568 521 17
1152397544 532456379 414 8
1668864033 1608961347 507 18
2014636868 215572710 522 16
750549694 726059125 278 7
1284474043 1705246886 389 10
922440788 1839176023 215 24
930113460 1854507842 460 1
263035615 149901920 199 30
284604836 1596948605 93 12
1405667399 163719735 164 28
534607768 1743474741 245 10
1653787166 1021747006 217 28
199990455 1432583966 228 10
579694922 1391596696 58 26
1580666630 1644996708 470 29
954398205 1107626144 310 24
804647785 267129781 268 9
1821471892 1422484771 71 24
2143490164 625579824 440 6
1842758806 1089875613 214 9
1471097330 61360529 251 8
1197085034 2020592600 190 8
1795593870 2006536042 160 28
1104831788 1250925843 402 25
497512467 444255298 91 2
1155856736 533775186 448 8
1628015519 2128559365 317 23
893754409 1546947909 348 3
161993141 390379133 283 10
91768862 61549046 504 4
1771690690 974733922 422 15
1246279818 29661034 290 11
823539566 1972251645 452 21
447356453 891823518 330 20
155674905 459823455 16 14
950434167 1911186070 338 16
167439693 1563758725 476 1
1370227396 964778629 563 18
983202978 1260084380 192 24
1854387898 990968047 9 25
1716097467 1448498074 304 3
945946750 1445641539 350 30
492928166 1245249398 243 29
89222345 15679308 486 24
1003495448 611636082 87 17
1744898154 1895954380 235 30
1813372301 2140534189 225 6
642257794 530567028 17 27
560537300 1216039320 238 28
1185913006 1462228074 385 10
986423472 1494004310 239 4
836617124 1088620289 246 1
470008490 209792379 406 20
1579153596 1212870654 442 1
468183862 1745235096 490 3
1608841248 1857512358 308 28
676776713 1848193213 149 14
416069207 848712974 409 30
1908648496 573464539 51 16
1790566474 1353036434 574 17
1966649601 138495752 225 18
770838309 1663251976 531 22
420450007 1928394921 79 19
1751555182 110856099 505 1
1953152998 1897505344 137 28
1394422905 454545110 126 19
2026241053 1118709490 16 12
913340669 1880496235 444 30
1638485746 1012970354 149 21
1792384744 1651296831 169 15
988111096 2091116867 34 26
4103935 1643817118 261 16
1220496496 37788514 286 4
1673647560 1954214590 34 7
1085713210 329860939 505 22
201774962 612414155 442 23
939775540 1936157259 555 5
1242027802 1660174579 318 13
886082858 382203230 298 11
930534501 1662522261 184 20
1929245373 149180970 62 7
700179769 91801486 579 6
1585533406 1438827188 538 19
1414827845 1012501565 282 18
589343948 1760898028 487 23
582993704 1959761435 443 13
1002816769 636595764 48 4
948056205 1314556021 5 1
497117022 1894998275 374 5
950371775 1437182956 510 1
466212063 189548656 217 26
1774960389 443127009 593 11
989453416 1550443321 90 17
1297408515 1304522593 536 16
1340922361 1529009971 142 24
1628359124 1217436323 503 23
778398384 367926021 448 16
1253482031 1195090303 91 16
172695674 186586029 480 5
33554429 1104426362 566 30
1121587775 51293572 392 12
1041964755 953367904 349 12
1820186071 1999111967 457 5
1904581891 375750308 375 30
1009749316 1696617855 364 26
1208239990 265527285 39 26
1459886622 741482398 297 8
1221434140 1087493924 311 27
948092893 67806486 590 15
262157424 571333737 514 22
2021248609 1074542101 472 9
944698166 349946923 525 28
1518810293 691834072 117 28
701691010 1636338684 504 8
926504543 1784686133 510 9
1363583115 1061789 329 14
1031653907 1704347303 404 13
1539140803 866115483 397 1
260412063 1309073211 103 15
537773095 1581297905 15 21
1616511134 8315214 184 5
596153993 252993538 465 13
1861146203 169783037 105 13
1635284196 1481362057 496 2
109461115 904974921 187 24
963742224 1013210881 276 9
1023757784 1708999422 332 9
1555510859 2042357681 566 26
1032686334 1139318890 28 25
1118419117 300158526 10 28
2122940677 1612064902 276 11
883701206 960306750 218 14
1640476426 181150620 121 1
2082457119 1196919299 436 25
1673768198 1886889937 87 30
1338510236 275871258 209 26
1274542967 1792144379 233 16
1665892638 1264468632 471 8
1689238001 248280653 452 10
2102806017 1184686607 518 23
1776128300 1577527182 413 4
2079605538 2122255067 121 28
640610057 1335892031 539 18
312807668 989836467 150 7
1615633316 1398930299 436 30
146294328 1196981082 98 27
1660477344 1403697830 457 29
363642109 2069075417 351 20
207445575 1820175231 209 2
282871861 1914598358 304 21
387935579 323115993 523 7
1818326701 403001273 145 11
2048797301 1457345210 214 14
1337354020 181225530 48 18
667851232 1426446074 329 8
765204606 964116791 154 6
1005586366 1584760771 571 29
885519175 460465309 389 21
1922318588 446319367 253 5
1436501726 1474532925 103 22
287949072 1476657822 215 6
1451824820 1838722385 31 30
1625515049 1415655197 356 21
1389151240 1988081110 102 3
1759821877 528504655 89 30
2123421173 393358138 518 23
62276320 703600441 599 9
1309939702 1470582208 328 2
923461947 1003312638 35 14
1898608682 1865938417 543 7
1582403163 972504002 392 18
1415927586 1274337462 306 26
1096563114 446440152 242 6
1613658956 759403673 66 26
1973510949 1465490054 211 15
1549036600 1451727036 286 19
134080100 1586664796 142 25
1984908293 988033695 234 16
510465502 1783766146 106 25
2024851821 1633851614 456 2
108826216 1668831598 107 4
771821126 1186919996 265 12
501475962 378230724 458 5
868119045 1216886337 441 5
716636261 780475256 263 1
507301684 563404451 141 24
1401258131 999455000 368 19
123464760 2135042574 277 14
1012740679 494941864 38 27
1760303933 479470914 362 17
714171507 406622368 386 4
1378466386 2143011770 210 4
236474500 230084498 490 6
240973868 1318220685 115 26
452697496 1145557175 189 2
1159133444 725551432 376 13
846181391 401473578 441 19
1917006076 1737734513 309 12
1690850540 701311674 35 15
67770800 551928680 87 6
726615912 550482709 510 7
1851578672 1218012581 427 26
79685346 1572183824 32 25
1358299196 2049355667 142 25
571645608 1032361358 96 17
976676450 1306002318 518 7
345582683 2013365653 434 26
104309020 1497865929 358 10
552712941 1035816088 306 24
1025308281 1054585986 552 17
1640595350 1584886192 399 19
952834473 984768680 292 14
715639929 1765570335 251 3
1240202993 2075206733 54 17
213945912 1012097768 13 1
1728522684 803658622 406 29
1853609519 808582240 500 14
1303071343 951715614 223 29
1254008979 1698950349 48 19
679877056 1466180047 313 5
1133967181 1952469514 532 30
211601818 333338647 309 3
75352177 1576984225 484 4
1069812415 1397714318 346 23
51154045 946497014 408 13
533824341 1479948990 235 14
669707351 907872250 433 27
251505843 2048866109 11 13
229102269 1672292813 501 21
719031260 1926459094 13 17
1695049086 1386871895 329 14
1220546610 188112945 120 8
432608356 334307431 258 19
1757587116 92949222 476 3
600663612 460043973 302 1
1909332971 184198840 232 15
1414517688 1705708848 332 17
220659572 393009445 294 12
1894948875 1665955119 535 17
233151114 1292597792 433 16
547520672 1685869185 260 16
1938047853 548772 67 24
2025003373 1899856181 109 28
946661041 1423805660 148 18
106988762 2015692393 390 13
540886597 1664893406 323 22
1830991102 1022496318 90 14
357713094 251031058 497 17
324414095 89494294 549 19
1736966069 1606928429 283 22
352926614 1131153270 309 23
1930148138 1549320892 496 6
561711750 2098913515 251 4
610450667 724996265 124 15
1223569528 636348200 385 20
2086880625 494662767 489 14
567477574 1074921059 263 10
1186844038 1002433331 475 2
2085627364 1931432135 479 26
1987393054 805232598 206 27
406172499 461995143 425 5
2099829509 2057391857 103 6
1537692188 773014019 193 18
1502902810 217337245 150 25
1927795271 878778070 515 26
1765012425 2110571826 195 16
733957171 1376936828 256 2
912821624 1072283970 201 23
726563288 796889360 447 26
794724790 1310446408 457 6
478841175 1346123386 308 20
576051747 2131358267 291 29
2143365204 174181039 511 16
1873717 398318901 187 6
151147341 2135815721 563 15
833734726 266398381 217 3
547136002 1233815930 452 24
4644353 530331167 101 5
1872885246 1307574500 370 30
1539571140 221290699 497 10
1019342642 1821928529 86 24
337717900 277408701 373 12
1120487743 843998481 484 24
394446194 557088222 331 1
1904780150 1029126260 3 5
1420053354 160814360 457 10
1062520183 197608247 9 14
319324875 855419993 397 21
1069354435 1552679415 520 22
1303830133 1021138084 519 3
494983494 713200644 165 3
1971553499 160829878 118 14
1608009075 374373474 318 29
1812112859 1982241570 278 17
1045081495 1821376241 450 16
100483843 1683295888 281 5
855737760 527765082 520 28
2117492304 650877364 588 20
433481254 1861004813 419 13
876848586 1681768872 595 23
1467459936 1641154895 196 13
510980732 625705493 257 16
1649546433 1104976355 424 19
52250305 247223681 545 9
791546058 818340419 328 25
2103422652 1265776707 259 28
219814905 1086792383 353 17
1719631466 1927574340 2 30
1969846614 182523250 567 29
374179769 1601058515 458 5
1235566038 2025810843 542 1
1095903637 1250144717 290 16
1430206481 606485870 38 24
1518044122 1167249649 333 28
1552422601 635313570 375 29
1219899200 543069935 510 7
196120750 1673264148 430 27
104873167 644414314 301 18
928075821 2010314368 369 1
1593481241 1187878512 205 16
1378115185 1652767621 558 24
520509784 1863900513 454 24
235263747 1285567989 263 24
760754207 633525569 48 17
1709013064 655663386 50 30
1129843010 734502052 168 30
17822867 708267996 522 22
1770730806 932742492 130 21
1245153543 58351054 517 14
2111328415 900010784 508 18
1994921610 11477858 498 26
1803737394 535564277 260 23
1578865099 1758031874 184 27
1918345151 1816052964 438 29
723037396 621293474 394 2
975836979 311544378 197 5
519258630 909272561 165 26
2111749961 41354460 418 2
214579130 183714747 586 16
278882197 67787473 552 3
879176770 1652388409 465 9
769072434 1293439961 557 28
2042115623 617289281 593 6
14020060 564132882 578 3
876965363 258703319 468 23
169441097 2132152737 387 29
717271284 1220872891 71 27
834566272 1465123678 322 20
1003148798 1257806798 109 15
62929174 1984326354 316 10
1571856853 1516272590 580 1
1650248740 446347677 221 5
1035157024 1551457954 258 26
179537252 496204252 303 6
576137878 314940621 410 13
2144492520 1933409092 238 3
1008108207 260122266 496 3
604793155 96548107 525 9
223040039 1248021985 227 25
112082002 989458659 71 20
1971967709 1034104937 285 12
1813828456 49782233 494 4
1559342698 342344661 329 30
1048993756 1970654395 162 6
664109477 1245782411 238 15
1655120955 1768880415 455 4
1418628409 456920759 172 30
645614383 903910765 386 7
209053343 1558930831 265 8
1476001516 515922434 533 9
779895543 531912394 514 5
1918249573 2064838127 76 16
214402404 1407383665 260 8
740888012 412447225 274 23
1209707672 1141539787 447 29
986447235 1891863887 110 8
152034379 939188995 56 22
226512501 1579624414 582 17
1821275564 784640844 396 10
1095601154 16119418 106 2
1173734072 740907967 289 30
1577190790 969075412 349 10
507189892 109826433 322 17
1238560184 1713051169 560 17
95291681 804001013 423 27
2029744893 1500939730 205 29
582049308 1064596738 446 4
89478950 1018301428 289 8
1693657015 579282672 141 3
1494776244 725262843 573 20
1487830441 885618134 594 23
1123607772 1194270319 558 17
1177801694 757437299 47 29
763864003 1033985141 488 14
1479763704 1363805618 313 29
349799139 1835367693 156 24
1284397917 22593662 250 22
1935991054 1805166792 92 20
708210760 1731181815 228 11
1253347595 1313292305 569 8
1655833260 1591538671 426 17
782939524 1434442057 24 25
1419801065 2090654276 116 5
402752154 1239613328 265 17
99460339 1824295204 289 29
1508951585 1921021942 356 9
1307788775 1178705564 575 4
1521504585 620452839 7 9
1577348558 901232077 130 10
1956215787 252726295 270 10
109579473 1701003980 582 30
550473520 2136628642 316 3
1425055109 1896923228 15 10
1456873092 160712000 259 17
49740450 1463060389 472 24
900411972 1777346151 6 14
1423269433 299350570 73 28
1509879126 1591515246 183 21
426370424 1601753593 268 28
749224567 108531925 590 4
1188824500 215052335 407 15
669035872 605635979 341 16
272949973 447696213 347 25
106707510 1505570620 72 30
1782974435 1640015154 410 6
1082138636 1878791572 238 5
621388621 1477300747 577 12
171237712 1178453866 298 18
1390321527 815135718 169 12
1817587122 1741852038 510 20
1310344257 544080203 40 15
1769629882 1693533780 70 14
1403047491 745546475 432 5
1227803244 1708109183 138 25
1727075909 38757551 348 12
2029805536 678777976 143 2
1471726610 1380594389 555 23
526292557 841078850 201 17
1517905530 2138426845 193 29
1575723987 1599462509 201 9
838172776 1889545757 444 3
1651372583 1010824414 61 19
2056681451 1848473791 547 13
465179651 1303560526 85 28
1342986226 739275512 453 13
1236874614 1373197087 463 25
1842530163 1430507462 315 20
838148884 1852455227 423 14
1139570142 1381736919 259 21
2003998390 1331686089 166 29
113536640 1106464719 183 16
728390237 1133425199 246 1
1700049380 2129879417 578 24
1226465320 1533495968 186 30
1321457412 1588052572 195 9
1877600825 2054787333 311 4
1051352250 2081735848 588 20
657270797 1057165307 272 10
1689597232 1530368915 372 25
781358549 475020626 291 9
1451234287 1875932974 397 13
633619091 1028699145 313 26
1063004956 1204026657 494 16
1585150920 760777521 7 16
188711831 1931979937 434 26
438451278 1040049165 311 17
556945798 1780817214 141 27
1480584200 1178828062 506 1
81056211 770693430 431 8
1032777141 1033596908 217 14
447055201 1968953920 598 27
585209828 1073736764 65 10
642148632 33079861 386 19
77594761 414647673 324 10
1662906052 429550382 367 13
1518623071 1956384268 448 5
641137489 1312506953 521 8
792994726 235077241 46 13
1729174020 205119204 499 9
173259731 162672187 381 1
636106851 587188814 293 16
1740210434 97883518 310 20
1204110294 1275489607 471 28
1994863402 1475153761 207 13
1962023827 985559263 134 13
282297463 1218373784 345 6
1333199945 1455797652 357 9
963767273 1224307008 272 20
61480030 1759705190 517 23
1948977963 226387374 414 17
479814176 1852724011 254 8
2019306435 1611307394 159 6
1011776264 242402120 96 2
841001163 2019759495 256 22
1650919091 1717006440 58 11
479700651 336380978 586 19
2023708845 2049294719 422 10
2080231426 342161668 100 21
2068089916 1575364495 344 20
559970220 1445722382 2 10
1377632928 547290003 64 9
2132998597 896784045 477 17
39446982 202681066 204 5
174481899 1191740824 447 10
275350719 238477989 49 20
322887716 2009170060 228 28
172116421 303757981 161 25
987654882 2052385330 443 6
843592958 1546870444 497 28
726529321 856001034 334 5
129033678 1668624839 249 19
1474482504 56635487 45 17
1143564330 113293305 263 11
2091073721 992770397 447 25
1534146556 350199808 572 1
1797285598 184693236 318 7
1743567995 872796513 497 12
1851666718 478008014 127 29
2028183203 1090874569 471 3
827509426 1271186649 124 22
615651014 1015497919 393 26
1433776334 1089251604 572 18
725483781 2098416260 322 19
18490846 1608433943 9 11
1004822914 1848615342 441 20
1914068143 1125379987 364 27
1688089369 1121557223 343 27
1049184171 1206629277 422 11
1532156758 1801964177 558 8
1739762893 1065882817 541 8
128248185 1587732943 237 21
1798027025 1007906021 494 29
812304109 2116268209 19 16
842771813 148313520 46 1
215908559 831837122 80 18
1126872801 1680971597 333 1
1683661178 661441286 145 3
1036811636 1492181734 540 25
73463235 381731644 534 3
931477213 671263408 323 26
1865944208 92845046 137 18
1745854250 1405508940 313 14
1959106211 1228741644 507 17
1487639041 1479534081 359 16
128719671 57470568 82 2
1006577049 203767386 56 21
464588426 1841873273 472 28
1939504459 342088209 340 6
517133447 1649076381 564 21
1549297708 692972857 476 7
678568219 1532055092 367 13
634367424 1061550807 467 13
217404059 1559676487 135 30
2030364698 1036574599 525 27
484270071 104737319 518 30
1886576495 1751781705 134 23
946077823 853519869 335 17
567286156 703750540 484 12
435674424 1496913657 195 15
1456136392 614338183 487 21
538951037 1036190142 347 14
366892307 705201876 503 13
164474988 650065338 505 12
711726063 1706769856 537 26
755818769 63991807 216 2
2119253911 41188433 90 10
42984773 1895950981 556 3
1408766128 1718154794 144 22
2086098880 1162223040 530 10
624395508 1543934656 577 10
264985876 192795803 9 24
963202017 736231122 515 1
2021236224 878769815 487 18
1051941028 323501694 10 7
1083397217 399257287 72 5
1159952230 1660024057 247 10
1634760692 915093641 150 6
1091810746 1639508935 437 19
468821164 12358226 428 27
1641725721 1959552499 499 16
1754202796 603153620 318 4
1044789280 1630807161 572 2
1869517931 1954578518 588 17
231059704 1079964908 337 20
1963396735 1993970236 218 11
753989386 707100838 241 23
331642173 647815232 577 20
1849247777 1249963080 178 2
702298920 1290107671 49 8
1106387834 332046892 382 10
425740135 1015062453 581 23
1487705114 734125598 42 17
797017728 1288611374 359 30
733708533 1714000718 499 25
360018658 306747127 378 29
253267542 301493140 422 9
1821754537 168138604 97 20
1494521788 1966732546 469 3
1375044639 1742178543 199 17
2048859055 873354707 111 4
550375456 1995402325 480 15
47044905 1246515227 15 13
318009444 412626724 145 5
867861905 53046568 387 13
1742369883 318635 63 16
1268455459 667006288 415 4
1902345955 1331688727 596 30
170569697 303439282 37 5
45224173 475477032 393 18
742490365 1598532322 192 28
1025106914 954167335 437 18
46516948 765951458 553 1
99765753 329345924 534 12
1448853573 235472776 404 3
622765690 2087725326 396 24
803892232 90385115 359 18
584159157 597936945 296 26
464923049 719109355 267 25
2074660947 219006134 134 11
62951027 2089365823 464 12
350118765 81670825 470 24
1347064544 44942804 393 29
1227309532 269104261 375 18
395578623 47797851 293 2
1267924214 1995691158 38 26
575739585 1563519188 134 22
974194347 764182349 219 14
1342536102 1212615367 29 4
169313674 509485301 497 22
654581165 1434677213 546 23
1602619879 720446518 293 13
796959681 916903556 595 6
1932360526 1675260140 505 3
547978685 1020110587 490 3
168054710 2126561174 361 17
1906304596 685999669 508 18
1365225895 1893652176 377 6
982892716 219945392 594 16
1599601665 879610722 236 10
1549781959 955603428 559 18
1353600277 131436214 359 3
936094497 1662452536 272 13
1284456734 1029867957 320 17
859910348 1683465857 188 17
1456934066 2136242517 406 22
154439663 289708425 20 14
612814272 411636566 207 28
1130764871 2047740781 574 10
1083402851 161461985 117 24
359988013 365755685 203 18
1578106139 1378334779 352 8
1664687351 1819372381 135 9
2086299579 386307532 304 9
1531904500 1689794641 298 1
595378853 720682949 353 9
1027295305 1994732567 110 12
1136289699 2056562938 153 9
1052422138 657564705 243 16
435993318 254417449 431 6
1222909265 195914547 172 10
2112348841 2095512972 499 4
1306322342 522622523 491 25
2126032997 1113127368 304 26
1948500911 2071272102 28 19
1018196014 228183089 290 22
1080666118 655921580 593 3
1830626974 1853640583 173 25
909029218 1782337820 430 23
726709753 2092271274 246 17
91032567 628172166 145 22
178735257 36456603 471 13
1895382966 2014867204 26 20
720055690 1750173446 514 5
68941458 102155964 463 30
1974314897 908625645 282 15
1750084627 1218597752 570 30
312224137 429387943 294 26
980222388 1207148686 569 10
541677516 292764162 185 13
1162801247 43402612 514 14
1791587309 480209798 135 10
1282984728 906055092 197 1
898314612 2098336614 161 7
1030375616 1217456950 450 5
1180272941 551658256 547 25
580528724 446001437 467 28
853082899 1822607104 209 4
1599298122 595357044 502 9
1291358477 633059478 391 21
253438714 1489325515 355 14
727289576 1565993943 306 28
218752228 2056237351 63 23
1975008456 1952040011 579 30
2102064060 208598039 412 17
2003260999 1750639292 372 26
501267801 2068327070 152 11
1492829736 1783077361 348 1
627275327 1485588321 248 24
941353214 1419246217 121 20
683973695 1174520832 293 25
309878991 1773388047 455 17
1958699492 927891767 263 16
2096437093 1905172653 3 23
1020000130 208502826 380 27
460493746 925572895 131 7
1690123799 479678222 202 16
1548194255 1460598024 257 19
550555298 15920667 107 24
1646402607 1436293169 355 21
1822930811 844012243 207 11
1331881939 1404506339 498 30
555636243 1960738947 72 2
269714724 1724715079 268 20
260982400 1047102798 500 3
879041676 1162291912 358 19
701409958 1257288525 352 30
1894824639 130388587 250 22
64696489 761711458 498 14
1267997017 94007225 10 5
1479097669 1449426922 127 1
808103188 120531689 377 17
751542885 1384349494 545 18
199086462 1535816056 164 6
737215858 1039756612 156 28
965900189 1762260142 227 21
351016153 803343703 141 24
1516874500 976698249 384 11
1982014796 1226067929 74 17
1753209975 974525301 516 6
1533000913 1755281736 292 28
2101033832 1511900851 55 11
773453408 1997495465 93 12
413452236 367043121 517 7
1507795397 1607952621 534 30
2035548891 1093356067 589 17
587092198 812419913 527 14
1750538515 1898715503 114 27
1383010404 1721916057 59 2
993748484 196108733 539 26
2004428675 1813320586 483 22
2119199013 1312573689 98 26
125439941 409660931 217 16
538204521 1930390892 549 24
1174827543 1249766520 151 5
1044200656 764415850 591 28
1556693796 1849497740 252 12
241356522 519579129 189 18
1824493008 145458000 211 25
741085865 472545804 200 3
1991586260 1957085597 19 25
1897648723 346387440 273 30
1043016307 941962945 160 30
68273598 1722051892 194 21
125476446 1724945098 597 21
323250134 1160511596 343 30
330326984 1287951324 439 30
84956787 2019714203 569 17
56926886 1534619512 376 15
759818547 1137863497 237 16
1353993332 1157440934 68 13
2112899256 156522556 419 22
1617499770 1882696951 381 2
1419306542 489975416 76 28
488728537 1137719963 202 2
1490064648 146813053 159 25
1849273957 1038740140 414 19
1580716128 154320171 170 15
1897595337 991059715 468 25
859909365 2057966106 523 14
526509121 1501558090 534 26
1488976310 1456457693 433 30
884118358 651406943 491 9
198145197 458135686 230 3
184493703 850642233 186 16
684650294 741875154 52 14
2081128043 2076567759 238 20
1952887392 2098046367 123 10
18499384 2133027078 105 3
466464673 1093886764 181 8
589938339 15832418 386 24
1966734211 1466919834 158 29
275673977 162511414 251 19
206888775 708062726 574 26
1625458479 500407184 33 26
1126876771 1410583004 146 20
160238671 920643222 181 12
789077289 1480133810 131 29
1429686283 1594963747 433 7
840631717 776652945 596 30
1490569146 896813093 485 14
1398557082 383395462 471 13
498702661 893826349 546 1
1229234771 1315052315 477 3
202811300 1437272994 420 26
2037624881 868391169 262 28
36302422 1131170122 582 2
1730561637 933378168 418 26
1520571526 1070048098 159 9
1363940764 12263459 146 18
1099100256 125626765 464 18
1361154954 1870170325 399 25
428472896 176860332 302 20
721461048 717195519 255 6
960765087 754087832 478 18
753277475 356861982 68 11
740816063 1264650403 381 30
1998307822 422140445 441 4
1369092249 51771702 502 2
719815411 1443448934 577 28
2020500536 1411161874 147 12
2016788973 1945971623 111 9
674936728 298779827 525 23
165328304 2062254384 555 26
1759700590 1279203949 275 29
1297211073 848986035 404 4
484867751 1562065600 545 12
781873731 405958966 545 5
700243512 1036975666 229 29
1844618049 868757339 535 29
404658475 540428326 366 10
808890250 1957141555 39 15
291434638 484307038 529 12
967163888 1258043900 35 17
657729474 1469833259 16 20
1153680918 1529061330 110 20
868823181 1972969375 502 25
1399965663 1875904950 321 20
83585809 732065253 263 9
1263867346 1096710326 316 13
574165410 1668426638 410 25
1279231786 1851288596 244 4
1954727311 938690433 402 2
1112255825 405758423 95 9
1212618254 503499892 458 18
1516337559 330080548 564 6
1515287388 1804169418 326 28
764209799 1512826132 387 15
731896060 774045699 83 14
806038191 1436666100 72 6
1111805009 1477381735 118 19
199578024 722464445 470 6
2112699418 1971549250 229 6
1979607182 557631261 117 11
578777266 1602825964 258 16
1428083546 864874336 278 25
953044653 76446848 168 28
2071923972 252184808 456 18
1929271978 2063495776 304 19
2104178603 785344632 7 23
841680331 1344030044 19 26
1726614369 1554337851 535 28
1767212992 880740681 456 8
968564398 1034090772 360 27
885264481 820267071 244 4
926684910 1280862777 504 24
704711336 703768519 267 23
799599233 577491991 8 28
172158954 1884841445 491 29
448609794 1034835626 242 4
1568846347 1542937092 23 6
1075564935 168491174 337 2
1100974392 1804125115 114 14
791624181 18139150 158 28
485074109 111303977 445 22
1659040672 1478562452 517 3
540479175 1577310229 457 24
686029548 651149870 474 17
414958399 1346656931 409 24
1134084286 139523895 455 22
1965257704 846087259 219 27
307672632 1879847997 142 11
901081221 816660245 224 2
186368206 1051781169 539 5
52398400 2032961919 482 29
1822452677 1609359409 541 18
1790798394 673038383 239 16
1162206346 25521329 559 24
1524202531 1561663268 304 8
377285983 1134961987 519 13
792065525 723336980 148 2
394018082 278748501 29 24
261118763 10016604 86 21
256613269 1125138370 159 5
2137101747 1786379667 30 28
316091141 1001764650 262 27
1310243572 1847778613 38 2
1846299656 18364688 486 17
2067383192 1447382804 543 12
884479639 326253387 462 18
1693756678 1714111364 38 8
1100617376 897333195 546 12
151740549 134240260 261 27
1555886426 1936608698 231 26
1692817310 1617165061 173 18
1603846912 1962470668 318 2
1919543231 469245337 222 14
482160317 230184239 588 16
1540057702 910427731 506 17
375291618 1190586831 324 27
588016325 186166840 325 11
1783542586 1526398089 331 9
312020095 475793660 441 22
1577390403 411480077 107 15
226973301 1142561165 218 9
1813066524 785188044 5 11
309223247 1890676417 589 21
1168235837 21776068 420 24
1117913948 1745001545 590 8
305536149 1118327618 110 22
58473980 828522560 354 10
972741172 1434221914 267 25
200272645 1746615324 302 18
1658042476 1613283387 187 7
1013405608 832587103 366 22
716169219 1526788505 272 26
358095453 924163735 244 2
186422191 359387574 493 10
354607570 364395622 5 29
547813773 1842389779 78 5
1503738801 660835843 127 11
1165514393 468491903 518 11
1066949935 117455941 98 7
1314976216 2136543012 456 30
1203950252 1932134149 553 20
1899264223 904128013 237 1
436006013 1059382656 234 18
1277706775 1743754156 48 21
907431053 1089848846 587 6
1305772517 147296124 41 28
1035057306 28150301 501 8
455326797 722284424 204 3
1421409042 1710978216 138 15
618903169 605598878 193 10
33518888 2072118541 130 10
392995915 323981056 563 27
988450268 509114215 442 27
329544893 732849095 209 20
1700753550 187627781 259 6
1192064636 121397781 486 11
1981859068 1354059013 18 21
1059008736 802264689 97 20
1933681154 1281830801 542 30
1540645748 1108704519 181 7
1200581215 2086396221 560 29
1674879791 1434505054 572 27
1850411165 2082989559 478 8
1571662391 1848832737 378 9
803595185 2102835238 480 23
1803456059 840104645 594 24
1921980994 1555476385 504 3
1037885587 81444643 18 14
1427179290 1294080404 52 14
1965045990 1949808980 565 15
1260267118 1892460921 518 5
708606375 133277050 321 30
856682114 425209667 273 24
1860769380 1757351049 146 20
175888264 1167382197 573 1
702533811 1935287372 16 2
493266723 1173155001 273 13
2056575181 1948418765 352 25
1252495080 1366019586 472 11
407133747 641266323 164 14
1370358499 108664060 79 28
1194130358 733908721 20 27
723912745 1081171891 155 26
2040707006 1085388060 580 21
420230275 1836518460 293 2
151603548 1259463434 119 17
550194420 692782949 433 13
1171613110 334851669 514 13
1932470069 656655792 387 20
1685374360 2067600514 90 17
828594928 1244045688 420 1
1849025428 576318007 486 12
861212160 1528390132 442 12
1985629347 1522326496 305 17
1747098107 1895097375 324 13
175028796 2094251066 98 15
1553249590 200240155 551 22
1746315551 1132449488 91 26
939509577 1262935532 79 10
1727822390 1268801654 244 25
1938138992 952362464 478 27
383176662 38087738 50 13
1422791957 2088385722 590 4
708053977 1101743027 469 19
1436191569 256077594 321 1
830568126 1512516290 356 1
140381393 1264392543 590 4
386405614 469918326 328 13
1794190905 899341351 546 17
1732191760 573027425 329 23
420651721 995109665 248 8
1640681909 1640307627 163 24
583888315 767312413 379 6
1066811443 693663002 25 26
95377976 2005651017 364 5
528013403 395224401 394 3
557808516 746123010 224 5
1676070227 1027814233 431 13
802314169 1201179398 175 7
1088593751 1401473248 580 4
734163792 1127279050 217 26
1738299155 709457695 505 13
1998472586 150259155 451 6
1486162271 2019892216 529 23
1668766399 190787389 582 1
2036097491 36594075 448 8
379680552 1851890098 478 22
590967188 564454552 180 22
103243026 1280767175 534 18
1786480589 1104570275 515 11
1083905626 199846653 161 3
1888238995 704564147 106 8
363155241 1725569761 1 20
1989570481 1181722933 583 18
1281648335 1277150658 227 15
631557937 1843805838 439 29
121605775 675705341 9 30
1342809454 14759981 502 25
153431992 1113886060 187 23
1130405117 13329782 556 27
1068151265 617613217 365 10
487557648 1024612449 341 7
1118762243 1494360685 494 27
1621423558 1500387730 591 24
1460011538 11657621 547 18
923233971 2095635161 500 26
1818165977 614008263 315 8
607656445 325217309 523 19
1313006752 1906967835 344 18
358419080 1383920696 238 30
640005714 1200579568 220 9
25741545 1977449703 533 15
1626042263 714132185 507 12
149245127 8114199 134 20
1771843859 1837049217 78 15
32196644 1195592794 306 8
524747850 1851662068 176 6
112098524 1442905880 269 10
700705541 1173205253 100 28
655181992 1545301561 67 4
2086257033 1173488823 14 5
1840297706 544594807 58 7
2014045994 1548454860 123 4
1684224964 295128619 198 30
1572233047 842869871 110 10
1336275479 896910416 288 13
1883555796 1656833882 596 12
1029387485 1654588840 592 18
1925607578 1150754354 227 1
264593856 814803643 490 3
898215208 1796725935 131 19
2111220394 644280265 229 2
623984961 681674779 414 3
408318389 1476618554 240 19
1938909019 1735137095 378 24
1635271495 1219809110 594 1
1010831315 1300939197 269 11
437118651 2144757329 155 7
915442021 779887108 17 18
84454338 987995824 408 29
440150093 349378737 294 14
577160255 950872928 134 22
1368151422 525263359 283 27
2064400973 1946996595 432 22
545856442 141126616 81 14
886708815 1670918869 506 20
1281075430 1429340903 303 1
1693094930 988286829 429 8
46265393 557660435 57 22
1569248287 1578070049 294 12
146125859 1176181720 23 12
468419630 318578913 472 20
746900248 2053663604 321 18
1497108928 120937150 445 27
1629975738 755569101 287 16
2080070934 1546709446 390 6
222321137 1112293939 388 27
1917189116 1207449403 463 28
1424089084 1984249479 562 28
922653370 133434921 539 29
1820494324 1389898767 5 29
306891529 1425261314 517 12
1002836587 1885243693 302 26
1942491192 1718511822 207 18
70615366 10864053 24 19
1545692817 1574682312 233 2
397099547 1567358682 526 30
1979190820 570062071 369 14
1776119791 1610969727 321 25
85333258 795532638 495 28
1491732819 640457308 515 10
1252020635 1538404965 136 25
1718055526 1317998801 531 3
1404605802 1679245302 363 3
1197000649 1012372562 549 22
1121439465 155364476 245 17
891448259 1911322146 185 21
1405556845 1092755867 425 8
1522663013 559087695 163 24
1477680743 1261607784 178 14
376339047 396448919 71 29
1863405635 595327730 70 26
324000252 578515999 216 7
1286440808 1838294565 187 6
678944440 1116749025 534 9
366468718 173833628 140 27
1359364285 1082454862 242 23
411480790 1423681186 3 10
488966998 1176301063 294 1
85663847 1425358088 310 19
577020043 743209972 423 22
506218768 142146705 48 23
350979775 1076707570 115 27
1645094171 1958108377 212 2
311002728 1753734154 244 6
1731273213 396910191 219 4
1542390946 222570806 426 25
680252202 1502027340 188 15
2063944922 448776509 263 28
666683488 1604207348 434 16
1587920073 1234618838 398 22
659341458 258164251 19 7
1408279669 1870219459 61 24
161127094 1268050843 24 9
1400702866 887293001 132 4
37379190 2001955688 255 16
25690682 846681211 283 30
906503241 381326830 194 22
1237576658 703563440 424 28
909483108 438917870 142 24
1723519542 1762338528 148 26
625588766 18423102 428 8
1193996433 1197939946 374 19
862177659 127818227 469 3
428319640 912204550 528 26
86224382 1318144102 96 27
1947875740 1965500306 567 18
327084551 106393115 475 7
1638735201 245970562 520 19
1187355622 1793996659 392 29
1827378254 1266717400 210 11
552194339 15297890 322 16
1838259135 599632388 28 23
1233956636 76965292 286 21
718595191 2018216093 530 14
1248660622 83988384 7 12
131561738 2140379148 79 19
1832660758 366934934 41 4
172236515 647668801 456 15
593747083 802699663 105 28
201385509 1477690809 298 13
689466841 652919670 473 5
491117873 1642020375 429 22
510466850 290662742 404 6
2044611250 107420685 160 16
1919488227 564944756 94 26
1864269312 1938861683 415 10
1192474693 1824759333 151 25
822490938 149383317 342 19
1771883528 660961286 337 18
34434032 1283994177 552 5
508884478 1996621999 305 3
1879455997 390684063 399 12
1922588435 2130160987 230 29
1544821689 1946598743 299 4
1389814929 1022069449 443 11
227964407 2009112151 294 14
2002404752 465532749 439 13
1879435011 2011266046 236 30
1832867588 1197486208 330 22
1299220936 1262151242 320 9
531531037 1433882069 570 24
801291559 1458370511 31 19
1271967992 1127613106 499 13
1772384414 1064989829 148 29
2048619445 428513234 443 30
45620435 573251438 506 24
719657084 461637657 568 19
686411595 1085180016 524 8
798656443 513676567 445 8
532295722 180092753 223 13
1007832229 1165611442 324 25
1497652250 1358131034 557 1
1659257980 223493325 117 10
1362423474 73400126 470 2
167951421 528901651 585 9
389178400 607553699 335 11
136259754 2146114942 128 6
418870553 831088688 75 6
2011369513 2121492883 109 15
1340011244 230310121 445 10
1132798548 1279468979 168 17
1273244046 1278860118 440 16
1482327363 1132550343 342 23
1410354806 2067598329 400 16
1811586376 531148129 444 5
1673651576 1387341045 457 26
1723011107 1112041300 66 11
825432505 1659116477 519 24
1601398836 936535738 146 28
1033845017 521218437 482 5
1795914407 828528586 68 4
1821278453 670605773 36 9
1259571465 417254337 559 6
1952248027 1144554430 61 8
115698161 1487511867 472 21
1455347890 1179090784 292 21
2120892839 1715323610 570 5
2144766144 958046692 97 10
1508568043 1366826846 214 22
1497667802 407192140 101 29
1073285359 888220541 534 13
963581451 570054966 16 19
184868549 1105697146 121 14
702491980 540353779 55 3
1484302037 63822838 494 23
952189324 729536149 165 1
88263344 817877806 411 28
365374635 1413669943 42 25
2024298758 1948435505 489 20
1134798375 1668998146 503 5
1237756719 989377984 436 16
787983772 607585556 175 5
2032969992 925842066 540 11
1683449560 697102214 195 18
986978694 1081261699 563 19
790571344 72565494 594 5
1763703372 460976660 381 12
1814767889 1658065250 87 22
156838848 1342300244 285 22
471056505 70953590 343 23
1888108663 1197514362 286 12
723262180 1929319071 62 24
67723171 85807747 450 5
1988853265 405668433 205 22
1327944219 87908832 174 25
1853799922 1335880433 185 21
1245022893 1756035693 546 26
54423130 1814133649 424 22
1875135547 50075121 180 16
722733844 1505086381 258 26
1977129279 2087299342 113 11
2105819318 1216448421 121 18
1659929872 1932971208 517 23
1435861727 41815216 131 13
1170916518 2032292342 509 1
1509793051 55220029 285 22
828964635 113953061 360 4
1173662208 1513277685 258 25
174581048 130296605 383 8
838732115 1799872416 149 17
1933526155 1078893514 158 8
224168690 950176 500 24
1920465576 294084717 509 22
856127946 477452537 256 27
978678047 45358228 346 19
28288990 1561219366 587 29
851262303 2063948217 29 8
1287889656 2088835364 564 4
371205016 875936365 180 29
633387169 1786449664 16 9
298238305 15875910 208 25
2120569751 729230567 22 28
1397131178 1079504225 375 6
1476657265 1984347641 517 20
1990474288 476891423 350 3
1804958642 1337397797 568 19
1963032093 1376274807 107 15
988693504 1111045055 87 28
1334697615 1563700689 298 10
1287133468 112170140 507 2
341390413 1709548034 484 4
1641504417 1583682534 133 5
1606270772 899245204 597 24
1722910179 1186972479 49 7
584301873 784513262 404 17
24713276 1314804242 182 17
1240274466 134047040 420 10
1549363648 178299708 85 3
1016105828 1069108326 116 18
1269218631 685795857 513 20
1758624494 1049100198 460 19
1795268778 138568984 413 17
1425142842 132527105 337 18
2128449464 355558389 390 2
1910917496 1928536011 302 23
1621504072 23196764 233 25
760033493 1530548215 58 17
1456827018 547464970 437 20
371467163 877905159 224 24
2014581865 868741158 17 9
490861708 1914847139 316 11
58477467 1961414903 66 15
1439132095 331920113 393 27
739605396 299081231 470 13
2108305778 2010745176 589 1
1046326785 945659479 549 28
1869450319 1154322368 118 10
1374013848 1091288844 307 29
230321223 1426526619 131 2
1490566995 61634776 418 8
40110402 1851898309 46 6
1154702778 1506546029 386 8
1692873504 1312072721 43 1
2136294198 1460874625 253 26
1342546283 2144486503 60 7
1503362004 744999816 291 30
2002482435 1251561041 222 10
1985388473 1769296920 228 22
1640391089 1968325500 541 5
1880533124 911985834 390 19
1672800773 432018296 434 15
74473581 1553203330 582 22
1252131558 914700420 73 6
359086031 1075794146 258 26
854656214 351103815 386 11
1764380477 1118815655 393 21
1168435401 37179093 350 1
1045555955 1157007712 202 27
234407034 190216782 457 28
2045687103 497030664 297 7
570768503 2029834615 189 20
1305299991 1605773025 358 8
1368954140 652398994 554 7
918722828 917330617 551 27
700395468 1227989770 74 11
739535767 663151250 337 3
749566524 531856247 547 20
536260085 1929403253 429 19
1055169656 1020627569 454 25
1200018302 1693755988 572 26
436121672 1699362657 514 9
1917187736 882507839 335 9
541100652 1901706507 399 2
1127263966 138053519 15 7
1267658348 1909435644 126 4
1093370651 1940090784 113 1
1068938738 2095569415 501 11
2107558417 1862186590 426 19
1374476829 627243197 209 2
1912157813 1174629312 119 23
1396249768 48016930 291 9
2118542932 152614879 199 10
431995340 1234297721 322 23
35356504 1266655043 340 15
1736504642 2083976677 107 17
143842265 1807201112 188 30
1885649208 1049611160 166 11
1779642687 842461279 184 30
205363805 948401357 453 28
1534123137 1186196549 543 24
1933712202 843785566 350 20
1389596341 1474989010 261 10
794300596 1208913412 240 1
2115178516 1398922432 292 1
1168896933 714855422 546 12
1532892586 897256905 434 28
415636975 222330142 425 5
1692273108 369325449 577 22
137289581 90565088 413 20
923062118 517860955 161 28
1632470425 875736604 362 11
351481692 291398598 530 13
414531351 1569060170 180 13
1448238228 1188236154 227 26
1256540444 963631251 217 16
1834486676 1562903681 515 17
431828566 790829071 401 21
1857500159 511844060 111 22
1273801719 672708086 590 11
86210292 1011674285 102 22
623748141 683322539 383 25
118719411 487403017 195 28
1988437857 2140807499 250 23
2127288824 674393710 507 19
1748929257 2137568738 463 27
1698970052 1292924466 10 14
1409891800 1263843268 532 5
2145888821 522189974 297 15
1948076863 1589672873 593 20
407268877 1360247221 305 3
416865003 930673867 91 29
368885032 436022987 110 19
714228694 1880327104 11 16
1430899084 1730336057 538 8
1126581136 295926292 45 7
205338415 537493722 38 5
954290753 1109999900 453 20
349317835 51385128 274 24
1949557647 282788783 142 22
2122168968 1268906071 546 6
53572896 14741877 481 5
607894477 635172503 457 12
850519362 366811758 124 11
2057428339 173421930 383 28
921719325 76954967 41 24
2136580145 2079023349 26 26
35479303 510622725 343 5
852613186 840596133 490 28
47986615 75166973 70 17
621638794 848060508 111 30
173606418 420061806 32 12
995061578 415109224 264 16
629217817 66631116 429 2
1842791510 2078590887 129 2
72270503 560341921 445 17
1579837784 16762986 517 1
1665498226 1667679606 486 1
710517802 1403987283 279 4
937079608 1965926092 247 29
1953826504 889736677 380 9
635124663 1572271684 460 5
1423052250 450638694 255 22
85343404 965856573 291 18
862577143 1712705686 366 4
666937960 843744793 296 27
750505880 1784193168 235 1
1257803978 1500339493 212 18
438812741 175200373 563 11
815008205 246866891 563 23
538456312 1675538304 349 7
1146282501 1903814822 290 16
1313798013 265102996 210 21
1927570823 412043224 180 14
1743587610 1977724976 304 22
1186898811 1987582356 455 24
1590236380 947978067 51 10
1504660590 1291244705 123 19
585081517 507614116 136 27
216975599 538593335 599 22
246378165 451410944 196 19
1712216169 633873065 480 10
1767354541 269856799 584 16
968193989 1973199012 254 11
585577351 903697599 214 13
1537048146 19462537 385 6
1300649230 1601358266 453 1
1045110887 1099216702 369 11
118301681 971234666 482 15
1045621112 112150289 281 12
1314165132 670545884 548 30
1535592362 1839900867 234 1
1242393720 8364826 183 24
1523569876 2050659295 437 30
395316001 913239632 399 23
86510125 2085886921 109 7
29276038 180503226 451 1
901180523 866863468 276 23
374523934 1593588735 45 18
1576884532 1386372189 533 29
1803926687 1216802810 154 14
1657888764 1183604992 377 20
1474879879 430913872 359 3
575669601 1967876337 301 7
504969595 1557456891 557 4
2116364034 1366827213 489 13
110646462 1782722964 98 3
808312286 935973608 297 25
1803768230 2004911294 160 21
177203690 1502326958 398 16
1831711482 1165449513 489 21
240921483 1034676386 70 20
1871307888 682791220 417 13
2147370448 1307960107 117 8
1792711325 233895024 392 20
1262294531 454162245 19 12
1966453392 1920559976 568 24
50635270 62497986 66 21
532066098 954821919 218 25
395855872 1600135379 81 21
1188715196 118672070 80 20
2093553532 1283619144 399 11
510191440 1614485809 422 7
186947843 370255027 559 4
2131496591 1636474304 361 13
1309092129 34591416 107 26
490540317 916411932 218 22
583442943 50798862 266 13
667127273 698951741 4 26
727786383 258686993 22 29
844077284 586828931 245 21
1623852955 1094735106 494 25
2102401153 845019732 552 19
1590134282 1083312220 266 6
577720446 586761557 296 13
156419075 1777888795 600 1
1517688087 1202938439 510 16
641988625 478423582 14 11
1642715593 1913519076 80 6
1256452270 428661044 317 22
1413592600 542802571 338 24
741593847 682767189 241 1
140028597 361321449 43 18
1882445366 1673257927 201 25
362882658 2060737930 111 21
1903333371 1370387258 432 7
1560614462 193368089 448 30
14624759 1115175452 596 27
744792128 1169632606 485 10
1215155983 52485767 517 27
635888666 918397022 33 7
1754320094 51128668 128 21
1556871958 2117112675 381 7
1874451868 919762266 554 13
857677142 1673970540 252 25
299186268 772308876 452 5
888400667 703137016 297 1
1555998390 801859863 417 28
975028724 603822816 358 28
2065825616 283568004 53 4
146964344 711037214 439 14
645862297 1210988262 28 30
1384748119 1241369169 189 18
147162322 632992687 595 9
1362522385 1036457054 30 27
505916974 1138424842 21 7
590311631 412089363 197 24
1020134059 852155631 338 11
756149091 795311099 591 23
2003634130 418805951 20 3
1839808055 349540202 349 21
440648284 1620154337 443 24
2144874259 848952659 426 1
1938838063 1536673191 293 1
2024620572 42534254 89 15
54000276 67285833 403 17
1056728877 504507145 72 14
1676058871 5204945 110 11
507052454 200117789 275 20
