500
12 16 192 17
100 21 414 6
64 28 300 25
28 9 422 5
16 5 582 25
64 48 274 27
25 27 302 6
10 9 119 26
9 54 378 15
81 24 68 17
40 20 388 29
24 35 551 2
24 10 456 7
30 6 52 25
72 30 187 15
7 80 286 24
7 3 548 8
12 70 569 29
32 6 119 9
80 28 87 2
9 2 169 2
32 80 7 26
6 6 467 9
50 18 336 2
9 8 60 1
24 7 181 15
6 9 587 26
32 12 25 17
70 18 596 4
36 54 350 30
20 64 359 26
4 10 307 14
20 15 191 23
42 2 275 30
36 18 315 20
8 36 272 12
5 3 299 17
8 2 162 10
7 42 340 1
70 9 393 22
24 4 535 2
35 8 414 27
50 100 263 14
24 40 388 9
50 70 578 25
8 40 18 24
12 24 576 3
30 16 269 19
12 20 311 26
49 40 397 26
12 56 149 22
72 30 463 26
30 10 289 25
5 16 393 20
24 30 483 22
48 80 501 16
49 1 185 9
6 24 258 17
9 8 516 19
8 72 284 19
40 54 53 19
24 20 572 25
30 48 398 24
45 45 455 9
5 8 325 11
63 12 7 7
45 40 282 22
6 8 285 10
1 80 236 28
21 30 102 20
24 80 551 24
64 54 263 6
80 28 331 20
20 6 132 7
45 54 2 30
9 2 521 12
21 8 202 14
40 8 216 20
40 6 183 18
40 12 46 19
42 36 476 21
72 40 494 15
20 45 172 25
63 1 201 10
9 30 59 30
60 15 171 10
50 8 188 1
70 10 177 8
50 90 529 19
40 8 575 15
3 6 594 11
63 35 242 4
6 28 431 27
14 60 599 11
30 24 4 19
49 50 440 19
42 3 449 8
36 60 469 3
100 14 225 20
40 60 580 18
3 63 282 30
28 70 146 13
18 9 32 24
30 10 409 21
30 6 408 23
36 7 533 2
30 7 346 4
21 100 382 16
50 21 8 14
7 3 464 8
28 12 411 13
30 6 459 7
100 6 166 22
3 9 316 22
20 40 39 7
28 48 196 14
36 20 127 3
8 20 241 18
10 18 440 1
20 64 4 4
60 40 186 23
40 50 194 13
36 24 152 26
12 12 536 25
6 20 497 23
24 40 82 18
60 28 273 5
9 81 101 6
16 42 166 3
20 25 5 27
24 10 113 20
9 12 451 10
8 24 104 16
36 5 136 15
40 10 95 12
6 54 79 26
4 27 560 9
36 20 225 29
10 16 464 23
42 12 100 19
56 45 499 18
63 24 19 21
63 48 146 20
10 50 430 8
32 80 393 9
9 1 593 3
4 4 5 6
24 20 459 6
14 12 39 16
42 54 130 16
10 10 61 8
24 7 410 11
35 4 217 3
20 4 21 13
40 10 410 3
54 16 323 24
9 36 414 15
16 18 290 13
63 4 380 6
24 6 229 27
6 18 491 15
21 40 105 10
35 12 424 13
70 6 83 30
48 40 155 4
70 72 477 11
45 45 146 3
50 4 503 24
9 6 380 20
45 6 346 9
18 30 208 22
18 5 486 27
63 20 67 23
35 8 236 6
40 54 188 11
100 21 452 23
18 12 325 14
18 20 119 26
8 40 277 21
10 56 295 20
30 18 315 8
48 2 472 24
18 48 323 5
16 54 243 26
15 15 286 21
63 35 45 8
81 30 506 24
45 10 32 7
20 72 285 26
10 18 349 5
24 20 367 13
2 80 445 8
12 4 567 3
15 2 574 24
4 6 526 9
18 63 91 8
72 5 356 15
18 15 201 15
54 48 493 19
10 80 562 1
27 20 219 13
21 4 296 12
70 6 115 2
72 20 587 12
50 72 343 5
9 6 156 30
4 72 582 25
4 63 493 18
30 20 594 28
28 56 336 18
15 7 282 8
42 15 199 24
15 14 370 21
9 18 432 22
45 24 486 7
20 28 483 1
5 20 471 24
7 45 473 17
18 35 237 2
7 42 472 17
50 49 460 25
32 36 303 7
20 3 122 15
10 12 98 7
18 36 300 10
45 2 55 28
24 28 146 4
27 12 297 24
10 42 583 14
8 40 418 3
10 2 520 17
42 21 443 2
6 30 34 15
20 14 493 4
49 12 328 14
40 8 410 23
48 10 33 8
56 49 519 28
15 12 115 11
60 14 487 15
72 8 90 6
24 45 392 10
10 10 87 12
40 36 463 14
18 15 330 3
16 5 191 11
24 16 499 3
3 54 328 16
80 27 127 9
8 15 37 3
36 42 50 11
24 20 596 18
5 20 230 1
35 54 434 11
3 5 160 8
4 50 273 29
21 42 254 18
6 54 434 9
4 80 222 1
40 32 453 5
2 20 593 11
36 45 140 7
24 4 225 29
2 16 514 16
15 56 188 16
30 27 523 1
6 18 30 8
2 48 237 23
50 24 337 11
10 16 172 2
24 70 189 22
27 72 280 8
36 63 465 30
7 8 590 30
30 27 418 7
3 30 402 30
49 6 190 4
12 12 68 29
5 7 61 18
54 2 327 9
56 49 130 25
27 12 183 7
50 40 592 5
90 20 50 5
10 60 398 10
27 10 12 6
21 12 288 9
20 2 281 23
18 10 450 18
3 80 460 5
24 90 352 7
70 32 43 29
8 16 484 29
30 18 497 19
7 20 82 23
49 3 119 16
63 40 214 7
28 36 450 9
7 81 16 27
70 20 529 8
2 12 71 5
36 54 351 23
12 9 105 7
36 90 216 6
6 21 589 21
90 32 392 11
81 5 398 30
21 72 399 14
7 27 408 9
12 50 507 25
90 5 332 16
48 27 503 18
60 28 386 5
90 45 327 29
18 7 32 28
10 63 396 25
81 28 491 29
12 36 530 4
14 14 86 11
27 45 299 22
10 8 39 15
28 12 533 24
16 30 465 9
3 8 130 3
12 7 349 28
14 12 493 14
24 45 538 1
48 30 156 17
4 60 384 17
50 3 215 21
21 80 115 12
7 10 486 9
9 16 39 11
24 70 416 20
12 80 29 27
27 64 547 16
16 24 434 17
63 10 182 30
6 20 97 12
48 70 131 4
24 18 420 14
30 1 216 11
25 40 96 30
10 12 457 22
1 3 247 26
18 50 501 21
1 4 498 28
50 16 301 14
6 35 204 30
18 50 507 20
30 48 520 30
4 12 33 24
3 12 294 21
18 2 390 1
2 35 485 25
20 80 338 26
12 42 239 13
10 70 254 30
3 50 524 17
30 27 51 7
24 36 87 20
21 14 432 26
10 18 299 2
45 24 86 13
56 56 6 16
3 24 442 19
16 10 542 15
18 15 120 12
63 70 305 30
20 54 335 14
6 12 395 21
40 14 290 20
54 1 171 30
10 40 39 22
7 12 552 3
60 28 308 17
21 12 71 11
72 72 370 11
7 16 148 2
18 20 423 26
9 5 24 13
90 16 417 6
4 24 299 26
3 1 404 22
20 70 585 6
4 20 172 13
72 2 416 4
12 48 106 26
49 40 304 13
12 30 67 21
24 10 339 14
7 50 141 27
40 54 180 24
15 40 171 5
81 20 212 12
54 40 239 14
12 27 265 28
60 63 494 11
1 14 169 18
9 32 197 20
4 9 354 10
15 6 522 27
28 18 64 13
56 32 30 9
81 24 324 4
56 18 122 8
30 49 164 30
45 70 85 13
50 50 334 18
4 35 200 26
35 24 358 28
16 60 154 3
42 80 345 14
10 10 382 9
49 20 543 12
80 10 52 13
70 90 463 19
30 21 219 19
40 12 594 19
50 12 252 25
30 5 8 2
8 1 561 15
16 7 189 17
54 48 440 19
2 70 285 19
10 48 547 7
64 20 274 8
48 24 243 15
8 30 578 26
90 72 249 7
28 45 257 27
14 28 587 7
45 80 546 6
7 6 222 22
30 30 414 21
54 27 89 15
18 21 353 26
3 24 60 14
90 9 15 16
50 60 444 27
1 20 357 24
3 25 584 15
50 8 381 25
10 25 147 8
30 12 403 20
63 10 586 18
80 18 418 18
36 90 183 16
40 32 278 2
63 16 338 18
36 70 78 19
1 40 514 15
24 72 565 13
80 7 220 1
49 24 135 22
32 16 192 20
14 2 513 3
12 10 163 27
40 40 405 30
80 15 261 19
14 36 125 2
20 6 326 10
24 56 170 4
25 45 320 21
24 18 56 9
60 25 563 27
10 9 336 15
70 50 77 21
5 12 480 23
30 8 434 12
24 24 258 12
54 45 71 2
4 5 230 12
6 30 309 14
3 7 102 26
20 4 456 25
4 8 404 7
48 70 245 29
30 30 581 13
6 14 278 14
18 60 568 17
40 32 76 15
25 10 308 27
48 49 89 8
9 3 290 8
42 10 520 12
4 4 348 19
48 16 174 30
24 27 210 27
9 28 297 8
24 90 121 18
40 72 198 27
30 42 102 1
45 2 397 23
15 30 527 1
12 28 175 26
10 21 367 4
7 40 512 6
32 30 575 28
60 80 329 7
