-16341 -5
-8152 -2
-27368 -2
-12705 -14
-5863 -16
-32650 -16
-10316 -6
-9320 -4
-17727 -10
-18664 -13
-21193 -6
-15472 -3
-18629 -14
-26951 -2
-23629 -16
-29511 -9
-3568 -11
-12439 -7
-9731 -13
-7444 -11
-7102 -17
-25768 -15
-25801 -2
-18842 -19
-8946 -10
-23933 -7
-14396 -17
-2602 -7
-30277 -6
-28778 -5
-3017 -9
-6404 -19
-21820 -3
-238 -14
-16183 -10
-17040 -15
-29240 -8
-3277 -2
-13999 -4
-30768 -2
-1334 -11
-10793 -18
-3047 -11
-26912 -2
-29453 -17
-2499 -12
-25326 -6
-23225 -12
-21743 -18
-16648 -2
-9062 -10
-1376 -19
-23515 -11
-6134 -8
-9788 -2
-6627 -17
-28967 -3
-17865 -18
-7880 -6
-10395 -12
-12066 -17
-3990 -18
-4699 -6
-18781 -16
-10144 -13
-21562 -7
-30553 -5
-8126 -6
-22667 -9
-22360 -13
-6239 -8
-29648 -6
-11300 -11
-481 -14
-18139 -19
-22210 -3
-24077 -6
-24270 -13
-20461 -17
-26346 -14
-29597 -11
-29786 -18
-2017 -11
-24148 -12
-2756 -12
-18800 -7
-22805 -6
-20318 -17
-14087 -13
-29881 -17
-14879 -8
-30766 -4
-17682 -5
-4995 -16
-8443 -9
-29987 -19
-6301 -12
-19825 -19
-30275 -17
-21705 -8
-4124 -13
-10821 -18
-13563 -3
-10669 -13
-2396 -4
-9351 -19
-26158 -15
-16822 -12
-32 -5
-24571 -14
-25806 -6
-21271 -6
-28148 -12
-9114 -12
-6626 -8
-32586 -9
-31823 -8
-10582 -2
-26873 -6
-28076 -7
-26834 -15
-19393 -14
-8748 -8
-6840 -11
-27088 -10
-19115 -8
-16245 -7
-5343 -8
-14483 -14
-111 -7
-356 -4
-1712 -5
-13634 -17
-24514 -13
-23699 -17
-1496 -7
-19051 -18
-24870 -2
-14137 -18
-12565 -9
-26466 -15
-16954 -11
-17796 -19
-28593 -10
-3541 -9
-12090 -7
-18516 -3
-28690 -17
-13530 -2
-10565 -3
-19708 -7
-25842 -4
-2790 -7
-20469 -2
-5494 -17
-20044 -3
-26277 -16
-10680 -6
-2193 -15
-18925 -10
-8437 -19
-32106 -2
-27078 -12
-13401 -13
-2097 -9
-15702 -6
-19722 -12
-25415 -15
-5835 -14
-19668 -14
-26767 -18
-12202 -16
-18607 -3
-20897 -8
-23618 -12
-11674 -16
-10196 -17
-8285 -19
-17636 -2
-7878 -10
-430 -9
-19633 -19
-32304 -15
-19127 -9
-28396 -16
-30415 -3
-27450 -16
-30695 -18
-10264 -15
-23374 -15
-32493 -10
-4930 -3
-9078 -18
-27747 -16
-28240 -13
-2454 -12
-31385 -5
-17489 -14
-14398 -13
-15889 -12
-18175 -16
-9075 -17
-20285 -5
-15195 -11
-26308 -14
-29479 -19
-31780 -8
-13716 -15
-27108 -18
-25635 -13
-21187 -19
-13563 -8
-14829 -16
-18748 -7
-14810 -2
-27929 -15
-29122 -4
-16908 -14
-15142 -2
-12726 -4
-14615 -14
-29710 -4
-28433 -17
-14831 -7
-22285 -11
-27683 -19
-12608 -7
-4650 -9
-15419 -5
-9377 -15
-27819 -15
-19539 -11
-21728 -14
-2297 -19
-7813 -19
-29841 -2
-12936 -5
-11254 -15
-19624 -3
-8710 -14
-7556 -12
-11543 -2
-30608 -2
-23433 -12
-24259 -9
-1027 -19
-6690 -2
-19148 -13
