-31601 -6
-32595 -8
-29891 -10
-7379 -9
-18143 -6
-21570 -3
-23851 -11
-21452 -13
-32162 -3
-8178 -8
-7442 -4
-4997 -4
-17292 -12
-4420 -19
-21052 -13
-5278 -11
-20176 -13
-14180 -6
-12423 -7
-22351 -17
-1659 -9
-10237 -12
-22324 -2
-25543 -4
-9043 -5
-190 -19
-8949 -12
-19806 -2
-15196 -7
-12979 -7
-23040 -14
-11895 -14
-11659 -7
-26455 -3
-9305 -9
-22528 -18
-8230 -13
-10554 -15
-20949 -8
-21374 -4
-11893 -10
-13554 -10
-26875 -6
-2885 -6
-22637 -8
-6632 -11
-11487 -8
-11276 -7
-9305 -9
-1979 -19
-304 -4
-6930 -18
-15405 -19
-11847 -8
-26410 -16
-16759 -16
-25309 -18
-26695 -6
-29432 -8
-26767 -11
-25222 -10
-26664 -10
-5219 -16
-7871 -4
-21914 -16
-1281 -3
-4021 -4
-17528 -19
-8849 -5
-6852 -19
-7179 -6
-17478 -18
-22500 -11
-22832 -6
-3126 -8
-16903 -12
-13103 -19
-24288 -7
-9422 -8
-12977 -17
-3549 -14
-13237 -18
-22388 -5
-25762 -12
-2377 -13
-20509 -16
-30608 -10
-16981 -16
-313 -11
-20290 -17
-12184 -5
-30690 -16
-16366 -13
-6099 -17
-25525 -14
-10262 -11
-18865 -7
-16844 -19
-4481 -6
-20236 -15
-25927 -9
-13824 -10
-15354 -11
-27849 -4
-22818 -7
-6296 -16
-2771 -2
-29275 -9
-16547 -9
-16168 -14
-25689 -17
-8158 -5
-14535 -10
-27984 -10
-23601 -16
-8490 -5
-31429 -3
-18255 -18
-319 -2
-30598 -12
-772 -9
-16339 -14
-28726 -15
-23533 -13
-18167 -7
-25049 -14
-23066 -16
-22483 -3
-7174 -6
-5031 -13
-32024 -8
-22415 -7
-12492 -14
-10172 -2
-29307 -4
-8968 -18
-14542 -11
-14111 -7
-23260 -16
-15350 -7
-30532 -12
-5132 -10
-18630 -19
-13808 -14
-31182 -7
-20673 -18
-25481 -5
-19241 -19
-29435 -4
-2720 -16
-31216 -5
-3433 -13
-24396 -15
-26245 -11
-30349 -10
-23782 -18
-28579 -17
-5910 -8
-22990 -12
-27225 -9
-14270 -12
-18078 -13
-31527 -2
-6628 -14
-26761 -4
-5439 -14
-1272 -16
-30846 -15
-470 -9
-3015 -16
-26807 -12
-32650 -8
-1916 -18
-1604 -19
-25283 -2
-16015 -8
-2684 -3
-1232 -10
-19556 -14
-27782 -18
-12513 -9
-17684 -17
-5348 -7
-22720 -5
-26540 -10
-25296 -16
-10306 -11
-26178 -7
-16430 -16
-18449 -9
-2807 -3
-6443 -6
-28211 -10
-29802 -5
-11069 -11
-32641 -13
-21623 -8
-22642 -16
-11672 -17
-21385 -7
-27536 -16
-8250 -10
-31540 -18
-9727 -15
-9103 -18
-4967 -15
-8226 -10
-24812 -6
-29741 -4
-4910 -8
-20130 -12
-5427 -10
-19306 -19
-18159 -2
-20601 -10
-13875 -6
-6441 -8
-27605 -17
-15964 -2
-20057 -12
-26883 -16
-11834 -7
-22116 -7
-1765 -19
-28344 -11
-1572 -3
-377 -11
-980 -16
-29723 -7
-5737 -11
-9622 -2
-21805 -12
-27655 -15
-17198 -2
-25730 -16
-28836 -19
-14688 -18
-4431 -18
-24183 -6
-689 -4
-21737 -15
-8497 -6
-10387 -3
-20401 -14
-21129 -18
-17501 -15
-20786 -5
-8326 -4
-14894 -9
-10435 -10
-3776 -18
-17269 -10
-19689 -2
-2082 -3
-24596 -12
-5237 -4
-28903 -15
-10252 -14
-12581 -17
-580 -6
-14315 -19
-8351 -13
-2275 -4
-15088 -15
-22536 -11
-32060 -12
-27627 -8
-24962 -7
-17346 -10
-27799 -6
-22514 -15
-27318 -2
-9903 -4
-15920 -7
-24220 -18
-29105 -11
-7694 -4
-29939 -6
-13909 -15
-14894 -12
-10442 -3
-22334 -14
-24650 -12
-28919 -14
-11328 -13
-21312 -11
-810 -18
-32207 -6
-28898 -14
-11401 -8
-20610 -16
-20621 -19
-17520 -11
-22389 -17
-7259 -16
-14538 -10
-19106 -15
-26178 -4
-24454 -17
-16848 -4
-6719 -9
-24121 -12
-13558 -19
-11231 -8
-14289 -3
-32204 -14
-10977 -3
-10337 -4
-28086 -4
-20402 -9
-4503 -11
-26489 -7
-25403 -7
-15592 -12
-23872 -5
-32310 -14
-11435 -15
-17036 -6
-21643 -17
-22991 -5
-2364 -2
-4631 -7
-20084 -18
-31993 -8
-1590 -11
-26668 -4
-28425 -19
-10458 -14
-20832 -12
-17624 -18
-9581 -7
-18594 -7
-16648 -19
-11425 -12
-14277 -7
-23367 -12
-1388 -6
-28333 -15
-27233 -18
-21650 -15
-7278 -5
-25147 -4
-16404 -5
-28738 -12
-10889 -18
-15238 -17
-11465 -6
-11017 -2
-27269 -10
-22383 -8
-6214 -9
-10041 -16
-30016 -7
-6624 -15
-23070 -16
-17611 -15
-8406 -14
-27411 -17
-11983 -4
-19920 -15
-22041 -2
-3285 -14
-12938 -17
-25721 -11
-31066 -5
-75 -16
-2168 -5
-3326 -12
-15253 -19
-16388 -16
-27851 -8
-10774 -2
-619 -8
-4242 -19
-32122 -7
-2857 -18
-4557 -9
-28604 -14
-9063 -5
-28432 -16
-5840 -10
-14902 -17
-20720 -2
