-22464 -11
-8736 -14
-13292 -2
-28647 -3
-11609 -17
-5071 -14
-1320 -19
-6900 -16
-12602 -12
-11083 -8
-6995 -17
-16170 -12
-24228 -15
-14280 -6
-2581 -6
-1189 -14
-25688 -17
-2137 -15
-26771 -14
-16239 -16
-488 -8
-19676 -5
-7329 -15
-20223 -12
-10294 -2
-26230 -8
-29913 -9
-15612 -15
-12099 -18
-3314 -17
-28431 -18
-29915 -13
-10380 -10
-28742 -10
-9328 -12
-4209 -6
-16545 -14
-28841 -5
-20012 -16
-18309 -8
-921 -4
-32051 -17
-256 -13
-531 -2
-25845 -7
-4982 -2
-3650 -8
-2662 -19
-9271 -4
-30814 -19
-7411 -14
-344 -19
-10183 -2
-10748 -9
-13287 -7
-8766 -3
-19537 -8
-19159 -17
-1392 -5
-4324 -7
-23914 -10
-12653 -7
-10755 -5
-25011 -12
-27516 -12
-20202 -10
-6497 -16
-23251 -17
-13008 -7
-17510 -19
-23739 -8
-8491 -5
-1047 -16
-32131 -6
-16077 -13
-25550 -3
-2136 -17
-7680 -13
-1964 -3
-23458 -16
-20493 -4
-10503 -13
-1258 -17
-9851 -18
-17547 -6
-6603 -14
-28438 -11
-17661 -16
-28925 -7
-16371 -9
-12802 -16
-12635 -6
-18495 -18
-24657 -13
-27003 -14
-7931 -12
-9201 -10
-6187 -9
-2857 -5
-2674 -7
-10647 -3
-26618 -17
-29799 -7
-19203 -6
-25256 -12
-29009 -19
-12574 -13
-6587 -19
-8935 -2
-28307 -14
-29144 -12
-5712 -17
-9096 -10
-8848 -12
-1618 -8
-29536 -10
-573 -10
-3890 -4
-25879 -17
-21176 -7
-11712 -15
-6185 -17
-11343 -6
-7370 -14
-24198 -12
-15987 -4
-10480 -8
-6637 -16
-26065 -19
-28289 -10
-13645 -11
-4999 -12
-29723 -5
-14776 -4
-21548 -15
-32500 -3
-31430 -11
-23233 -3
-29399 -11
-1738 -7
-21672 -8
-1473 -13
-21666 -12
-15303 -12
-12283 -19
-41 -5
-14713 -16
-14317 -9
-29440 -15
-8066 -3
-16153 -9
-30964 -10
-8295 -3
-12653 -13
-28584 -2
-1868 -2
-24591 -3
-13940 -8
-14214 -16
-1762 -14
-16935 -17
-3461 -17
-5376 -5
-2323 -6
-28287 -5
-23110 -8
-3432 -7
-31675 -19
-1651 -15
-17319 -19
-7413 -8
-6925 -9
-23545 -14
-4647 -19
-15120 -9
-10157 -16
-11697 -11
-5361 -19
-18664 -14
-19690 -4
-9031 -7
-12278 -15
-17617 -7
-1044 -12
-10668 -6
-7219 -13
-21224 -16
-17634 -18
-20018 -2
-23125 -7
-18660 -17
-22199 -19
-15055 -16
-4704 -18
-4560 -5
-22779 -11
-20067 -15
-31605 -11
-13667 -6
-6827 -19
-3492 -12
-31240 -5
-30716 -5
-16736 -8
-8386 -18
-15158 -13
-3231 -7
-14250 -12
-17771 -11
-32162 -13
-18544 -15
-21003 -11
-30435 -14
-32187 -11
-27331 -13
-28024 -3
-8481 -10
-14609 -2
-17101 -15
-15855 -6
-27794 -2
-16136 -8
-32234 -5
-10914 -11
-158 -2
-12637 -16
-21648 -8
-25891 -19
-23644 -18
-31981 -5
-3110 -15
-23985 -17
-21400 -14
-14149 -5
-13302 -9
-13495 -11
-26633 -19
-28812 -13
-4028 -16
-11443 -8
-27150 -5
-6760 -11
-13898 -5
-8107 -7
-23939 -12
-18557 -14
-27320 -6
-22622 -6
-12776 -8
-5463 -9
-29075 -14
-1314 -8
-320 -3
-15282 -4
-4602 -14
-687 -9
-20738 -6
-28105 -17
-23651 -3
-11215 -10
-13009 -11
-28226 -7
-23049 -18
-8027 -8
-3403 -19
-21235 -13
-18284 -17
-17291 -8
-4722 -2
-19116 -9
-17669 -11
-29990 -4
-11753 -5
-20188 -15
-22398 -13
-9582 -16
-4197 -7
-8037 -4
-15961 -4
-12547 -6
-20929 -8
-9385 -19
-21156 -2
-1502 -13
-26930 -2
-9958 -10
-22973 -10
-14077 -8
-2136 -12
-18654 -16
-8613 -7
-28749 -15
-24277 -12
-5745 -16
-29773 -11
-27343 -2
-28844 -4
-31960 -6
-29317 -8
-15829 -10
-21070 -13
-27004 -7
-21031 -3
-10832 -15
-3519 -2
-9629 -7
-8097 -14
-4612 -10
-31809 -19
-12217 -13
-1988 -11
-13892 -8
-27771 -14
-6435 -14
-21252 -8
-2632 -7
-5080 -9
-31795 -13
-4697 -6
-14597 -8
-22319 -19
-11216 -11
-30130 -9
-21054 -3
-23253 -4
-5690 -10
-24519 -7
-23072 -6
-7186 -3
-13750 -18
-740 -18
-14713 -8
-23543 -6
-32116 -3
-12119 -17
-18014 -8
-23994 -8
-21771 -6
-12183 -7
-407 -5
-29321 -10
-32352 -13
-1733 -17
-27666 -7
-9596 -17
-29226 -8
-8412 -12
-19077 -9
-12690 -16
-16672 -19
-986 -16
-22947 -2
-15238 -5
-23933 -17
-27287 -19
-12611 -17
-8325 -13
-11414 -16
-26728 -2
-23819 -8
-20246 -16
-5837 -16
-22253 -17
-14216 -15
-28517 -3
-32118 -3
-5329 -17
-27409 -14
-1198 -15
-31821 -8
-6331 -10
-21984 -16
-22444 -3
-7459 -15
-19672 -11
-8138 -4
-4016 -19
-18717 -3
-5842 -8
-17339 -16
-17147 -10
-25300 -16
-236 -3
-30680 -17
-10170 -6
-12432 -10
-9204 -14
-17738 -19
-17410 -4
-28078 -7
-32112 -10
-13160 -5
-13833 -12
-31202 -11
-18990 -19
-22205 -12
-22420 -5
-19746 -19
-24048 -4
-21405 -10
-23887 -11
-31598 -14
-9804 -6
-1995 -7
-7726 -17
-5860 -2
-23337 -12
-11763 -13
-13183 -7
-14990 -19
-1172 -5
-30125 -16
-20522 -2
-29311 -12
-11797 -12
-5164 -14
-9924 -18
-17205 -17
-17964 -15
-6344 -2
-32161 -19
-26260 -13
-2991 -10
-814 -10
-9165 -8
-29148 -4
-14258 -19
-20901 -2
-10098 -3
-20301 -17
-13874 -7
-21085 -4
-21841 -15
-6960 -12
-6852 -2
-31216 -9
-6288 -14
-8987 -5
-17257 -7
-3136 -18
-21932 -10
-14416 -6
-26036 -18
-12794 -15
-19018 -6
-27321 -8
-23005 -10
-5054 -2
-18084 -9
-6142 -12
-26539 -5
-15927 -3
-19233 -8
-20211 -12
-15222 -3
-13225 -18
-26337 -10
-31960 -5
-6744 -18
-29009 -7
-10602 -6
-6655 -7
-8212 -4
-32170 -4
-17124 -14
-17873 -16
-8402 -8
-19627 -7
-31925 -4
-113 -18
-19574 -11
-14389 -2
-26343 -16
-5734 -7
-3732 -14
-11875 -6
-11811 -6
-12211 -4
-15778 -19
-19828 -19
-26948 -14
-20932 -10
-7265 -13
-27386 -15
-9276 -2
-7177 -12
-10510 -5
-26055 -8
-16219 -5
-11049 -6
-8588 -17
-18632 -11
-260 -13
-9063 -10
-252 -13
-18052 -5
-10830 -16
-23276 -16
-8413 -10
-20536 -2
-32672 -2
-30666 -3
-27798 -16
-12742 -3
-13396 -8
-14290 -11
-8057 -12
-11016 -15
-30188 -14
-2100 -6
-18250 -8
-2864 -7
-24484 -12
-30762 -11
-27586 -2
-2930 -15
-18695 -8
-3853 -8
-16116 -9
-4125 -11
-25819 -15
-23410 -17
-22223 -18
-19774 -4
-31138 -18
-16453 -11
-16427 -11
-66 -6
-26364 -10
-23569 -18
-12187 -11
-962 -7
-17472 -5
-19623 -19
-7467 -13
-6518 -15
-5193 -15
-8111 -14
-8945 -16
-13707 -13
-9962 -16
-17205 -13
-30612 -18
-3393 -13
-211 -12
-11410 -18
-29260 -2
-19351 -10
-13693 -9
-31588 -14
-1587 -3
-29059 -11
-1325 -11
-11061 -11
-18476 -5
-8501 -11
-14513 -7
-24963 -7
-1625 -13
-32137 -12
-7913 -4
-14896 -17
-11203 -12
-2947 -14
-1971 -6
-31400 -7
-10153 -8
-19853 -3
-16807 -8
-1424 -14
-21363 -17
-11249 -15
-28011 -3
-11935 -14
-31653 -8
-19818 -14
-7722 -16
-3653 -14
-23999 -13
-4863 -3
-4240 -11
-20440 -14
-1770 -16
-17512 -5
-9392 -6
-14606 -5
-13697 -5
-14749 -18
-18819 -14
-6186 -3
-15000 -18
-14035 -14
-5093 -9
-1491 -19
-5266 -2
-32217 -3
-28351 -5
-17737 -9
-22639 -18
-10416 -18
-22628 -18
-3394 -5
-23577 -18
-1266 -18
-18791 -5
-14443 -15
-17456 -4
-28342 -9
-559 -17
-31959 -10
-11729 -7
-24669 -3
-11119 -17
-2908 -19
-2899 -5
-20140 -19
-5640 -6
-14415 -5
-31509 -8
-27246 -13
-12414 -7
-2500 -11
-1029 -7
-21787 -3
-20548 -17
-9680 -6
-20462 -3
-12617 -3
-840 -13
-1323 -7
-17579 -7
-16765 -18
-20296 -2
-29941 -13
-13590 -18
-14543 -4
-31170 -6
-13125 -15
-20328 -15
-28470 -7
-29160 -2
-18029 -13
-30588 -6
-15507 -10
-1853 -16
-16963 -16
-14753 -6
-8084 -7
-21394 -4
-1409 -11
-9214 -2
-9597 -11
-1116 -18
-27220 -16
-32581 -4
-7890 -6
-27759 -6
-18641 -4
-14726 -19
-28904 -2
-6566 -17
-767 -5
-6342 -4
-5264 -7
-30252 -16
-15593 -18
-26788 -8
-29054 -11
-3385 -17
-28419 -15
-28142 -8
-19575 -5
-11508 -10
-2699 -14
-24220 -4
-18436 -7
-1109 -5
-2213 -10
-11173 -18
-14172 -4
-6808 -2
-23341 -16
-6114 -6
-7689 -19
-1696 -16
-14787 -3
-25643 -5
-13146 -3
-13757 -14
-21302 -8
-30900 -3
-14074 -14
-29863 -2
-32467 -4
-3499 -15
-187 -17
-18863 -17
-2061 -6
-12247 -5
-1785 -15
-26820 -2
-10104 -13
-22963 -16
