-19384 -2
-17835 -16
-192 -18
-15844 -13
-9280 -5
-29054 -15
-22017 -2
-5144 -7
-16397 -17
-5679 -3
-26029 -14
-18358 -7
-31864 -18
-6066 -5
-16021 -7
-16397 -16
-12229 -6
-26267 -15
-18911 -18
-26050 -3
-24729 -12
-30040 -15
-17842 -6
-19226 -12
-15498 -2
-3759 -2
-20056 -16
-22481 -3
-26848 -17
-2981 -8
-4469 -3
-15106 -18
-7197 -4
-6125 -17
-3362 -18
-13519 -4
-31754 -4
-1253 -8
-10747 -15
-6430 -3
-18849 -18
-3440 -19
-16655 -3
-29196 -6
-25955 -14
-1682 -4
-26976 -7
-15405 -19
-9639 -9
-23631 -8
-15410 -14
-28701 -7
-14834 -18
-27246 -3
-11983 -5
-18328 -9
-15444 -7
-23944 -7
-16784 -14
-6468 -18
-22748 -17
-952 -2
-13104 -12
-8029 -15
-21164 -7
-29866 -18
-11680 -8
-9286 -18
-2180 -16
-21303 -14
-4480 -13
-7892 -12
-25788 -10
-1566 -2
-6729 -13
-6814 -9
-7623 -19
-11530 -8
-16230 -7
-11450 -3
-2731 -18
-26222 -16
-22005 -4
-18484 -5
-113 -7
-4301 -12
-1586 -17
-17284 -14
-11041 -6
-12012 -7
-7782 -13
-29468 -2
-8945 -5
-26827 -4
-28986 -16
-22517 -19
-6678 -5
-3257 -11
-16035 -11
-24551 -18
-12053 -18
-20253 -5
-20323 -4
-22906 -13
-13347 -14
-8001 -13
-811 -14
-7927 -18
-22592 -3
-30290 -4
-18443 -14
-21388 -4
-11985 -9
-27121 -17
-24648 -13
-25845 -4
-18408 -5
-17875 -18
-1949 -15
-27704 -17
-29076 -4
-8160 -5
-22590 -13
-24004 -5
-24472 -19
-2194 -9
-22578 -5
-888 -15
-30810 -16
-24885 -15
-6015 -13
-11146 -7
-17465 -7
-30303 -10
-29340 -13
-29639 -12
-5759 -9
-15129 -16
-12210 -5
-27061 -8
-17339 -7
-976 -8
-19857 -11
-19929 -3
-10109 -17
-25907 -5
-12054 -15
-10706 -3
-28289 -14
-27792 -7
-7327 -14
-26493 -8
-8063 -6
-14605 -15
-10766 -9
-18463 -11
-12261 -14
-8986 -19
-29961 -7
-25659 -12
-22710 -4
-18798 -17
-20666 -13
-6013 -7
-6136 -10
-19163 -16
-19836 -3
-21523 -2
-1309 -9
-27587 -10
-17664 -9
-25986 -14
-2546 -9
-5379 -19
-22893 -14
-8487 -12
-21572 -16
-13511 -12
-30786 -15
-2104 -3
-31885 -12
-2060 -16
-26871 -19
-409 -18
-8471 -9
-3947 -12
-15986 -4
-3759 -17
-17077 -3
-16619 -16
-26284 -2
-26413 -14
-21165 -18
-4471 -12
-29218 -19
-3242 -14
-31138 -14
-16614 -3
-23833 -11
-15160 -17
-10561 -17
-21399 -3
-15061 -14
