-29866 -17
-17155 -13
-28552 -6
-23679 -18
-29732 -12
-27826 -18
-28670 -10
-27345 -17
-16685 -4
-6233 -7
-29293 -13
-27797 -9
-20578 -18
-16577 -12
-17663 -11
-22736 -5
-31685 -13
-5325 -17
-25949 -9
-18260 -17
-28501 -14
-2221 -15
-1731 -19
-31657 -16
-27158 -12
-18988 -10
-7554 -17
-16749 -9
-4033 -4
-12118 -16
-446 -2
-11295 -11
-18502 -5
-32085 -4
-10372 -6
-5031 -2
-16162 -2
-30736 -16
-8628 -2
-4000 -16
-27547 -9
-24920 -2
-27891 -10
-16881 -2
-28454 -3
-1882 -4
-10423 -17
-399 -19
-23952 -15
-8220 -7
-20536 -10
-1402 -14
-25812 -5
-26412 -8
-30187 -7
-12122 -10
-4058 -10
-26313 -13
-25685 -5
-6857 -9
-15032 -19
-20778 -16
-27476 -10
-8021 -17
-25573 -4
-29343 -9
-30112 -9
-1135 -15
-26821 -11
-15196 -18
-11341 -16
-13138 -12
-4789 -14
-22194 -7
-29195 -8
-16644 -6
-31857 -2
-14507 -7
-4974 -19
-24710 -9
-29711 -10
-20589 -15
-4394 -4
-4655 -5
-15249 -9
-23014 -13
-6059 -9
-13041 -12
-30027 -5
-11401 -18
-15906 -8
-13188 -12
-3151 -15
-17884 -18
-13617 -13
-21506 -3
-20832 -2
-9269 -8
-22218 -9
-23640 -10
-24243 -10
-31059 -4
-23003 -10
-20149 -6
-27535 -18
-23765 -10
-27640 -5
-12257 -3
-29877 -3
-32332 -7
-17976 -13
-21411 -11
-4764 -3
-14508 -8
-31093 -7
-23183 -2
-10380 -15
-1183 -9
-120 -13
-10928 -11
-28713 -4
-1203 -13
-24587 -9
-6638 -11
-25577 -15
-28532 -10
-6166 -10
-9743 -6
-554 -12
-21977 -6
-9133 -3
-10009 -14
-6224 -9
-7670 -18
-31653 -13
-9176 -17
-16110 -16
-3414 -8
-12964 -5
-13082 -12
-20210 -4
-21257 -4
-11741 -12
-28588 -14
-17907 -19
-9123 -3
-17179 -15
-23550 -12
-8987 -10
-7112 -14
-122 -7
-23670 -8
-8431 -2
-16417 -10
-13439 -6
-28763 -16
-17491 -19
-5819 -5
-19169 -10
-30689 -7
-28617 -9
-30652 -19
-428 -13
-27652 -18
-24645 -15
-20475 -19
-5272 -11
-28541 -18
-22938 -18
-2681 -4
-16310 -14
-12787 -5
-14058 -16
-30955 -14
-28257 -4
-16611 -12
-21573 -3
-8208 -15
-13724 -5
-30413 -3
-19162 -8
-17875 -19
-32248 -7
-15727 -9
-1619 -17
-22490 -17
-9734 -3
-22434 -8
-24847 -13
-15879 -18
-4059 -11
-31320 -7
-4710 -6
-3460 -4
-546 -5
-15275 -14
-19274 -2
-6596 -7
-716 -15
-22087 -16
-18182 -18
-21359 -5
-22634 -19
-7822 -7
-21967 -19
-31485 -18
-22219 -12
-7551 -3
-5281 -18
-28664 -10
-13522 -12
-28771 -9
-25888 -6
-28067 -19
-16547 -5
-10659 -19
-18689 -12
-31007 -18
-7173 -4
-26153 -19
-11092 -17
-31702 -13
-30815 -11
-13315 -13
-9514 -11
-9699 -17
-14371 -19
-4123 -3
-26861 -18
-17680 -7
-17792 -14
-4894 -3
-30144 -18
-27130 -16
-3268 -3
-13990 -7
-640 -14
-26939 -3
-27856 -7
-27643 -5
-25445 -5
-5202 -19
-10156 -13
-28183 -11
-12866 -9
-7532 -4
-4565 -16
-29507 -16
-13862 -12
-22255 -5
-13908 -9
-22639 -16
-29417 -5
-2680 -15
-18359 -2
-11090 -16
-21704 -9
-29000 -13
-19171 -17
-1927 -13
