-15883 -13
-13035 -2
-32395 -7
-12431 -10
-10703 -15
-19745 -12
-22912 -11
-12897 -2
-14198 -15
-30833 -2
-1454 -15
-5768 -2
-17114 -2
-30360 -18
-26898 -18
-26135 -15
-15305 -16
-11718 -18
-13632 -8
-31044 -5
-531 -13
-31560 -8
-13068 -13
-8156 -9
-16500 -3
-30363 -6
-20909 -9
-28631 -5
-21343 -8
-7057 -13
-16163 -5
-1044 -15
-20851 -11
-26760 -10
-29750 -18
-13735 -12
-21096 -6
-14449 -16
-8860 -9
-18014 -16
-13875 -7
-25547 -16
-28207 -10
-26414 -11
-19668 -5
-11909 -16
-5870 -19
-2480 -2
-19801 -4
-6902 -15
-31274 -13
-8876 -19
-8291 -5
-10314 -19
-7659 -4
-3723 -10
-27912 -12
-17247 -3
-28403 -14
-25637 -5
-32642 -7
-9644 -17
