-3454 -17
-27295 -18
-3367 -15
-2631 -5
-23058 -7
-3890 -13
-30542 -7
-28759 -9
-21393 -12
-20818 -19
-13078 -16
-12310 -6
-23038 -7
-4470 -5
-28237 -2
-30015 -11
-18848 -16
-28262 -7
-4299 -18
-20300 -4
-11690 -12
-25778 -2
-28119 -12
-30137 -10
-19327 -15
-28256 -5
-11862 -3
-6205 -14
-28603 -16
-6633 -19
-15700 -19
-24381 -8
-11824 -3
-24803 -11
-5538 -12
-5281 -4
-20224 -7
-29466 -17
-25471 -4
-2974 -17
-4726 -11
-1794 -10
-29960 -15
-10316 -14
-17910 -12
-10958 -18
-17319 -13
-21611 -9
-32232 -9
-18321 -10
-22507 -6
-508 -8
-5728 -16
-7898 -13
-30504 -11
-14949 -5
-10075 -14
-32467 -14
-3076 -19
-22169 -6
-30543 -16
-9940 -2
-22912 -17
-26342 -16
-31973 -3
-1085 -4
-24044 -18
-13814 -10
-7498 -6
-4787 -10
-23463 -3
-24644 -14
-22316 -11
-32328 -5
-15237 -5
-18890 -7
-15085 -10
-15961 -16
-19973 -10
-5995 -2
-32562 -3
-252 -9
-12089 -8
-6017 -9
-3502 -14
-31798 -3
-10738 -11
-14570 -16
-24788 -17
0 -7
-26306 -9
-30850 -4
-15777 -3
-28232 -4
-14679 -11
-32577 -2
-24477 -15
-14160 -2
-8054 -8
-25533 -13
-13729 -3
-20735 -11
-32650 -13
-24918 -10
-32587 -5
-28480 -15
-11225 -18
-29277 -15
-28270 -6
-14498 -12
-18116 -16
-10859 -4
-7119 -13
-17916 -2
-29308 -17
-4457 -6
-6198 -6
-30717 -14
-10205 -11
-31186 -17
-4990 -2
-20430 -16
-31990 -17
-19489 -10
-3200 -6
-1712 -15
-1145 -9
-22934 -14
-19439 -4
-10980 -11
-24670 -16
-28999 -6
-5090 -12
-19470 -8
-31035 -16
-14640 -7
-26430 -19
-22580 -10
-18105 -2
-12102 -11
-23680 -17
-8332 -13
-7251 -5
-16273 -11
-31960 -13
-32042 -6
-2122 -11
-8750 -17
-23801 -15
-2272 -7
-14977 -11
-24868 -19
-1139 -6
-13966 -3
-27566 -17
-14209 -9
-14865 -19
-24113 -4
-30778 -18
-23379 -16
-26274 -10
-12277 -10
-4158 -8
-5706 -13
-8464 -16
-4182 -8
-23211 -4
-20230 -7
-18246 -11
-18109 -11
-1360 -2
-32535 -2
-7936 -12
-26786 -5
-23204 -6
-9636 -2
-4760 -2
-29844 -17
-14123 -16
-8874 -11
-1547 -18
-18629 -7
-13019 -15
-1201 -12
-14050 -10
-12620 -16
-24624 -16
-15857 -19
-24847 -7
-3711 -11
-28616 -8
-14070 -19
-19567 -3
-22670 -14
-22460 -18
-445 -12
-13112 -12
-6782 -15
-8612 -9
-20870 -13
-31899 -11
-2717 -13
-5398 -18
-462 -17
-14309 -16
-8840 -11
-3296 -4
-6167 -11
-18527 -18
-12389 -13
-97 -16
-3731 -14
-12992 -17
-12314 -5
-2187 -14
-2611 -6
-19047 -16
-22808 -3
-20947 -12
-13084 -4
-14104 -4
-16773 -6
-5309 -4
-22201 -16
-54 -16
-8586 -18
-4786 -14
-20360 -16
-18190 -2
-2238 -4
-9316 -17
-19063 -11
-31115 -8
-32062 -15
-13550 -11
-15452 -12
-32746 -12
-22168 -7
-15886 -9
-3236 -3
-31266 -3
-25231 -18
-8507 -14
-30506 -12
-3208 -13
-13313 -2
-16715 -11
-16832 -11
-24474 -12
-26283 -13
-29073 -6
-9675 -14
-17614 -15
-1553 -14
-25675 -7
-25971 -9
-4283 -3
-11089 -9
-27263 -18
-26799 -4
-18386 -7
-3118 -7
-15412 -19
-14702 -7
-29126 -3
-26296 -15
-6718 -6
-6155 -18
-8038 -12
-19457 -6
-13856 -16
-1263 -17
-15227 -17
-19318 -14
-12682 -13
-5333 -13
-7823 -3
-30287 -15
-8235 -8
-25082 -16
-27271 -16
-27299 -16
-18487 -8
-8655 -8
-17534 -19
-17904 -3
-20116 -8
-2676 -8
-10945 -5
-26414 -11
-5052 -17
-3974 -2
-18267 -19
-15497 -5
-26205 -5
-2970 -15
-32076 -6
-17133 -4
-28693 -12
-10370 -10
-31015 -2
-6921 -2
-6228 -8
-13548 -7
-7585 -3
-32361 -8
-23475 -2
-1051 -13
-25948 -16
-1240 -9
-3226 -4
-11416 -2
-19228 -6
-834 -19
-26200 -17
-20590 -12
-10300 -14
-19015 -19
-25097 -7
-9380 -11
-23964 -17
-18188 -18
-9452 -9
-13496 -19
-17804 -18
-27096 -17
-22990 -9
-8226 -15
-9116 -13
-19982 -5
-3 -4
-11475 -16
-9408 -15
-28094 -9
-7503 -2
-30570 -6
-7747 -8
-9090 -6
-30250 -7
-29022 -12
-16421 -11
-9081 -5
-8696 -6
-22046 -9
-7907 -4
-12066 -15
-11055 -8
-21491 -15
-8434 -5
-29519 -8
-10575 -14
-30032 -10
-13366 -12
-22486 -3
-2904 -19
-24216 -17
-13874 -5
-12988 -16
-26304 -2
-6564 -16
-26361 -19
-5765 -14
-14894 -17
-30404 -6
-26715 -11
-10915 -4
-3281 -16
-11799 -2
-30114 -15
-19181 -6
-5320 -6
-4685 -3
-21729 -17
-9026 -18
-17228 -14
-2033 -2
-10855 -14
-8884 -7
-989 -16
-29717 -13
-11649 -10
-29324 -19
-5687 -12
-10154 -15
-5763 -2
-2559 -10
-9956 -11
-8856 -16
-16181 -16
-13002 -5
-10618 -15
-11589 -13
-21427 -10
-32408 -3
-27404 -16
-8356 -8
-19211 -5
-16833 -19
-9701 -11
-11810 -19
-30168 -12
-26006 -6
-5598 -10
-10138 -5
-22831 -17
-15178 -9
-32682 -2
-30890 -14
-15019 -6
-1433 -15
-12631 -2
-2694 -18
-2338 -7
-8810 -5
-23470 -5
-23275 -19
-31924 -13
-31874 -3
-21019 -14
-10523 -18
-19747 -14
-27261 -5
-25464 -12
-2521 -5
-19541 -7
-20455 -18
-23907 -12
-24265 -19
-6013 -12
-5156 -4
-5926 -14
-14169 -18
-20304 -13
-18939 -5
-24182 -6
-17857 -18
-29838 -19
-32506 -4
-19595 -10
-12457 -2
-15202 -5
-24807 -3
-28054 -12
-14524 -13
-16335 -6
-14705 -12
-11900 -12
-10333 -13
-26707 -12
-31700 -9
-14607 -17
-24852 -4
-11449 -9
-3213 -11
-7880 -8
-9202 -4
-29014 -3
-795 -4
-25314 -17
-20380 -4
-26070 -12
-10345 -12
-17427 -10
-15698 -15
-21587 -15
-21113 -8
-31897 -8
-14022 -17
-2441 -17
-28436 -12
-8366 -14
-21946 -15
-28619 -4
-29629 -10
-25863 -15
-29028 -2
-20443 -5
-948 -12
-8210 -17
-29787 -12
-13333 -7
-16330 -18
-13793 -13
-20425 -14
-29726 -5
-7621 -7
-10129 -16
-14235 -17
-4383 -16
-20797 -19
-19650 -4
-22340 -5
-15637 -11
-16162 -12
-15101 -9
-30821 -9
-22026 -10
-25228 -11
-28846 -3
-17560 -4
-7507 -14
-24205 -2
-22569 -5
-23413 -19
-6251 -5
-23598 -19
-25101 -16
-29202 -2
-28417 -13
-7502 -15
-2143 -6
-22242 -2
-8918 -12
-1250 -11
-28892 -6
-13014 -3
-1389 -6
-13595 -19
-29774 -11
-4827 -19
-23636 -18
-25339 -7
-20195 -8
-24357 -12
-27259 -5
-19659 -18
-12804 -5
-15164 -19
-26778 -13
-23793 -8
-4897 -12
-23067 -2
-10294 -6
-24823 -19
-29433 -3
-11112 -7
-22370 -9
-19538 -2
-16151 -12
-5613 -16
-21005 -7
-18415 -8
-13736 -12
-23989 -14
-30470 -19
-25460 -16
-8502 -4
-26244 -11
-32092 -10
-2961 -10
-24113 -11
-10855 -14
-21081 -4
-14058 -17
-822 -13
-2267 -5
-25818 -11
-26734 -17
-9525 -2
-6975 -4
-20572 -4
-18644 -17
-542 -10
-23404 -4
-29612 -12
-1334 -18
-17270 -15
-14676 -17
-30581 -15
-25531 -7
-30033 -6
-27736 -18
-23158 -3
-16674 -3
-28353 -6
-29029 -13
