100
8641492 9654014 16510567 9955422
5002886 2376758 13802270 9946143
9850836 6478335 16572161 15412573
9516233 3265457 12660543 6162254
9069946 6188665 16383184 13267199
8971441 4558183 17198815 13038367
1053081 3854459 9406043 12467843
8969862 7267423 13246271 11596701
6116304 3590966 8927212 10888958
4096387 3420550 4910631 8442910
1816416 7537551 7792907 16473272
1616691 5495189 9784818 12136130
1866242 2708968 7215969 10144878
1995874 2627805 11044450 3900928
737352 1107748 4486709 5100551
9570119 6598563 16259717 7507186
5565157 2113886 10805512 8702129
4090353 1033342 5774984 2802609
713694 8240078 2204031 17515610
1342707 959037 10236178 6187368
8501010 2178315 11778031 2428906
8954078 4282192 13491131 7450043
3415025 7090711 8226880 8547621
9795578 4336867 11478326 4972890
526780 8213508 8133323 9568609
4983144 1936350 12411265 8987150
1479362 8089590 2069481 10812297
6743614 2331751 16461872 5406498
851255 2835820 3922693 10480279
6903097 3200752 8000628 11450506
7279270 1287284 10737769 3760436
6370102 1566300 14706836 10745174
8342166 2125591 10694608 8487361
8758713 1961169 12642242 6743181
4894971 1909138 8691914 8139200
4518138 3362467 9951360 3860487
1558368 2469936 11166021 9457445
9073903 5482910 9734099 12595467
7923105 160854 11569380 2340699
8946305 7785459 14156621 16622058
1935097 655918 10702672 815417
295247 3688599 5978769 12517211
1229435 17578 8214887 4236166
3605135 8999563 7362022 14241872
5009626 4445698 12175359 7556298
4319339 1983410 11600782 2960192
3487469 696176 12034143 889468
4062832 7015852 10415443 12543425
9426847 5711410 18351362 10341988
6488383 6108464 6756250 6200581
3041175 5808171 4843994 8484203
7980884 5322015 8610323 10040707
3033661 3559194 5892261 9469781
9765870 7597752 13755829 17536274
2424869 6172336 9871718 8238995
515367 3578969 7147622 4184337
5048120 644951 12451419 3009256
9303765 6262644 11168564 8244090
2974365 1854911 12449865 9999811
8297799 2019383 13817015 3824857
4644929 776935 6896825 4321018
2374005 7632342 10137574 10274377
7331738 623682 7779974 8293782
9405314 3377642 16478615 5103744
8510934 8911981 16401367 13832175
5806194 8277250 15394231 10046119
276848 3004588 373777 3925408
2297281 7962348 6167020 15128683
8154824 1798578 11666265 6889463
4407701 5607662 10591188 10099107
2863652 5725352 4017389 10525272
8715832 1525065 12748558 2767059
1539452 5561211 2125998 8060454
4984814 6373351 10150676 15765386
6053818 6164230 7134316 11837364
1021176 9835671 6865382 9890872
9556540 8027871 18131623 10939768
4812278 1543965 13058391 7953436
4608303 943057 6467984 7342081
7539637 4419334 8797423 8113654
8425678 2495678 14209581 8943446
2863599 3653618 2880754 6257207
3932061 6455289 5525789 12351357
8322407 7866925 15289519 15088312
9423799 8571801 13778291 15683673
1300503 2800799 7670322 6457826
4980973 9923723 14822506 17154659
342690 1594878 8663079 4317537
5291427 4544419 11369101 12341321
4703218 2463751 14474791 9724176
3390148 1922141 6781919 10108993
2871810 602486 9256298 6342891
7668412 5723301 15389428 13055514
1931630 9485936 4753295 12827340
8344665 4082563 12974100 11696218
928317 1674359 2625631 7892344
6882745 700602 12189088 9833726
7991799 1231797 10471512 1514768
3835525 4170067 12295930 11573084
5141785 1549904 13942738 9248038
