50
-1023 7977 5988 17944
-121 -5399 6753 512
-1293 -6121 3935 -5190
-9183 -6572 -1110 -649
-7670 6524 1380 10444
9839 5734 10976 14580
3618 9290 8334 10044
-7566 7056 -4854 14288
5568 -4071 6511 99
913 -7304 4491 534
9684 867 15016 8327
-9579 6754 -4478 12919
-5296 -5855 -5128 -1022
9801 -5192 16665 -3686
-1256 1447 1323 4341
5346 -2066 5776 -2030
968 1501 6139 10441
7934 -2241 12109 6382
-6912 8037 -5137 11997
4540 2392 6308 8051
-8555 2180 -5879 5772
-6877 563 -4762 5082
871 -907 9004 4180
2738 -9097 9187 -1898
7066 -2543 11227 2990
-1315 -8227 504 1006
-7075 4501 -7022 13430
-2686 6489 3474 8794
3588 2618 11632 11714
-6066 -1437 -1903 3346
-4921 5635 -67 11892
2165 1273 2915 3500
-2866 7143 2145 13199
-6030 8809 -2976 18480
-7064 8745 -1100 13277
-3395 7788 2245 7889
-79 -5701 6485 2492
-6972 7920 -5328 16382
-992 3163 1721 5579
-1113 3206 1472 7681
8341 9417 12770 15195
-4925 -6581 -4178 -1095
2415 -7566 5006 -6875
6414 -1883 10110 7754
-4526 -6066 5333 -1091
-6253 -8926 -5144 -4259
-3069 -8455 -1581 -3868
-9462 -1576 -4569 1960
8690 3751 18559 12849
4480 9433 12129 16441
