80
-48505 80937 -19770 176056
94215 22325 111610 75605
75964 35330 174747 75573
-16909 -75035 -10724 -22867
-33070 -74799 -3347 -50545
6454 -56478 34645 16104
75484 -9069 147278 50294
7535 71782 21210 118733
-24894 -78196 3350 -35408
-59771 81037 -1849 82460
-25505 -32334 14410 29147
47628 -97377 143543 -53314
-18860 -31790 8561 969
61551 99887 81228 136721
56652 51390 133342 142300
-73032 -31589 5258 64806
-1857 -56702 22798 -49990
23109 -28353 93565 37654
-74281 68170 -65028 129812
67955 61402 93800 134448
93130 -81815 97376 9803
25153 -36978 123795 45585
15030 55360 63386 146925
91920 72289 110781 167943
56149 -25104 81053 43777
-4862 -90093 38977 -49699
84719 28598 134608 109063
68402 -74870 161974 -3557
70251 94939 150648 160158
87048 -57775 100928 5903
-74379 13611 -16735 38233
37911 47437 67116 102832
-56226 -60040 34377 -31963
-14841 -10105 -14216 35990
-81653 -50001 1110 -42043
61339 -77047 119463 -40081
-29658 -93259 12435 -46283
-59193 19269 37328 89902
-91724 72012 -36165 97696
28066 92733 90634 103983
67871 -52570 84798 19020
79521 3387 178710 43160
69977 -87304 87268 -63432
14950 -6762 98877 34197
79251 80084 146209 149284
54954 -40330 104919 53729
-42706 11493 23510 58343
-415 54712 16919 83466
31945 -93026 101557 1216
-56569 44973 24415 52153
83365 -90580 166569 6670
1388 -13051 29676 47372
18363 -59376 77528 4050
-8352 91468 56468 122155
70680 85574 92770 121567
40621 -75226 47966 -1732
-43180 4865 -36710 87836
-23802 -10231 31072 64611
95302 -73442 112123 6891
-9291 -66085 17744 32141
81548 7142 82452 72446
96160 -35961 132137 44818
-99646 7031 -85817 105250
3539 -65119 37955 -15194
33458 67156 111903 76697
-77790 -49392 4849 -48359
-94824 -28273 -5548 53011
-35070 29930 28870 35792
7906 87976 15853 94353
90203 -42322 157441 -36068
66605 -93592 114483 -1054
47768 62847 98184 157388
23261 -17944 97306 763
-10063 -38459 22100 27721
-51278 -41861 23521 47315
-10521 -50783 83632 11683
50189 46634 81633 83402
27220 10155 90215 89340
34361 94133 91839 171105
20277 24426 82172 89016
