151
-21932 16745
-3163 -21849
-21932 -23570 -21932 -23570
-21940 -23569 -21940 -23569
-21939 -9787 -21939 -9787
7417 -9788 7417 -9788
7416 8126 7416 8126
3011 8125 3011 8125
3012 23505 3012 23505
-28905 23504 -28905 23504
-28904 -20485 -28904 -20485
25027 -20484 25027 -20484
25026 21655 25026 21655
-25145 21654 -25145 21654
-25144 28138 -25144 28138
-25930 28137 -25930 28137
-25929 13893 -25929 13893
25463 13894 25463 13894
25462 15581 25462 15581
-22100 15580 -22100 15580
-22099 25097 -22099 25097
-15933 25096 -15933 25096
-15934 -8674 -15934 -8674
11684 -8673 11684 -8673
11683 19459 11683 19459
13683 19458 13683 19458
13682 -22259 13682 -22259
-18170 -22258 -18170 -22258
-18169 -22430 -18169 -22430
-115 -22429 -115 -22429
-116 -13638 -116 -13638
12591 -13639 12591 -13639
12590 11187 12590 11187
26247 11186 26247 11186
26246 3405 26246 3405
13873 3406 13873 3406
13874 -24567 13874 -24567
-18166 -24566 -18166 -24566
-18165 -24794 -18165 -24794
-27415 -24793 -27415 -24793
-27414 -27210 -27414 -27210
-25898 -27209 -25898 -27209
-25899 -27846 -25899 -27846
-27207 -27845 -27207 -27845
-27206 -28242 -27206 -28242
-28524 -28241 -28524 -28241
-28523 -26765 -28523 -26765
-28920 -26766 -28920 -26766
-28919 -27204 -28919 -27204
27477 -27203 27477 -27203
27476 -28853 27476 -28853
28374 -28852 28374 -28852
28373 -28976 28373 -28976
25640 -28975 25640 -28975
25641 -13147 25641 -13147
-19740 -13148 -19740 -13148
-19739 18877 -19739 18877
-28694 18876 -28694 18876
-28693 -27353 -28693 -27353
-28931 -27352 -28931 -27352
-28930 -27595 -28930 -27595
-14769 -27594 -14769 -27594
-14770 -28407 -14770 -28407
-21005 -28406 -21005 -28406
-21004 -28766 -21004 -28766
-20501 -28765 -20501 -28765
-20502 -12537 -20502 -12537
8118 -12538 8118 -12538
8117 16532 8117 16532
-8245 16531 -8245 16531
-8244 23037 -8244 23037
-3986 23036 -3986 23036
-3987 7690 -3987 7690
12518 7691 12518 7691
12517 -11984 12517 -11984
24579 -11983 24579 -11983
24578 -24396 24578 -24396
28960 -24395 28960 -24395
28959 11038 28959 11038
-20189 11037 -20189 11037
-20188 -20351 -20188 -20351
25022 -20350 25022 -20350
25021 3259 25021 3259
-22788 3258 -22788 3258
-22787 -11875 -22787 -11875
-13754 -11874 -13754 -11874
-13755 18116 -13755 18116
22710 18115 22710 18115
22709 -11358 22709 -11358
25970 -11357 25970 -11357
25969 -6636 25969 -6636
26717 -6637 26717 -6637
26716 5332 26716 5332
28743 5331 28743 5331
28742 24701 28742 24701
14122 24700 14122 24700
14123 25341 14123 25341
14227 25340 14227 25340
14226 28676 14226 28676
18331 28675 18331 28675
18330 21826 18330 21826
21787 21827 21787 21827
21786 25756 21786 25756
-17431 25755 -17431 25755
-17430 -9867 -17430 -9867
-20212 -9866 -20212 -9866
-20211 -28236 -20211 -28236
-23593 -28235 -23593 -28235
-23592 -18707 -23592 -18707
-27222 -18708 -27222 -18708
-27221 -21625 -27221 -21625
-27964 -21624 -27964 -21624
-27963 -25889 -27963 -25889
23735 -25888 23735 -25888
23734 -15746 23734 -15746
26912 -15747 26912 -15747
26911 9973 26911 9973
28569 9972 28569 9972
28568 15797 28568 15797
18407 15796 18407 15796
18408 -16541 18408 -16541
8159 -16540 8159 -16540
8160 -23032 8160 -23032
14093 -23031 14093 -23031
14092 -25263 14092 -25263
27716 -25262 27716 -25262
27715 -25272 27715 -25272
-11338 -25271 -11338 -25271
-11337 -3596 -11337 -3596
12197 -3597 12197 -3597
12196 -188 12196 -188
-17574 -189 -17574 -189
-17573 -15228 -17573 -15228
-5472 -15227 -5472 -15227
-5473 -10382 -5473 -10382
-26886 -10383 -26886 -10383
-26885 -20300 -26885 -20300
5045 -20299 5045 -20299
5044 19928 5044 19928
20387 19927 20387 19927
20386 24099 20386 24099
27504 24098 27504 24098
27503 18661 27503 18661
23957 18662 23957 18662
23958 26352 23958 26352
26535 26351 26535 26351
26534 18314 26534 18314
-22301 18315 -22301 18315
-22300 21067 -22300 21067
6121 21066 6121 21066
6120 -18717 6120 -18717
-3164 -18716 -3164 -18716
-3163 21849 -3163 21849
