500
-12173 4498
-21661 24525
-12720 4498 -12720 4498
-12719 24509 -12719 24509
-3454 24508 -3454 24508
-3455 -15094 -3455 -15094
18874 -15093 18874 -15093
18873 -23466 18873 -23466
19601 -23465 19601 -23465
19600 -19487 19600 -19487
21552 -19488 21552 -19488
21551 -20459 21551 -20459
27151 -20458 27151 -20458
27150 -24657 27150 -24657
27360 -24656 27360 -24656
27359 -24963 27359 -24963
-28027 -24962 -28027 -24962
-28026 17909 -28026 17909
-28033 17908 -28033 17908
-28032 23393 -28032 23393
-4217 23392 -4217 23392
-4218 24459 -4218 24459
16055 24458 16055 24458
16054 25042 16054 25042
13053 25041 13053 25041
13054 28913 13054 28913
10312 28912 10312 28912
10313 28986 10313 28986
11062 28985 11062 28985
11061 25796 11061 25796
22052 25797 22052 25797
22051 28385 22051 28385
26214 28384 26214 28384
26213 14913 26213 14913
27706 14914 27706 14914
27705 -3529 27705 -3529
-1885 -3528 -1885 -3528
-1884 -13185 -1884 -13185
11471 -13184 11471 -13184
11470 -7364 11470 -7364
-20169 -7365 -20169 -7365
-20168 -14737 -20168 -14737
-27272 -14736 -27272 -14736
-27271 -12178 -27271 -12178
-28197 -12179 -28197 -12179
-28196 17438 -28196 17438
-28957 17437 -28957 17437
-28956 21281 -28956 21281
-3916 21280 -3916 21280
-3917 24594 -3917 24594
1686 24593 1686 24593
1685 3685 1685 3685
7588 3686 7588 3686
7587 1006 7587 1006
-3324 1007 -3324 1007
-3323 28374 -3323 28374
18263 28373 18263 28373
18262 18186 18262 18186
23918 18187 23918 18187
23917 18265 23917 18265
28172 18264 28172 18264
28171 12984 28171 12984
-3624 12985 -3624 12985
-3623 16491 -3623 16491
15845 16490 15845 16490
15844 -28721 15844 -28721
16570 -28720 16570 -28720
16569 -28903 16569 -28903
-6636 -28902 -6636 -28902
-6635 -28929 -6635 -28929
8690 -28928 8690 -28928
8689 26045 8689 26045
8755 26044 8755 26044
8754 14720 8754 14720
-25609 14721 -25609 14721
-25608 -3694 -25608 -3694
-28535 -3693 -28535 -3693
-28534 -5284 -28534 -5284
25787 -5283 25787 -5283
25786 -28881 25786 -28881
25902 -28880 25902 -28880
25901 -14582 25901 -14582
-23946 -14583 -23946 -14583
-23945 25485 -23945 25485
15172 25484 15172 25484
15171 17370 15171 17370
16939 17371 16939 17371
16938 3170 16938 3170
-24166 3171 -24166 3171
-24165 -24032 -24165 -24032
-25191 -24031 -25191 -24031
-25190 1449 -25190 1449
-28497 1448 -28497 1448
-28496 -17011 -28496 -17011
11892 -17010 11892 -17010
11891 -10497 11891 -10497
-9370 -10498 -9370 -10498
-9369 -2177 -9369 -2177
-8403 -2178 -8403 -2178
-8404 8376 -8404 8376
-20141 8375 -20141 8375
-20140 5381 -20140 5381
17685 5382 17685 5382
17684 11447 17684 11447
4723 11446 4723 11446
4724 15317 4724 15317
-4359 15316 -4359 15316
-4358 26512 -4358 26512
-14971 26511 -14971 26511
-14970 28946 -14970 28946
-21961 28945 -21961 28945
-21960 23583 -21960 23583
-26523 23584 -26523 23584
-26522 -8482 -26522 -8482
-27216 -8481 -27216 -8481
-27215 -19205 -27215 -19205
-28991 -19204 -28991 -19204
-28990 -25667 -28990 -25667
18122 -25666 18122 -25666
18121 -28870 18121 -28870
28075 -28869 28075 -28869
28074 -28889 28074 -28889
-102 -28888 -102 -28888
-101 -28946 -101 -28946
13232 -28945 13232 -28945
13231 6958 13231 6958
14457 6957 14457 6957
14456 12138 14456 12138
-22405 12137 -22405 12137
-22404 -23754 -22404 -23754
-23245 -23753 -23245 -23753
-23244 4450 -23244 4450
-5490 4449 -5490 4449
-5491 21124 -5491 21124
-24068 21123 -24068 21123
-24067 25322 -24067 25322
-2979 25321 -2979 25321
-2980 26001 -2980 26001
25076 26000 25076 26000
25075 18992 25075 18992
15010 18993 15010 18993
15011 10721 15011 10721
18702 10722 18702 10722
18701 -25397 18701 -25397
830 -25396 830 -25396
831 -25864 831 -25864
17640 -25863 17640 -25863
17639 22990 17639 22990
5990 22989 5990 22989
5991 23788 5991 23788
13267 23787 13267 23787
13266 21711 13266 21711
7153 21712 7153 21712
7154 25624 7154 25624
-28624 25623 -28624 25623
-28623 27753 -28623 27753
-18315 27752 -18315 27752
-18316 347 -18316 347
27029 348 27029 348
27028 12056 27028 12056
9603 12055 9603 12055
9604 3163 9604 3163
15346 3164 15346 3164
15345 -14823 15345 -14823
-15890 -14822 -15890 -14822
-15889 -5234 -15889 -5234
-16945 -5235 -16945 -5235
-16944 11871 -16944 11871
1629 11870 1629 11870
1628 14419 1628 14419
28423 14418 28423 14418
28422 -6283 28422 -6283
9584 -6282 9584 -6282
9585 -19921 9585 -19921
4134 -19920 4134 -19920
4135 -28813 4135 -28813
-14712 -28812 -14712 -28812
-14711 -28937 -14711 -28937
-20606 -28936 -20606 -28936
-20605 -28997 -20605 -28997
-20683 -28996 -20683 -28996
-20682 -9433 -20682 -9433
21695 -9434 21695 -9434
21694 -26792 21694 -26792
23533 -26791 23533 -26791
23532 -28248 23532 -28248
-6448 -28247 -6448 -28247
-6447 -28671 -6447 -28671
23828 -28670 23828 -28670
23827 -28872 23827 -28872
6004 -28871 6004 -28871
6005 -28985 6005 -28985
22800 -28984 22800 -28984
22799 12300 22799 12300
28864 12299 28864 12299
28863 25652 28863 25652
23517 25651 23517 25651
23518 27257 23518 27257
16796 27256 16796 27256
16797 28285 16797 28285
-2067 28284 -2067 28284
-2066 24309 -2066 24309
-8642 24310 -8642 24310
-8641 8059 -8641 8059
-18179 8060 -18179 8060
-18178 13978 -18178 13978
-19120 13977 -19120 13977
-19119 -21931 -19119 -21931
-2674 -21930 -2674 -21930
-2675 -25725 -2675 -25725
26827 -25724 26827 -25724
26826 -23724 26826 -23724
10574 -23725 10574 -23725
10575 -28401 10575 -28401
6561 -28400 6561 -28400
6562 -19664 6562 -19664
16674 -19665 16674 -19665
16673 -2291 16673 -2291
20653 -2292 20653 -2292
20652 15133 20652 15133
4102 15132 4102 15132
4103 23331 4103 23331
-25114 23330 -25114 23330
-25113 27911 -25113 27911
7637 27910 7637 27910
7636 -14627 7636 -14627
-19498 -14626 -19498 -14626
-19497 5118 -19497 5118
-21639 5117 -21639 5117
-21638 12717 -21638 12717
-28419 12716 -28419 12716
-28418 20594 -28418 20594
-28642 20593 -28642 20593
-28641 -22577 -28641 -22577
26849 -22576 26849 -22576
26848 -24977 26848 -24977
28852 -24976 28852 -24976
28851 18976 28851 18976
28955 18975 28955 18975
28954 20301 28954 20301
-27815 20300 -27815 20300
-27814 25165 -27814 25165
3185 25164 3185 25164
3184 28048 3184 28048
25515 28047 25515 28047
25514 28163 25514 28163
-16359 28162 -16359 28162
-16358 28872 -16358 28872
-12647 28871 -12647 28871
-12648 11719 -12648 11719
14279 11720 14279 11720
14278 -23103 14278 -23103
18997 -23102 18997 -23102
18996 -3047 18996 -3047
27274 -3048 27274 -3048
27273 -23795 27273 -23795
28239 -23794 28239 -23794
28238 2335 28238 2335
-11193 2334 -11193 2334
-11192 -16978 -11192 -16978
-15021 -16977 -15021 -16977
-15020 1195 -15020 1195
-25874 1194 -25874 1194
-25873 -117 -25873 -117
-5707 -116 -5707 -116
-5708 27145 -5708 27145
-12706 27144 -12706 27144
-12705 23163 -12705 23163
-13198 23164 -13198 23164
-13197 23354 -13197 23354
-24210 23353 -24210 23353
-24209 28746 -24209 28746
-26594 28745 -26594 28745
-26593 28797 -26593 28797
-27194 28796 -27194 28796
-27193 28958 -27193 28958
-28543 28957 -28543 28957
-28542 -11665 -28542 -11665
16369 -11664 16369 -11664
16368 15535 16368 15535
-24927 15534 -24927 15534
-24926 17403 -24926 17403
-26503 17402 -26503 17402
-26502 1620 -26502 1620
-28475 1621 -28475 1621
-28474 -21834 -28474 -21834
-28612 -21833 -28612 -21833
-28611 -25530 -28611 -25530
-28791 -25529 -28791 -25529
-28790 -12391 -28790 -12391
4523 -12392 4523 -12392
4522 -23618 4522 -23618
27873 -23617 27873 -23617
27872 28637 27872 28637
28301 28636 28301 28636
28300 2078 28300 2078
-22681 2079 -22681 2079
-22680 -2364 -22680 -2364
-26698 -2363 -26698 -2363
-26697 17166 -26697 17166
-27496 17165 -27496 17165
-27495 -28280 -27495 -28280
-12385 -28279 -12385 -28279
-12386 -28295 -12386 -28295
-22076 -28294 -22076 -28294
-22075 21109 -22075 21109
-18097 21108 -18097 21108
-18098 25729 -18098 25729
-1279 25728 -1279 25728
-1280 -10382 -1280 -10382
-16181 -10381 -16181 -10381
-16180 22241 -16180 22241
24409 22240 24409 22240
24408 24493 24408 24493
25851 24492 25851 24492
25850 -9460 25850 -9460
27356 -9459 27356 -9459
27355 -13335 27355 -13335
14729 -13334 14729 -13334
14730 -25506 14730 -25506
27554 -25505 27554 -25505
27553 -26310 27553 -26310
10010 -26309 10010 -26309
10011 -27411 10011 -27411
-1930 -27410 -1930 -27410
-1929 5781 -1929 5781
-7227 5780 -7227 5780
-7226 16348 -7226 16348
-28259 16347 -28259 16347
-28258 -22601 -28258 -22601
-12778 -22600 -12778 -22600
-12779 24538 -12779 24538
5043 24537 5043 24537
5042 25976 5042 25976
26804 25975 26804 25975
26803 26075 26803 26075
26944 26074 26944 26074
26943 27764 26943 27764
24418 27763 24418 27763
24419 -12811 24419 -12811
25282 -12810 25282 -12810
25281 -3380 25281 -3380
8108 -3381 8108 -3381
8109 -28444 8109 -28444
-18472 -28443 -18472 -28443
-18471 7066 -18471 7066
-26452 7065 -26452 7065
-26451 -10685 -26451 -10685
-27473 -10684 -27473 -10684
-27472 -22945 -27472 -22945
-23435 -22944 -23435 -22944
-23436 -14370 -23436 -14370
9643 -14371 9643 -14371
9642 17195 9642 17195
18313 17194 18313 17194
18312 -19777 18312 -19777
-18528 -19776 -18528 -19776
-18527 -24498 -18527 -24498
-28562 -24497 -28562 -24497
-28561 18978 -28561 18978
-21009 18977 -21009 18977
-21010 20065 -21010 20065
-25043 20064 -25043 20064
-25042 20130 -25042 20130
-26487 20129 -26487 20129
-26486 20426 -26486 20426
-27322 20425 -27322 20425
-27321 24048 -27321 24048
-28322 24047 -28322 24047
-28321 25800 -28321 25800
-21966 25799 -21966 25799
-21967 26543 -21967 26543
28245 26542 28245 26542
28244 28693 28244 28693
28671 28692 28671 28692
28670 28713 28670 28713
22535 28712 22535 28712
22536 28906 22536 28906
7930 28905 7930 28905
7931 -9921 7931 -9921
-28089 -9920 -28089 -9920
-28088 7807 -28088 7807
4517 7806 4517 7806
4516 25839 4516 25839
-8754 25838 -8754 25838
-8753 11171 -8753 11171
-20768 11172 -20768 11172
-20767 6949 -20767 6949
-24950 6950 -24950 6950
-24949 22576 -24949 22576
-28841 22575 -28841 22575
-28840 -9085 -28840 -9085
15984 -9084 15984 -9084
15983 -6494 15983 -6494
8790 -6495 8790 -6495
8791 -7825 8791 -7825
-22235 -7824 -22235 -7824
-22234 4629 -22234 4629
-28266 4628 -28266 4628
-28265 8755 -28265 8755
-28305 8754 -28305 8754
-28304 -21133 -28304 -21133
-758 -21132 -758 -21132
-759 -27638 -759 -27638
-11223 -27637 -11223 -27637
-11222 -20878 -11222 -20878
-17226 -20879 -17226 -20879
-17225 -26873 -17225 -26873
-27357 -26872 -27357 -26872
-27356 -27152 -27356 -27152
387 -27151 387 -27151
386 -28381 386 -28381
19335 -28380 19335 -28380
19334 -28394 19334 -28394
10558 -28393 10558 -28393
10559 -15666 10559 -15666
-21564 -15667 -21564 -15667
-21563 -18305 -21563 -18305
4081 -18304 4081 -18304
4080 -7437 4080 -7437
8722 -7438 8722 -7438
8721 -21591 8721 -21591
11767 -21590 11767 -21590
11766 10775 11766 10775
-8510 10774 -8510 10774
-8509 -27031 -8509 -27031
-11607 -27030 -11607 -27030
-11606 -27056 -11606 -27056
2854 -27055 2854 -27055
2853 11865 2853 11865
-21120 11864 -21120 11864
-21119 21588 -21119 21588
-1419 21587 -1419 21587
-1420 26340 -1420 26340
7760 26339 7760 26339
7759 28422 7759 28422
17221 28421 17221 28421
17220 28607 17220 28607
7133 28606 7133 28606
7134 28831 7134 28831
-21925 28830 -21925 28830
-21924 14428 -21924 14428
-22090 14429 -22090 14429
-22089 13648 -22089 13648
4768 13649 4768 13649
4767 -15069 4767 -15069
-9856 -15068 -9856 -15068
-9855 13866 -9855 13866
-25229 13865 -25229 13865
-25228 -25472 -25228 -25472
-27145 -25471 -27145 -25471
-27144 -26695 -27144 -26695
-4472 -26694 -4472 -26694
-4473 -12119 -4473 -12119
-26009 -12120 -26009 -12120
-26008 16023 -26008 16023
-16885 16022 -16885 16022
-16886 21131 -16886 21131
-16341 21130 -16341 21130
-16342 -28250 -16342 -28250
-23421 -28249 -23421 -28249
-23420 -28567 -23420 -28567
6278 -28566 6278 -28566
6277 19203 6277 19203
13321 19202 13321 19202
13320 -3140 13320 -3140
-20050 -3139 -20050 -3139
-20049 2400 -20049 2400
-15985 2399 -15985 2399
-15986 22545 -15986 22545
28153 22544 28153 22544
28152 22086 28152 22086
14876 22087 14876 22087
14877 24791 14877 24791
15350 24790 15350 24790
15349 27360 15349 27360
23701 27359 23701 27359
23700 -3758 23700 -3758
23766 -3757 23766 -3757
23765 6674 23765 6674
212 6673 212 6673
213 -6017 213 -6017
-23637 -6016 -23637 -6016
-23636 25529 -23636 25529
-25079 25528 -25079 25528
-25078 27138 -25078 27138
-28329 27137 -28329 27137
-28328 27273 -28328 27273
-28575 27272 -28575 27272
-28574 -20125 -28574 -20125
27929 -20124 27929 -20124
27928 -27235 27928 -27235
19684 -27234 19684 -27234
19685 -27665 19685 -27665
19792 -27664 19792 -27664
19791 -28080 19791 -28080
22407 -28079 22407 -28079
22406 -28598 22406 -28598
-4136 -28597 -4136 -28597
-4135 -13726 -4135 -13726
-16577 -13727 -16577 -13727
-16576 24527 -16576 24527

