3200
0 0
2000 1599
2 -2 2 0
-2 -2 0 -2
-2 0 -2 2
0 2 2 2
4 -4 4 2
-4 -4 2 -4
-4 -2 -4 4
-2 4 4 4
6 -6 6 4
-6 -6 4 -6
-6 -4 -6 6
-4 6 6 6
8 -8 8 6
-8 -8 6 -8
-8 -6 -8 8
-6 8 8 8
10 -10 10 8
-10 -10 8 -10
-10 -8 -10 10
-8 10 10 10
12 -12 12 10
-12 -12 10 -12
-12 -10 -12 12
-10 12 12 12
14 -14 14 12
-14 -14 12 -14
-14 -12 -14 14
-12 14 14 14
16 -16 16 14
-16 -16 14 -16
-16 -14 -16 16
-14 16 16 16
18 -18 18 16
-18 -18 16 -18
-18 -16 -18 18
-16 18 18 18
20 -20 20 18
-20 -20 18 -20
-20 -18 -20 20
-18 20 20 20
22 -22 22 20
-22 -22 20 -22
-22 -20 -22 22
-20 22 22 22
24 -24 24 22
-24 -24 22 -24
-24 -22 -24 24
-22 24 24 24
26 -26 26 24
-26 -26 24 -26
-26 -24 -26 26
-24 26 26 26
28 -28 28 26
-28 -28 26 -28
-28 -26 -28 28
-26 28 28 28
30 -30 30 28
-30 -30 28 -30
-30 -28 -30 30
-28 30 30 30
32 -32 32 30
-32 -32 30 -32
-32 -30 -32 32
-30 32 32 32
34 -34 34 32
-34 -34 32 -34
-34 -32 -34 34
-32 34 34 34
36 -36 36 34
-36 -36 34 -36
-36 -34 -36 36
-34 36 36 36
38 -38 38 36
-38 -38 36 -38
-38 -36 -38 38
-36 38 38 38
40 -40 40 38
-40 -40 38 -40
-40 -38 -40 40
-38 40 40 40
42 -42 42 40
-42 -42 40 -42
-42 -40 -42 42
-40 42 42 42
44 -44 44 42
-44 -44 42 -44
-44 -42 -44 44
-42 44 44 44
46 -46 46 44
-46 -46 44 -46
-46 -44 -46 46
-44 46 46 46
48 -48 48 46
-48 -48 46 -48
-48 -46 -48 48
-46 48 48 48
50 -50 50 48
-50 -50 48 -50
-50 -48 -50 50
-48 50 50 50
52 -52 52 50
-52 -52 50 -52
-52 -50 -52 52
-50 52 52 52
54 -54 54 52
-54 -54 52 -54
-54 -52 -54 54
-52 54 54 54
56 -56 56 54
-56 -56 54 -56
-56 -54 -56 56
-54 56 56 56
58 -58 58 56
-58 -58 56 -58
-58 -56 -58 58
-56 58 58 58
60 -60 60 58
-60 -60 58 -60
-60 -58 -60 60
-58 60 60 60
62 -62 62 60
-62 -62 60 -62
-62 -60 -62 62
-60 62 62 62
64 -64 64 62
-64 -64 62 -64
-64 -62 -64 64
-62 64 64 64
66 -66 66 64
-66 -66 64 -66
-66 -64 -66 66
-64 66 66 66
68 -68 68 66
-68 -68 66 -68
-68 -66 -68 68
-66 68 68 68
70 -70 70 68
-70 -70 68 -70
-70 -68 -70 70
-68 70 70 70
72 -72 72 70
-72 -72 70 -72
-72 -70 -72 72
-70 72 72 72
74 -74 74 72
-74 -74 72 -74
-74 -72 -74 74
-72 74 74 74
76 -76 76 74
-76 -76 74 -76
-76 -74 -76 76
-74 76 76 76
78 -78 78 76
-78 -78 76 -78
-78 -76 -78 78
-76 78 78 78
80 -80 80 78
-80 -80 78 -80
-80 -78 -80 80
-78 80 80 80
82 -82 82 80
-82 -82 80 -82
-82 -80 -82 82
-80 82 82 82
84 -84 84 82
-84 -84 82 -84
-84 -82 -84 84
-82 84 84 84
86 -86 86 84
-86 -86 84 -86
-86 -84 -86 86
-84 86 86 86
88 -88 88 86
-88 -88 86 -88
-88 -86 -88 88
-86 88 88 88
90 -90 90 88
-90 -90 88 -90
-90 -88 -90 90
-88 90 90 90
92 -92 92 90
-92 -92 90 -92
-92 -90 -92 92
-90 92 92 92
94 -94 94 92
-94 -94 92 -94
-94 -92 -94 94
-92 94 94 94
96 -96 96 94
-96 -96 94 -96
-96 -94 -96 96
-94 96 96 96
98 -98 98 96
-98 -98 96 -98
-98 -96 -98 98
-96 98 98 98
100 -100 100 98
-100 -100 98 -100
-100 -98 -100 100
-98 100 100 100
102 -102 102 100
-102 -102 100 -102
-102 -100 -102 102
-100 102 102 102
104 -104 104 102
-104 -104 102 -104
-104 -102 -104 104
-102 104 104 104
106 -106 106 104
-106 -106 104 -106
-106 -104 -106 106
-104 106 106 106
108 -108 108 106
-108 -108 106 -108
-108 -106 -108 108
-106 108 108 108
110 -110 110 108
-110 -110 108 -110
-110 -108 -110 110
-108 110 110 110
112 -112 112 110
-112 -112 110 -112
-112 -110 -112 112
-110 112 112 112
114 -114 114 112
-114 -114 112 -114
-114 -112 -114 114
-112 114 114 114
116 -116 116 114
-116 -116 114 -116
-116 -114 -116 116
-114 116 116 116
118 -118 118 116
-118 -118 116 -118
-118 -116 -118 118
-116 118 118 118
120 -120 120 118
-120 -120 118 -120
-120 -118 -120 120
-118 120 120 120
122 -122 122 120
-122 -122 120 -122
-122 -120 -122 122
-120 122 122 122
124 -124 124 122
-124 -124 122 -124
-124 -122 -124 124
-122 124 124 124
126 -126 126 124
-126 -126 124 -126
-126 -124 -126 126
-124 126 126 126
128 -128 128 126
-128 -128 126 -128
-128 -126 -128 128
-126 128 128 128
130 -130 130 128
-130 -130 128 -130
-130 -128 -130 130
-128 130 130 130
132 -132 132 130
-132 -132 130 -132
-132 -130 -132 132
-130 132 132 132
134 -134 134 132
-134 -134 132 -134
-134 -132 -134 134
-132 134 134 134
136 -136 136 134
-136 -136 134 -136
-136 -134 -136 136
-134 136 136 136
138 -138 138 136
-138 -138 136 -138
-138 -136 -138 138
-136 138 138 138
140 -140 140 138
-140 -140 138 -140
-140 -138 -140 140
-138 140 140 140
142 -142 142 140
-142 -142 140 -142
-142 -140 -142 142
-140 142 142 142
144 -144 144 142
-144 -144 142 -144
-144 -142 -144 144
-142 144 144 144
146 -146 146 144
-146 -146 144 -146
-146 -144 -146 146
-144 146 146 146
148 -148 148 146
-148 -148 146 -148
-148 -146 -148 148
-146 148 148 148
150 -150 150 148
-150 -150 148 -150
-150 -148 -150 150
-148 150 150 150
152 -152 152 150
-152 -152 150 -152
-152 -150 -152 152
-150 152 152 152
154 -154 154 152
-154 -154 152 -154
-154 -152 -154 154
-152 154 154 154
156 -156 156 154
-156 -156 154 -156
-156 -154 -156 156
-154 156 156 156
158 -158 158 156
-158 -158 156 -158
-158 -156 -158 158
-156 158 158 158
160 -160 160 158
-160 -160 158 -160
-160 -158 -160 160
-158 160 160 160
162 -162 162 160
-162 -162 160 -162
-162 -160 -162 162
-160 162 162 162
164 -164 164 162
-164 -164 162 -164
-164 -162 -164 164
-162 164 164 164
166 -166 166 164
-166 -166 164 -166
-166 -164 -166 166
-164 166 166 166
168 -168 168 166
-168 -168 166 -168
-168 -166 -168 168
-166 168 168 168
170 -170 170 168
-170 -170 168 -170
-170 -168 -170 170
-168 170 170 170
172 -172 172 170
-172 -172 170 -172
-172 -170 -172 172
-170 172 172 172
174 -174 174 172
-174 -174 172 -174
-174 -172 -174 174
-172 174 174 174
176 -176 176 174
-176 -176 174 -176
-176 -174 -176 176
-174 176 176 176
178 -178 178 176
-178 -178 176 -178
-178 -176 -178 178
-176 178 178 178
180 -180 180 178
-180 -180 178 -180
-180 -178 -180 180
-178 180 180 180
182 -182 182 180
-182 -182 180 -182
-182 -180 -182 182
-180 182 182 182
184 -184 184 182
-184 -184 182 -184
-184 -182 -184 184
-182 184 184 184
186 -186 186 184
-186 -186 184 -186
-186 -184 -186 186
-184 186 186 186
188 -188 188 186
-188 -188 186 -188
-188 -186 -188 188
-186 188 188 188
190 -190 190 188
-190 -190 188 -190
-190 -188 -190 190
-188 190 190 190
192 -192 192 190
-192 -192 190 -192
-192 -190 -192 192
-190 192 192 192
194 -194 194 192
-194 -194 192 -194
-194 -192 -194 194
-192 194 194 194
196 -196 196 194
-196 -196 194 -196
-196 -194 -196 196
-194 196 196 196
198 -198 198 196
-198 -198 196 -198
-198 -196 -198 198
-196 198 198 198
200 -200 200 198
-200 -200 198 -200
-200 -198 -200 200
-198 200 200 200
202 -202 202 200
-202 -202 200 -202
-202 -200 -202 202
-200 202 202 202
204 -204 204 202
-204 -204 202 -204
-204 -202 -204 204
-202 204 204 204
206 -206 206 204
-206 -206 204 -206
-206 -204 -206 206
-204 206 206 206
208 -208 208 206
-208 -208 206 -208
-208 -206 -208 208
-206 208 208 208
210 -210 210 208
-210 -210 208 -210
-210 -208 -210 210
-208 210 210 210
212 -212 212 210
-212 -212 210 -212
-212 -210 -212 212
-210 212 212 212
214 -214 214 212
-214 -214 212 -214
-214 -212 -214 214
-212 214 214 214
216 -216 216 214
-216 -216 214 -216
-216 -214 -216 216
-214 216 216 216
218 -218 218 216
-218 -218 216 -218
-218 -216 -218 218
-216 218 218 218
220 -220 220 218
-220 -220 218 -220
-220 -218 -220 220
-218 220 220 220
222 -222 222 220
-222 -222 220 -222
-222 -220 -222 222
-220 222 222 222
224 -224 224 222
-224 -224 222 -224
-224 -222 -224 224
-222 224 224 224
226 -226 226 224
-226 -226 224 -226
-226 -224 -226 226
-224 226 226 226
228 -228 228 226
-228 -228 226 -228
-228 -226 -228 228
-226 228 228 228
230 -230 230 228
-230 -230 228 -230
-230 -228 -230 230
-228 230 230 230
232 -232 232 230
-232 -232 230 -232
-232 -230 -232 232
-230 232 232 232
234 -234 234 232
-234 -234 232 -234
-234 -232 -234 234
-232 234 234 234
236 -236 236 234
-236 -236 234 -236
-236 -234 -236 236
-234 236 236 236
238 -238 238 236
-238 -238 236 -238
-238 -236 -238 238
-236 238 238 238
240 -240 240 238
-240 -240 238 -240
-240 -238 -240 240
-238 240 240 240
242 -242 242 240
-242 -242 240 -242
-242 -240 -242 242
-240 242 242 242
244 -244 244 242
-244 -244 242 -244
-244 -242 -244 244
-242 244 244 244
246 -246 246 244
-246 -246 244 -246
-246 -244 -246 246
-244 246 246 246
248 -248 248 246
-248 -248 246 -248
-248 -246 -248 248
-246 248 248 248
250 -250 250 248
-250 -250 248 -250
-250 -248 -250 250
-248 250 250 250
252 -252 252 250
-252 -252 250 -252
-252 -250 -252 252
-250 252 252 252
254 -254 254 252
-254 -254 252 -254
-254 -252 -254 254
-252 254 254 254
256 -256 256 254
-256 -256 254 -256
-256 -254 -256 256
-254 256 256 256
258 -258 258 256
-258 -258 256 -258
-258 -256 -258 258
-256 258 258 258
260 -260 260 258
-260 -260 258 -260
-260 -258 -260 260
-258 260 260 260
262 -262 262 260
-262 -262 260 -262
-262 -260 -262 262
-260 262 262 262
264 -264 264 262
-264 -264 262 -264
-264 -262 -264 264
-262 264 264 264
266 -266 266 264
-266 -266 264 -266
-266 -264 -266 266
-264 266 266 266
268 -268 268 266
-268 -268 266 -268
-268 -266 -268 268
-266 268 268 268
270 -270 270 268
-270 -270 268 -270
-270 -268 -270 270
-268 270 270 270
272 -272 272 270
-272 -272 270 -272
-272 -270 -272 272
-270 272 272 272
274 -274 274 272
-274 -274 272 -274
-274 -272 -274 274
-272 274 274 274
276 -276 276 274
-276 -276 274 -276
-276 -274 -276 276
-274 276 276 276
278 -278 278 276
-278 -278 276 -278
-278 -276 -278 278
-276 278 278 278
280 -280 280 278
-280 -280 278 -280
-280 -278 -280 280
-278 280 280 280
282 -282 282 280
-282 -282 280 -282
-282 -280 -282 282
-280 282 282 282
284 -284 284 282
-284 -284 282 -284
-284 -282 -284 284
-282 284 284 284
286 -286 286 284
-286 -286 284 -286
-286 -284 -286 286
-284 286 286 286
288 -288 288 286
-288 -288 286 -288
-288 -286 -288 288
-286 288 288 288
290 -290 290 288
-290 -290 288 -290
-290 -288 -290 290
-288 290 290 290
292 -292 292 290
-292 -292 290 -292
-292 -290 -292 292
-290 292 292 292
294 -294 294 292
-294 -294 292 -294
-294 -292 -294 294
-292 294 294 294
296 -296 296 294
-296 -296 294 -296
-296 -294 -296 296
-294 296 296 296
298 -298 298 296
-298 -298 296 -298
-298 -296 -298 298
-296 298 298 298
300 -300 300 298
-300 -300 298 -300
-300 -298 -300 300
-298 300 300 300
302 -302 302 300
-302 -302 300 -302
-302 -300 -302 302
-300 302 302 302
304 -304 304 302
-304 -304 302 -304
-304 -302 -304 304
-302 304 304 304
306 -306 306 304
-306 -306 304 -306
-306 -304 -306 306
-304 306 306 306
308 -308 308 306
-308 -308 306 -308
-308 -306 -308 308
-306 308 308 308
310 -310 310 308
-310 -310 308 -310
-310 -308 -310 310
-308 310 310 310
312 -312 312 310
-312 -312 310 -312
-312 -310 -312 312
-310 312 312 312
314 -314 314 312
-314 -314 312 -314
-314 -312 -314 314
-312 314 314 314
316 -316 316 314
-316 -316 314 -316
-316 -314 -316 316
-314 316 316 316
318 -318 318 316
-318 -318 316 -318
-318 -316 -318 318
-316 318 318 318
320 -320 320 318
-320 -320 318 -320
-320 -318 -320 320
-318 320 320 320
322 -322 322 320
-322 -322 320 -322
-322 -320 -322 322
-320 322 322 322
324 -324 324 322
-324 -324 322 -324
-324 -322 -324 324
-322 324 324 324
326 -326 326 324
-326 -326 324 -326
-326 -324 -326 326
-324 326 326 326
328 -328 328 326
-328 -328 326 -328
-328 -326 -328 328
-326 328 328 328
330 -330 330 328
-330 -330 328 -330
-330 -328 -330 330
-328 330 330 330
332 -332 332 330
-332 -332 330 -332
-332 -330 -332 332
-330 332 332 332
334 -334 334 332
-334 -334 332 -334
-334 -332 -334 334
-332 334 334 334
336 -336 336 334
-336 -336 334 -336
-336 -334 -336 336
-334 336 336 336
338 -338 338 336
-338 -338 336 -338
-338 -336 -338 338
-336 338 338 338
340 -340 340 338
-340 -340 338 -340
-340 -338 -340 340
-338 340 340 340
342 -342 342 340
-342 -342 340 -342
-342 -340 -342 342
-340 342 342 342
344 -344 344 342
-344 -344 342 -344
-344 -342 -344 344
-342 344 344 344
346 -346 346 344
-346 -346 344 -346
-346 -344 -346 346
-344 346 346 346
348 -348 348 346
-348 -348 346 -348
-348 -346 -348 348
-346 348 348 348
350 -350 350 348
-350 -350 348 -350
-350 -348 -350 350
-348 350 350 350
352 -352 352 350
-352 -352 350 -352
-352 -350 -352 352
-350 352 352 352
354 -354 354 352
-354 -354 352 -354
-354 -352 -354 354
-352 354 354 354
356 -356 356 354
-356 -356 354 -356
-356 -354 -356 356
-354 356 356 356
358 -358 358 356
-358 -358 356 -358
-358 -356 -358 358
-356 358 358 358
360 -360 360 358
-360 -360 358 -360
-360 -358 -360 360
-358 360 360 360
362 -362 362 360
-362 -362 360 -362
-362 -360 -362 362
-360 362 362 362
364 -364 364 362
-364 -364 362 -364
-364 -362 -364 364
-362 364 364 364
366 -366 366 364
-366 -366 364 -366
-366 -364 -366 366
-364 366 366 366
368 -368 368 366
-368 -368 366 -368
-368 -366 -368 368
-366 368 368 368
370 -370 370 368
-370 -370 368 -370
-370 -368 -370 370
-368 370 370 370
372 -372 372 370
-372 -372 370 -372
-372 -370 -372 372
-370 372 372 372
374 -374 374 372
-374 -374 372 -374
-374 -372 -374 374
-372 374 374 374
376 -376 376 374
-376 -376 374 -376
-376 -374 -376 376
-374 376 376 376
378 -378 378 376
-378 -378 376 -378
-378 -376 -378 378
-376 378 378 378
380 -380 380 378
-380 -380 378 -380
-380 -378 -380 380
-378 380 380 380
382 -382 382 380
-382 -382 380 -382
-382 -380 -382 382
-380 382 382 382
384 -384 384 382
-384 -384 382 -384
-384 -382 -384 384
-382 384 384 384
386 -386 386 384
-386 -386 384 -386
-386 -384 -386 386
-384 386 386 386
388 -388 388 386
-388 -388 386 -388
-388 -386 -388 388
-386 388 388 388
390 -390 390 388
-390 -390 388 -390
-390 -388 -390 390
-388 390 390 390
392 -392 392 390
-392 -392 390 -392
-392 -390 -392 392
-390 392 392 392
394 -394 394 392
-394 -394 392 -394
-394 -392 -394 394
-392 394 394 394
396 -396 396 394
-396 -396 394 -396
-396 -394 -396 396
-394 396 396 396
398 -398 398 396
-398 -398 396 -398
-398 -396 -398 398
-396 398 398 398
400 -400 400 398
-400 -400 398 -400
-400 -398 -400 400
-398 400 400 400
402 -402 402 400
-402 -402 400 -402
-402 -400 -402 402
-400 402 402 402
404 -404 404 402
-404 -404 402 -404
-404 -402 -404 404
-402 404 404 404
406 -406 406 404
-406 -406 404 -406
-406 -404 -406 406
-404 406 406 406
408 -408 408 406
-408 -408 406 -408
-408 -406 -408 408
-406 408 408 408
410 -410 410 408
-410 -410 408 -410
-410 -408 -410 410
-408 410 410 410
412 -412 412 410
-412 -412 410 -412
-412 -410 -412 412
-410 412 412 412
414 -414 414 412
-414 -414 412 -414
-414 -412 -414 414
-412 414 414 414
416 -416 416 414
-416 -416 414 -416
-416 -414 -416 416
-414 416 416 416
418 -418 418 416
-418 -418 416 -418
-418 -416 -418 418
-416 418 418 418
420 -420 420 418
-420 -420 418 -420
-420 -418 -420 420
-418 420 420 420
422 -422 422 420
-422 -422 420 -422
-422 -420 -422 422
-420 422 422 422
424 -424 424 422
-424 -424 422 -424
-424 -422 -424 424
-422 424 424 424
426 -426 426 424
-426 -426 424 -426
-426 -424 -426 426
-424 426 426 426
428 -428 428 426
-428 -428 426 -428
-428 -426 -428 428
-426 428 428 428
430 -430 430 428
-430 -430 428 -430
-430 -428 -430 430
-428 430 430 430
432 -432 432 430
-432 -432 430 -432
-432 -430 -432 432
-430 432 432 432
434 -434 434 432
-434 -434 432 -434
-434 -432 -434 434
-432 434 434 434
436 -436 436 434
-436 -436 434 -436
-436 -434 -436 436
-434 436 436 436
438 -438 438 436
-438 -438 436 -438
-438 -436 -438 438
-436 438 438 438
440 -440 440 438
-440 -440 438 -440
-440 -438 -440 440
-438 440 440 440
442 -442 442 440
-442 -442 440 -442
-442 -440 -442 442
-440 442 442 442
444 -444 444 442
-444 -444 442 -444
-444 -442 -444 444
-442 444 444 444
446 -446 446 444
-446 -446 444 -446
-446 -444 -446 446
-444 446 446 446
448 -448 448 446
-448 -448 446 -448
-448 -446 -448 448
-446 448 448 448
450 -450 450 448
-450 -450 448 -450
-450 -448 -450 450
-448 450 450 450
452 -452 452 450
-452 -452 450 -452
-452 -450 -452 452
-450 452 452 452
454 -454 454 452
-454 -454 452 -454
-454 -452 -454 454
-452 454 454 454
456 -456 456 454
-456 -456 454 -456
-456 -454 -456 456
-454 456 456 456
458 -458 458 456
-458 -458 456 -458
-458 -456 -458 458
-456 458 458 458
460 -460 460 458
-460 -460 458 -460
-460 -458 -460 460
-458 460 460 460
462 -462 462 460
-462 -462 460 -462
-462 -460 -462 462
-460 462 462 462
464 -464 464 462
-464 -464 462 -464
-464 -462 -464 464
-462 464 464 464
466 -466 466 464
-466 -466 464 -466
-466 -464 -466 466
-464 466 466 466
468 -468 468 466
-468 -468 466 -468
-468 -466 -468 468
-466 468 468 468
470 -470 470 468
-470 -470 468 -470
-470 -468 -470 470
-468 470 470 470
472 -472 472 470
-472 -472 470 -472
-472 -470 -472 472
-470 472 472 472
474 -474 474 472
-474 -474 472 -474
-474 -472 -474 474
-472 474 474 474
476 -476 476 474
-476 -476 474 -476
-476 -474 -476 476
-474 476 476 476
478 -478 478 476
-478 -478 476 -478
-478 -476 -478 478
-476 478 478 478
480 -480 480 478
-480 -480 478 -480
-480 -478 -480 480
-478 480 480 480
482 -482 482 480
-482 -482 480 -482
-482 -480 -482 482
-480 482 482 482
484 -484 484 482
-484 -484 482 -484
-484 -482 -484 484
-482 484 484 484
486 -486 486 484
-486 -486 484 -486
-486 -484 -486 486
-484 486 486 486
488 -488 488 486
-488 -488 486 -488
-488 -486 -488 488
-486 488 488 488
490 -490 490 488
-490 -490 488 -490
-490 -488 -490 490
-488 490 490 490
492 -492 492 490
-492 -492 490 -492
-492 -490 -492 492
-490 492 492 492
494 -494 494 492
-494 -494 492 -494
-494 -492 -494 494
-492 494 494 494
496 -496 496 494
-496 -496 494 -496
-496 -494 -496 496
-494 496 496 496
498 -498 498 496
-498 -498 496 -498
-498 -496 -498 498
-496 498 498 498
500 -500 500 498
-500 -500 498 -500
-500 -498 -500 500
-498 500 500 500
502 -502 502 500
-502 -502 500 -502
-502 -500 -502 502
-500 502 502 502
504 -504 504 502
-504 -504 502 -504
-504 -502 -504 504
-502 504 504 504
506 -506 506 504
-506 -506 504 -506
-506 -504 -506 506
-504 506 506 506
508 -508 508 506
-508 -508 506 -508
-508 -506 -508 508
-506 508 508 508
510 -510 510 508
-510 -510 508 -510
-510 -508 -510 510
-508 510 510 510
512 -512 512 510
-512 -512 510 -512
-512 -510 -512 512
-510 512 512 512
514 -514 514 512
-514 -514 512 -514
-514 -512 -514 514
-512 514 514 514
516 -516 516 514
-516 -516 514 -516
-516 -514 -516 516
-514 516 516 516
518 -518 518 516
-518 -518 516 -518
-518 -516 -518 518
-516 518 518 518
520 -520 520 518
-520 -520 518 -520
-520 -518 -520 520
-518 520 520 520
522 -522 522 520
-522 -522 520 -522
-522 -520 -522 522
-520 522 522 522
524 -524 524 522
-524 -524 522 -524
-524 -522 -524 524
-522 524 524 524
526 -526 526 524
-526 -526 524 -526
-526 -524 -526 526
-524 526 526 526
528 -528 528 526
-528 -528 526 -528
-528 -526 -528 528
-526 528 528 528
530 -530 530 528
-530 -530 528 -530
-530 -528 -530 530
-528 530 530 530
532 -532 532 530
-532 -532 530 -532
-532 -530 -532 532
-530 532 532 532
534 -534 534 532
-534 -534 532 -534
-534 -532 -534 534
-532 534 534 534
536 -536 536 534
-536 -536 534 -536
-536 -534 -536 536
-534 536 536 536
538 -538 538 536
-538 -538 536 -538
-538 -536 -538 538
-536 538 538 538
540 -540 540 538
-540 -540 538 -540
-540 -538 -540 540
-538 540 540 540
542 -542 542 540
-542 -542 540 -542
-542 -540 -542 542
-540 542 542 542
544 -544 544 542
-544 -544 542 -544
-544 -542 -544 544
-542 544 544 544
546 -546 546 544
-546 -546 544 -546
-546 -544 -546 546
-544 546 546 546
548 -548 548 546
-548 -548 546 -548
-548 -546 -548 548
-546 548 548 548
550 -550 550 548
-550 -550 548 -550
-550 -548 -550 550
-548 550 550 550
552 -552 552 550
-552 -552 550 -552
-552 -550 -552 552
-550 552 552 552
554 -554 554 552
-554 -554 552 -554
-554 -552 -554 554
-552 554 554 554
556 -556 556 554
-556 -556 554 -556
-556 -554 -556 556
-554 556 556 556
558 -558 558 556
-558 -558 556 -558
-558 -556 -558 558
-556 558 558 558
560 -560 560 558
-560 -560 558 -560
-560 -558 -560 560
-558 560 560 560
562 -562 562 560
-562 -562 560 -562
-562 -560 -562 562
-560 562 562 562
564 -564 564 562
-564 -564 562 -564
-564 -562 -564 564
-562 564 564 564
566 -566 566 564
-566 -566 564 -566
-566 -564 -566 566
-564 566 566 566
568 -568 568 566
-568 -568 566 -568
-568 -566 -568 568
-566 568 568 568
570 -570 570 568
-570 -570 568 -570
-570 -568 -570 570
-568 570 570 570
572 -572 572 570
-572 -572 570 -572
-572 -570 -572 572
-570 572 572 572
574 -574 574 572
-574 -574 572 -574
-574 -572 -574 574
-572 574 574 574
576 -576 576 574
-576 -576 574 -576
-576 -574 -576 576
-574 576 576 576
578 -578 578 576
-578 -578 576 -578
-578 -576 -578 578
-576 578 578 578
580 -580 580 578
-580 -580 578 -580
-580 -578 -580 580
-578 580 580 580
582 -582 582 580
-582 -582 580 -582
-582 -580 -582 582
-580 582 582 582
584 -584 584 582
-584 -584 582 -584
-584 -582 -584 584
-582 584 584 584
586 -586 586 584
-586 -586 584 -586
-586 -584 -586 586
-584 586 586 586
588 -588 588 586
-588 -588 586 -588
-588 -586 -588 588
-586 588 588 588
590 -590 590 588
-590 -590 588 -590
-590 -588 -590 590
-588 590 590 590
592 -592 592 590
-592 -592 590 -592
-592 -590 -592 592
-590 592 592 592
594 -594 594 592
-594 -594 592 -594
-594 -592 -594 594
-592 594 594 594
596 -596 596 594
-596 -596 594 -596
-596 -594 -596 596
-594 596 596 596
598 -598 598 596
-598 -598 596 -598
-598 -596 -598 598
-596 598 598 598
600 -600 600 598
-600 -600 598 -600
-600 -598 -600 600
-598 600 600 600
602 -602 602 600
-602 -602 600 -602
-602 -600 -602 602
-600 602 602 602
604 -604 604 602
-604 -604 602 -604
-604 -602 -604 604
-602 604 604 604
606 -606 606 604
-606 -606 604 -606
-606 -604 -606 606
-604 606 606 606
608 -608 608 606
-608 -608 606 -608
-608 -606 -608 608
-606 608 608 608
610 -610 610 608
-610 -610 608 -610
-610 -608 -610 610
-608 610 610 610
612 -612 612 610
-612 -612 610 -612
-612 -610 -612 612
-610 612 612 612
614 -614 614 612
-614 -614 612 -614
-614 -612 -614 614
-612 614 614 614
616 -616 616 614
-616 -616 614 -616
-616 -614 -616 616
-614 616 616 616
618 -618 618 616
-618 -618 616 -618
-618 -616 -618 618
-616 618 618 618
620 -620 620 618
-620 -620 618 -620
-620 -618 -620 620
-618 620 620 620
622 -622 622 620
-622 -622 620 -622
-622 -620 -622 622
-620 622 622 622
624 -624 624 622
-624 -624 622 -624
-624 -622 -624 624
-622 624 624 624
626 -626 626 624
-626 -626 624 -626
-626 -624 -626 626
-624 626 626 626
628 -628 628 626
-628 -628 626 -628
-628 -626 -628 628
-626 628 628 628
630 -630 630 628
-630 -630 628 -630
-630 -628 -630 630
-628 630 630 630
632 -632 632 630
-632 -632 630 -632
-632 -630 -632 632
-630 632 632 632
634 -634 634 632
-634 -634 632 -634
-634 -632 -634 634
-632 634 634 634
636 -636 636 634
-636 -636 634 -636
-636 -634 -636 636
-634 636 636 636
638 -638 638 636
-638 -638 636 -638
-638 -636 -638 638
-636 638 638 638
640 -640 640 638
-640 -640 638 -640
-640 -638 -640 640
-638 640 640 640
642 -642 642 640
-642 -642 640 -642
-642 -640 -642 642
-640 642 642 642
644 -644 644 642
-644 -644 642 -644
-644 -642 -644 644
-642 644 644 644
646 -646 646 644
-646 -646 644 -646
-646 -644 -646 646
-644 646 646 646
648 -648 648 646
-648 -648 646 -648
-648 -646 -648 648
-646 648 648 648
650 -650 650 648
-650 -650 648 -650
-650 -648 -650 650
-648 650 650 650
652 -652 652 650
-652 -652 650 -652
-652 -650 -652 652
-650 652 652 652
654 -654 654 652
-654 -654 652 -654
-654 -652 -654 654
-652 654 654 654
656 -656 656 654
-656 -656 654 -656
-656 -654 -656 656
-654 656 656 656
658 -658 658 656
-658 -658 656 -658
-658 -656 -658 658
-656 658 658 658
660 -660 660 658
-660 -660 658 -660
-660 -658 -660 660
-658 660 660 660
662 -662 662 660
-662 -662 660 -662
-662 -660 -662 662
-660 662 662 662
664 -664 664 662
-664 -664 662 -664
-664 -662 -664 664
-662 664 664 664
666 -666 666 664
-666 -666 664 -666
-666 -664 -666 666
-664 666 666 666
668 -668 668 666
-668 -668 666 -668
-668 -666 -668 668
-666 668 668 668
670 -670 670 668
-670 -670 668 -670
-670 -668 -670 670
-668 670 670 670
672 -672 672 670
-672 -672 670 -672
-672 -670 -672 672
-670 672 672 672
674 -674 674 672
-674 -674 672 -674
-674 -672 -674 674
-672 674 674 674
676 -676 676 674
-676 -676 674 -676
-676 -674 -676 676
-674 676 676 676
678 -678 678 676
-678 -678 676 -678
-678 -676 -678 678
-676 678 678 678
680 -680 680 678
-680 -680 678 -680
-680 -678 -680 680
-678 680 680 680
682 -682 682 680
-682 -682 680 -682
-682 -680 -682 682
-680 682 682 682
684 -684 684 682
-684 -684 682 -684
-684 -682 -684 684
-682 684 684 684
686 -686 686 684
-686 -686 684 -686
-686 -684 -686 686
-684 686 686 686
688 -688 688 686
-688 -688 686 -688
-688 -686 -688 688
-686 688 688 688
690 -690 690 688
-690 -690 688 -690
-690 -688 -690 690
-688 690 690 690
692 -692 692 690
-692 -692 690 -692
-692 -690 -692 692
-690 692 692 692
694 -694 694 692
-694 -694 692 -694
-694 -692 -694 694
-692 694 694 694
696 -696 696 694
-696 -696 694 -696
-696 -694 -696 696
-694 696 696 696
698 -698 698 696
-698 -698 696 -698
-698 -696 -698 698
-696 698 698 698
700 -700 700 698
-700 -700 698 -700
-700 -698 -700 700
-698 700 700 700
702 -702 702 700
-702 -702 700 -702
-702 -700 -702 702
-700 702 702 702
704 -704 704 702
-704 -704 702 -704
-704 -702 -704 704
-702 704 704 704
706 -706 706 704
-706 -706 704 -706
-706 -704 -706 706
-704 706 706 706
708 -708 708 706
-708 -708 706 -708
-708 -706 -708 708
-706 708 708 708
710 -710 710 708
-710 -710 708 -710
-710 -708 -710 710
-708 710 710 710
712 -712 712 710
-712 -712 710 -712
-712 -710 -712 712
-710 712 712 712
714 -714 714 712
-714 -714 712 -714
-714 -712 -714 714
-712 714 714 714
716 -716 716 714
-716 -716 714 -716
-716 -714 -716 716
-714 716 716 716
718 -718 718 716
-718 -718 716 -718
-718 -716 -718 718
-716 718 718 718
720 -720 720 718
-720 -720 718 -720
-720 -718 -720 720
-718 720 720 720
722 -722 722 720
-722 -722 720 -722
-722 -720 -722 722
-720 722 722 722
724 -724 724 722
-724 -724 722 -724
-724 -722 -724 724
-722 724 724 724
726 -726 726 724
-726 -726 724 -726
-726 -724 -726 726
-724 726 726 726
728 -728 728 726
-728 -728 726 -728
-728 -726 -728 728
-726 728 728 728
730 -730 730 728
-730 -730 728 -730
-730 -728 -730 730
-728 730 730 730
732 -732 732 730
-732 -732 730 -732
-732 -730 -732 732
-730 732 732 732
734 -734 734 732
-734 -734 732 -734
-734 -732 -734 734
-732 734 734 734
736 -736 736 734
-736 -736 734 -736
-736 -734 -736 736
-734 736 736 736
738 -738 738 736
-738 -738 736 -738
-738 -736 -738 738
-736 738 738 738
740 -740 740 738
-740 -740 738 -740
-740 -738 -740 740
-738 740 740 740
742 -742 742 740
-742 -742 740 -742
-742 -740 -742 742
-740 742 742 742
744 -744 744 742
-744 -744 742 -744
-744 -742 -744 744
-742 744 744 744
746 -746 746 744
-746 -746 744 -746
-746 -744 -746 746
-744 746 746 746
748 -748 748 746
-748 -748 746 -748
-748 -746 -748 748
-746 748 748 748
750 -750 750 748
-750 -750 748 -750
-750 -748 -750 750
-748 750 750 750
752 -752 752 750
-752 -752 750 -752
-752 -750 -752 752
-750 752 752 752
754 -754 754 752
-754 -754 752 -754
-754 -752 -754 754
-752 754 754 754
756 -756 756 754
-756 -756 754 -756
-756 -754 -756 756
-754 756 756 756
758 -758 758 756
-758 -758 756 -758
-758 -756 -758 758
-756 758 758 758
760 -760 760 758
-760 -760 758 -760
-760 -758 -760 760
-758 760 760 760
762 -762 762 760
-762 -762 760 -762
-762 -760 -762 762
-760 762 762 762
764 -764 764 762
-764 -764 762 -764
-764 -762 -764 764
-762 764 764 764
766 -766 766 764
-766 -766 764 -766
-766 -764 -766 766
-764 766 766 766
768 -768 768 766
-768 -768 766 -768
-768 -766 -768 768
-766 768 768 768
770 -770 770 768
-770 -770 768 -770
-770 -768 -770 770
-768 770 770 770
772 -772 772 770
-772 -772 770 -772
-772 -770 -772 772
-770 772 772 772
774 -774 774 772
-774 -774 772 -774
-774 -772 -774 774
-772 774 774 774
776 -776 776 774
-776 -776 774 -776
-776 -774 -776 776
-774 776 776 776
778 -778 778 776
-778 -778 776 -778
-778 -776 -778 778
-776 778 778 778
780 -780 780 778
-780 -780 778 -780
-780 -778 -780 780
-778 780 780 780
782 -782 782 780
-782 -782 780 -782
-782 -780 -782 782
-780 782 782 782
784 -784 784 782
-784 -784 782 -784
-784 -782 -784 784
-782 784 784 784
786 -786 786 784
-786 -786 784 -786
-786 -784 -786 786
-784 786 786 786
788 -788 788 786
-788 -788 786 -788
-788 -786 -788 788
-786 788 788 788
790 -790 790 788
-790 -790 788 -790
-790 -788 -790 790
-788 790 790 790
792 -792 792 790
-792 -792 790 -792
-792 -790 -792 792
-790 792 792 792
794 -794 794 792
-794 -794 792 -794
-794 -792 -794 794
-792 794 794 794
796 -796 796 794
-796 -796 794 -796
-796 -794 -796 796
-794 796 796 796
798 -798 798 796
-798 -798 796 -798
-798 -796 -798 798
-796 798 798 798
800 -800 800 798
-800 -800 798 -800
-800 -798 -800 800
-798 800 800 800
802 -802 802 800
-802 -802 800 -802
-802 -800 -802 802
-800 802 802 802
804 -804 804 802
-804 -804 802 -804
-804 -802 -804 804
-802 804 804 804
806 -806 806 804
-806 -806 804 -806
-806 -804 -806 806
-804 806 806 806
808 -808 808 806
-808 -808 806 -808
-808 -806 -808 808
-806 808 808 808
810 -810 810 808
-810 -810 808 -810
-810 -808 -810 810
-808 810 810 810
812 -812 812 810
-812 -812 810 -812
-812 -810 -812 812
-810 812 812 812
814 -814 814 812
-814 -814 812 -814
-814 -812 -814 814
-812 814 814 814
816 -816 816 814
-816 -816 814 -816
-816 -814 -816 816
-814 816 816 816
818 -818 818 816
-818 -818 816 -818
-818 -816 -818 818
-816 818 818 818
820 -820 820 818
-820 -820 818 -820
-820 -818 -820 820
-818 820 820 820
822 -822 822 820
-822 -822 820 -822
-822 -820 -822 822
-820 822 822 822
824 -824 824 822
-824 -824 822 -824
-824 -822 -824 824
-822 824 824 824
826 -826 826 824
-826 -826 824 -826
-826 -824 -826 826
-824 826 826 826
828 -828 828 826
-828 -828 826 -828
-828 -826 -828 828
-826 828 828 828
830 -830 830 828
-830 -830 828 -830
-830 -828 -830 830
-828 830 830 830
832 -832 832 830
-832 -832 830 -832
-832 -830 -832 832
-830 832 832 832
834 -834 834 832
-834 -834 832 -834
-834 -832 -834 834
-832 834 834 834
836 -836 836 834
-836 -836 834 -836
-836 -834 -836 836
-834 836 836 836
838 -838 838 836
-838 -838 836 -838
-838 -836 -838 838
-836 838 838 838
840 -840 840 838
-840 -840 838 -840
-840 -838 -840 840
-838 840 840 840
842 -842 842 840
-842 -842 840 -842
-842 -840 -842 842
-840 842 842 842
844 -844 844 842
-844 -844 842 -844
-844 -842 -844 844
-842 844 844 844
846 -846 846 844
-846 -846 844 -846
-846 -844 -846 846
-844 846 846 846
848 -848 848 846
-848 -848 846 -848
-848 -846 -848 848
-846 848 848 848
850 -850 850 848
-850 -850 848 -850
-850 -848 -850 850
-848 850 850 850
852 -852 852 850
-852 -852 850 -852
-852 -850 -852 852
-850 852 852 852
854 -854 854 852
-854 -854 852 -854
-854 -852 -854 854
-852 854 854 854
856 -856 856 854
-856 -856 854 -856
-856 -854 -856 856
-854 856 856 856
858 -858 858 856
-858 -858 856 -858
-858 -856 -858 858
-856 858 858 858
860 -860 860 858
-860 -860 858 -860
-860 -858 -860 860
-858 860 860 860
862 -862 862 860
-862 -862 860 -862
-862 -860 -862 862
-860 862 862 862
864 -864 864 862
-864 -864 862 -864
-864 -862 -864 864
-862 864 864 864
866 -866 866 864
-866 -866 864 -866
-866 -864 -866 866
-864 866 866 866
868 -868 868 866
-868 -868 866 -868
-868 -866 -868 868
-866 868 868 868
870 -870 870 868
-870 -870 868 -870
-870 -868 -870 870
-868 870 870 870
872 -872 872 870
-872 -872 870 -872
-872 -870 -872 872
-870 872 872 872
874 -874 874 872
-874 -874 872 -874
-874 -872 -874 874
-872 874 874 874
876 -876 876 874
-876 -876 874 -876
-876 -874 -876 876
-874 876 876 876
878 -878 878 876
-878 -878 876 -878
-878 -876 -878 878
-876 878 878 878
880 -880 880 878
-880 -880 878 -880
-880 -878 -880 880
-878 880 880 880
882 -882 882 880
-882 -882 880 -882
-882 -880 -882 882
-880 882 882 882
884 -884 884 882
-884 -884 882 -884
-884 -882 -884 884
-882 884 884 884
886 -886 886 884
-886 -886 884 -886
-886 -884 -886 886
-884 886 886 886
888 -888 888 886
-888 -888 886 -888
-888 -886 -888 888
-886 888 888 888
890 -890 890 888
-890 -890 888 -890
-890 -888 -890 890
-888 890 890 890
892 -892 892 890
-892 -892 890 -892
-892 -890 -892 892
-890 892 892 892
894 -894 894 892
-894 -894 892 -894
-894 -892 -894 894
-892 894 894 894
896 -896 896 894
-896 -896 894 -896
-896 -894 -896 896
-894 896 896 896
898 -898 898 896
-898 -898 896 -898
-898 -896 -898 898
-896 898 898 898
900 -900 900 898
-900 -900 898 -900
-900 -898 -900 900
-898 900 900 900
902 -902 902 900
-902 -902 900 -902
-902 -900 -902 902
-900 902 902 902
904 -904 904 902
-904 -904 902 -904
-904 -902 -904 904
-902 904 904 904
906 -906 906 904
-906 -906 904 -906
-906 -904 -906 906
-904 906 906 906
908 -908 908 906
-908 -908 906 -908
-908 -906 -908 908
-906 908 908 908
910 -910 910 908
-910 -910 908 -910
-910 -908 -910 910
-908 910 910 910
912 -912 912 910
-912 -912 910 -912
-912 -910 -912 912
-910 912 912 912
914 -914 914 912
-914 -914 912 -914
-914 -912 -914 914
-912 914 914 914
916 -916 916 914
-916 -916 914 -916
-916 -914 -916 916
-914 916 916 916
918 -918 918 916
-918 -918 916 -918
-918 -916 -918 918
-916 918 918 918
920 -920 920 918
-920 -920 918 -920
-920 -918 -920 920
-918 920 920 920
922 -922 922 920
-922 -922 920 -922
-922 -920 -922 922
-920 922 922 922
924 -924 924 922
-924 -924 922 -924
-924 -922 -924 924
-922 924 924 924
926 -926 926 924
-926 -926 924 -926
-926 -924 -926 926
-924 926 926 926
928 -928 928 926
-928 -928 926 -928
-928 -926 -928 928
-926 928 928 928
930 -930 930 928
-930 -930 928 -930
-930 -928 -930 930
-928 930 930 930
932 -932 932 930
-932 -932 930 -932
-932 -930 -932 932
-930 932 932 932
934 -934 934 932
-934 -934 932 -934
-934 -932 -934 934
-932 934 934 934
936 -936 936 934
-936 -936 934 -936
-936 -934 -936 936
-934 936 936 936
938 -938 938 936
-938 -938 936 -938
-938 -936 -938 938
-936 938 938 938
940 -940 940 938
-940 -940 938 -940
-940 -938 -940 940
-938 940 940 940
942 -942 942 940
-942 -942 940 -942
-942 -940 -942 942
-940 942 942 942
944 -944 944 942
-944 -944 942 -944
-944 -942 -944 944
-942 944 944 944
946 -946 946 944
-946 -946 944 -946
-946 -944 -946 946
-944 946 946 946
948 -948 948 946
-948 -948 946 -948
-948 -946 -948 948
-946 948 948 948
950 -950 950 948
-950 -950 948 -950
-950 -948 -950 950
-948 950 950 950
952 -952 952 950
-952 -952 950 -952
-952 -950 -952 952
-950 952 952 952
954 -954 954 952
-954 -954 952 -954
-954 -952 -954 954
-952 954 954 954
956 -956 956 954
-956 -956 954 -956
-956 -954 -956 956
-954 956 956 956
958 -958 958 956
-958 -958 956 -958
-958 -956 -958 958
-956 958 958 958
960 -960 960 958
-960 -960 958 -960
-960 -958 -960 960
-958 960 960 960
962 -962 962 960
-962 -962 960 -962
-962 -960 -962 962
-960 962 962 962
964 -964 964 962
-964 -964 962 -964
-964 -962 -964 964
-962 964 964 964
966 -966 966 964
-966 -966 964 -966
-966 -964 -966 966
-964 966 966 966
968 -968 968 966
-968 -968 966 -968
-968 -966 -968 968
-966 968 968 968
970 -970 970 968
-970 -970 968 -970
-970 -968 -970 970
-968 970 970 970
972 -972 972 970
-972 -972 970 -972
-972 -970 -972 972
-970 972 972 972
974 -974 974 972
-974 -974 972 -974
-974 -972 -974 974
-972 974 974 974
976 -976 976 974
-976 -976 974 -976
-976 -974 -976 976
-974 976 976 976
978 -978 978 976
-978 -978 976 -978
-978 -976 -978 978
-976 978 978 978
980 -980 980 978
-980 -980 978 -980
-980 -978 -980 980
-978 980 980 980
982 -982 982 980
-982 -982 980 -982
-982 -980 -982 982
-980 982 982 982
984 -984 984 982
-984 -984 982 -984
-984 -982 -984 984
-982 984 984 984
986 -986 986 984
-986 -986 984 -986
-986 -984 -986 986
-984 986 986 986
988 -988 988 986
-988 -988 986 -988
-988 -986 -988 988
-986 988 988 988
990 -990 990 988
-990 -990 988 -990
-990 -988 -990 990
-988 990 990 990
992 -992 992 990
-992 -992 990 -992
-992 -990 -992 992
-990 992 992 992
994 -994 994 992
-994 -994 992 -994
-994 -992 -994 994
-992 994 994 994
996 -996 996 994
-996 -996 994 -996
-996 -994 -996 996
-994 996 996 996
998 -998 998 996
-998 -998 996 -998
-998 -996 -998 998
-996 998 998 998
1000 -1000 1000 998
-1000 -1000 998 -1000
-1000 -998 -1000 1000
-998 1000 1000 1000
1002 -1002 1002 1000
-1002 -1002 1000 -1002
-1002 -1000 -1002 1002
-1000 1002 1002 1002
1004 -1004 1004 1002
-1004 -1004 1002 -1004
-1004 -1002 -1004 1004
-1002 1004 1004 1004
1006 -1006 1006 1004
-1006 -1006 1004 -1006
-1006 -1004 -1006 1006
-1004 1006 1006 1006
1008 -1008 1008 1006
-1008 -1008 1006 -1008
-1008 -1006 -1008 1008
-1006 1008 1008 1008
1010 -1010 1010 1008
-1010 -1010 1008 -1010
-1010 -1008 -1010 1010
-1008 1010 1010 1010
1012 -1012 1012 1010
-1012 -1012 1010 -1012
-1012 -1010 -1012 1012
-1010 1012 1012 1012
1014 -1014 1014 1012
-1014 -1014 1012 -1014
-1014 -1012 -1014 1014
-1012 1014 1014 1014
1016 -1016 1016 1014
-1016 -1016 1014 -1016
-1016 -1014 -1016 1016
-1014 1016 1016 1016
1018 -1018 1018 1016
-1018 -1018 1016 -1018
-1018 -1016 -1018 1018
-1016 1018 1018 1018
1020 -1020 1020 1018
-1020 -1020 1018 -1020
-1020 -1018 -1020 1020
-1018 1020 1020 1020
1022 -1022 1022 1020
-1022 -1022 1020 -1022
-1022 -1020 -1022 1022
-1020 1022 1022 1022
1024 -1024 1024 1022
-1024 -1024 1022 -1024
-1024 -1022 -1024 1024
-1022 1024 1024 1024
1026 -1026 1026 1024
-1026 -1026 1024 -1026
-1026 -1024 -1026 1026
-1024 1026 1026 1026
1028 -1028 1028 1026
-1028 -1028 1026 -1028
-1028 -1026 -1028 1028
-1026 1028 1028 1028
1030 -1030 1030 1028
-1030 -1030 1028 -1030
-1030 -1028 -1030 1030
-1028 1030 1030 1030
1032 -1032 1032 1030
-1032 -1032 1030 -1032
-1032 -1030 -1032 1032
-1030 1032 1032 1032
1034 -1034 1034 1032
-1034 -1034 1032 -1034
-1034 -1032 -1034 1034
-1032 1034 1034 1034
1036 -1036 1036 1034
-1036 -1036 1034 -1036
-1036 -1034 -1036 1036
-1034 1036 1036 1036
1038 -1038 1038 1036
-1038 -1038 1036 -1038
-1038 -1036 -1038 1038
-1036 1038 1038 1038
1040 -1040 1040 1038
-1040 -1040 1038 -1040
-1040 -1038 -1040 1040
-1038 1040 1040 1040
1042 -1042 1042 1040
-1042 -1042 1040 -1042
-1042 -1040 -1042 1042
-1040 1042 1042 1042
1044 -1044 1044 1042
-1044 -1044 1042 -1044
-1044 -1042 -1044 1044
-1042 1044 1044 1044
1046 -1046 1046 1044
-1046 -1046 1044 -1046
-1046 -1044 -1046 1046
-1044 1046 1046 1046
1048 -1048 1048 1046
-1048 -1048 1046 -1048
-1048 -1046 -1048 1048
-1046 1048 1048 1048
1050 -1050 1050 1048
-1050 -1050 1048 -1050
-1050 -1048 -1050 1050
-1048 1050 1050 1050
1052 -1052 1052 1050
-1052 -1052 1050 -1052
-1052 -1050 -1052 1052
-1050 1052 1052 1052
1054 -1054 1054 1052
-1054 -1054 1052 -1054
-1054 -1052 -1054 1054
-1052 1054 1054 1054
1056 -1056 1056 1054
-1056 -1056 1054 -1056
-1056 -1054 -1056 1056
-1054 1056 1056 1056
1058 -1058 1058 1056
-1058 -1058 1056 -1058
-1058 -1056 -1058 1058
-1056 1058 1058 1058
1060 -1060 1060 1058
-1060 -1060 1058 -1060
-1060 -1058 -1060 1060
-1058 1060 1060 1060
1062 -1062 1062 1060
-1062 -1062 1060 -1062
-1062 -1060 -1062 1062
-1060 1062 1062 1062
1064 -1064 1064 1062
-1064 -1064 1062 -1064
-1064 -1062 -1064 1064
-1062 1064 1064 1064
1066 -1066 1066 1064
-1066 -1066 1064 -1066
-1066 -1064 -1066 1066
-1064 1066 1066 1066
1068 -1068 1068 1066
-1068 -1068 1066 -1068
-1068 -1066 -1068 1068
-1066 1068 1068 1068
1070 -1070 1070 1068
-1070 -1070 1068 -1070
-1070 -1068 -1070 1070
-1068 1070 1070 1070
1072 -1072 1072 1070
-1072 -1072 1070 -1072
-1072 -1070 -1072 1072
-1070 1072 1072 1072
1074 -1074 1074 1072
-1074 -1074 1072 -1074
-1074 -1072 -1074 1074
-1072 1074 1074 1074
1076 -1076 1076 1074
-1076 -1076 1074 -1076
-1076 -1074 -1076 1076
-1074 1076 1076 1076
1078 -1078 1078 1076
-1078 -1078 1076 -1078
-1078 -1076 -1078 1078
-1076 1078 1078 1078
1080 -1080 1080 1078
-1080 -1080 1078 -1080
-1080 -1078 -1080 1080
-1078 1080 1080 1080
1082 -1082 1082 1080
-1082 -1082 1080 -1082
-1082 -1080 -1082 1082
-1080 1082 1082 1082
1084 -1084 1084 1082
-1084 -1084 1082 -1084
-1084 -1082 -1084 1084
-1082 1084 1084 1084
1086 -1086 1086 1084
-1086 -1086 1084 -1086
-1086 -1084 -1086 1086
-1084 1086 1086 1086
1088 -1088 1088 1086
-1088 -1088 1086 -1088
-1088 -1086 -1088 1088
-1086 1088 1088 1088
1090 -1090 1090 1088
-1090 -1090 1088 -1090
-1090 -1088 -1090 1090
-1088 1090 1090 1090
1092 -1092 1092 1090
-1092 -1092 1090 -1092
-1092 -1090 -1092 1092
-1090 1092 1092 1092
1094 -1094 1094 1092
-1094 -1094 1092 -1094
-1094 -1092 -1094 1094
-1092 1094 1094 1094
1096 -1096 1096 1094
-1096 -1096 1094 -1096
-1096 -1094 -1096 1096
-1094 1096 1096 1096
1098 -1098 1098 1096
-1098 -1098 1096 -1098
-1098 -1096 -1098 1098
-1096 1098 1098 1098
1100 -1100 1100 1098
-1100 -1100 1098 -1100
-1100 -1098 -1100 1100
-1098 1100 1100 1100
1102 -1102 1102 1100
-1102 -1102 1100 -1102
-1102 -1100 -1102 1102
-1100 1102 1102 1102
1104 -1104 1104 1102
-1104 -1104 1102 -1104
-1104 -1102 -1104 1104
-1102 1104 1104 1104
1106 -1106 1106 1104
-1106 -1106 1104 -1106
-1106 -1104 -1106 1106
-1104 1106 1106 1106
1108 -1108 1108 1106
-1108 -1108 1106 -1108
-1108 -1106 -1108 1108
-1106 1108 1108 1108
1110 -1110 1110 1108
-1110 -1110 1108 -1110
-1110 -1108 -1110 1110
-1108 1110 1110 1110
1112 -1112 1112 1110
-1112 -1112 1110 -1112
-1112 -1110 -1112 1112
-1110 1112 1112 1112
1114 -1114 1114 1112
-1114 -1114 1112 -1114
-1114 -1112 -1114 1114
-1112 1114 1114 1114
1116 -1116 1116 1114
-1116 -1116 1114 -1116
-1116 -1114 -1116 1116
-1114 1116 1116 1116
1118 -1118 1118 1116
-1118 -1118 1116 -1118
-1118 -1116 -1118 1118
-1116 1118 1118 1118
1120 -1120 1120 1118
-1120 -1120 1118 -1120
-1120 -1118 -1120 1120
-1118 1120 1120 1120
1122 -1122 1122 1120
-1122 -1122 1120 -1122
-1122 -1120 -1122 1122
-1120 1122 1122 1122
1124 -1124 1124 1122
-1124 -1124 1122 -1124
-1124 -1122 -1124 1124
-1122 1124 1124 1124
1126 -1126 1126 1124
-1126 -1126 1124 -1126
-1126 -1124 -1126 1126
-1124 1126 1126 1126
1128 -1128 1128 1126
-1128 -1128 1126 -1128
-1128 -1126 -1128 1128
-1126 1128 1128 1128
1130 -1130 1130 1128
-1130 -1130 1128 -1130
-1130 -1128 -1130 1130
-1128 1130 1130 1130
1132 -1132 1132 1130
-1132 -1132 1130 -1132
-1132 -1130 -1132 1132
-1130 1132 1132 1132
1134 -1134 1134 1132
-1134 -1134 1132 -1134
-1134 -1132 -1134 1134
-1132 1134 1134 1134
1136 -1136 1136 1134
-1136 -1136 1134 -1136
-1136 -1134 -1136 1136
-1134 1136 1136 1136
1138 -1138 1138 1136
-1138 -1138 1136 -1138
-1138 -1136 -1138 1138
-1136 1138 1138 1138
1140 -1140 1140 1138
-1140 -1140 1138 -1140
-1140 -1138 -1140 1140
-1138 1140 1140 1140
1142 -1142 1142 1140
-1142 -1142 1140 -1142
-1142 -1140 -1142 1142
-1140 1142 1142 1142
1144 -1144 1144 1142
-1144 -1144 1142 -1144
-1144 -1142 -1144 1144
-1142 1144 1144 1144
1146 -1146 1146 1144
-1146 -1146 1144 -1146
-1146 -1144 -1146 1146
-1144 1146 1146 1146
1148 -1148 1148 1146
-1148 -1148 1146 -1148
-1148 -1146 -1148 1148
-1146 1148 1148 1148
1150 -1150 1150 1148
-1150 -1150 1148 -1150
-1150 -1148 -1150 1150
-1148 1150 1150 1150
1152 -1152 1152 1150
-1152 -1152 1150 -1152
-1152 -1150 -1152 1152
-1150 1152 1152 1152
1154 -1154 1154 1152
-1154 -1154 1152 -1154
-1154 -1152 -1154 1154
-1152 1154 1154 1154
1156 -1156 1156 1154
-1156 -1156 1154 -1156
-1156 -1154 -1156 1156
-1154 1156 1156 1156
1158 -1158 1158 1156
-1158 -1158 1156 -1158
-1158 -1156 -1158 1158
-1156 1158 1158 1158
1160 -1160 1160 1158
-1160 -1160 1158 -1160
-1160 -1158 -1160 1160
-1158 1160 1160 1160
1162 -1162 1162 1160
-1162 -1162 1160 -1162
-1162 -1160 -1162 1162
-1160 1162 1162 1162
1164 -1164 1164 1162
-1164 -1164 1162 -1164
-1164 -1162 -1164 1164
-1162 1164 1164 1164
1166 -1166 1166 1164
-1166 -1166 1164 -1166
-1166 -1164 -1166 1166
-1164 1166 1166 1166
1168 -1168 1168 1166
-1168 -1168 1166 -1168
-1168 -1166 -1168 1168
-1166 1168 1168 1168
1170 -1170 1170 1168
-1170 -1170 1168 -1170
-1170 -1168 -1170 1170
-1168 1170 1170 1170
1172 -1172 1172 1170
-1172 -1172 1170 -1172
-1172 -1170 -1172 1172
-1170 1172 1172 1172
1174 -1174 1174 1172
-1174 -1174 1172 -1174
-1174 -1172 -1174 1174
-1172 1174 1174 1174
1176 -1176 1176 1174
-1176 -1176 1174 -1176
-1176 -1174 -1176 1176
-1174 1176 1176 1176
1178 -1178 1178 1176
-1178 -1178 1176 -1178
-1178 -1176 -1178 1178
-1176 1178 1178 1178
1180 -1180 1180 1178
-1180 -1180 1178 -1180
-1180 -1178 -1180 1180
-1178 1180 1180 1180
1182 -1182 1182 1180
-1182 -1182 1180 -1182
-1182 -1180 -1182 1182
-1180 1182 1182 1182
1184 -1184 1184 1182
-1184 -1184 1182 -1184
-1184 -1182 -1184 1184
-1182 1184 1184 1184
1186 -1186 1186 1184
-1186 -1186 1184 -1186
-1186 -1184 -1186 1186
-1184 1186 1186 1186
1188 -1188 1188 1186
-1188 -1188 1186 -1188
-1188 -1186 -1188 1188
-1186 1188 1188 1188
1190 -1190 1190 1188
-1190 -1190 1188 -1190
-1190 -1188 -1190 1190
-1188 1190 1190 1190
1192 -1192 1192 1190
-1192 -1192 1190 -1192
-1192 -1190 -1192 1192
-1190 1192 1192 1192
1194 -1194 1194 1192
-1194 -1194 1192 -1194
-1194 -1192 -1194 1194
-1192 1194 1194 1194
1196 -1196 1196 1194
-1196 -1196 1194 -1196
-1196 -1194 -1196 1196
-1194 1196 1196 1196
1198 -1198 1198 1196
-1198 -1198 1196 -1198
-1198 -1196 -1198 1198
-1196 1198 1198 1198
1200 -1200 1200 1198
-1200 -1200 1198 -1200
-1200 -1198 -1200 1200
-1198 1200 1200 1200
1202 -1202 1202 1200
-1202 -1202 1200 -1202
-1202 -1200 -1202 1202
-1200 1202 1202 1202
1204 -1204 1204 1202
-1204 -1204 1202 -1204
-1204 -1202 -1204 1204
-1202 1204 1204 1204
1206 -1206 1206 1204
-1206 -1206 1204 -1206
-1206 -1204 -1206 1206
-1204 1206 1206 1206
1208 -1208 1208 1206
-1208 -1208 1206 -1208
-1208 -1206 -1208 1208
-1206 1208 1208 1208
1210 -1210 1210 1208
-1210 -1210 1208 -1210
-1210 -1208 -1210 1210
-1208 1210 1210 1210
1212 -1212 1212 1210
-1212 -1212 1210 -1212
-1212 -1210 -1212 1212
-1210 1212 1212 1212
1214 -1214 1214 1212
-1214 -1214 1212 -1214
-1214 -1212 -1214 1214
-1212 1214 1214 1214
1216 -1216 1216 1214
-1216 -1216 1214 -1216
-1216 -1214 -1216 1216
-1214 1216 1216 1216
1218 -1218 1218 1216
-1218 -1218 1216 -1218
-1218 -1216 -1218 1218
-1216 1218 1218 1218
1220 -1220 1220 1218
-1220 -1220 1218 -1220
-1220 -1218 -1220 1220
-1218 1220 1220 1220
1222 -1222 1222 1220
-1222 -1222 1220 -1222
-1222 -1220 -1222 1222
-1220 1222 1222 1222
1224 -1224 1224 1222
-1224 -1224 1222 -1224
-1224 -1222 -1224 1224
-1222 1224 1224 1224
1226 -1226 1226 1224
-1226 -1226 1224 -1226
-1226 -1224 -1226 1226
-1224 1226 1226 1226
1228 -1228 1228 1226
-1228 -1228 1226 -1228
-1228 -1226 -1228 1228
-1226 1228 1228 1228
1230 -1230 1230 1228
-1230 -1230 1228 -1230
-1230 -1228 -1230 1230
-1228 1230 1230 1230
1232 -1232 1232 1230
-1232 -1232 1230 -1232
-1232 -1230 -1232 1232
-1230 1232 1232 1232
1234 -1234 1234 1232
-1234 -1234 1232 -1234
-1234 -1232 -1234 1234
-1232 1234 1234 1234
1236 -1236 1236 1234
-1236 -1236 1234 -1236
-1236 -1234 -1236 1236
-1234 1236 1236 1236
1238 -1238 1238 1236
-1238 -1238 1236 -1238
-1238 -1236 -1238 1238
-1236 1238 1238 1238
1240 -1240 1240 1238
-1240 -1240 1238 -1240
-1240 -1238 -1240 1240
-1238 1240 1240 1240
1242 -1242 1242 1240
-1242 -1242 1240 -1242
-1242 -1240 -1242 1242
-1240 1242 1242 1242
1244 -1244 1244 1242
-1244 -1244 1242 -1244
-1244 -1242 -1244 1244
-1242 1244 1244 1244
1246 -1246 1246 1244
-1246 -1246 1244 -1246
-1246 -1244 -1246 1246
-1244 1246 1246 1246
1248 -1248 1248 1246
-1248 -1248 1246 -1248
-1248 -1246 -1248 1248
-1246 1248 1248 1248
1250 -1250 1250 1248
-1250 -1250 1248 -1250
-1250 -1248 -1250 1250
-1248 1250 1250 1250
1252 -1252 1252 1250
-1252 -1252 1250 -1252
-1252 -1250 -1252 1252
-1250 1252 1252 1252
1254 -1254 1254 1252
-1254 -1254 1252 -1254
-1254 -1252 -1254 1254
-1252 1254 1254 1254
1256 -1256 1256 1254
-1256 -1256 1254 -1256
-1256 -1254 -1256 1256
-1254 1256 1256 1256
1258 -1258 1258 1256
-1258 -1258 1256 -1258
-1258 -1256 -1258 1258
-1256 1258 1258 1258
1260 -1260 1260 1258
-1260 -1260 1258 -1260
-1260 -1258 -1260 1260
-1258 1260 1260 1260
1262 -1262 1262 1260
-1262 -1262 1260 -1262
-1262 -1260 -1262 1262
-1260 1262 1262 1262
1264 -1264 1264 1262
-1264 -1264 1262 -1264
-1264 -1262 -1264 1264
-1262 1264 1264 1264
1266 -1266 1266 1264
-1266 -1266 1264 -1266
-1266 -1264 -1266 1266
-1264 1266 1266 1266
1268 -1268 1268 1266
-1268 -1268 1266 -1268
-1268 -1266 -1268 1268
-1266 1268 1268 1268
1270 -1270 1270 1268
-1270 -1270 1268 -1270
-1270 -1268 -1270 1270
-1268 1270 1270 1270
1272 -1272 1272 1270
-1272 -1272 1270 -1272
-1272 -1270 -1272 1272
-1270 1272 1272 1272
1274 -1274 1274 1272
-1274 -1274 1272 -1274
-1274 -1272 -1274 1274
-1272 1274 1274 1274
1276 -1276 1276 1274
-1276 -1276 1274 -1276
-1276 -1274 -1276 1276
-1274 1276 1276 1276
1278 -1278 1278 1276
-1278 -1278 1276 -1278
-1278 -1276 -1278 1278
-1276 1278 1278 1278
1280 -1280 1280 1278
-1280 -1280 1278 -1280
-1280 -1278 -1280 1280
-1278 1280 1280 1280
1282 -1282 1282 1280
-1282 -1282 1280 -1282
-1282 -1280 -1282 1282
-1280 1282 1282 1282
1284 -1284 1284 1282
-1284 -1284 1282 -1284
-1284 -1282 -1284 1284
-1282 1284 1284 1284
1286 -1286 1286 1284
-1286 -1286 1284 -1286
-1286 -1284 -1286 1286
-1284 1286 1286 1286
1288 -1288 1288 1286
-1288 -1288 1286 -1288
-1288 -1286 -1288 1288
-1286 1288 1288 1288
1290 -1290 1290 1288
-1290 -1290 1288 -1290
-1290 -1288 -1290 1290
-1288 1290 1290 1290
1292 -1292 1292 1290
-1292 -1292 1290 -1292
-1292 -1290 -1292 1292
-1290 1292 1292 1292
1294 -1294 1294 1292
-1294 -1294 1292 -1294
-1294 -1292 -1294 1294
-1292 1294 1294 1294
1296 -1296 1296 1294
-1296 -1296 1294 -1296
-1296 -1294 -1296 1296
-1294 1296 1296 1296
1298 -1298 1298 1296
-1298 -1298 1296 -1298
-1298 -1296 -1298 1298
-1296 1298 1298 1298
1300 -1300 1300 1298
-1300 -1300 1298 -1300
-1300 -1298 -1300 1300
-1298 1300 1300 1300
1302 -1302 1302 1300
-1302 -1302 1300 -1302
-1302 -1300 -1302 1302
-1300 1302 1302 1302
1304 -1304 1304 1302
-1304 -1304 1302 -1304
-1304 -1302 -1304 1304
-1302 1304 1304 1304
1306 -1306 1306 1304
-1306 -1306 1304 -1306
-1306 -1304 -1306 1306
-1304 1306 1306 1306
1308 -1308 1308 1306
-1308 -1308 1306 -1308
-1308 -1306 -1308 1308
-1306 1308 1308 1308
1310 -1310 1310 1308
-1310 -1310 1308 -1310
-1310 -1308 -1310 1310
-1308 1310 1310 1310
1312 -1312 1312 1310
-1312 -1312 1310 -1312
-1312 -1310 -1312 1312
-1310 1312 1312 1312
1314 -1314 1314 1312
-1314 -1314 1312 -1314
-1314 -1312 -1314 1314
-1312 1314 1314 1314
1316 -1316 1316 1314
-1316 -1316 1314 -1316
-1316 -1314 -1316 1316
-1314 1316 1316 1316
1318 -1318 1318 1316
-1318 -1318 1316 -1318
-1318 -1316 -1318 1318
-1316 1318 1318 1318
1320 -1320 1320 1318
-1320 -1320 1318 -1320
-1320 -1318 -1320 1320
-1318 1320 1320 1320
1322 -1322 1322 1320
-1322 -1322 1320 -1322
-1322 -1320 -1322 1322
-1320 1322 1322 1322
1324 -1324 1324 1322
-1324 -1324 1322 -1324
-1324 -1322 -1324 1324
-1322 1324 1324 1324
1326 -1326 1326 1324
-1326 -1326 1324 -1326
-1326 -1324 -1326 1326
-1324 1326 1326 1326
1328 -1328 1328 1326
-1328 -1328 1326 -1328
-1328 -1326 -1328 1328
-1326 1328 1328 1328
1330 -1330 1330 1328
-1330 -1330 1328 -1330
-1330 -1328 -1330 1330
-1328 1330 1330 1330
1332 -1332 1332 1330
-1332 -1332 1330 -1332
-1332 -1330 -1332 1332
-1330 1332 1332 1332
1334 -1334 1334 1332
-1334 -1334 1332 -1334
-1334 -1332 -1334 1334
-1332 1334 1334 1334
1336 -1336 1336 1334
-1336 -1336 1334 -1336
-1336 -1334 -1336 1336
-1334 1336 1336 1336
1338 -1338 1338 1336
-1338 -1338 1336 -1338
-1338 -1336 -1338 1338
-1336 1338 1338 1338
1340 -1340 1340 1338
-1340 -1340 1338 -1340
-1340 -1338 -1340 1340
-1338 1340 1340 1340
1342 -1342 1342 1340
-1342 -1342 1340 -1342
-1342 -1340 -1342 1342
-1340 1342 1342 1342
1344 -1344 1344 1342
-1344 -1344 1342 -1344
-1344 -1342 -1344 1344
-1342 1344 1344 1344
1346 -1346 1346 1344
-1346 -1346 1344 -1346
-1346 -1344 -1346 1346
-1344 1346 1346 1346
1348 -1348 1348 1346
-1348 -1348 1346 -1348
-1348 -1346 -1348 1348
-1346 1348 1348 1348
1350 -1350 1350 1348
-1350 -1350 1348 -1350
-1350 -1348 -1350 1350
-1348 1350 1350 1350
1352 -1352 1352 1350
-1352 -1352 1350 -1352
-1352 -1350 -1352 1352
-1350 1352 1352 1352
1354 -1354 1354 1352
-1354 -1354 1352 -1354
-1354 -1352 -1354 1354
-1352 1354 1354 1354
1356 -1356 1356 1354
-1356 -1356 1354 -1356
-1356 -1354 -1356 1356
-1354 1356 1356 1356
1358 -1358 1358 1356
-1358 -1358 1356 -1358
-1358 -1356 -1358 1358
-1356 1358 1358 1358
1360 -1360 1360 1358
-1360 -1360 1358 -1360
-1360 -1358 -1360 1360
-1358 1360 1360 1360
1362 -1362 1362 1360
-1362 -1362 1360 -1362
-1362 -1360 -1362 1362
-1360 1362 1362 1362
1364 -1364 1364 1362
-1364 -1364 1362 -1364
-1364 -1362 -1364 1364
-1362 1364 1364 1364
1366 -1366 1366 1364
-1366 -1366 1364 -1366
-1366 -1364 -1366 1366
-1364 1366 1366 1366
1368 -1368 1368 1366
-1368 -1368 1366 -1368
-1368 -1366 -1368 1368
-1366 1368 1368 1368
1370 -1370 1370 1368
-1370 -1370 1368 -1370
-1370 -1368 -1370 1370
-1368 1370 1370 1370
1372 -1372 1372 1370
-1372 -1372 1370 -1372
-1372 -1370 -1372 1372
-1370 1372 1372 1372
1374 -1374 1374 1372
-1374 -1374 1372 -1374
-1374 -1372 -1374 1374
-1372 1374 1374 1374
1376 -1376 1376 1374
-1376 -1376 1374 -1376
-1376 -1374 -1376 1376
-1374 1376 1376 1376
1378 -1378 1378 1376
-1378 -1378 1376 -1378
-1378 -1376 -1378 1378
-1376 1378 1378 1378
1380 -1380 1380 1378
-1380 -1380 1378 -1380
-1380 -1378 -1380 1380
-1378 1380 1380 1380
1382 -1382 1382 1380
-1382 -1382 1380 -1382
-1382 -1380 -1382 1382
-1380 1382 1382 1382
1384 -1384 1384 1382
-1384 -1384 1382 -1384
-1384 -1382 -1384 1384
-1382 1384 1384 1384
1386 -1386 1386 1384
-1386 -1386 1384 -1386
-1386 -1384 -1386 1386
-1384 1386 1386 1386
1388 -1388 1388 1386
-1388 -1388 1386 -1388
-1388 -1386 -1388 1388
-1386 1388 1388 1388
1390 -1390 1390 1388
-1390 -1390 1388 -1390
-1390 -1388 -1390 1390
-1388 1390 1390 1390
1392 -1392 1392 1390
-1392 -1392 1390 -1392
-1392 -1390 -1392 1392
-1390 1392 1392 1392
1394 -1394 1394 1392
-1394 -1394 1392 -1394
-1394 -1392 -1394 1394
-1392 1394 1394 1394
1396 -1396 1396 1394
-1396 -1396 1394 -1396
-1396 -1394 -1396 1396
-1394 1396 1396 1396
1398 -1398 1398 1396
-1398 -1398 1396 -1398
-1398 -1396 -1398 1398
-1396 1398 1398 1398
1400 -1400 1400 1398
-1400 -1400 1398 -1400
-1400 -1398 -1400 1400
-1398 1400 1400 1400
1402 -1402 1402 1400
-1402 -1402 1400 -1402
-1402 -1400 -1402 1402
-1400 1402 1402 1402
1404 -1404 1404 1402
-1404 -1404 1402 -1404
-1404 -1402 -1404 1404
-1402 1404 1404 1404
1406 -1406 1406 1404
-1406 -1406 1404 -1406
-1406 -1404 -1406 1406
-1404 1406 1406 1406
1408 -1408 1408 1406
-1408 -1408 1406 -1408
-1408 -1406 -1408 1408
-1406 1408 1408 1408
1410 -1410 1410 1408
-1410 -1410 1408 -1410
-1410 -1408 -1410 1410
-1408 1410 1410 1410
1412 -1412 1412 1410
-1412 -1412 1410 -1412
-1412 -1410 -1412 1412
-1410 1412 1412 1412
1414 -1414 1414 1412
-1414 -1414 1412 -1414
-1414 -1412 -1414 1414
-1412 1414 1414 1414
1416 -1416 1416 1414
-1416 -1416 1414 -1416
-1416 -1414 -1416 1416
-1414 1416 1416 1416
1418 -1418 1418 1416
-1418 -1418 1416 -1418
-1418 -1416 -1418 1418
-1416 1418 1418 1418
1420 -1420 1420 1418
-1420 -1420 1418 -1420
-1420 -1418 -1420 1420
-1418 1420 1420 1420
1422 -1422 1422 1420
-1422 -1422 1420 -1422
-1422 -1420 -1422 1422
-1420 1422 1422 1422
1424 -1424 1424 1422
-1424 -1424 1422 -1424
-1424 -1422 -1424 1424
-1422 1424 1424 1424
1426 -1426 1426 1424
-1426 -1426 1424 -1426
-1426 -1424 -1426 1426
-1424 1426 1426 1426
1428 -1428 1428 1426
-1428 -1428 1426 -1428
-1428 -1426 -1428 1428
-1426 1428 1428 1428
1430 -1430 1430 1428
-1430 -1430 1428 -1430
-1430 -1428 -1430 1430
-1428 1430 1430 1430
1432 -1432 1432 1430
-1432 -1432 1430 -1432
-1432 -1430 -1432 1432
-1430 1432 1432 1432
1434 -1434 1434 1432
-1434 -1434 1432 -1434
-1434 -1432 -1434 1434
-1432 1434 1434 1434
1436 -1436 1436 1434
-1436 -1436 1434 -1436
-1436 -1434 -1436 1436
-1434 1436 1436 1436
1438 -1438 1438 1436
-1438 -1438 1436 -1438
-1438 -1436 -1438 1438
-1436 1438 1438 1438
1440 -1440 1440 1438
-1440 -1440 1438 -1440
-1440 -1438 -1440 1440
-1438 1440 1440 1440
1442 -1442 1442 1440
-1442 -1442 1440 -1442
-1442 -1440 -1442 1442
-1440 1442 1442 1442
1444 -1444 1444 1442
-1444 -1444 1442 -1444
-1444 -1442 -1444 1444
-1442 1444 1444 1444
1446 -1446 1446 1444
-1446 -1446 1444 -1446
-1446 -1444 -1446 1446
-1444 1446 1446 1446
1448 -1448 1448 1446
-1448 -1448 1446 -1448
-1448 -1446 -1448 1448
-1446 1448 1448 1448
1450 -1450 1450 1448
-1450 -1450 1448 -1450
-1450 -1448 -1450 1450
-1448 1450 1450 1450
1452 -1452 1452 1450
-1452 -1452 1450 -1452
-1452 -1450 -1452 1452
-1450 1452 1452 1452
1454 -1454 1454 1452
-1454 -1454 1452 -1454
-1454 -1452 -1454 1454
-1452 1454 1454 1454
1456 -1456 1456 1454
-1456 -1456 1454 -1456
-1456 -1454 -1456 1456
-1454 1456 1456 1456
1458 -1458 1458 1456
-1458 -1458 1456 -1458
-1458 -1456 -1458 1458
-1456 1458 1458 1458
1460 -1460 1460 1458
-1460 -1460 1458 -1460
-1460 -1458 -1460 1460
-1458 1460 1460 1460
1462 -1462 1462 1460
-1462 -1462 1460 -1462
-1462 -1460 -1462 1462
-1460 1462 1462 1462
1464 -1464 1464 1462
-1464 -1464 1462 -1464
-1464 -1462 -1464 1464
-1462 1464 1464 1464
1466 -1466 1466 1464
-1466 -1466 1464 -1466
-1466 -1464 -1466 1466
-1464 1466 1466 1466
1468 -1468 1468 1466
-1468 -1468 1466 -1468
-1468 -1466 -1468 1468
-1466 1468 1468 1468
1470 -1470 1470 1468
-1470 -1470 1468 -1470
-1470 -1468 -1470 1470
-1468 1470 1470 1470
1472 -1472 1472 1470
-1472 -1472 1470 -1472
-1472 -1470 -1472 1472
-1470 1472 1472 1472
1474 -1474 1474 1472
-1474 -1474 1472 -1474
-1474 -1472 -1474 1474
-1472 1474 1474 1474
1476 -1476 1476 1474
-1476 -1476 1474 -1476
-1476 -1474 -1476 1476
-1474 1476 1476 1476
1478 -1478 1478 1476
-1478 -1478 1476 -1478
-1478 -1476 -1478 1478
-1476 1478 1478 1478
1480 -1480 1480 1478
-1480 -1480 1478 -1480
-1480 -1478 -1480 1480
-1478 1480 1480 1480
1482 -1482 1482 1480
-1482 -1482 1480 -1482
-1482 -1480 -1482 1482
-1480 1482 1482 1482
1484 -1484 1484 1482
-1484 -1484 1482 -1484
-1484 -1482 -1484 1484
-1482 1484 1484 1484
1486 -1486 1486 1484
-1486 -1486 1484 -1486
-1486 -1484 -1486 1486
-1484 1486 1486 1486
1488 -1488 1488 1486
-1488 -1488 1486 -1488
-1488 -1486 -1488 1488
-1486 1488 1488 1488
1490 -1490 1490 1488
-1490 -1490 1488 -1490
-1490 -1488 -1490 1490
-1488 1490 1490 1490
1492 -1492 1492 1490
-1492 -1492 1490 -1492
-1492 -1490 -1492 1492
-1490 1492 1492 1492
1494 -1494 1494 1492
-1494 -1494 1492 -1494
-1494 -1492 -1494 1494
-1492 1494 1494 1494
1496 -1496 1496 1494
-1496 -1496 1494 -1496
-1496 -1494 -1496 1496
-1494 1496 1496 1496
1498 -1498 1498 1496
-1498 -1498 1496 -1498
-1498 -1496 -1498 1498
-1496 1498 1498 1498
1500 -1500 1500 1498
-1500 -1500 1498 -1500
-1500 -1498 -1500 1500
-1498 1500 1500 1500
1502 -1502 1502 1500
-1502 -1502 1500 -1502
-1502 -1500 -1502 1502
-1500 1502 1502 1502
1504 -1504 1504 1502
-1504 -1504 1502 -1504
-1504 -1502 -1504 1504
-1502 1504 1504 1504
1506 -1506 1506 1504
-1506 -1506 1504 -1506
-1506 -1504 -1506 1506
-1504 1506 1506 1506
1508 -1508 1508 1506
-1508 -1508 1506 -1508
-1508 -1506 -1508 1508
-1506 1508 1508 1508
1510 -1510 1510 1508
-1510 -1510 1508 -1510
-1510 -1508 -1510 1510
-1508 1510 1510 1510
1512 -1512 1512 1510
-1512 -1512 1510 -1512
-1512 -1510 -1512 1512
-1510 1512 1512 1512
1514 -1514 1514 1512
-1514 -1514 1512 -1514
-1514 -1512 -1514 1514
-1512 1514 1514 1514
1516 -1516 1516 1514
-1516 -1516 1514 -1516
-1516 -1514 -1516 1516
-1514 1516 1516 1516
1518 -1518 1518 1516
-1518 -1518 1516 -1518
-1518 -1516 -1518 1518
-1516 1518 1518 1518
1520 -1520 1520 1518
-1520 -1520 1518 -1520
-1520 -1518 -1520 1520
-1518 1520 1520 1520
1522 -1522 1522 1520
-1522 -1522 1520 -1522
-1522 -1520 -1522 1522
-1520 1522 1522 1522
1524 -1524 1524 1522
-1524 -1524 1522 -1524
-1524 -1522 -1524 1524
-1522 1524 1524 1524
1526 -1526 1526 1524
-1526 -1526 1524 -1526
-1526 -1524 -1526 1526
-1524 1526 1526 1526
1528 -1528 1528 1526
-1528 -1528 1526 -1528
-1528 -1526 -1528 1528
-1526 1528 1528 1528
1530 -1530 1530 1528
-1530 -1530 1528 -1530
-1530 -1528 -1530 1530
-1528 1530 1530 1530
1532 -1532 1532 1530
-1532 -1532 1530 -1532
-1532 -1530 -1532 1532
-1530 1532 1532 1532
1534 -1534 1534 1532
-1534 -1534 1532 -1534
-1534 -1532 -1534 1534
-1532 1534 1534 1534
1536 -1536 1536 1534
-1536 -1536 1534 -1536
-1536 -1534 -1536 1536
-1534 1536 1536 1536
1538 -1538 1538 1536
-1538 -1538 1536 -1538
-1538 -1536 -1538 1538
-1536 1538 1538 1538
1540 -1540 1540 1538
-1540 -1540 1538 -1540
-1540 -1538 -1540 1540
-1538 1540 1540 1540
1542 -1542 1542 1540
-1542 -1542 1540 -1542
-1542 -1540 -1542 1542
-1540 1542 1542 1542
1544 -1544 1544 1542
-1544 -1544 1542 -1544
-1544 -1542 -1544 1544
-1542 1544 1544 1544
1546 -1546 1546 1544
-1546 -1546 1544 -1546
-1546 -1544 -1546 1546
-1544 1546 1546 1546
1548 -1548 1548 1546
-1548 -1548 1546 -1548
-1548 -1546 -1548 1548
-1546 1548 1548 1548
1550 -1550 1550 1548
-1550 -1550 1548 -1550
-1550 -1548 -1550 1550
-1548 1550 1550 1550
1552 -1552 1552 1550
-1552 -1552 1550 -1552
-1552 -1550 -1552 1552
-1550 1552 1552 1552
1554 -1554 1554 1552
-1554 -1554 1552 -1554
-1554 -1552 -1554 1554
-1552 1554 1554 1554
1556 -1556 1556 1554
-1556 -1556 1554 -1556
-1556 -1554 -1556 1556
-1554 1556 1556 1556
1558 -1558 1558 1556
-1558 -1558 1556 -1558
-1558 -1556 -1558 1558
-1556 1558 1558 1558
1560 -1560 1560 1558
-1560 -1560 1558 -1560
-1560 -1558 -1560 1560
-1558 1560 1560 1560
1562 -1562 1562 1560
-1562 -1562 1560 -1562
-1562 -1560 -1562 1562
-1560 1562 1562 1562
1564 -1564 1564 1562
-1564 -1564 1562 -1564
-1564 -1562 -1564 1564
-1562 1564 1564 1564
1566 -1566 1566 1564
-1566 -1566 1564 -1566
-1566 -1564 -1566 1566
-1564 1566 1566 1566
1568 -1568 1568 1566
-1568 -1568 1566 -1568
-1568 -1566 -1568 1568
-1566 1568 1568 1568
1570 -1570 1570 1568
-1570 -1570 1568 -1570
-1570 -1568 -1570 1570
-1568 1570 1570 1570
1572 -1572 1572 1570
-1572 -1572 1570 -1572
-1572 -1570 -1572 1572
-1570 1572 1572 1572
1574 -1574 1574 1572
-1574 -1574 1572 -1574
-1574 -1572 -1574 1574
-1572 1574 1574 1574
1576 -1576 1576 1574
-1576 -1576 1574 -1576
-1576 -1574 -1576 1576
-1574 1576 1576 1576
1578 -1578 1578 1576
-1578 -1578 1576 -1578
-1578 -1576 -1578 1578
-1576 1578 1578 1578
1580 -1580 1580 1578
-1580 -1580 1578 -1580
-1580 -1578 -1580 1580
-1578 1580 1580 1580
1582 -1582 1582 1580
-1582 -1582 1580 -1582
-1582 -1580 -1582 1582
-1580 1582 1582 1582
1584 -1584 1584 1582
-1584 -1584 1582 -1584
-1584 -1582 -1584 1584
-1582 1584 1584 1584
1586 -1586 1586 1584
-1586 -1586 1584 -1586
-1586 -1584 -1586 1586
-1584 1586 1586 1586
1588 -1588 1588 1586
-1588 -1588 1586 -1588
-1588 -1586 -1588 1588
-1586 1588 1588 1588
1590 -1590 1590 1588
-1590 -1590 1588 -1590
-1590 -1588 -1590 1590
-1588 1590 1590 1590
1592 -1592 1592 1590
-1592 -1592 1590 -1592
-1592 -1590 -1592 1592
-1590 1592 1592 1592
1594 -1594 1594 1592
-1594 -1594 1592 -1594
-1594 -1592 -1594 1594
-1592 1594 1594 1594
1596 -1596 1596 1594
-1596 -1596 1594 -1596
-1596 -1594 -1596 1596
-1594 1596 1596 1596
1598 -1598 1598 1596
-1598 -1598 1596 -1598
-1598 -1596 -1598 1598
-1596 1598 1598 1598
1600 -1600 1600 1598
-1600 -1600 1598 -1600
-1600 -1598 -1600 1600
-1598 1600 1600 1600
