5
486
-37
0
-352
-63
-204
-131
-47
-165
-25
-74
-30
-141
0
-3
-32
-176
-416
-17
-31
-136
-410
-36
-111
-218
-37
-52
-48
-36
-73
-178
-195
-47
-16
-12
-7
-36
-16
-137
-250
-42
-110
-3
-36
-184
-391
-2
-42
-330
-19
-139
-183
-67
-393
-35
-364
-5
-100
-5
-393
-20
-63
-8
-225
-3
-58
-353
-94
-6
-39
-325
-37
-176
-47
-102
-427
-205
-34
-4
-26
-410
-225
-461
-1
-63
-136
-65
-15
-7
-89
-25
-59
-208
-73
-231
-36
-352
0
-167
-178
-553
-553
-35
-7
-52
-34
0
-272
-61
-10
-137
-621
-55
-178
-461
-70
-102
-59
-156
-131
-310
-100
-47
-835
-83
-205
-10
-171
-44
-207
0
-121
-166
-250
-208
-26
-250
-59
-3
-226
-110
-208
-3
-47
-47
-30
-5
-139
-17
-117
-34
-364
-16
-178
-46
-16
-553
-58
-63
-43
-178
-131
-34
-5
-12
-196
-166
-58
-55
-325
-144
-196
-3
-262
-47
-333
-47
-12
-461
-835
-16
-53
-167
-292
-230
-7
-30
-333
-7
-36
-37
-44
-86
-37
-25
-1
-63
-70
-31
-16
-231
-4
-21
-195
-92
-32
-55
-47
-3
-150
-39
0
-329
-70
-330
-136
-204
-131
-25
-70
-1
-3
-165
-59
0
-292
-250
-166
-6
-19
-225
-163
-64
-166
-28
-156
-48
-89
-39
-261
-2
-514
-114
-63
-6
0
-34
-11
-100
-58
-5
-63
-17
-835
-195
-272
-333
-364
-46
-94
-111
-122
-36
-42
-163
-100
-218
-61
-1
-5
-19
-52
-110
-36
-334
-3
-42
-103
-46
-343
-393
-114
-78
-1
-225
-15
-3
-48
-48
-166
-1
-65
-614
-61
-614
-166
-352
-3
-46
-323
-225
-1
-514
-63
-9
-67
-4
-118
-111
-12
-38
-49
-1
-31
-102
-102
-325
-31
-461
-55
-4
-103
-4
-137
-94
-167
-12
-178
-205
-208
-153
-47
-63
-305
-1
-2
0
-117
-34
-105
-166
-73
-48
-393
-272
-20
-10
-292
-465
-70
-51
-67
-178
-54
-178
-26
-19
-465
-204
-178
-310
-36
-73
-37
-5
-114
-3
-3
-188
0
-146
-461
-163
-146
-6
-114
-7
-37
-141
0
-1
-55
-78
-4
-65
-176
-553
-391
-140
-5
-121
-73
-5
-34
-327
-166
-1
-329
-364
-105
-78
-226
-48
-2
-43
-48
-17
-334
-102
-1
-262
-218
-118
-352
0
-121
-835
-87
-36
-39
-1
-167
-614
-34
-166
-51
-48
-281
-393
-94
-102
-39
-305
-391
-36
-621
-63
-79
-178
-21
-262
-63
-131
-4
-64
-3
-410
-30
-404
-93
-49
-68
-262
-310
0
-207
-327
-42
-92
-19
-44
-4
-111
-3
-141
-39
-13
-34
-70
-37
-3
-7
-52
-176
-188
-461
-6
-167
-7
-1
-166
-16
-52
-353
-204
-178
0
467
-1
-36
-73
-34
-1
-553
-118
-333
-144
-4
-28
-141
-284
-427
-139
-385
-10
-59
-47
-514
-3
-7
-25
-614
-2
-105
-329
-39
-427
-61
-31
-67
-731
-36
-34
-323
-100
-310
-151
-333
-52
-150
-250
-20
-13
0
-110
-28
-139
-305
-21
-70
-207
-46
-731
-16
-196
-325
-166
-352
-310
-183
-65
-38
-11
-19
-207
-32
-171
-62
-137
-416
-89
-4
-1
-70
-106
-393
-19
-183
-54
-205
-218
-86
-465
-7
-164
-167
-410
-16
-118
-292
-36
-59
-136
-393
-44
-99
-1
-385
-51
-4
-23
-78
-208
-325
-1
-167
0
-137
0
-53
-46
-25
-83
-16
-3
-4
-73
-78
-31
-150
-65
-393
-178
-553
-32
-21
-385
-208
-122
-553
-1
-2
-86
-281
-178
-43
-30
-67
-140
-178
-34
-103
-178
-8
0
-26
-15
-465
-53
-352
-166
-63
-7
-136
-7
-410
-226
0
-53
-63
-131
-61
-93
-20
-30
-39
-106
-427
-99
-16
-64
-43
-334
-97
-325
-204
-53
-404
-44
-404
-102
-79
-113
-44
-7
-153
-78
-36
-39
-42
-87
0
-140
-47
-343
-36
-63
-141
-70
-67
-26
-1
-16
-47
-225
0
-352
-5
-835
-83
-28
-176
-167
-327
-163
-333
-325
-262
-153
-334
-70
-167
-281
-147
-343
-333
-67
-137
-146
-83
-64
-99
-12
-87
-189
-1
-305
-144
-16
-89
-34
-465
-87
-36
-183
-167
-20
-250
-2
-385
-39
-3
-5
-58
-35
-38
-63
-20
-1
-329
-28
-86
-310
-329
-25
-7
-3
0
-352
-1
-514
-167
-49
-37
-21
-7
-6
-89
-70
-261
-44
-330
-26
-225
-47
-47
-166
-136
-43
-99
-2
-34
-34
-7
-114
-92
-97
-46
-48
-43
-1
-11
-141
-139
-150
-34
-73
0
-327
-5
-111
-113
-166
-10
-225
-231
-621
0
-46
-231
-30
-70
-208
-92
-137
-3
-334
-514
-38
-37
-5
-20
-7
-37
-67
-110
-330
-327
-284
-3
-1
-352
-67
-553
-70
-68
-113
-218
-34
-385
-3
-3
-78
-102
-102
-156
-78
-92
-44
-167
-5
-204
-4
-13
-835
-61
-102
-39
-230
-38
-427
-427
-34
-92
-196
-102
-156
-58
-25
-207
-52
-153
-34
-36
-305
-67
-391
-1
-4
-325
-55
-163
-214
-226
-334
-61
-89
-207
-404
-205
-330
-205
-4
-64
-144
-47
-4
-39
-835
-64
-214
-262
-36
-204
-64
-153
-36
-614
-89
-97
-36
-34
-118
-34
-47
-7
-3
-28
-731
-139
-230
-325
-12
-352
-230
-19
-150
-73
-114
-102
-6
0
-3
-43
-5
-416
-292
-3
-330
-34
-262
-16
-11
-16
-37
0
-38
-25
-3
-63
-195
-47
-352
-195
-36
485
-29
-203
-556
-28
-81
-46
-30
0
-4
-397
-287
-46
-16
-30
-33
-4
-38
-46
-5
-292
-10
-191
-257
-86
0
-29
-29
-33
-501
-86
-29
-556
-176
-94
-29
-556
-3
-529
-94
-290
0
-11
0
-166
-57
-287
-174
-4
-4
0
-191
-48
-48
-108
0
-645
-203
-16
-30
-28
0
-108
-554
0
-166
-50
0
-272
-57
-645
-176
0
-556
-50
-501
-203
-272
-86
-11
-16
-565
0
0
-4
-556
-10
-10
-272
0
-554
-4
-29
-57
-235
-81
-397
-28
-174
-48
-81
-108
-16
-94
-57
-46
-113
-142
-257
-556
-37
-86
-113
-191
-18
-108
-272
-166
-4
-203
-235
-142
-57
-18
-287
-61
-29
-11
-645
0
-29
-108
-50
-50
-86
-108
-10
-46
-287
-565
-5
-11
-235
-3
-81
-29
0
-38
-272
-272
-29
-529
-28
-16
-5
-113
-10
-565
-30
-27
-272
-108
-6
-292
-30
-3
-191
-272
-272
-38
-292
-11
-397
-645
-397
-10
-529
-16
0
-46
-556
-113
-50
-645
-529
-69
0
-397
-554
-16
-86
-27
-272
-86
-61
-645
-191
-203
-176
-10
-16
-28
-69
-554
-30
-61
-191
-28
-33
-556
-3
-69
-28
-69
-4
-46
-18
-108
-397
-108
-203
-113
-18
-501
-113
-272
-81
-4
-5
-529
0
-176
-166
-86
-37
-4
-556
-46
-28
0
-272
-554
-174
-94
-529
-554
-29
-292
-4
0
-108
-46
-61
-48
-11
-81
-174
-16
-501
-176
-4
-57
-46
-38
0
-166
-16
-46
-33
-6
-529
0
-290
-28
-501
-645
-4
-28
-554
0
-108
-235
-108
-272
-645
-46
-645
-529
-292
-46
-174
0
-37
-18
-46
-272
-113
-191
-565
-3
-38
-292
0
-38
-191
-4
-46
-203
-176
-16
-554
-645
-235
-29
-142
-113
-28
0
-3
-28
-6
-10
-529
-174
-5
-18
-174
-6
-108
-81
-113
-292
-257
-191
-176
-203
-174
-4
-28
-235
0
-4
-203
-272
-108
-290
-16
-69
-174
-27
-191
0
-86
-565
-81
0
-11
-292
-113
-18
-645
-287
-287
-272
-57
-16
-203
-4
-94
-645
-645
-33
-18
-4
-10
-174
0
-565
-166
-3
-645
-501
-86
-5
-29
0
-5
-38
-6
-235
0
-113
-203
-29
-645
-174
-48
-257
-94
-113
-10
-86
-57
-81
-38
0
-29
-38
-28
-397
-290
-287
-290
-292
-3
-37
-257
-397
-174
-61
-292
-38
-86
0
0
-94
-554
-272
-142
-33
-272
-29
0
-645
-529
-4
-50
-11
-272
-3
-69
-272
-10
-11
-38
-81
-272
-556
-565
-4
0
-4
-29
-6
-27
-292
-257
-37
-203
-645
-27
-11
-166
0
-5
-174
-46
-142
-16
-69
-556
-16
-176
0
-292
-6
-645
-397
0
-46
-37
-46
-235
-37
-28
0
482
-46
-287
-86
-46
-48
-108
-113
-554
-554
-4
-16
-554
-554
-272
-176
-554
-10
-57
-191
-86
-113
0
-235
-46
-61
-81
-37
-86
-292
-37
-257
-48
0
-174
-287
-16
-86
-61
-48
-113
-272
-18
-61
-292
-529
-113
-57
-142
-37
-176
-61
-113
-113
0
-28
-81
-10
-27
-6
-565
-176
-287
-565
-292
-3
-113
-10
-10
-37
-556
-287
-290
-272
-57
-113
-397
-108
-3
-28
0
-94
-86
-27
-565
-5
-556
-645
-235
-556
-290
-48
-29
-61
-86
0
-565
-142
-556
-565
-38
-61
-27
-287
-86
-4
-174
-10
-6
-501
-38
-113
-94
-257
-27
-18
-166
-3
-18
-565
-6
-86
-272
0
-645
-37
-81
-46
-142
-142
-27
-16
-86
-81
-29
-6
-287
-4
-16
-5
-554
-46
-556
-272
-556
-30
-16
-645
-3
-81
-113
-94
-554
-29
-46
0
-16
-5
-38
-46
-30
-16
-397
-176
-30
-3
-397
0
-6
-61
-645
-16
-6
-18
0
-3
-57
0
-18
0
-28
0
-529
-191
-16
-27
-272
-235
-645
-29
0
-86
-108
-33
-18
-29
-290
-235
-397
-176
-61
-257
-292
-3
-257
-50
-46
-86
-30
-4
-46
-272
-94
-11
-176
-645
-61
-290
-46
-645
-645
-108
-37
-556
-3
-86
-174
-257
-645
-176
-28
-61
-565
-529
-16
-86
-28
-46
-108
-10
-257
-5
-257
-3
-4
-4
-235
-235
-113
0
-94
-501
-113
-48
-46
-38
-142
-272
-46
-30
-18
-4
-46
-29
-176
-46
-287
-46
-81
-48
-166
-27
-3
-203
-556
-86
-30
-235
-16
-554
-290
-191
-29
-174
-33
-94
-113
-272
-501
-11
-16
-529
-16
-11
0
-290
-166
-554
-46
-257
-6
-50
-272
-645
-48
-176
0
-290
-565
0
-37
-235
-397
-501
-37
-565
-174
-645
0
-86
-397
-142
-86
-46
-501
-235
-556
-6
-30
-28
-142
-37
-565
-37
-18
-69
-257
-50
-290
0
-272
-81
-501
-29
-5
-30
-69
-46
-37
-290
-50
-176
-3
-50
-3
-645
-554
-16
-94
-46
-27
-29
-3
-69
-81
-86
-11
-27
-57
-645
-86
-4
-11
-556
-30
-94
-645
-272
-191
-142
-6
-174
-191
-86
-501
-11
0
-86
-5
-10
-46
-69
-33
0
-290
-565
0
-174
-501
-565
-29
0
-30
-166
-81
0
-235
-6
-174
-108
-69
-501
-645
-61
-69
-565
-4
-46
0
-203
-48
-272
-10
-48
0
-33
-28
-81
-292
-86
-18
-48
-108
-166
-108
-4
-86
-69
-142
-501
0
-86
-16
-48
-29
-142
-645
-397
-28
-113
-645
-86
-645
-176
-81
-61
-272
-6
-27
-113
-203
-16
-61
-27
-554
-30
-16
-203
-257
-38
-94
-69
-235
-4
-529
0
-645
-94
-4
-191
-272
-235
-28
496
-187
-75
-25
-139
-548
-124
-357
-88
-40
-139
-132
-113
-53
-38
-75
-18
-56
-88
-92
-146
-28
-325
-148
-13
-5
-409
-125
-11
-40
-32
-113
-182
-300
-25
-1
-36
0
-213
-40
-139
-409
-34
-32
-18
-213
-40
-187
-74
-152
-25
-187
-152
-139
-25
-38
-1
0
-13
-5
-38
-113
0
-1
-18
-11
-40
-40
-683
-32
-90
-90
-132
-548
-18
-357
-19
-139
-25
-13
-3
-1
-325
-25
-38
-548
-325
-325
-148
-146
-45
-32
-1
-12
-90
-548
-683
-12
-25
-12
-11
-14
-90
-25
-139
-148
-357
-1
-113
0
-90
0
-14
0
-213
-548
-44
-11
-148
-132
-300
-139
-18
-90
-1
0
-92
-139
0
-148
-3
-14
-548
-300
-90
-124
-5
-152
-40
-124
-38
-56
-409
0
-92
-14
-34
-45
-44
-5
-90
-25
-58
0
-409
-3
-74
-325
-3
-8
-40
-88
-75
-40
-92
-213
-25
-90
-14
-139
-90
-1
-34
-40
-548
-38
-11
-25
-11
-548
-90
-34
-75
-58
-124
-43
-187
-13
-146
-36
-409
-152
-152
-44
-14
-53
-58
-25
-187
0
-34
0
-58
-187
-45
-12
-40
-325
-19
-132
-146
-53
-409
-18
-12
-36
-300
-213
-124
-548
-53
-56
-18
-182
-18
-146
-90
-18
-25
-53
-5
0
-25
-56
-125
-409
-213
-152
-32
-139
-325
-5
-90
0
-300
-13
-124
-683
-18
-44
-409
-18
-58
-357
-148
-1
-13
-213
-1
-11
-25
-300
-182
-74
0
-11
-124
-40
-28
-5
-300
-152
-113
-139
-36
0
-124
-38
-182
-1
-40
-11
-75
-11
-58
-8
-43
-38
-325
-12
-74
-11
-125
-34
-1
-213
-88
-139
-3
-132
-36
-88
-32
-44
-213
-25
-148
-1
-113
-36
-90
-38
-357
-40
-148
-90
-182
-36
-124
-14
-32
-12
-44
-40
-38
-113
-146
-139
0
-90
0
-1
-14
-125
-1
-32
-409
-146
0
-75
-58
-124
-25
-90
-25
-139
-74
-88
-1
-132
-8
-44
-8
-139
-11
-12
-300
-44
-5
-146
-34
-409
-34
-14
-1
-132
-45
-146
-88
-90
-58
-683
-11
-683
-88
0
-12
-14
-182
-44
-139
-325
-148
-300
-92
-683
-56
-90
-146
-74
-75
-548
-74
-1
-25
-43
-92
-213
-1
-139
-25
-182
-409
-409
-187
-325
0
0
-88
-40
-357
-14
0
0
-132
-148
-14
-45
-90
-124
-5
-45
-683
-40
-125
-132
-1
-18
-25
-182
-409
-92
-19
-213
-19
-38
-44
-11
-40
-5
-124
-146
-40
-58
-25
-1
-28
-683
-25
-187
0
-74
-45
-300
-187
-357
-32
-152
-56
-18
-11
-548
-139
-124
-38
-53
-88
-45
-1
-45
-40
-12
0
-45
-3
-40
-139
-146
-548
-124
-14
-325
0
-146
-18
0
-125
-40
-213
-36
0
-148
-32
-19
-213
-74
-34
486
-139
-25
-90
-44
-92
-74
-25
-25
0
-40
-139
-125
-92
-1
-1
-14
-38
-19
-18
-3
-25
-32
-5
0
-40
-132
-1
-34
-113
-28
-34
-11
-44
0
-11
-75
-36
-3
-125
-75
-53
-58
-58
-74
-53
-182
-53
-90
-148
-40
-11
-38
-1
-14
-213
-1
-14
-36
-14
-45
-182
-146
-1
-45
-357
-40
-90
-13
-357
-300
-132
-113
-74
-25
-187
-40
-25
-40
-40
-19
0
-11
-409
0
-300
-90
-13
-45
-56
-44
-34
-3
-36
-19
-43
-132
-124
-12
-1
-683
-25
-3
-43
-90
-357
-92
-548
-139
-139
-92
-90
-8
-357
-152
-12
-36
-213
-548
-38
-18
-1
-357
-56
-357
-182
-74
-19
-90
-25
-25
-18
-25
-548
-90
-409
-90
-12
-3
-18
-25
-74
-13
-325
-44
-213
-187
-12
-152
-357
-58
0
-36
0
-8
-19
-148
-357
-125
-124
-58
-13
0
-113
-13
-19
-45
-14
-25
-25
-548
-139
-124
-25
0
-1
-13
-300
-13
-1
-58
-25
-11
-25
-357
-56
-25
-25
-40
-683
-19
-28
-1
-90
-325
-409
-45
0
-124
-45
0
-182
-90
-25
-38
-36
-548
-1
-13
-34
-139
-53
-182
-74
-12
-213
-38
-139
-148
-11
-88
-18
-3
-139
-139
-75
-12
-213
-74
-25
-357
-300
-146
-12
-44
-53
-146
-88
-8
-3
0
-90
-148
-1
-56
-132
-548
-187
-1
-357
-11
-75
-139
-90
-40
-300
-44
-148
-36
-182
-325
-34
-124
-90
-38
-88
-187
-44
-11
0
-152
0
-90
-548
-125
0
-13
-139
-152
-25
-13
-19
-325
-53
0
-74
-5
-34
-53
-152
-19
-19
-25
-139
0
-53
-38
-75
-90
-152
-11
-1
-74
-14
-12
-1
-548
-43
-3
-36
-5
-139
0
-19
-113
-152
-90
-40
-19
-44
-40
-683
-28
-548
0
-28
0
-357
-187
-75
-146
-300
-25
0
-152
-25
-90
-300
-90
-132
-113
-25
-25
-25
-3
-53
-3
-148
-88
-5
-5
-5
-34
-88
-8
-19
0
-139
-28
-409
-325
-53
-18
-25
-146
-18
-25
-43
-44
-32
-25
-36
-1
-11
-125
-13
-34
-74
-139
-88
-139
-32
-12
-36
-683
-88
-58
-12
-19
-58
-13
-40
-75
-132
-45
-88
-74
0
-357
-19
-1
-213
-132
-300
-25
-88
-40
-44
-683
-12
-92
-182
-14
-25
-1
-25
-45
-548
-25
-90
0
-38
-25
-325
-146
-409
0
-40
-683
-300
-19
-12
-43
0
-90
0
-409
-74
-683
-14
-8
-92
0
-325
-75
-300
-139
-187
-44
-213
-43
-45
-56
-75
-113
-125
-74
-1
-88
-90
-357
-139
-146
-187
-53
0
-12
-36
-38
-357
-409
-36
0
-40
-40
-124
-38
-124
-25
-11
-1
-36
-36
-325
0
-40
0
486
0
-13
-107
-327
-260
-12
-9
-7
-53
-302
-5
-536
-197
-3
-227
-1
-65
-9
0
-7
-30
-821
-113
-84
-2
-97
-4
-147
-155
-118
-57
-145
-8
-66
-276
-64
-13
-18
-123
-120
-9
-186
-8
-18
-205
-2
-76
-66
-8
-566
-26
-62
-16
-8
-11
-475
-52
-138
-20
-100
-326
-24
-8
-15
-21
-44
-1
-48
-3
-238
-61
-17
-2
-37
-475
-325
-173
-22
-24
-21
-10
-54
-10
-55
-475
-186
-43
-138
-7
-2
-46
-113
-186
-243
-306
-86
-512
-100
-21
-10
-132
-105
-18
-68
-41
-94
-230
-53
-3
-357
-163
-62
-366
-5
-11
-42
-23
-348
-5
-46
-160
-93
-41
-35
-134
-100
-2
-30
-65
-5
-17
-8
-60
-42
-38
-354
-4
-230
-32
-229
-138
-14
-60
-394
-41
-237
-135
-4
-38
-19
0
-7
-62
-236
-65
-155
-119
-160
-110
-69
-354
-6
-4
-276
-36
-120
-19
-179
-17
-105
-1
-29
-21
-30
-276
-3
-21
-31
-54
-13
-63
-118
-5
-257
-453
-80
-20
-132
-475
-90
-38
-71
-11
-147
-63
-319
-77
0
-35
-360
-4
-229
-3
-37
-29
-633
-55
-41
-37
-35
-31
-223
-51
-46
-103
-224
-34
-101
-69
-18
-26
-29
-2
-17
-132
-39
-3
-64
-27
-87
-69
-81
-327
-145
-16
0
0
-1
-115
-204
-181
0
-483
-23
-8
-119
-257
-179
-302
-38
-309
-32
-20
-532
-38
-118
-282
-108
-319
-13
-29
-160
-1
-48
-633
-128
-302
-186
-111
-457
-37
-253
-12
-369
-48
-4
-124
-1
-57
-557
-68
0
-97
0
-116
-292
-35
0
-150
-132
-71
-14
-38
-237
-2
-557
-230
-152
-84
-21
-20
-179
-16
-37
-193
-557
-17
-7
-31
-7
-117
0
-19
-84
-15
-230
-17
-49
-5
-65
-144
-13
-260
-91
-38
-583
-52
-71
-151
-21
-53
-216
-7
-7
-67
-8
-53
-91
-17
-150
-48
-29
-15
-56
-158
-21
-512
-7
-91
-108
-24
-9
-303
-234
-161
-5
-2
-7
0
-119
-358
-46
-218
-48
-175
0
-57
-158
-366
-86
-67
-1
-448
-68
-3
-50
-2
-35
-416
-100
-30
-43
-47
-8
-41
-54
-224
-360
-192
-7
-5
-4
-163
-171
-282
-18
-130
0
-119
-282
-156
-11
-181
-13
0
-358
-44
-66
-5
-1
-7
-261
-425
-97
-257
-257
-23
-41
-64
-17
-425
-91
-52
-327
-362
-18
-776
-307
-65
-60
-97
-44
-9
-38
-112
-205
-320
-10
-33
-251
-174
-38
-100
-18
-23
-26
-107
-99
-312
-22
-68
-369
-231
-42
-67
-10
-8
-66
-79
-41
-10
-5
-9
-25
-28
-30
-145
-67
-442
-97
-303
-13
-36
-46
-25
-185
-87
-171
-6
-136
-25
-7
-61
-7
-64
-163
490
-182
-48
-274
-192
-115
-1
-33
-81
-28
-335
-21
-327
-288
-131
-53
-171
-21
-18
-3
-57
-115
-100
-305
-60
-1
-147
-212
0
-14
-205
-173
-71
-42
-173
-27
-274
-53
-620
-312
-68
-251
-36
-21
-532
-95
-9
-53
-41
-1
-197
-249
-51
-369
-55
-16
-374
-13
-5
-118
-37
-222
-105
-8
-100
-155
-80
-8
-145
0
-236
-633
-118
-27
-18
-115
-66
-79
-95
-119
-60
-109
-20
-186
-84
-118
-253
-36
-41
-171
-57
-288
-1
-37
-366
-48
0
-231
-64
-108
-28
-620
-131
-134
-32
-1
-7
-327
-203
-20
0
-29
-312
-2
-135
-50
-11
-160
-62
-10
-6
-105
-12
-51
-47
-328
-104
-68
-32
-160
-23
-511
-180
0
-69
-7
-122
-233
-84
-97
-192
-41
-3
-235
-426
-41
-12
-9
-35
-92
-48
-162
-327
-56
-179
-12
-7
-16
-142
-9
-37
-186
-7
-19
-113
0
-274
-16
-7
-98
-173
0
-196
-5
-91
-25
-4
-100
-20
-251
-23
-312
-442
-3
-41
-197
-46
-307
-9
-15
-16
-62
-14
-13
-33
-9
-50
-33
-120
-26
-84
-323
-218
-43
-101
-571
-9
-16
-119
0
-5
-379
-776
-55
-101
-179
-395
-105
-19
-633
-4
-1
-381
-583
-21
-218
-57
-57
-81
-29
-119
-3
-63
-14
-1
-29
-38
-62
-27
-60
-113
-41
-250
-5
-21
-335
-312
-17
-25
-65
-230
0
-3
-19
-224
-97
-130
-85
-9
-145
-57
-416
-59
-29
-18
0
-2
-25
-23
-31
-62
-88
-12
-56
-94
-312
-290
-22
-135
-303
-160
-9
-21
-95
-48
-1
-15
-92
-87
-10
-37
-81
-130
-5
-130
-3
-247
-91
0
-237
-1
-57
-50
-19
-80
-14
-163
-91
-113
-734
0
-103
-62
-9
-309
-512
-230
-95
-27
-46
-68
-354
0
-84
-717
-64
0
-56
-67
-178
-23
-81
-566
-17
-305
-13
-306
-115
-56
-58
-182
-7
-11
-3
-2
-122
-216
-253
-59
-13
-236
-4
-59
-2
-38
-34
-47
-56
-109
-4
-7
-24
-305
-197
-196
-282
-22
-232
-14
-67
-1
0
-24
-2
-59
-21
-183
-821
-3
-22
-65
-394
-32
-60
-2
-11
-39
-4
-55
-47
-821
-571
-305
-50
-236
-14
-31
-166
-98
-18
0
-253
-14
-4
0
-29
-130
-253
-583
-128
-34
-140
-9
-130
-138
-182
-2
-51
-68
-4
-8
-247
-101
-462
-29
-68
-379
-532
-186
-7
-141
-230
-314
-158
-302
-261
-55
-66
-108
-163
-98
-46
-325
-5
-374
-360
-260
-81
-117
-38
-11
-55
0
-113
-9
-17
-38
-394
-52
-28
-311
-173
-62
-53
-26
-327
-230
-29
0
-7
-3
-38
-32
-416
-147
-301
-30
-73
-229
-127
-14
-1
-118
-8
-59
-149
-103
-229
-327
-38
-18
486
17
95
10
108
16
83
312
315
615
916
114
14
75
232
8
8
75
4
45
5
91
208
8
451
421
75
150
311
15
331
1
150
54
170
362
548
4
607
25
26
101
51
214
33
271
16
108
35
61
113
70
19
1
518
12
2
359
161
571
132
25
518
61
2
5
200
3
99
61
33
75
132
83
44
372
70
64
42
33
35
27
54
132
58
8
319
359
4
644
278
372
205
418
3
518
4
41
615
22
74
607
109
82
518
477
4
132
99
38
64
62
311
38
13
50
22
2
86
61
451
108
26
152
12
95
35
12
9
2
9
451
232
150
232
26
9
27
362
102
232
38
86
132
166
477
3
184
145
70
26
61
189
80
108
0
359
33
208
315
146
27
14
155
0
67
17
615
37
17
108
545
60
99
388
56
164
25
61
0
419
400
245
19
62
62
150
62
26
44
161
27
17
359
24
56
263
27
15
113
331
9
166
24
164
56
74
7
419
26
3
24
263
62
109
35
4
6
64
312
67
35
60
15
26
33
74
35
22
64
172
3
170
7
35
134
545
434
11
615
182
12
2
12
33
161
18
155
546
13
83
33
301
3
538
37
263
31
245
67
11
189
75
5
391
0
134
166
577
182
70
40
5
56
64
5
22
278
82
31
1
223
51
302
54
312
13
4
93
3
70
7
67
70
4
4
238
35
118
70
773
26
128
644
6
3
64
571
114
17
19
64
43
33
70
8
161
615
17
4
27
238
8
13
145
12
18
12
13
214
70
2
31
89
134
132
155
99
62
19
43
8
134
546
60
546
37
10
773
14
67
78
43
55
123
23
538
278
115
125
545
27
61
128
51
372
33
16
205
391
109
17
6
26
4
8
15
6
376
0
74
312
78
27
30
548
607
3
62
55
44
17
164
362
518
64
60
101
388
290
15
23
27
132
2
359
115
434
61
146
74
33
164
80
99
62
40
78
305
607
4
12
75
72
56
6
44
43
23
44
3
418
61
150
7
421
86
146
1
274
95
102
64
70
287
22
24
14
68
261
4
5
548
155
99
242
10
146
577
26
27
70
28
12
74
8
91
2
101
14
5
0
7
101
4
61
16
290
4
7
60
128
42
56
41
43
62
493
68
571
6
60
607
261
3
232
164
54
161
72
155
86
2
40
214
22
4
51
24
14
27
50
11
538
127
182
27
14
118
93
108
38
23
285
2
245
21
113
312
74
311
6
28
12
102
55
15
238
35
70
259
182
19
60
242
54
33
127
15
285
400
27
56
64
205
9
615
164
68
9
75
44
14
287
7
21
101
25
127
538
4
67
254
14
95
214
3
118
26
150
9
79
0
82
70
607
99
16
27
134
134
27
218
189
114
8
376
278
23
2
33
184
128
9
45
91
152
60
27
15
5
26
70
16
0
116
64
17
2
0
27
773
0
26
11
64
26
200
2
359
60
302
12
170
56
362
26
4
315
376
0
12
150
170
118
64
118
51
33
0
24
33
238
35
0
388
278
7
22
238
33
42
12
41
477
12
290
214
21
26
127
1
27
434
21
15
311
46
118
67
208
285
61
43
164
184
362
14
64
27
56
108
33
0
99
64
263
95
56
2
35
78
123
400
61
7
7
1
17
12
23
53
6
23
290
70
2
372
571
301
72
200
58
44
26
434
123
145
61
60
70
607
182
0
242
70
74
8
26
164
17
27
0
0
68
67
916
42
56
91
27
82
259
61
161
11
60
67
15
42
1
285
571
23
146
79
0
137
11
166
0
64
9
16
518
91
62
155
36
3
134
16
61
548
50
54
150
55
8
16
17
19
0
108
271
40
311
70
419
46
4
287
108
74
6
93
26
17
53
3
301
56
128
266
8
232
64
418
75
43
33
79
35
62
27
91
99
266
43
93
287
109
331
4
232
33
26
16
91
35
45
62
58
538
263
132
242
2
33
19
108
40
145
166
78
5
9
26
12
62
8
33
44
27
132
83
23
4
61
128
9
101
93
95
23
68
305
26
477
70
12
132
83
172
146
184
99
78
16
4
261
115
115
26
23
21
15
12
79
44
189
44
53
23
615
132
33
44
545
182
1
208
263
34
27
56
132
64
128
8
33
8
14
61
60
82
64
170
316
205
12
391
30
50
14
108
58
118
287
5
15
8
170
95
8
41
27
58
19
271
1
80
28
155
8
8
0
7
331
362
546
274
26
64
164
45
35
266
26
23
15
64
376
75
238
54
54
10
99
15
305
