5
1
17
3
1 2 3
1
17
1
239
500
0
1
2
5
6
9
9
10
10
13
13
15
16
19
23
25
25
26
29
32
33
36
37
39
39
40
41
42
44
45
47
49
49
50
51
53
53
54
54
55
55
55
55
55
56
57
57
58
60
61
64
64
67
68
68
68
68
68
68
70
72
72
74
76
78
78
78
79
80
81
82
82
82
85
86
88
90
92
94
97
97
97
97
98
98
99
99
100
104
106
107
111
112
112
114
115
117
117
117
119
119
119
121
122
125
128
128
130
131
132
132
134
136
137
138
139
141
142
142
144
145
146
146
147
147
151
154
155
156
158
161
162
163
167
168
170
171
178
178
178
179
179
182
183
183
185
187
189
191
194
195
198
200
201
203
205
206
209
210
210
213
215
215
217
222
225
227
227
229
231
231
234
236
236
237
239
240
241
242
243
245
246
247
247
250
253
255
259
259
260
261
264
264
264
265
266
267
269
269
270
272
275
276
278
281
282
282
283
283
283
286
292
292
294
295
297
298
299
301
302
303
303
304
306
308
309
313
315
318
320
322
322
322
323
325
326
328
328
332
334
337
340
341
342
344
344
344
344
350
352
353
355
359
360
361
363
364
364
364
364
364
364
364
365
367
368
371
372
374
376
379
381
381
383
384
384
386
386
386
387
389
393
393
394
396
396
397
398
399
400
404
404
405
408
409
410
412
413
415
416
420
421
423
424
425
425
427
432
433
433
435
435
435
435
436
437
438
438
441
442
445
446
446
447
448
448
449
454
454
457
459
462
462
463
463
464
465
467
467
471
474
474
474
476
480
482
484
486
488
489
492
493
493
493
494
495
496
496
498
500
503
504
506
507
511
512
514
515
518
520
520
522
523
523
525
526
526
529
530
533
534
534
536
537
538
538
540
541
543
544
545
546
547
549
550
551
552
554
554
555
555
556
556
556
558
560
560
560
561
562
562
563
565
567
569
570
572
575
576
578
579
581
582
584
586
586
588
588
589
591
593
594
594
595
597
598
599
601
604
607
608
611
612
612
612
613
613
614
616
617
619
621
623
624
626
626
627
627
629
630
631
635
638
642
644
644
646
648
650
650
651
651
654
655
656
660
662
662
665
665
665
665
667
667
668
672
674
678
679
681
682
683
684
685
688
689
690
692
692
693
500
0
3
4
7
9
11
11
11
12
13
16
17
22
24
24
24
27
28
30
31
34
36
38
42
44
46
50
50
52
54
55
57
57
57
58
58
59
59
59
62
66
69
71
72
73
76
79
82
83
86
89
92
92
95
97
98
100
100
104
104
110
111
112
113
116
117
121
123
124
124
125
126
128
128
130
133
135
139
139
142
144
145
146
147
151
153
154
154
154
156
161
162
165
167
169
171
173
175
177
179
183
185
188
189
191
192
193
197
198
199
200
201
204
205
209
212
214
217
218
219
221
223
224
226
227
231
232
235
236
237
238
240
242
247
248
251
251
254
256
257
258
262
265
266
269
270
272
276
279
280
283
284
288
288
291
294
296
297
298
299
300
301
303
304
306
309
310
314
315
317
319
320
324
327
330
330
332
332
334
337
337
339
339
342
344
347
347
350
352
352
353
354
357
359
362
364
364
367
367
367
368
369
372
374
376
378
378
379
379
383
384
386
390
393
393
393
394
395
396
398
402
402
406
408
409
411
412
413
413
413
414
417
417
417
420
422
422
425
426
429
431
432
434
437
439
441
442
443
446
447
448
449
449
454
455
458
459
459
461
462
463
465
465
467
469
472
475
477
478
480
482
486
488
490
491
493
496
497
499
502
505
508
511
512
513
514
515
518
522
523
528
531
531
531
536
537
537
539
540
542
543
544
545
547
548
552
553
555
555
557
558
561
562
564
567
570
572
573
575
576
577
579
580
581
581
582
584
585
586
589
593
595
597
598
600
603
607
610
614
615
618
620
622
623
626
629
631
632
632
634
637
638
639
641
641
641
644
645
645
647
649
649
650
653
657
660
660
662
663
663
667
669
670
671
673
676
676
676
678
680
682
683
684
685
685
687
688
689
691
692
692
693
694
696
698
700
701
701
701
703
704
706
708
711
713
720
720
721
723
724
724
726
727
733
734
737
737
740
740
742
743
746
747
749
751
752
753
755
756
756
758
763
763
763
765
766
769
772
772
774
774
778
778
781
783
786
791
796
797
799
800
803
806
807
809
809
811
811
813
813
813
816
817
817
819
821
823
825
826
829
834
835
837
837
838
838
841
844
849
850
851
853
854
855
857
861
863
864
864
866
866
866
868
870
870
872
875
876
879
880
500
0
1
2
5
6
9
9
10
10
13
13
15
16
19
23
25
25
26
29
32
33
36
37
39
39
40
41
42
44
45
47
49
49
50
51
53
53
54
54
55
55
55
55
55
56
57
57
58
60
61
64
64
67
68
68
68
68
68
68
70
72
72
74
76
78
78
78
79
80
81
82
82
82
85
86
88
90
92
94
97
97
97
97
98
98
99
99
100
104
106
107
111
112
112
114
115
117
117
117
119
119
119
121
122
125
128
128
130
131
132
132
134
136
137
138
139
141
142
142
144
145
146
146
147
147
151
154
155
156
158
161
162
163
167
168
170
171
178
178
178
179
179
182
183
183
185
187
189
191
194
195
198
200
201
203
205
206
209
210
210
213
215
215
217
222
225
227
227
229
231
231
234
236
236
237
239
240
241
242
243
245
246
247
247
250
253
255
259
259
260
261
264
264
264
265
266
267
269
269
270
272
275
276
278
281
282
282
283
283
283
286
292
292
294
295
297
298
299
301
302
303
303
304
306
308
309
313
315
318
320
322
322
322
323
325
326
328
328
332
334
337
340
341
342
344
344
344
344
350
352
353
355
359
360
361
363
364
364
364
364
364
364
364
365
367
368
371
372
374
376
379
381
381
383
384
384
386
386
386
387
389
393
393
394
396
396
397
398
399
400
404
404
405
408
409
410
412
413
415
416
420
421
423
424
425
425
427
432
433
433
435
435
435
435
436
437
438
438
441
442
445
446
446
447
448
448
449
454
454
457
459
462
462
463
463
464
465
467
467
471
474
474
474
476
480
482
484
486
488
489
492
493
493
493
494
495
496
496
498
500
503
504
506
507
511
512
514
515
518
520
520
522
523
523
525
526
526
529
530
533
534
534
536
537
538
538
540
541
543
544
545
546
547
549
550
551
552
554
554
555
555
556
556
556
558
560
560
560
561
562
562
563
565
567
569
570
572
575
576
578
579
581
582
584
586
586
588
588
589
591
593
594
594
595
597
598
599
601
604
607
608
611
612
612
612
613
613
614
616
617
619
621
623
624
626
626
627
627
629
630
631
635
638
642
644
644
646
648
650
650
651
651
654
655
656
660
662
662
665
665
665
665
667
667
668
672
674
678
679
681
682
683
684
685
688
689
690
692
692
693
500
0
3
4
7
9
11
11
11
12
13
16
17
22
24
24
24
27
28
30
31
34
36
38
42
44
46
50
50
52
54
55
57
57
57
58
58
59
59
59
62
66
69
71
72
73
76
79
82
83
86
89
92
92
95
97
98
100
100
104
104
110
111
112
113
116
117
121
123
124
124
125
126
128
128
130
133
135
139
139
142
144
145
146
147
151
153
154
154
154
156
161
162
165
167
169
171
173
175
177
179
183
185
188
189
191
192
193
197
198
199
200
201
204
205
209
212
214
217
218
219
221
223
224
226
227
231
232
235
236
237
238
240
242
247
248
251
251
254
256
257
258
262
265
266
269
270
272
276
279
280
283
284
288
288
291
294
296
297
298
299
300
301
303
304
306
309
310
314
315
317
319
320
324
327
330
330
332
332
334
337
337
339
339
342
344
347
347
350
352
352
353
354
357
359
362
364
364
367
367
367
368
369
372
374
376
378
378
379
379
383
384
386
390
393
393
393
394
395
396
398
402
402
406
408
409
411
412
413
413
413
414
417
417
417
420
422
422
425
426
429
431
432
434
437
439
441
442
443
446
447
448
449
449
454
455
458
459
459
461
462
463
465
465
467
469
472
475
477
478
480
482
486
488
490
491
493
496
497
499
502
505
508
511
512
513
514
515
518
522
523
528
531
531
531
536
537
537
539
540
542
543
544
545
547
548
552
553
555
555
557
558
561
562
564
567
570
572
573
575
576
577
579
580
581
581
582
584
585
586
589
593
595
597
598
600
603
607
610
614
615
618
620
622
623
626
629
631
632
632
634
637
638
639
641
641
641
644
645
645
647
649
649
650
653
657
660
660
662
663
663
667
669
670
671
673
676
676
676
678
680
682
683
684
685
685
687
688
689
691
692
692
693
694
696
698
700
701
701
701
703
704
706
708
711
713
720
720
721
723
724
724
726
727
733
734
737
737
740
740
742
743
746
747
749
751
752
753
755
756
756
758
763
763
763
765
766
769
772
772
774
774
778
778
781
783
786
791
796
797
799
800
803
806
807
809
809
811
811
813
813
813
816
817
817
819
821
823
825
826
829
834
835
837
837
838
838
841
844
849
850
851
853
854
855
857
861
863
864
864
866
866
866
868
870
870
872
875
876
879
880
500
1
6
7
9
12
15
18
20
23
23
25
27
31
37
39
39
42
46
48
52
55
59
60
61
65
69
71
74
77
81
83
85
89
89
91
94
95
98
98
99
101
104
104
107
109
112
115
120
122
122
124
126
126
126
129
130
133
136
141
142
144
146
148
152
153
154
156
160
162
166
168
170
173
174
176
178
179
180
184
187
192
195
198
201
205
207
212
213
218
220
222
222
224
226
228
232
236
238
239
242
244
246
250
253
254
259
260
261
264
266
267
267
270
270
275
279
282
283
289
291
293
298
301
304
310
315
317
320
321
324
330
331
337
343
346
349
353
358
361
365
369
373
375
380
383
384
388
391
395
399
405
407
408
410
414
415
419
422
424
427
430
432
434
438
441
444
445
448
451
454
459
460
462
466
471
473
477
479
480
483
485
487
494
497
501
506
507
509
510
511
511
516
521
523
526
527
529
531
532
535
538
539
540
543
546
549
554
558
563
565
566
569
571
573
576
580
583
589
596
600
603
605
607
608
610
613
619
622
626
631
633
636
638
641
643
644
644
646
648
649
652
656
663
666
668
671
677
678
679
682
682
686
689
689
691
695
697
698
699
700
702
704
706
709
715
717
721
726
727
731
733
736
739
743
745
747
749
750
752
760
763
765
767
767
768
770
771
773
774
778
784
787
788
789
793
796
797
801
804
807
812
816
816
817
818
819
823
827
830
834
837
837
840
846
849
853
855
858
861
864
868
868
869
871
873
874
877
883
887
890
893
897
899
901
902
906
908
910
910
911
913
917
917
921
923
928
930
931
936
938
938
941
944
946
948
951
954
954
958
961
962
964
966
971
971
973
973
976
980
981
983
984
985
985
987
990
992
996
1001
1004
1008
1011
1012
1017
1017
1019
1022
1024
1026
1029
1033
1037
1040
1040
1042
1043
1044
1048
1054
1057
1059
1062
1064
1064
1064
1066
1068
1070
1073
1075
1079
1082
1083
1085
1086
1089
1089
1094
1097
1101
1104
1109
1114
1117
1119
1125
1127
1128
1129
1132
1133
1136
1142
1144
1145
1148
1150
1151
1154
1155
1157
1163
1170
1175
1179
1181
1182
1189
1189
1192
1194
1196
1199
1200
1204
1205
1209
1212
1215
1219
1220
1220
1221
1224
1229
1230
1236
1239
1239
1240
1242
1245
1246
1249
1252
1255
1262
1265
1268
1273
1275
1279
1282
1283
1286
1287
1289
1290
1293
1294
1295
1296
1302
1308
1310
1311
1313
1318
1323
1327
500
3
7
11
14
16
20
21
23
26
31
34
35
37
40
45
48
53
55
55
58
60
62
65
68
73
77
80
84
87
89
92
99
103
106
107
108
111
116
120
123
127
131
135
141
144
148
151
156
160
164
168
171
173
178
180
184
185
188
190
194
197
199
202
205
208
214
217
222
224
228
230
234
239
240
242
245
249
253
258
259
263
266
267
269
273
275
278
281
285
290
294
297
300
305
311
314
318
322
324
327
328
330
335
338
341
345
348
353
355
359
363
367
375
381
384
384
386
388
392
393
397
401
405
409
411
413
416
421
422
424
427
432
435
437
439
442
444
446
448
455
459
463
465
467
468
471
475
477
482
485
487
489
491
492
496
501
504
507
513
516
518
519
523
524
526
529
531
531
532
537
537
539
542
547
550
555
560
563
567
568
570
574
575
577
578
580
584
587
590
592
593
598
602
604
605
609
614
617
621
624
629
631
637
641
643
644
651
653
657
660
664
668
675
678
681
684
687
691
697
701
706
707
709
716
718
722
723
725
728
729
731
735
737
741
747
751
753
756
760
763
766
769
774
778
781
786
790
792
797
799
801
804
807
809
811
816
819
821
825
833
836
842
843
850
852
856
861
864
864
869
873
876
880
882
885
889
890
892
894
896
900
900
903
909
910
914
918
924
929
931
936
938
943
946
949
951
953
958
959
961
966
969
973
974
978
978
982
984
986
988
991
991
994
996
998
1000
1002
1002
1005
1006
1010
1011
1015
1021
1029
1033
1033
1036
1040
1040
1043
1048
1054
1058
1064
1066
1069
1071
1073
1076
1079
1080
1083
1083
1086
1088
1088
1091
1098
1098
1101
1102
1105
1108
1113
1114
1116
1120
1122
1127
1131
1135
1142
1146
1150
1155
1159
1161
1163
1167
1167
1170
1171
1174
1174
1175
1179
1182
1185
1189
1193
1195
1199
1206
1209
1213
1215
1216
1216
1220
1226
1232
1236
1238
1241
1246
1248
1253
1256
1260
1261
1267
1267
1269
1273
1275
1278
1283
1283
1288
1289
1290
1292
1294
1296
1299
1303
1308
1311
1313
1314
1316
1319
1321
1323
1326
1326
1329
1333
1335
1340
1346
1351
1357
1361
1363
1369
1370
1378
1380
1384
1386
1388
1390
1393
1401
1407
1408
1413
1419
1421
1425
1425
1432
1435
1439
1440
1445
1446
1449
1452
1456
1457
1459
1463
1464
1467
1469
1472
1477
1482
1484
1489
1494
1497
1500
1501
1506
1513
1520
1527
1528
1530
1531
1533
1536
1540
1546
1549
1550
1551
1552
1556
1560
1565
1569
1573
1575
1578
1581
