5
486
17
95
10
108
16
83
312
315
615
916
114
14
75
232
8
8
75
4
45
5
91
208
8
451
421
75
150
311
15
331
1
150
54
170
362
548
4
607
25
26
101
51
214
33
271
16
108
35
61
113
70
19
1
518
12
2
359
161
571
132
25
518
61
2
5
200
3
99
61
33
75
132
83
44
372
70
64
42
33
35
27
54
132
58
8
319
359
4
644
278
372
205
418
3
518
4
41
615
22
74
607
109
82
518
477
4
132
99
38
64
62
311
38
13
50
22
2
86
61
451
108
26
152
12
95
35
12
9
2
9
451
232
150
232
26
9
27
362
102
232
38
86
132
166
477
3
184
145
70
26
61
189
80
108
0
359
33
208
315
146
27
14
155
0
67
17
615
37
17
108
545
60
99
388
56
164
25
61
0
419
400
245
19
62
62
150
62
26
44
161
27
17
359
24
56
263
27
15
113
331
9
166
24
164
56
74
7
419
26
3
24
263
62
109
35
4
6
64
312
67
35
60
15
26
33
74
35
22
64
172
3
170
7
35
134
545
434
11
615
182
12
2
12
33
161
18
155
546
13
83
33
301
3
538
37
263
31
245
67
11
189
75
5
391
0
134
166
577
182
70
40
5
56
64
5
22
278
82
31
1
223
51
302
54
312
13
4
93
3
70
7
67
70
4
4
238
35
118
70
773
26
128
644
6
3
64
571
114
17
19
64
43
33
70
8
161
615
17
4
27
238
8
13
145
12
18
12
13
214
70
2
31
89
134
132
155
99
62
19
43
8
134
546
60
546
37
10
773
14
67
78
43
55
123
23
538
278
115
125
545
27
61
128
51
372
33
16
205
391
109
17
6
26
4
8
15
6
376
0
74
312
78
27
30
548
607
3
62
55
44
17
164
362
518
64
60
101
388
290
15
23
27
132
2
359
115
434
61
146
74
33
164
80
99
62
40
78
305
607
4
12
75
72
56
6
44
43
23
44
3
418
61
150
7
421
86
146
1
274
95
102
64
70
287
22
24
14
68
261
4
5
548
155
99
242
10
146
577
26
27
70
28
12
74
8
91
2
101
14
5
0
7
101
4
61
16
290
4
7
60
128
42
56
41
43
62
493
68
571
6
60
607
261
3
232
164
54
161
72
155
86
2
40
214
22
4
51
24
14
27
50
11
538
127
182
27
14
118
93
108
38
23
285
2
245
21
113
312
74
311
6
28
12
102
55
15
238
35
70
259
182
19
60
242
54
33
127
15
285
400
27
56
64
205
9
615
164
68
9
75
44
14
287
7
21
101
25
127
538
4
67
254
14
95
214
3
118
26
150
9
79
0
82
70
607
99
16
27
134
134
27
218
189
114
8
376
278
23
2
33
184
128
9
45
91
152
60
27
15
5
26
70
16
0
116
64
17
2
0
27
773
0
26
11
64
26
200
2
359
60
302
12
170
56
362
26
4
315
376
0
12
150
170
118
64
118
51
33
0
24
33
238
35
0
388
278
7
22
238
33
42
12
41
477
12
290
214
21
26
127
1
27
434
21
15
311
46
118
67
208
285
61
43
164
184
362
14
64
27
56
108
33
0
99
64
263
95
56
2
35
78
123
400
61
7
7
1
17
12
23
53
6
23
290
70
2
372
571
301
72
200
58
44
26
434
123
145
61
60
70
607
182
0
242
70
74
8
26
164
17
27
0
0
68
67
916
42
56
91
27
82
259
61
161
11
60
67
15
42
1
285
571
23
146
79
0
137
11
166
0
64
9
16
518
91
62
155
36
3
134
16
61
548
50
54
150
55
8
16
17
19
0
108
271
40
311
70
419
46
4
287
108
74
6
93
26
17
53
3
301
56
128
266
8
232
64
418
75
43
33
79
35
62
27
91
99
266
43
93
287
109
331
4
232
33
26
16
91
35
45
62
58
538
263
132
242
2
33
19
108
40
145
166
78
5
9
26
12
62
8
33
44
27
132
83
23
4
61
128
9
101
93
95
23
68
305
26
477
70
12
132
83
172
146
184
99
78
16
4
261
115
115
26
23
21
15
12
79
44
189
44
53
23
615
132
33
44
545
182
1
208
263
34
27
56
132
64
128
8
33
8
14
61
60
82
64
170
316
205
12
391
30
50
14
108
58
118
287
5
15
8
170
95
8
41
27
58
19
271
1
80
28
155
8
8
0
7
331
362
546
274
26
64
164
45
35
266
26
23
15
64
376
75
238
54
54
10
99
15
305
500
-2080790688
-557481517
1051049269
-1141082269
1610861763
-1912455383
-1663371719
-880193166
-1377158102
-237043997
-800784560
-1543365418
1036021055
-1956509729
654556578
-2083531398
-1547291317
-1547291317
1466448720
1777241875
1777241875
-836867952
-1959200600
-99511738
1037493519
1079645928
938271699
-1985112476
1093137470
-1666612239
1597932437
-1178743700
-4299935
-1936058882
1009517234
458579784
-800784560
-718375712
-1543365418
-821236840
219677690
1426487531
-1540261118
-382980193
1272533215
-1596358333
-1936058882
-1495574559
-632165893
164855383
1008126337
654556578
-119586356
-1666612239
-1554106585
1777241875
1169124729
-327651850
-1148555200
-291418180
1037493519
1829928285
-952088381
1081345546
-1163083206
-1468206321
1008126337
1051049269
-448860981
-1959200600
164855383
1008126337
255825201
537050017
-546514652
351971966
164855383
-1098677590
507554560
-718375712
-1858713371
203311643
-567308776
-174122258
2139011943
-1098677590
908014343
-753679473
-1976660028
-382980193
458579784
-2074875628
-1455027464
628540076
618014444
-1147112804
-852210587
-557481517
-1890946686
-382980193
-291418180
-1913585491
652762043
1198479105
1494032136
724598947
-119586356
-1783544270
882114486
-1913585491
-380451581
-179717801
-119586356
1777241875
-501010159
-926650101
1468993044
-179717801
1174120413
2095605458
-206487777
414751798
2030876451
-1880938510
-590784397
-983554085
1163197201
-182215901
-2060809660
203311643
1049387567
-1911474427
-1665580351
-926650101
-1446750654
-1182680280
2039597868
-1245426666
-1719430236
-1935299755
-1057268865
203311643
-234948342
-1395518840
1079645928
-983554085
-768068327
-1395518840
-897949335
1710138020
724598947
255825201
-945744961
164855383
-912041570
-182215901
-448860981
967670439
938271699
-174122258
-2080790688
1511292292
1530100199
630980430
-4299935
-454902322
-1823147038
-880193166
-421558895
1093137470
-1719430236
-952088381
1606888855
1008126337
-266142018
-1935299755
-1913585491
1610861763
434377671
-172779407
1736156563
592780566
-880193166
-172779407
-1547291317
802533705
-897949335
604411744
1405062096
-852210587
-1936058882
-623060397
1606888855
715734891
1090164584
817068627
-1913585491
-873952652
55068506
-880193166
-740529993
-174122258
-1949394211
-174122258
817068627
-382980193
2139011943
-1596358333
-1446750654
-1060385591
-206487777
-2060809660
-266142018
1186147830
2095605458
-1719430236
-119586356
-1600373588
-516088121
255825201
-375296973
-1377158102
-1060385591
-1876063248
-1783544270
-1911474427
-360433269
-1750980883
-718375712
-1146031478
-237043997
-99511738
-1666612239
1466448720
1388087608
-1600373588
618014444
1849643450
2039597868
-1783544270
2090430918
-938738584
-1600373588
-632165893
434377671
-2080790688
-546514652
1169124729
511731005
-99511738
-567308776
-546514652
-1098677590
1169124729
-1665580351
1619303603
-119586356
-1912455383
-1880938510
1891252861
-1148555200
-1912455383
458579784
-1467138726
1036021055
-1318839012
-1913585491
-645693955
-1098677590
-2132189795
-380451581
1008126337
-1823147038
-1858713371
-163177416
1186471053
-1678323559
-1880938510
-590784397
-1913369975
1891252861
-327708037
1829928285
-1823147038
1081345546
938271699
-1665580351
516986805
1834576152
255825201
604411744
-557481517
516986805
-560527287
-1600373588
74307215
882114486
458579784
-852210587
-821125573
1610861763
-2022379782
-747934176
1174120413
-1455027464
-1976660028
74307215
-560107983
-897949335
-163177416
-753679473
-567308776
537050017
-323072906
1829928285
1079645928
-291418180
1405062096
-567308776
592780566
-1182680280
-1182680280
-1178743700
-1913369975
164855383
-2074875628
-1455027464
-800784560
2011803500
-347741377
817068627
1051049269
2139011943
-1521366067
-360433269
-385985613
1079645928
908014343
-800784560
-1296838660
1008126337
1710315736
-1467138726
-1596358333
-119586356
-1395518840
-1615597283
-821125573
-1554106585
-567308776
-1912455383
1036021055
-1890946686
-560527287
-747934176
-590784397
1081345546
-1264720652
1849643450
78088030
398238303
2011803500
-1858713371
-560527287
1494032136
1736156563
1680969006
1174120413
-516088121
398238303
1723860781
-846074620
1511292292
-1540261118
654556578
-1264720652
1049387567
351971966
1047709826
630980430
-99511738
1388087608
1079645928
-1446750654
910471343
-382980193
-206487777
-1147112804
-1127899217
-645693955
-237043997
967670439
-1182680280
2095605458
-1665580351
1272533215
-304828891
-1784826555
-1455027464
-557481517
-1521366067
-1936058882
-323072906
-1985112476
1192777976
1849643450
-846074620
-567308776
1255539839
-1147112804
-846074620
-1141082269
-1880938510
1272533215
-1615597283
458579784
511731005
663142550
1009517234
2030876451
-291418180
1163197201
1174120413
652762043
1093137470
-1783544270
-1913585491
-1907476660
-1098402872
-1666612239
-1141082269
-1719430236
-266142018
-206487777
-852210587
-1340112404
542161385
507554560
-740529993
-983554085
1466448720
-632165893
164855383
-747934176
1233465890
330489457
-1521366067
1983288585
-1521366067
1009517234
203311643
-591829527
1388087608
511731005
1890712834
-1455027464
542161385
1036021055
-163177416
-1098402872
967670439
-1446750654
219677690
-1913369975
1736156563
-2132189795
1891252861
1388087608
-623060397
-1912455383
55068506
-1600373588
-99511738
507554560
1255539839
516986805
74307215
1906818359
2039597868
-1912455383
-1395518840
724598947
-1467138726
1494032136
-380451581
1202599592
-291418180
-323415600
1890712834
-1495574559
1963365973
-1182680280
-516088121
-1377158102
-1446750654
1197488978
-1776274298
-1147112804
-1540261118
1983288585
17
1174120413
1101664782
-846074620
-237043997
-821236840
1255539839
-1678323559
-1060385591
-1985112476
1255539839
1255539839
-718375712
-836867952
-623060397
1680969006
1426487531
1080062854
500
-1495049163
-2012063631
-1034562936
1273736396
1550423419
300878950
-1421455269
-532246300
815004715
2069718172
-654803506
1302770483
636346120
1836757643
1903004781
1330330279
1908452249
-2023847125
2040099145
2014526889
1971486553
265252390
-55639604
-2059105331
-555625530
-1498429652
-188285606
-576567313
-1786101293
2141459915
821436232
-1023715481
991891679
-532246300
1311124799
-1397082912
-368890504
815004715
-1241104899
1109257718
2051152088
-368890504
796926657
-498852993
-654803506
524085212
-1744085445
-504125805
944718317
-1579958557
1234897546
291002293
-202181301
188281223
-1707847045
-1226464012
-1313123024
466527040
-1438659585
-345336917
-892014689
265252390
2072575786
-188285606
-1786101293
1903004781
-1201451496
-343528397
-1156215083
-2054547487
1330330279
-1533131375
1385649947
600734625
345635453
2140075290
1405954232
-202181301
1143818552
1607168969
1583283026
-1421455269
2129916450
2004192451
944718317
-332371115
-2012063631
1125041146
-571832947
2072575786
-203817185
-1092294670
-1156215083
-343528397
-716520783
2069718172
-2043683626
1452188627
234585116
-188285606
-670563647
1385649947
-1716923457
-1418848141
-571832947
-1744085445
1012716046
-1922320575
-610371806
1125041146
1234897546
1143818552
440549539
-143763884
944718317
-1509544458
1878543312
-1766184816
1905374778
-1438659585
-1156329965
-2131395274
1904640571
-794927185
1676558660
472084486
-1887001638
1914764112
341017514
-1626144918
-332371115
991891679
2110441440
1389247445
1494536657
1917865747
1353767534
1476288702
-394018643
-2091031150
-905335548
-1917446590
-624716146
-458407254
-2012063631
-1092294670
-1786101293
244089744
-1917446590
2004192451
1933502586
-1786101293
-874499428
1895331142
-489342382
2110441440
-674636874
-1295524724
1389247445
-332371115
2014526889
-2043683626
991590744
524085212
1311124799
-2043683626
-498852993
1914764112
-678601512
821436232
-1156329965
-1201451496
-555625530
1385649947
389004393
1861385634
503015389
-1241104899
-1352726695
2004192451
1836757643
1189498821
2110441440
644147878
-682710674
1389247445
1583283026
-1716923457
-594628870
-532246300
1836757643
-196850387
-1498429652
234585116
1534134502
971939441
1933502586
-1337188963
2141459915
-202181301
-2054547487
815004715
-1626144918
1914764112
-1060952144
636346120
-1636093051
-2103162850
-1404928013
1836757643
-716520783
-1201451496
-188285606
2037602382
815004715
1124173954
-489342382
-2059105331
-1744085445
1490965412
796926657
1494536657
815004715
1006710939
265252390
701434486
-1397082912
2072575786
-2054547487
796926657
-885879607
-2012063631
-297445788
-489342382
440549539
1012716046
-2025277174
-932531139
580777805
-1003409141
1494536657
815004715
308408594
980840300
503015389
-781827180
1006710939
-1996766082
1018869616
1311124799
494154182
1490403001
-1421455269
466527040
-610371806
1124173954
-1397082912
-781827180
1534134502
1124173954
-932531139
-1744085445
1636320242
636346120
-594628870
-670563647
1353767534
991891679
-594628870
-368890504
-2124264892
-1744085445
-695125530
-1397082912
821436232
-2023847125
1917865747
-1509544458
1405954232
1143818552
-279151770
-1766184816
1006710939
1904640571
2004192451
-674636874
446702909
-345336917
204795287
234585116
-1156215083
-1744085445
796926657
1895331142
-1423861165
644147878
-2131395274
300878950
2040099145
-345336917
-905335548
-202181301
729965151
815004715
2014526889
1038280428
-1393236243
825634881
-688150252
1904640571
-1313123024
-781827180
1234897546
-910733521
-1241104899
-909565223
1914764112
287563037
-1295524724
1550423419
-695125530
-1438659585
-2059105331
980840300
1490965412
2129916450
1600114642
-601441310
1353767534
-2059105331
-498852993
1302770483
-202181301
-2131395274
917938056
-1996766082
-1423861165
2051152088
-624716146
-1922320575
96885939
1676558660
991891679
-1423861165
1861385634
1766475614
1052192289
-1776284594
1836757643
1904640571
1490403001
1273736396
1564393398
-982117959
-1564427007
1564393398
1860783089
944718317
580777805
-2023847125
234585116
1332803980
1857047157
192792650
1550423419
-1626144918
1490965412
580777805
341017514
-674636874
796926657
434716036
-576567313
1534134502
1636320242
1006710939
1933502586
1607168969
1125041146
440549539
708587058
1234897546
-601441310
262972687
1385649947
1143818552
-571832947
-332371115
1124173954
-1996766082
636346120
2090792744
1273736396
944718317
-1438659585
-1393236243
300878950
359709457
991891679
2004192451
-1393236243
-96399428
-955019268
1878543312
1914764112
341017514
-1776284594
2129916450
188281223
580777805
-1707847045
-2124264892
-905335548
1475639785
-674636874
1564393398
991891679
389004393
-2023847125
1534134502
644147878
-1579958557
1903004781
-368890504
1038280428
1273736396
1124173954
-489342382
-1564427007
-1887001638
345635453
434716036
-892014689
1564393398
-791344957
1703053697
-107564771
341017514
1476288702
944718317
-1716923457
177164871
-1707847045
-188285606
-465266396
-2124264892
-1492446862
991891679
1861385634
1607168969
-1156215083
-188285606
1353767534
-1393236243
291002293
-571832947
-368890504
503015389
-885879607
-458407254
1905374778
1908452249
-555625530
1124173954
2141459915
-445565085
1904640571
96885939
-624716146
1452188627
234585116
2090792744
-1352726695
971939441
1115967242
479736373
-932531139
-910733521
287563037
-1766184816
-1922320575
-458407254
1914764112
-2025277174
-1201451496
980840300
2072575786
2090792744
2123278844
1125041146
1018869616
-1003409141
-1393236243
-489342382
-1627754322
917938056
258930344
192792650
1933502586
1189498821
500
1124173954
1143818552
188281223
1904640571
1494536657
701434486
1052192289
-465266396
2141459915
1389247445
-339598802
1908452249
-1590052489
1836757643
-343528397
-1023715481
991891679
-1023715481
-1092294670
-1008111006
1861385634
234585116
636346120
262972687
1012716046
-1716923457
-1393236243
234585116
-1498429652
-910733521
-688150252
192792650
1908452249
298585207
-445565085
-1917446590
494154182
2123278844
1766475614
-1590052489
2014526889
503015389
258930344
1797855647
-2043683626
2090792744
-1404928013
300878950
-1887001638
-2012063631
472084486
446702909
-196850387
188281223
2072575786
-932531139
1452188627
1908452249
-1776284594
-1438659585
-1008111006
1125041146
-688150252
533272824
2040099145
1143818552
-955019268
-2054547487
-1887001638
792712703
503015389
1895331142
-1996766082
2051152088
991891679
287563037
265252390
96885939
-2124264892
-1259382945
1012716046
524085212
980840300
1861385634
-1590052489
308408594
-1917711338
1490403001
-394018643
-2116527325
-332371115
-781827180
-909565223
-465266396
-1393236243
472084486
-1404928013
1664767241
479736373
-55639604
-1744085445
524085212
-1092294670
-2091031150
1873249540
-909565223
-1295524724
-654803506
1903004781
1908452249
-1495049163
440549539
-695125530
1405954232
291002293
1895331142
-1785501940
-674636874
1273736396
-1034562936
-1579958557
204795287
-909565223
1664767241
991891679
298585207
-1969647012
287563037
300878950
1332803980
-332371115
-674636874
1904640571
1534134502
192792650
2141459915
1012716046
-1766184816
503015389
-910733521
-688150252
-1156329965
1006710939
-2124264892
971939441
494154182
1124427617
-489342382
-1776284594
-1226464012
1302770483
-1769986583
2037602382
-910733521
792712703
1703053697
291002293
1676558660
1607168969
-2043683626
-624716146
-695125530
1895331142
1905374778
1933502586
600734625
2140075290
-610371806
-955019268
2072575786
-633201734
-1059261690
479736373
1895331142
-555625530
815004715
-1769986583
291002293
1908452249
-571832947
-1397082912
-1060952144
192792650
-1744085445
-1922320575
-2054547487
-2124264892
1052192289
287563037
-885879607
-2054547487
701434486
2110441440
-1156329965
-1003409141
819648232
-203817185
-1579958557
-1969647012
-1564427007
1038280428
636346120
-19276744
-1876959979
819648232
262972687
1490403001
-1313123024
-1393236243
1494536657
472084486
-1707847045
204795287
-1626144918
1636320242
-345336917
-345336917
-1786101293
-2043683626
-1060952144
-96399428
1564393398
-339598802
819648232
600734625
-892014689
1971486553
1330330279
-955019268
636346120
-2025277174
600734625
359709457
792712703
1636320242
-1008111006
-674636874
626908872
-343528397
-885879607
815004715
-1636093051
-2131395274
-1003409141
-678601512
-670563647
-1887001638
-1579958557
2037602382
-594628870
1914764112
-1564427007
1857047157
2014526889
466527040
-1579958557
-2059105331
479736373
-504125805
-1786101293
-1716923457
-2124264892
-1509544458
-1498429652
729965151
-107564771
96885939
1490965412
-1313123024
-2054547487
-445565085
1534134502
-892014689
-423550615
-1776284594
-1337188963
-576567313
1389247445
701434486
819648232
291002293
-445565085
1052192289
980840300
-1969647012
472084486
440549539
971939441
-874499428
991891679
287563037
1012716046
-465266396
359709457
-55639604
-1059261690
1904640571
1405954232
1038280428
-794927185
-1397082912
-368890504
2069718172
1273736396
636346120
796926657
1109257718
1861385634
1494536657
991891679
2069718172
-1786101293
287563037
-1887001638
1636320242
-143763884
1903004781
1012716046
-1008111006
1012716046
-1564427007
-1917446590
2123278844
-1003409141
1353767534
-1337188963
-1003409141
819648232
580777805
-610371806
1857047157
1125041146
1703053697
792712703
396926027
-1226464012
-107564771
971939441
-1509544458
-345336917
-1059261690
708587058
1490965412
-2054547487
-633201734
-716520783
204795287
1914764112
1353767534
944718317
1905374778
-1156329965
1766475614
117271166
991590744
-345336917
1534134502
-1438659585
-2124264892
-1509544458
1676558660
-1876959979
600734625
-1034562936
244089744
825634881
-489342382
-458407254
2140075290
-794927185
-532246300
1018869616
1607168969
177164871
287563037
1115967242
1125041146
1676558660
-2043683626
-2131395274
204795287
-2091031150
-1626144918
-601441310
287563037
636346120
1385649947
-96399428
1861385634
1124173954
1873249540
-465266396
-1498429652
-2131395274
-1156329965
-1766184816
-688150252
-1533131375
-504125805
1873249540
-982117959
-445565085
1933502586
1878543312
792712703
-1397082912
-1423861165
729965151
-498852993
-688150252
626908872
819648232
1115967242
-1023715481
188281223
-279151770
-2012063631
-1201451496
-203817185
-1579958557
-2124264892
-716520783
-2103162850
472084486
-498852993
-1969647012
1490403001
-1295524724
494154182
-695125530
-874499428
-791344957
-339598802
-601441310
991891679
-2124264892
1234897546
1189498821
-1337188963
1895331142
1490403001
1583283026
-1744085445
-1737556992
2110441440
126155815
-489342382
177164871
-1421455269
821436232
-1295524724
792712703
300878950
-1876959979
-2131395274
494154182
-2059105331
2072575786
177164871
-2091031150
-1626144918
644147878
1664767241
-2025277174
-279151770
-892014689
-19276744
-633201734
-2043683626
2140075290
396926027
-498852993
1124427617
-1876959979
287563037
1490403001
-1876959979
-688150252
-203817185
-504125805
-1769986583
500913061
1908452249
-2025277174
2123278844
1452188627
2069718172
-1421455269
971939441
-1786101293
644147878
-633201734
-1352726695
1124173954
-2059105331
-445565085
192792650
2004192451
2040099145
-1295524724
500
-2147483648
-2147483647
-2147483645
-2147483647
-2147483648
-2147483648
-2147483646
-2147483648
-2147483648
-2147483647
-2147483648
-2147483648
-2147483648
-2147483644
-2147483646
-2147483647
-2147483647
-2147483648
-2147483648
-2147483648
-2147483648
-2147483648
-2147483648
-2147483648
-2147483648
-2147483647
-2147483648
-2147483648
-2147483648
-2147483647
-2147483646
-2147483648
-2147483645
-2147483648
-2147483648
-2147483648
-2147483648
-2147483648
-2147483645
-2147483644
-2147483647
-2147483648
-2147483648
-2147483648
-2147483648
-2147483647
-2147483648
-2147483629
-2147483647
-2147483648
-2147483648
-2147483648
-2147483646
-2147483648
-2147483648
-2147483648
-2147483648
-2147483648
-2147483648
-2147483648
-2147483647
-2147483648
-2147483648
-2147483647
-2147483648
-2147483648
-2147483647
-2147483648
-2147483648
-2147483648
-2147483648
-2147483648
-2147483647
-2147483648
-2147483648
-2147483648
-2147483648
-2147483648
-2147483648
-2147483645
-2147483648
-2147483645
-2147483648
-2147483648
-2147483648
-2147483648
-2147483647
-2147483648
-2147483648
-2147483647
-2147483648
-2147483648
-2147483648
-2147483648
-2147483648
-2147483648
-2147483645
-2147483648
-2147483648
-2147483648
-2147483648
-2147483648
-2147483648
-2147483648
-2147483647
-2147483648
-2147483648
-2147483648
-2147483648
-2147483648
-2147483648
-2147483648
-2147483648
-2147483648
-2147483648
-2147483647
-2147483648
-2147483648
-2147483648
-2147483648
-2147483648
-2147483648
-2147483638
-2147483648
-2147483648
-2147483648
-2147483648
-2147483647
-2147483648
-2147483648
-2147483648
-2147483645
-2147483648
-2147483648
-2147483648
-2147483643
-2147483648
-2147483648
-2147483647
-2147483648
-2147483648
-2147483646
-2147483644
-2147483648
-2147483648
-2147483648
-2147483648
-2147483647
-2147483648
-2147483648
-2147483648
-2147483648
-2147483648
-2147483648
-2147483647
-2147483648
-2147483648
-2147483648
-2147483646
-2147483648
-2147483648
-2147483648
-2147483648
-2147483648
-2147483643
-2147483648
-2147483647
-2147483648
-2147483648
-2147483645
-2147483647
-2147483648
-2147483648
-2147483648
-2147483648
-2147483647
-2147483647
-2147483645
-2147483647
-2147483648
-2147483648
-2147483647
-2147483645
-2147483648
-2147483648
-2147483642
-2147483646
-2147483648
-2147483648
-2147483648
-2147483648
-2147483648
-2147483645
-2147483647
-2147483648
-2147483648
-2147483648
-2147483648
-2147483648
-2147483648
-2147483648
-2147483647
-2147483646
-2147483648
-2147483648
-2147483647
-2147483648
-2147483648
-2147483648
-2147483648
-2147483647
-2147483646
-2147483648
-2147483648
-2147483648
-2147483648
-2147483646
-2147483648
-2147483648
-2147483648
-2147483648
-2147483648
-2147483643
-2147483646
-2147483645
-2147483648
-2147483643
-2147483648
-2147483648
-2147483648
-2147483646
-2147483648
-2147483648
-2147483648
-2147483648
-2147483648
-2147483648
-2147483648
-2147483648
-2147483648
-2147483648
-2147483648
-2147483648
-2147483648
-2147483644
-2147483648
-2147483648
-2147483648
-2147483648
-2147483648
-2147483648
-2147483648
-2147483648
-2147483645
-2147483648
-2147483648
-2147483648
-2147483648
-2147483643
-2147483646
-2147483648
-2147483648
-2147483648
-2147483648
-2147483648
-2147483648
-2147483640
-2147483648
-2147483648
-2147483648
-2147483648
-2147483648
-2147483648
-2147483648
-2147483648
-2147483648
-2147483648
-2147483648
-2147483648
-2147483648
-2147483647
-2147483647
-2147483647
-2147483648
-2147483648
-2147483648
-2147483645
-2147483648
-2147483648
-2147483648
-2147483648
-2147483647
-2147483648
-2147483648
-2147483648
-2147483648
-2147483648
-2147483647
-2147483648
-2147483648
-2147483648
-2147483645
-2147483648
-2147483646
-2147483648
-2147483647
-2147483648
-2147483648
-2147483648
-2147483647
-2147483642
-2147483648
-2147483648
-2147483648
-2147483648
-2147483648
-2147483648
-2147483647
-2147483648
-2147483647
-2147483648
-2147483645
-2147483648
-2147483644
-2147483648
-2147483647
-2147483648
-2147483648
-2147483648
-2147483648
-2147483645
-2147483646
-2147483648
-2147483648
-2147483648
-2147483648
-2147483648
-2147483646
-2147483648
-2147483647
-2147483648
-2147483648
-2147483648
-2147483648
-2147483646
-2147483648
-2147483648
-2147483648
-2147483648
-2147483648
-2147483647
-2147483648
-2147483648
-2147483648
-2147483648
-2147483648
-2147483647
-2147483645
-2147483648
-2147483648
-2147483648
-2147483648
-2147483646
-2147483646
-2147483648
-2147483648
-2147483648
-2147483644
-2147483648
-2147483646
-2147483639
-2147483647
-2147483648
-2147483648
-2147483648
-2147483648
-2147483647
-2147483648
-2147483648
-2147483645
-2147483644
-2147483648
-2147483646
-2147483648
-2147483648
-2147483648
-2147483648
-2147483648
-2147483648
-2147483648
-2147483648
-2147483648
-2147483647
-2147483648
-2147483648
-2147483648
-2147483648
-2147483647
-2147483648
-2147483648
-2147483648
-2147483648
-2147483648
-2147483647
-2147483647
-2147483648
-2147483648
-2147483647
-2147483646
-2147483648
-2147483646
-2147483648
-2147483648
-2147483648
-2147483645
-2147483648
-2147483648
-2147483648
-2147483648
-2147483648
-2147483648
-2147483648
-2147483648
-2147483648
-2147483648
-2147483648
-2147483647
-2147483648
-2147483648
-2147483648
-2147483648
-2147483648
-2147483648
-2147483648
-2147483648
-2147483648
-2147483647
-2147483648
-2147483648
-2147483648
-2147483647
-2147483645
-2147483648
-2147483648
-2147483647
-2147483648
-2147483648
-2147483648
-2147483648
-2147483648
-2147483648
-2147483648
-2147483648
-2147483647
-2147483648
-2147483648
-2147483648
-2147483648
-2147483647
-2147483648
-2147483645
-2147483646
-2147483648
-2147483646
-2147483647
-2147483646
-2147483648
-2147483647
-2147483647
-2147483648
-2147483646
-2147483648
-2147483648
-2147483648
-2147483648
-2147483648
-2147483648
-2147483648
-2147483648
-2147483648
-2147483648
-2147483648
-2147483648
-2147483648
-2147483648
-2147483648
-2147483648
-2147483648
-2147483648
-2147483648
-2147483648
-2147483648
-2147483648
-2147483648
-2147483648
-2147483647
-2147483647
-2147483648
-2147483648
-2147483648
500
-2147483648
-2147483648
-2147483648
-2147483648
-2147483648
-2147483648
-2147483648
-2147483648
-2147483648
-2147483646
-2147483647
-2147483648
-2147483648
-2147483647
-2147483648
-2147483648
-2147483648
-2147483648
-2147483645
-2147483648
-2147483648
-2147483647
-2147483648
-2147483648
-2147483648
-2147483648
-2147483647
-2147483648
-2147483646
-2147483648
-2147483648
-2147483648
-2147483648
-2147483647
-2147483648
-2147483648
-2147483639
-2147483648
-2147483648
-2147483648
-2147483648
-2147483648
-2147483644
-2147483648
-2147483648
-2147483647
-2147483645
-2147483648
-2147483648
-2147483648
-2147483648
-2147483648
-2147483648
-2147483648
-2147483648
-2147483648
-2147483648
-2147483648
-2147483648
-2147483648
-2147483647
-2147483648
-2147483648
-2147483646
-2147483648
-2147483647
-2147483648
-2147483648
-2147483648
-2147483648
-2147483648
-2147483648
-2147483648
-2147483648
-2147483648
-2147483648
-2147483647
-2147483648
-2147483647
-2147483648
-2147483648
-2147483648
-2147483642
-2147483648
-2147483648
-2147483648
-2147483648
-2147483646
-2147483648
-2147483643
-2147483648
-2147483648
-2147483648
-2147483648
-2147483648
-2147483645
-2147483647
-2147483648
-2147483648
-2147483648
-2147483648
-2147483648
-2147483648
-2147483648
-2147483648
-2147483648
-2147483648
-2147483648
-2147483648
-2147483648
-2147483648
-2147483645
-2147483648
-2147483647
-2147483648
-2147483648
-2147483648
-2147483648
-2147483648
-2147483647
-2147483648
-2147483648
-2147483648
-2147483646
-2147483646
-2147483642
-2147483635
-2147483648
-2147483648
-2147483647
-2147483648
-2147483648
-2147483648
-2147483647
-2147483646
-2147483648
-2147483648
-2147483647
-2147483647
-2147483648
-2147483648
-2147483648
-2147483648
-2147483648
-2147483648
-2147483647
-2147483648
-2147483648
-2147483648
-2147483648
-2147483648
-2147483648
-2147483648
-2147483648
-2147483648
-2147483648
-2147483647
-2147483648
-2147483648
-2147483648
-2147483648
-2147483648
-2147483648
-2147483648
-2147483648
-2147483645
-2147483648
-2147483648
-2147483648
-2147483648
-2147483648
-2147483648
-2147483645
-2147483646
-2147483648
-2147483648
-2147483646
-2147483646
-2147483648
-2147483647
-2147483648
-2147483645
-2147483647
-2147483644
-2147483648
-2147483648
-2147483648
-2147483648
-2147483648
-2147483648
-2147483648
-2147483648
-2147483648
-2147483648
-2147483648
-2147483648
-2147483648
-2147483648
-2147483645
-2147483648
-2147483648
-2147483648
-2147483648
-2147483648
-2147483648
-2147483648
-2147483647
-2147483648
-2147483648
-2147483648
-2147483647
-2147483641
-2147483648
-2147483648
-2147483648
-2147483648
-2147483648
-2147483648
-2147483648
-2147483648
-2147483647
-2147483648
-2147483644
-2147483648
-2147483648
-2147483647
-2147483647
-2147483648
-2147483640
-2147483648
-2147483648
-2147483648
-2147483648
-2147483648
-2147483648
-2147483642
-2147483648
-2147483648
-2147483648
-2147483648
-2147483648
-2147483648
-2147483646
-2147483648
-2147483648
-2147483648
-2147483647
-2147483648
-2147483648
-2147483648
-2147483648
-2147483648
-2147483648
-2147483648
-2147483646
-2147483648
-2147483648
-2147483648
-2147483648
-2147483646
-2147483648
-2147483648
-2147483648
-2147483647
-2147483648
-2147483648
-2147483648
-2147483647
-2147483648
-2147483648
-2147483647
-2147483647
-2147483648
-2147483647
-2147483648
-2147483647
-2147483648
-2147483648
-2147483648
-2147483647
-2147483646
-2147483648
-2147483648
-2147483648
-2147483648
-2147483648
-2147483648
-2147483648
-2147483645
-2147483648
-2147483645
-2147483648
-2147483647
-2147483647
-2147483648
-2147483648
-2147483648
-2147483648
-2147483648
-2147483648
-2147483648
-2147483648
-2147483648
-2147483648
-2147483648
-2147483648
-2147483648
-2147483648
-2147483648
-2147483647
-2147483646
-2147483645
-2147483648
-2147483648
-2147483648
-2147483648
-2147483644
-2147483648
-2147483648
-2147483641
-2147483645
-2147483647
-2147483648
-2147483648
-2147483647
-2147483648
-2147483648
-2147483647
-2147483648
-2147483647
-2147483648
-2147483648
-2147483648
-2147483648
-2147483648
-2147483648
-2147483647
-2147483648
-2147483648
-2147483647
-2147483648
-2147483648
-2147483648
-2147483648
-2147483648
-2147483644
-2147483648
-2147483645
-2147483648
-2147483648
-2147483648
-2147483643
-2147483648
-2147483648
-2147483646
-2147483646
-2147483648
-2147483648
-2147483648
-2147483645
-2147483648
-2147483648
-2147483648
-2147483648
-2147483648
-2147483646
-2147483647
-2147483648
-2147483648
-2147483647
-2147483648
-2147483647
-2147483648
-2147483648
-2147483648
-2147483647
-2147483648
-2147483642
-2147483647
-2147483648
-2147483648
-2147483648
-2147483648
-2147483646
-2147483648
-2147483648
-2147483647
-2147483648
-2147483648
-2147483648
-2147483647
-2147483648
-2147483645
-2147483643
-2147483648
-2147483648
-2147483646
-2147483648
-2147483648
-2147483648
-2147483648
-2147483648
-2147483648
-2147483648
-2147483646
-2147483648
-2147483645
-2147483647
-2147483648
-2147483645
-2147483648
-2147483648
-2147483646
-2147483648
-2147483648
-2147483644
-2147483648
-2147483648
-2147483647
-2147483648
-2147483648
-2147483645
-2147483648
-2147483648
-2147483648
-2147483648
-2147483648
-2147483648
-2147483648
-2147483648
-2147483648
-2147483648
-2147483648
-2147483648
-2147483646
-2147483648
-2147483648
-2147483648
-2147483648
-2147483648
-2147483648
-2147483648
-2147483648
-2147483644
-2147483648
-2147483647
-2147483647
-2147483648
-2147483647
-2147483645
-2147483648
-2147483648
-2147483645
-2147483648
-2147483648
-2147483648
-2147483648
-2147483648
-2147483648
-2147483648
-2147483648
-2147483648
-2147483648
-2147483647
-2147483648
-2147483648
-2147483648
-2147483648
-2147483648
-2147483647
-2147483648
-2147483648
-2147483648
-2147483647
-2147483647
-2147483648
-2147483648
-2147483646
-2147483648
-2147483647
-2147483648
-2147483648
-2147483648
-2147483645
-2147483648
-2147483648
-2147483648
-2147483648
-2147483648
-2147483648
-2147483648
-2147483646
-2147483646
-2147483648
-2147483648
-2147483648
-2147483645
-2147483648
-2147483648
-2147483648
500
9
13
19
23
27
35
39
48
51
56
61
67
71
74
75
84
86
94
102
106
115
119
125
132
134
139
141
142
148
158
166
176
185
187
197
207
210
220
221
226
230
232
239
246
256
260
268
270
275
277
285
294
298
303
304
311
317
318
319
320
325
326
330
340
343
351
352
357
360
366
371
374
375
378
386
389
397
402
409
415
425
428
429
436
437
439
440
442
448
449
452
456
464
467
475
483
493
501
507
512
522
532
539
548
554
559
568
577
583
592
596
600
604
610
615
617
621
626
632
638
648
656
663
665
667
672
673
679
684
689
698
699
703
708
709
711
716
724
730
733
740
747
750
755
760
768
774
783
789
795
798
801
802
809
813
822
826
832
836
842
852
854
857
861
867
869
872
875
881
884
890
894
900
906
911
917
921
930
935
942
950
958
965
966
968
976
984
986
992
1000
1005
1009
1014
1020
1027
1036
1045
1053
1054
1060
1069
1075
1085
1092
1102
1107
1108
1118
1124
1127
1134
1140
1147
1154
1164
1174
1175
1184
1190
1198
1200
1207
1217
1225
1233
1238
1246
1249
1250
1258
1264
1270
1279
1281
1282
1287
1295
1299
1305
1315
1321
1324
1330
1340
1348
1352
1353
1355
1362
1367
1372
1373
1379
1387
1388
1395
1397
1398
1407
1413
1423
1430
1433
1437
1446
1448
1450
1457
1460
1467
1473
1478
1481
1469
1478
1484
1494
1504
1510
1515
1525
1531
1535
1537
1542
1550
1551
1558
1561
1566
1571
1581
1582
1583
1586
1591
1592
1598
1599
1608
1617
1626
1636
1643
1645
1654
1662
1667
1669
1678
1685
1692
1695
1704
1712
1715
1718
1719
1729
1731
1739
1743
1744
1751
1761
1762
1763
1765
1768
1777
1787
1794
1800
1807
1810
1820
1827
1837
1842
1844
1852
1862
1865
1873
1883
1889
1897
1903
1912
1918
1924
1925
1929
1937
1943
1951
1954
1964
1974
1979
1989
1999
2008
2013
2021
2030
2033
2036
2038
2042
2050
2053
2056
2066
2068
2078
2087
2091
2099
2107
2109
2110
2112
2119
2121
2125
2126
2130
2134
2141
2150
2155
2165
2170
2174
2184
2188
2192
2194
2204
2212
2220
2221
2229
2232
2238
2240
2247
2255
2256
2261
2269
2271
2273
2276
2281
2289
2298
2307
2310
2311
2321
2327
2335
2338
2342
2345
2350
2358
2360
2366
2374
2377
2380
2385
2392
2397
2405
2410
2416
2425
2433
2441
2449
2455
2457
2462
2463
2472
2478
2481
2489
2494
2504
2509
2512
2515
2524
2530
2533
2538
2543
2547
2551
2555
2565
2571
2576
2579
2580
2584
2591
2597
2604
2614
2618
2627
2631
2639
2646
2650
2659
2661
2667
2674
2677
2678
2688
2692
2697
2704
2713
2717
2724
2730
2740
2743
2750
2755
2763
500
9
13
19
23
27
35
39
48
51
56
61
67
71
74
75
84
86
94
102
106
115
119
125
132
134
139
141
142
148
158
166
176
185
187
197
207
210
220
221
226
230
232
239
246
256
260
268
270
275
277
285
294
298
303
304
311
317
318
319
320
325
326
330
340
343
351
352
357
360
366
371
374
375
378
386
389
397
402
409
415
425
428
429
436
437
439
440
442
448
449
452
456
464
467
475
483
493
501
507
512
522
532
539
548
554
559
568
577
583
592
596
600
604
610
615
617
621
626
632
638
648
656
663
665
667
672
673
679
684
689
698
699
703
708
709
711
716
724
730
733
740
747
750
755
760
768
774
783
789
795
798
801
802
809
813
822
826
832
836
842
852
854
857
861
867
869
872
875
881
884
890
894
900
906
911
917
921
930
935
942
950
958
965
966
968
976
984
986
992
1000
1005
1009
1014
1020
1027
1036
1045
1053
1054
1060
1069
1075
1085
1092
1102
1107
1108
1118
1124
1127
1134
1140
1147
1154
1164
1174
1175
1184
1190
1198
1200
1207
1217
1225
1233
1238
1246
1249
1250
1258
1264
1270
1279
1281
1282
1287
1295
1299
1305
1315
1321
1324
1330
1340
1348
1352
1353
1355
1362
1367
1372
1373
1379
1387
1388
1395
1397
1398
1407
1413
1423
1430
1433
1437
1446
1448
1450
1457
1460
1467
1473
1478
1481
1469
1478
1484
1494
1504
1510
1515
1525
1531
1535
1537
1542
1550
1551
1558
1561
1566
1571
1581
1582
1583
1586
1591
1592
1598
1599
1607
1617
1626
1636
1643
1645
1654
1662
1667
1669
1678
1685
1692
1695
1704
1712
1715
1718
1719
1729
1731
1739
1743
1744
1751
1761
1762
1763
1765
1768
1777
1787
1794
1800
1807
1810
1820
1827
1837
1842
1844
1852
1862
1865
1873
1883
1889
1897
1903
1912
1918
1924
1925
1929
1937
1943
1951
1954
1964
1974
1979
1989
1999
2008
2013
2021
2030
2033
2036
2038
2042
2050
2053
2056
2066
2068
2078
2087
2091
2099
2107
2109
2110
2111
2119
2121
2125
2126
2130
2134
2141
2150
2155
2165
2170
2174
2184
2188
2192
2194
2204
2212
2220
2221
2229
2232
2238
2240
2247
2255
2256
2261
2269
2271
2273
2276
2281
2289
2298
2307
2310
2311
2321
2327
2335
2338
2342
2345
2350
2358
2360
2366
2374
2377
2380
2385
2392
2397
2405
2410
2416
2425
2433
2441
2449
2455
2457
2462
2463
2472
2478
2481
2489
2494
2504
2509
2512
2515
2524
2530
2533
2538
2543
2547
2551
2555
2565
2571
2576
2579
2580
2584
2591
2597
2604
2614
2618
2627
2631
2639
2646
2650
2659
2660
2667
2674
2677
2678
2688
2692
2697
2704
2713
2717
2724
2730
2740
2743
2750
2755
2763
