5
500
-2147483648
-2147483648
-2147483647
-2147483648
-2147483648
-2147483648
-2147483648
-2147483644
-2147483647
-2147483648
-2147483647
-2147483648
-2147483648
-2147483648
-2147483648
-2147483648
-2147483648
-2147483647
-2147483645
-2147483647
-2147483648
-2147483648
-2147483648
-2147483647
-2147483648
-2147483647
-2147483648
-2147483644
-2147483648
-2147483648
-2147483648
-2147483643
-2147483648
-2147483648
-2147483648
-2147483648
-2147483648
-2147483648
-2147483648
-2147483647
-2147483648
-2147483648
-2147483648
-2147483648
-2147483646
-2147483645
-2147483648
-2147483648
-2147483646
-2147483648
-2147483647
-2147483648
-2147483648
-2147483648
-2147483648
-2147483639
-2147483643
-2147483648
-2147483648
-2147483648
-2147483648
-2147483647
-2147483648
-2147483648
-2147483648
-2147483647
-2147483648
-2147483648
-2147483648
-2147483648
-2147483647
-2147483648
-2147483645
-2147483647
-2147483648
-2147483648
-2147483647
-2147483648
-2147483648
-2147483648
-2147483648
-2147483645
-2147483647
-2147483648
-2147483648
-2147483648
-2147483644
-2147483647
-2147483648
-2147483648
-2147483646
-2147483648
-2147483648
-2147483647
-2147483644
-2147483648
-2147483647
-2147483648
-2147483648
-2147483648
-2147483648
-2147483648
-2147483642
-2147483645
-2147483648
-2147483648
-2147483648
-2147483647
-2147483648
-2147483648
-2147483647
-2147483648
-2147483648
-2147483647
-2147483648
-2147483648
-2147483648
-2147483648
-2147483642
-2147483648
-2147483648
-2147483648
-2147483645
-2147483648
-2147483648
-2147483648
-2147483648
-2147483648
-2147483648
-2147483646
-2147483648
-2147483648
-2147483648
-2147483648
-2147483648
-2147483648
-2147483648
-2147483648
-2147483648
-2147483647
-2147483647
-2147483648
-2147483647
-2147483646
-2147483644
-2147483648
-2147483648
-2147483647
-2147483648
-2147483648
-2147483648
-2147483648
-2147483647
-2147483648
-2147483647
-2147483645
-2147483648
-2147483648
-2147483648
-2147483647
-2147483647
-2147483648
-2147483648
-2147483647
-2147483645
-2147483647
-2147483648
-2147483647
-2147483648
-2147483647
-2147483648
-2147483648
-2147483641
-2147483648
-2147483647
-2147483648
-2147483645
-2147483648
-2147483648
-2147483647
-2147483648
-2147483648
-2147483647
-2147483648
-2147483648
-2147483648
-2147483648
-2147483648
-2147483648
-2147483648
-2147483648
-2147483641
-2147483643
-2147483647
-2147483648
-2147483648
-2147483648
-2147483648
-2147483648
-2147483648
-2147483648
-2147483648
-2147483648
-2147483648
-2147483646
-2147483648
-2147483648
-2147483648
-2147483648
-2147483648
-2147483648
-2147483648
-2147483648
-2147483648
-2147483647
-2147483647
-2147483648
-2147483648
-2147483648
-2147483648
-2147483648
-2147483648
-2147483645
-2147483646
-2147483648
-2147483648
-2147483648
-2147483648
-2147483648
-2147483648
-2147483648
-2147483647
-2147483648
-2147483648
-2147483648
-2147483648
-2147483648
-2147483647
-2147483648
-2147483648
-2147483648
-2147483648
-2147483648
-2147483645
-2147483648
-2147483648
-2147483648
-2147483647
-2147483645
-2147483648
-2147483644
-2147483647
-2147483648
-2147483648
-2147483648
-2147483648
-2147483648
-2147483648
-2147483646
-2147483648
-2147483646
-2147483648
-2147483648
-2147483647
-2147483645
-2147483644
-2147483647
-2147483648
-2147483648
-2147483648
-2147483648
-2147483648
-2147483648
-2147483645
-2147483647
-2147483647
-2147483648
-2147483648
-2147483648
-2147483648
-2147483647
-2147483647
-2147483648
-2147483648
-2147483643
-2147483647
-2147483646
-2147483648
-2147483648
-2147483646
-2147483648
-2147483648
-2147483648
-2147483644
-2147483648
-2147483648
-2147483648
-2147483647
-2147483648
-2147483648
-2147483646
-2147483647
-2147483646
-2147483648
-2147483648
-2147483648
-2147483648
-2147483648
-2147483648
-2147483648
-2147483647
-2147483647
-2147483646
-2147483648
-2147483643
-2147483647
-2147483648
-2147483648
-2147483641
-2147483648
-2147483648
-2147483648
-2147483648
-2147483645
-2147483648
-2147483648
-2147483648
-2147483648
-2147483646
-2147483647
-2147483648
-2147483646
-2147483642
-2147483648
-2147483648
-2147483648
-2147483648
-2147483640
-2147483648
-2147483643
-2147483648
-2147483648
-2147483648
-2147483648
-2147483645
-2147483648
-2147483646
-2147483643
-2147483647
-2147483648
-2147483648
-2147483647
-2147483648
-2147483648
-2147483648
-2147483648
-2147483648
-2147483647
-2147483645
-2147483648
-2147483647
-2147483646
-2147483646
-2147483648
-2147483648
-2147483648
-2147483645
-2147483647
-2147483648
-2147483647
-2147483647
-2147483643
-2147483648
-2147483648
-2147483648
-2147483648
-2147483648
-2147483647
-2147483648
-2147483648
-2147483648
-2147483648
-2147483648
-2147483648
-2147483648
-2147483648
-2147483643
-2147483648
-2147483648
-2147483646
-2147483648
-2147483645
-2147483648
-2147483648
-2147483648
-2147483648
-2147483648
-2147483646
-2147483648
-2147483643
-2147483648
-2147483648
-2147483646
-2147483647
-2147483648
-2147483647
-2147483643
-2147483648
-2147483644
-2147483646
-2147483648
-2147483648
-2147483648
-2147483648
-2147483646
-2147483648
-2147483646
-2147483648
-2147483648
-2147483648
-2147483648
-2147483648
-2147483646
-2147483647
-2147483648
-2147483647
-2147483647
-2147483646
-2147483648
-2147483648
-2147483648
-2147483643
-2147483648
-2147483648
-2147483648
-2147483643
-2147483647
-2147483646
-2147483648
-2147483647
-2147483648
-2147483648
-2147483647
-2147483648
-2147483648
-2147483648
-2147483648
-2147483648
-2147483640
-2147483648
-2147483648
-2147483648
-2147483647
-2147483648
-2147483647
-2147483646
-2147483647
-2147483646
-2147483648
-2147483648
-2147483648
-2147483648
-2147483648
-2147483648
-2147483648
-2147483648
-2147483647
-2147483648
-2147483648
-2147483648
-2147483645
-2147483648
-2147483647
-2147483648
-2147483648
-2147483648
-2147483648
-2147483648
-2147483647
-2147483648
-2147483648
-2147483646
-2147483648
-2147483648
-2147483648
-2147483647
-2147483648
-2147483648
-2147483646
-2147483648
-2147483648
-2147483648
-2147483648
-2147483648
-2147483647
-2147483648
-2147483645
-2147483643
-2147483647
-2147483648
500
-2147483642
-2147483644
-2147483648
-2147483648
-2147483647
-2147483647
-2147483648
-2147483647
-2147483648
-2147483648
-2147483648
-2147483648
-2147483648
-2147483648
-2147483648
-2147483648
-2147483648
-2147483646
-2147483647
-2147483648
-2147483648
-2147483648
-2147483647
-2147483648
-2147483648
-2147483648
-2147483647
-2147483648
-2147483646
-2147483647
-2147483648
-2147483648
-2147483644
-2147483647
-2147483648
-2147483645
-2147483648
-2147483647
-2147483648
-2147483648
-2147483648
-2147483644
-2147483646
-2147483648
-2147483648
-2147483648
-2147483646
-2147483647
-2147483648
-2147483648
-2147483648
-2147483648
-2147483648
-2147483648
-2147483646
-2147483648
-2147483648
-2147483648
-2147483646
-2147483648
-2147483648
-2147483648
-2147483648
-2147483648
-2147483644
-2147483646
-2147483648
-2147483648
-2147483647
-2147483648
-2147483648
-2147483647
-2147483647
-2147483648
-2147483648
-2147483648
-2147483647
-2147483647
-2147483648
-2147483648
-2147483648
-2147483648
-2147483648
-2147483648
-2147483648
-2147483646
-2147483648
-2147483648
-2147483648
-2147483648
-2147483646
-2147483648
-2147483645
-2147483645
-2147483648
-2147483648
-2147483647
-2147483648
-2147483648
-2147483648
-2147483648
-2147483644
-2147483648
-2147483648
-2147483647
-2147483648
-2147483646
-2147483648
-2147483648
-2147483647
-2147483648
-2147483648
-2147483648
-2147483648
-2147483640
-2147483648
-2147483648
-2147483647
-2147483648
-2147483648
-2147483648
-2147483648
-2147483647
-2147483648
-2147483648
-2147483648
-2147483647
-2147483648
-2147483647
-2147483648
-2147483648
-2147483647
-2147483648
-2147483647
-2147483648
-2147483648
-2147483645
-2147483647
-2147483648
-2147483648
-2147483648
-2147483648
-2147483644
-2147483648
-2147483646
-2147483648
-2147483648
-2147483646
-2147483647
-2147483642
-2147483648
-2147483648
-2147483648
-2147483648
-2147483648
-2147483648
-2147483648
-2147483647
-2147483648
-2147483648
-2147483647
-2147483648
-2147483648
-2147483647
-2147483646
-2147483648
-2147483644
-2147483648
-2147483648
-2147483646
-2147483648
-2147483648
-2147483648
-2147483648
-2147483648
-2147483648
-2147483648
-2147483648
-2147483648
-2147483647
-2147483646
-2147483639
-2147483648
-2147483641
-2147483647
-2147483647
-2147483648
-2147483648
-2147483648
-2147483648
-2147483648
-2147483648
-2147483645
-2147483648
-2147483648
-2147483647
-2147483647
-2147483648
-2147483648
-2147483644
-2147483646
-2147483647
-2147483648
-2147483648
-2147483648
-2147483648
-2147483648
-2147483648
-2147483641
-2147483646
-2147483648
-2147483648
-2147483648
-2147483648
-2147483647
-2147483644
-2147483648
-2147483648
-2147483648
-2147483644
-2147483648
-2147483648
-2147483648
-2147483648
-2147483647
-2147483645
-2147483648
-2147483644
-2147483647
-2147483643
-2147483646
-2147483647
-2147483647
-2147483647
-2147483644
-2147483647
-2147483648
-2147483647
-2147483648
-2147483648
-2147483642
-2147483648
-2147483648
-2147483647
-2147483647
-2147483648
-2147483648
-2147483646
-2147483648
-2147483648
-2147483648
-2147483647
-2147483648
-2147483648
-2147483648
-2147483648
-2147483647
-2147483645
-2147483648
-2147483646
-2147483648
-2147483645
-2147483648
-2147483648
-2147483648
-2147483648
-2147483648
-2147483645
-2147483645
-2147483648
-2147483647
-2147483648
-2147483647
-2147483648
-2147483646
-2147483648
-2147483648
-2147483648
-2147483647
-2147483648
-2147483647
-2147483647
-2147483647
-2147483643
-2147483648
-2147483647
-2147483647
-2147483648
-2147483648
-2147483648
-2147483648
-2147483648
-2147483647
-2147483648
-2147483646
-2147483645
-2147483648
-2147483648
-2147483646
-2147483648
-2147483648
-2147483648
-2147483648
-2147483648
-2147483641
-2147483639
-2147483648
-2147483648
-2147483645
-2147483648
-2147483647
-2147483648
-2147483647
-2147483647
-2147483648
-2147483648
-2147483648
-2147483644
-2147483648
-2147483648
-2147483647
-2147483648
-2147483647
-2147483648
-2147483648
-2147483648
-2147483648
-2147483648
-2147483645
-2147483648
-2147483648
-2147483648
-2147483648
-2147483647
-2147483647
-2147483644
-2147483648
-2147483648
-2147483648
-2147483648
-2147483648
-2147483648
-2147483648
-2147483646
-2147483648
-2147483646
-2147483648
-2147483645
-2147483648
-2147483648
-2147483648
-2147483648
-2147483648
-2147483648
-2147483647
-2147483648
-2147483643
-2147483646
-2147483648
-2147483648
-2147483647
-2147483648
-2147483646
-2147483645
-2147483648
-2147483648
-2147483648
-2147483647
-2147483648
-2147483646
-2147483648
-2147483646
-2147483648
-2147483645
-2147483648
-2147483647
-2147483648
-2147483648
-2147483648
-2147483646
-2147483648
-2147483648
-2147483648
-2147483648
-2147483648
-2147483645
-2147483647
-2147483647
-2147483648
-2147483647
-2147483648
-2147483648
-2147483646
-2147483648
-2147483648
-2147483648
-2147483648
-2147483648
-2147483648
-2147483648
-2147483648
-2147483648
-2147483645
-2147483648
-2147483648
-2147483648
-2147483648
-2147483646
-2147483648
-2147483648
-2147483645
-2147483646
-2147483648
-2147483648
-2147483647
-2147483648
-2147483645
-2147483647
-2147483648
-2147483648
-2147483645
-2147483645
-2147483648
-2147483647
-2147483648
-2147483648
-2147483648
-2147483648
-2147483647
-2147483646
-2147483642
-2147483648
-2147483648
-2147483648
-2147483648
-2147483648
-2147483648
-2147483647
-2147483647
-2147483647
-2147483647
-2147483645
-2147483648
-2147483646
-2147483648
-2147483641
-2147483646
-2147483648
-2147483648
-2147483648
-2147483648
-2147483647
-2147483648
-2147483647
-2147483648
-2147483647
-2147483648
-2147483648
-2147483647
-2147483648
-2147483648
-2147483648
-2147483646
-2147483648
-2147483648
-2147483648
-2147483647
-2147483648
-2147483648
-2147483648
-2147483648
-2147483647
-2147483648
-2147483648
-2147483648
-2147483648
-2147483643
-2147483648
-2147483648
-2147483648
-2147483648
-2147483647
-2147483647
-2147483646
-2147483646
-2147483646
-2147483646
-2147483648
-2147483648
-2147483648
-2147483648
-2147483647
-2147483645
-2147483646
-2147483648
-2147483648
-2147483647
-2147483648
-2147483648
-2147483646
500
-2147483648
-2147483648
-2147483648
-2147483648
-2147483648
-2147483648
-2147483648
-2147483648
-2147483648
-2147483648
-2147483648
-2147483647
-2147483648
-2147483648
-2147483647
-2147483648
-2147483648
-2147483648
-2147483645
-2147483648
-2147483648
-2147483648
-2147483648
-2147483646
-2147483646
-2147483648
-2147483648
-2147483648
-2147483648
-2147483648
-2147483645
-2147483648
-2147483648
-2147483648
-2147483648
-2147483648
-2147483646
-2147483648
-2147483648
-2147483647
-2147483648
-2147483648
-2147483647
-2147483648
-2147483648
-2147483648
-2147483648
-2147483648
-2147483646
-2147483648
-2147483648
-2147483647
-2147483648
-2147483648
-2147483648
-2147483648
-2147483648
-2147483648
-2147483648
-2147483647
-2147483648
-2147483648
-2147483646
-2147483648
-2147483648
-2147483648
-2147483648
-2147483647
-2147483645
-2147483648
-2147483648
-2147483646
-2147483648
-2147483648
-2147483648
-2147483648
-2147483648
-2147483648
-2147483648
-2147483647
-2147483648
-2147483648
-2147483648
-2147483648
-2147483648
-2147483648
-2147483648
-2147483648
-2147483648
-2147483648
-2147483648
-2147483648
-2147483648
-2147483648
-2147483648
-2147483648
-2147483648
-2147483648
-2147483648
-2147483647
-2147483648
-2147483648
-2147483648
-2147483648
-2147483648
-2147483647
-2147483647
-2147483648
-2147483648
-2147483648
-2147483648
-2147483648
-2147483648
-2147483648
-2147483648
-2147483648
-2147483648
-2147483648
-2147483648
-2147483647
-2147483646
-2147483648
-2147483645
-2147483646
-2147483648
-2147483647
-2147483648
-2147483647
-2147483648
-2147483648
-2147483648
-2147483647
-2147483648
-2147483648
-2147483646
-2147483646
-2147483648
-2147483648
-2147483648
-2147483648
-2147483648
-2147483648
-2147483647
-2147483646
-2147483648
-2147483648
-2147483648
-2147483647
-2147483648
-2147483646
-2147483648
-2147483648
-2147483648
-2147483648
-2147483648
-2147483648
-2147483647
-2147483645
-2147483647
-2147483648
-2147483647
-2147483648
-2147483648
-2147483648
-2147483648
-2147483648
-2147483645
-2147483648
-2147483648
-2147483647
-2147483648
-2147483648
-2147483648
-2147483647
-2147483648
-2147483648
-2147483647
-2147483647
-2147483648
-2147483648
-2147483648
-2147483648
-2147483648
-2147483648
-2147483648
-2147483646
-2147483648
-2147483648
-2147483646
-2147483648
-2147483648
-2147483648
-2147483648
-2147483648
-2147483648
-2147483646
-2147483648
-2147483648
-2147483645
-2147483648
-2147483646
-2147483646
-2147483648
-2147483647
-2147483648
-2147483647
-2147483648
-2147483648
-2147483648
-2147483648
-2147483648
-2147483648
-2147483647
-2147483648
-2147483648
-2147483646
-2147483648
-2147483648
-2147483648
-2147483647
-2147483648
-2147483647
-2147483648
-2147483648
-2147483648
-2147483648
-2147483648
-2147483648
-2147483648
-2147483647
-2147483648
-2147483647
-2147483648
-2147483648
-2147483648
-2147483647
-2147483648
-2147483648
-2147483648
-2147483648
-2147483648
-2147483648
-2147483647
-2147483648
-2147483648
-2147483648
-2147483648
-2147483646
-2147483648
-2147483648
-2147483648
-2147483647
-2147483648
-2147483647
-2147483646
-2147483647
-2147483647
-2147483648
-2147483648
-2147483648
-2147483648
-2147483647
-2147483648
-2147483648
-2147483648
-2147483647
-2147483648
-2147483648
-2147483648
-2147483646
-2147483648
-2147483647
-2147483647
-2147483648
-2147483648
-2147483648
-2147483648
-2147483648
-2147483648
-2147483648
-2147483648
-2147483646
-2147483646
-2147483647
-2147483648
-2147483648
-2147483648
-2147483648
-2147483648
-2147483646
-2147483648
-2147483647
-2147483648
-2147483648
-2147483648
-2147483648
-2147483647
-2147483647
-2147483648
-2147483648
-2147483648
-2147483648
-2147483646
-2147483646
-2147483648
-2147483648
-2147483648
-2147483648
-2147483648
-2147483648
-2147483647
-2147483648
-2147483648
-2147483648
-2147483646
-2147483648
-2147483648
-2147483648
-2147483648
-2147483648
-2147483648
-2147483648
-2147483648
-2147483648
-2147483647
-2147483648
-2147483648
-2147483647
-2147483648
-2147483646
-2147483648
-2147483648
-2147483645
-2147483648
-2147483646
-2147483648
-2147483648
-2147483648
-2147483648
-2147483648
-2147483645
-2147483646
-2147483648
-2147483648
-2147483648
-2147483648
-2147483648
-2147483648
-2147483648
-2147483648
-2147483646
-2147483648
-2147483648
-2147483648
-2147483648
-2147483648
-2147483646
-2147483648
-2147483647
-2147483648
-2147483648
-2147483648
-2147483648
-2147483648
-2147483648
-2147483648
-2147483648
-2147483648
-2147483648
-2147483648
-2147483648
-2147483648
-2147483647
-2147483648
-2147483647
-2147483648
-2147483648
-2147483648
-2147483648
-2147483648
-2147483648
-2147483648
-2147483648
-2147483648
-2147483648
-2147483648
-2147483648
-2147483648
-2147483648
-2147483648
-2147483648
-2147483648
-2147483648
-2147483648
-2147483648
-2147483646
-2147483648
-2147483648
-2147483648
-2147483646
-2147483648
-2147483648
-2147483646
-2147483647
-2147483648
-2147483648
-2147483648
-2147483647
-2147483648
-2147483648
-2147483647
-2147483648
-2147483648
-2147483648
-2147483648
-2147483645
-2147483648
-2147483648
-2147483644
-2147483648
-2147483648
-2147483647
-2147483646
-2147483647
-2147483646
-2147483648
-2147483648
-2147483648
-2147483648
-2147483645
-2147483648
-2147483648
-2147483648
-2147483648
-2147483648
-2147483648
-2147483648
-2147483648
-2147483648
-2147483647
-2147483648
-2147483648
-2147483647
-2147483648
-2147483647
-2147483648
-2147483648
-2147483647
-2147483648
-2147483648
-2147483648
-2147483647
-2147483648
-2147483648
-2147483647
-2147483646
-2147483647
-2147483646
-2147483646
-2147483648
-2147483647
-2147483645
-2147483648
-2147483648
-2147483647
-2147483648
-2147483648
-2147483648
-2147483648
-2147483647
-2147483644
-2147483648
-2147483648
-2147483648
-2147483648
-2147483648
-2147483646
-2147483648
-2147483648
-2147483648
-2147483648
-2147483648
-2147483647
-2147483648
-2147483648
-2147483647
-2147483648
-2147483648
-2147483646
-2147483648
-2147483648
-2147483648
-2147483647
-2147483647
-2147483648
-2147483648
-2147483648
-2147483648
-2147483647
-2147483646
500
-2147483648
-2147483648
-2147483648
-2147483648
-2147483648
-2147483648
-2147483648
-2147483648
-2147483646
-2147483648
-2147483648
-2147483648
-2147483646
-2147483648
-2147483648
-2147483648
-2147483648
-2147483648
-2147483648
-2147483648
-2147483648
-2147483648
-2147483647
-2147483648
-2147483648
-2147483648
-2147483648
-2147483648
-2147483646
-2147483648
-2147483648
-2147483648
-2147483647
-2147483648
-2147483648
-2147483645
-2147483647
-2147483646
-2147483648
-2147483647
-2147483648
-2147483648
-2147483648
-2147483648
-2147483648
-2147483648
-2147483648
-2147483648
-2147483648
-2147483648
-2147483647
-2147483648
-2147483648
-2147483648
-2147483648
-2147483648
-2147483648
-2147483648
-2147483648
-2147483648
-2147483648
-2147483648
-2147483647
-2147483645
-2147483648
-2147483648
-2147483646
-2147483648
-2147483648
-2147483648
-2147483648
-2147483648
-2147483647
-2147483646
-2147483647
-2147483648
-2147483647
-2147483648
-2147483648
-2147483648
-2147483648
-2147483648
-2147483648
-2147483648
-2147483648
-2147483648
-2147483648
-2147483645
-2147483648
-2147483648
-2147483647
-2147483648
-2147483647
-2147483648
-2147483646
-2147483648
-2147483646
-2147483647
-2147483648
-2147483646
-2147483648
-2147483646
-2147483648
-2147483648
-2147483648
-2147483648
-2147483648
-2147483647
-2147483646
-2147483647
-2147483648
-2147483648
-2147483648
-2147483648
-2147483648
-2147483647
-2147483648
-2147483647
-2147483648
-2147483648
-2147483645
-2147483647
-2147483646
-2147483648
-2147483648
-2147483648
-2147483647
-2147483647
-2147483647
-2147483648
-2147483648
-2147483648
-2147483646
-2147483648
-2147483647
-2147483648
-2147483647
-2147483648
-2147483648
-2147483648
-2147483647
-2147483647
-2147483648
-2147483646
-2147483648
-2147483648
-2147483647
-2147483648
-2147483648
-2147483648
-2147483648
-2147483647
-2147483647
-2147483648
-2147483646
-2147483647
-2147483647
-2147483648
-2147483648
-2147483646
-2147483648
-2147483648
-2147483648
-2147483648
-2147483647
-2147483648
-2147483648
-2147483648
-2147483647
-2147483648
-2147483647
-2147483648
-2147483648
-2147483648
-2147483647
-2147483648
-2147483648
-2147483648
-2147483648
-2147483646
-2147483648
-2147483648
-2147483645
-2147483648
-2147483648
-2147483647
-2147483647
-2147483648
-2147483648
-2147483648
-2147483648
-2147483648
-2147483648
-2147483648
-2147483648
-2147483647
-2147483648
-2147483647
-2147483646
-2147483647
-2147483648
-2147483647
-2147483648
-2147483648
-2147483648
-2147483648
-2147483647
-2147483648
-2147483648
-2147483648
-2147483648
-2147483648
-2147483648
-2147483648
-2147483647
-2147483648
-2147483648
-2147483648
-2147483648
-2147483648
-2147483648
-2147483648
-2147483647
-2147483648
-2147483648
-2147483646
-2147483647
-2147483648
-2147483648
-2147483648
-2147483646
-2147483648
-2147483646
-2147483648
-2147483648
-2147483648
-2147483648
-2147483646
-2147483648
-2147483647
-2147483644
-2147483648
-2147483647
-2147483648
-2147483646
-2147483648
-2147483646
-2147483648
-2147483648
-2147483648
-2147483648
-2147483647
-2147483648
-2147483647
-2147483647
-2147483648
-2147483648
-2147483648
-2147483648
-2147483646
-2147483648
-2147483647
-2147483646
-2147483648
-2147483648
-2147483648
-2147483648
-2147483648
-2147483648
-2147483648
-2147483647
-2147483647
-2147483647
-2147483648
-2147483646
-2147483648
-2147483648
-2147483647
-2147483648
-2147483648
-2147483648
-2147483648
-2147483648
-2147483647
-2147483648
-2147483648
-2147483648
-2147483648
-2147483648
-2147483647
-2147483648
-2147483648
-2147483648
-2147483648
-2147483648
-2147483648
-2147483648
-2147483648
-2147483647
-2147483648
-2147483648
-2147483647
-2147483648
-2147483648
-2147483648
-2147483646
-2147483648
-2147483648
-2147483646
-2147483647
-2147483648
-2147483646
-2147483647
-2147483646
-2147483648
-2147483648
-2147483648
-2147483648
-2147483648
-2147483647
-2147483648
-2147483648
-2147483648
-2147483648
-2147483648
-2147483648
-2147483645
-2147483648
-2147483646
-2147483648
-2147483648
-2147483648
-2147483648
-2147483648
-2147483648
-2147483648
-2147483648
-2147483648
-2147483648
-2147483648
-2147483647
-2147483648
-2147483647
-2147483648
-2147483644
-2147483648
-2147483648
-2147483648
-2147483644
-2147483647
-2147483648
-2147483648
-2147483647
-2147483648
-2147483648
-2147483648
-2147483647
-2147483644
-2147483648
-2147483647
-2147483648
-2147483648
-2147483648
-2147483645
-2147483648
-2147483648
-2147483648
-2147483647
-2147483648
-2147483648
-2147483648
-2147483648
-2147483648
-2147483648
-2147483648
-2147483648
-2147483647
-2147483645
-2147483648
-2147483648
-2147483648
-2147483648
-2147483648
-2147483648
-2147483648
-2147483648
-2147483648
-2147483646
-2147483648
-2147483648
-2147483647
-2147483647
-2147483647
-2147483648
-2147483647
-2147483647
-2147483646
-2147483648
-2147483648
-2147483648
-2147483647
-2147483648
-2147483648
-2147483647
-2147483648
-2147483646
-2147483648
-2147483648
-2147483648
-2147483648
-2147483648
-2147483648
-2147483647
-2147483648
-2147483647
-2147483645
-2147483648
-2147483647
-2147483648
-2147483648
-2147483647
-2147483648
-2147483648
-2147483648
-2147483648
-2147483648
-2147483647
-2147483648
-2147483648
-2147483648
-2147483647
-2147483648
-2147483647
-2147483648
-2147483648
-2147483648
-2147483648
-2147483648
-2147483648
-2147483648
-2147483646
-2147483646
-2147483648
-2147483647
-2147483648
-2147483647
-2147483648
-2147483646
-2147483648
-2147483648
-2147483646
-2147483648
-2147483648
-2147483648
-2147483648
-2147483648
-2147483648
-2147483648
-2147483647
-2147483647
-2147483644
-2147483648
-2147483647
-2147483648
-2147483648
-2147483647
-2147483648
-2147483648
-2147483648
-2147483648
-2147483647
-2147483648
-2147483648
-2147483648
-2147483648
-2147483648
-2147483648
-2147483646
-2147483648
-2147483648
-2147483646
-2147483648
-2147483646
-2147483644
-2147483646
-2147483648
-2147483648
-2147483648
-2147483648
-2147483648
-2147483648
-2147483647
-2147483647
-2147483647
-2147483648
-2147483644
-2147483647
-2147483648
-2147483648
-2147483648
500
-2147483648
-2147483633
-2147483648
-2147483648
-2147483647
-2147483647
-2147483643
-2147483648
-2147483648
-2147483648
-2147483647
-2147483648
-2147483648
-2147483648
-2147483648
-2147483648
-2147483642
-2147483648
-2147483630
-2147483648
-2147483648
-2147483645
-2147483647
-2147483647
-2147483648
-2147483648
-2147483646
-2147483648
-2147483641
-2147483648
-2147483648
-2147483647
-2147483643
-2147483648
-2147483648
-2147483648
-2147483648
-2147483648
-2147483648
-2147483648
-2147483644
-2147483648
-2147483647
-2147483648
-2147483648
-2147483643
-2147483637
-2147483639
-2147483645
-2147483623
-2147483637
-2147483636
-2147483648
-2147483648
-2147483648
-2147483648
-2147483648
-2147483647
-2147483648
-2147483648
-2147483635
-2147483648
-2147483647
-2147483648
-2147483648
-2147483648
-2147483648
-2147483645
-2147483648
-2147483648
-2147483646
-2147483640
-2147483644
-2147483643
-2147483647
-2147483648
-2147483648
-2147483648
-2147483648
-2147483648
-2147483642
-2147483626
-2147483639
-2147483648
-2147483648
-2147483648
-2147483645
-2147483641
-2147483645
-2147483648
-2147483648
-2147483640
-2147483648
-2147483638
-2147483648
-2147483647
-2147483648
-2147483644
-2147483648
-2147483623
-2147483648
-2147483632
-2147483641
-2147483645
-2147483648
-2147483639
-2147483647
-2147483639
-2147483646
-2147483646
-2147483647
-2147483646
-2147483646
-2147483648
-2147483643
-2147483648
-2147483648
-2147483648
-2147483648
-2147483647
-2147483647
-2147483647
-2147483648
-2147483648
-2147483647
-2147483648
-2147483647
-2147483648
-2147483639
-2147483648
-2147483627
-2147483633
-2147483647
-2147483648
-2147483642
-2147483648
-2147483647
-2147483648
-2147483635
-2147483648
-2147483648
-2147483648
-2147483647
-2147483648
-2147483648
-2147483648
-2147483642
-2147483642
-2147483647
-2147483647
-2147483648
-2147483648
-2147483648
-2147483646
-2147483641
-2147483645
-2147483648
-2147483611
-2147483648
-2147483648
-2147483648
-2147483648
-2147483648
-2147483648
-2147483648
-2147483633
-2147483648
-2147483648
-2147483638
-2147483643
-2147483648
-2147483647
-2147483646
-2147483648
-2147483647
-2147483648
-2147483648
-2147483648
-2147483647
-2147483648
-2147483648
-2147483648
-2147483648
-2147483632
-2147483648
-2147483648
-2147483646
-2147483648
-2147483648
-2147483648
-2147483645
-2147483648
-2147483648
-2147483648
-2147483648
-2147483648
-2147483640
-2147483647
-2147483647
-2147483648
-2147483648
-2147483635
-2147483636
-2147483648
-2147483637
-2147483648
-2147483642
-2147483648
-2147483648
-2147483632
-2147483648
-2147483648
-2147483648
-2147483646
-2147483646
-2147483648
-2147483648
-2147483648
-2147483644
-2147483647
-2147483647
-2147483648
-2147483648
-2147483647
-2147483638
-2147483648
-2147483648
-2147483644
-2147483636
-2147483648
-2147483645
-2147483648
-2147483642
-2147483648
-2147483647
-2147483648
-2147483645
-2147483645
-2147483641
-2147483646
-2147483648
-2147483642
-2147483648
-2147483646
-2147483642
-2147483645
-2147483648
-2147483648
-2147483643
-2147483648
-2147483618
-2147483648
-2147483648
-2147483643
-2147483648
-2147483648
-2147483645
-2147483647
-2147483644
-2147483642
-2147483648
-2147483630
-2147483648
-2147483647
-2147483646
-2147483648
-2147483640
-2147483646
-2147483648
-2147483625
-2147483648
-2147483648
-2147483647
-2147483648
-2147483648
-2147483647
-2147483647
-2147483648
-2147483648
-2147483648
-2147483648
-2147483648
-2147483647
-2147483648
-2147483648
-2147483648
-2147483647
-2147483648
-2147483643
-2147483648
-2147483645
-2147483648
-2147483648
-2147483648
-2147483648
-2147483648
-2147483648
-2147483646
-2147483648
-2147483648
-2147483645
-2147483648
-2147483617
-2147483647
-2147483638
-2147483648
-2147483633
-2147483646
-2147483648
-2147483629
-2147483648
-2147483648
-2147483648
-2147483644
-2147483648
-2147483631
-2147483623
-2147483648
-2147483646
-2147483637
-2147483648
-2147483648
-2147483648
-2147483648
-2147483648
-2147483648
-2147483646
-2147483639
-2147483646
-2147483648
-2147483647
-2147483647
-2147483648
-2147483647
-2147483644
-2147483645
-2147483648
-2147483648
-2147483646
-2147483648
-2147483648
-2147483645
-2147483648
-2147483648
-2147483644
-2147483648
-2147483633
-2147483644
-2147483626
-2147483648
-2147483646
-2147483648
-2147483647
-2147483642
-2147483648
-2147483648
-2147483614
-2147483646
-2147483648
-2147483645
-2147483647
-2147483648
-2147483648
-2147483648
-2147483648
-2147483641
-2147483642
-2147483648
-2147483648
-2147483647
-2147483646
-2147483648
-2147483648
-2147483648
-2147483646
-2147483648
-2147483648
-2147483646
-2147483648
-2147483645
-2147483648
-2147483648
-2147483645
-2147483645
-2147483648
-2147483648
-2147483643
-2147483631
-2147483647
-2147483609
-2147483646
-2147483648
-2147483648
-2147483648
-2147483648
-2147483644
-2147483647
-2147483648
-2147483648
-2147483644
-2147483648
-2147483640
-2147483648
-2147483646
-2147483648
-2147483648
-2147483645
-2147483648
-2147483648
-2147483648
-2147483645
-2147483647
-2147483632
-2147483648
-2147483648
-2147483648
-2147483648
-2147483648
-2147483647
-2147483648
-2147483648
-2147483639
-2147483645
-2147483648
-2147483643
-2147483648
-2147483648
-2147483628
-2147483648
-2147483648
-2147483638
-2147483648
-2147483647
-2147483647
-2147483648
-2147483648
-2147483648
-2147483648
-2147483648
-2147483648
-2147483648
-2147483644
-2147483647
-2147483640
-2147483648
-2147483647
-2147483648
-2147483647
-2147483648
-2147483647
-2147483648
-2147483647
-2147483648
-2147483641
-2147483641
-2147483612
-2147483647
-2147483648
-2147483648
-2147483645
-2147483648
-2147483648
-2147483648
-2147483648
-2147483647
-2147483645
-2147483647
-2147483648
-2147483648
-2147483648
-2147483629
-2147483645
-2147483648
-2147483648
-2147483648
-2147483648
-2147483648
-2147483648
-2147483647
-2147483643
-2147483642
-2147483646
-2147483648
-2147483636
-2147483648
-2147483642
-2147483639
-2147483648
-2147483615
-2147483648
-2147483646
-2147483648
-2147483637
-2147483648
-2147483648
-2147483648
-2147483643
-2147483645
-2147483644
-2147483648
500
-2147483648
-2147483647
-2147483634
-2147483648
-2147483640
-2147483637
-2147483648
-2147483640
-2147483647
-2147483644
-2147483647
-2147483636
-2147483626
-2147483648
-2147483646
-2147483646
-2147483648
-2147483648
-2147483642
-2147483647
-2147483645
-2147483648
-2147483648
-2147483632
-2147483642
-2147483648
-2147483643
-2147483647
-2147483648
-2147483648
-2147483648
-2147483645
-2147483645
-2147483647
-2147483647
-2147483648
-2147483648
-2147483648
-2147483648
-2147483648
-2147483647
-2147483634
-2147483640
-2147483632
-2147483648
-2147483642
-2147483648
-2147483647
-2147483644
-2147483645
-2147483634
-2147483648
-2147483648
-2147483647
-2147483648
-2147483648
-2147483648
-2147483648
-2147483648
-2147483644
-2147483642
-2147483648
-2147483648
-2147483648
-2147483648
-2147483648
-2147483647
-2147483648
-2147483648
-2147483633
-2147483648
-2147483644
-2147483648
-2147483648
-2147483647
-2147483646
-2147483648
-2147483648
-2147483647
-2147483648
-2147483648
-2147483648
-2147483646
-2147483648
-2147483647
-2147483648
-2147483648
-2147483645
-2147483642
-2147483647
-2147483644
-2147483647
-2147483646
-2147483648
-2147483648
-2147483647
-2147483647
-2147483648
-2147483645
-2147483648
-2147483648
-2147483645
-2147483644
-2147483647
-2147483646
-2147483646
-2147483648
-2147483648
-2147483648
-2147483592
-2147483648
-2147483648
-2147483647
-2147483648
-2147483648
-2147483648
-2147483648
-2147483648
-2147483648
-2147483641
-2147483648
-2147483646
-2147483646
-2147483644
-2147483641
-2147483648
-2147483648
-2147483648
-2147483643
-2147483647
-2147483648
-2147483648
-2147483648
-2147483647
-2147483647
-2147483645
-2147483646
-2147483640
-2147483644
-2147483648
-2147483648
-2147483640
-2147483645
-2147483647
-2147483648
-2147483648
-2147483648
-2147483648
-2147483643
-2147483647
-2147483644
-2147483648
-2147483648
-2147483648
-2147483647
-2147483645
-2147483644
-2147483644
-2147483644
-2147483648
-2147483648
-2147483647
-2147483624
-2147483629
-2147483637
-2147483648
-2147483647
-2147483648
-2147483648
-2147483648
-2147483645
-2147483648
-2147483625
-2147483646
-2147483648
-2147483648
-2147483645
-2147483644
-2147483648
-2147483648
-2147483648
-2147483648
-2147483637
-2147483637
-2147483648
-2147483648
-2147483648
-2147483647
-2147483645
-2147483643
-2147483648
-2147483625
-2147483648
-2147483648
-2147483648
-2147483648
-2147483617
-2147483640
-2147483648
-2147483620
-2147483648
-2147483648
-2147483648
-2147483636
-2147483648
-2147483643
-2147483648
-2147483648
-2147483648
-2147483646
-2147483640
-2147483648
-2147483648
-2147483648
-2147483647
-2147483647
-2147483648
-2147483648
-2147483648
-2147483640
-2147483643
-2147483638
-2147483648
-2147483642
-2147483648
-2147483648
-2147483648
-2147483648
-2147483648
-2147483648
-2147483647
-2147483636
-2147483647
-2147483648
-2147483642
-2147483646
-2147483648
-2147483648
-2147483646
-2147483646
-2147483642
-2147483616
-2147483648
-2147483647
-2147483648
-2147483648
-2147483648
-2147483648
-2147483647
-2147483648
-2147483648
-2147483639
-2147483648
-2147483648
-2147483635
-2147483648
-2147483648
-2147483646
-2147483647
-2147483648
-2147483648
-2147483648
-2147483648
-2147483647
-2147483647
-2147483648
-2147483645
-2147483648
-2147483648
-2147483648
-2147483641
-2147483648
-2147483643
-2147483648
-2147483647
-2147483648
-2147483648
-2147483645
-2147483648
-2147483648
-2147483642
-2147483648
-2147483648
-2147483648
-2147483641
-2147483648
-2147483648
-2147483647
-2147483648
-2147483644
-2147483646
-2147483648
-2147483647
-2147483648
-2147483648
-2147483644
-2147483648
-2147483648
-2147483645
-2147483646
-2147483645
-2147483648
-2147483648
-2147483639
-2147483647
-2147483648
-2147483645
-2147483648
-2147483648
-2147483646
-2147483648
-2147483648
-2147483648
-2147483648
-2147483648
-2147483645
-2147483648
-2147483646
-2147483647
-2147483648
-2147483648
-2147483647
-2147483648
-2147483648
-2147483638
-2147483635
-2147483640
-2147483646
-2147483647
-2147483647
-2147483638
-2147483648
-2147483647
-2147483644
-2147483635
-2147483648
-2147483643
-2147483648
-2147483648
-2147483648
-2147483645
-2147483648
-2147483647
-2147483648
-2147483648
-2147483648
-2147483628
-2147483637
-2147483648
-2147483647
-2147483647
-2147483646
-2147483648
-2147483621
-2147483648
-2147483648
-2147483645
-2147483645
-2147483647
-2147483646
-2147483648
-2147483648
-2147483646
-2147483645
-2147483648
-2147483648
-2147483648
-2147483646
-2147483642
-2147483626
-2147483623
-2147483647
-2147483648
-2147483647
-2147483647
-2147483648
-2147483641
-2147483648
-2147483648
-2147483646
-2147483648
-2147483648
-2147483645
-2147483648
-2147483648
-2147483648
-2147483648
-2147483648
-2147483646
-2147483648
-2147483645
-2147483648
-2147483635
-2147483647
-2147483648
-2147483647
-2147483646
-2147483647
-2147483647
-2147483646
-2147483648
-2147483648
-2147483645
-2147483645
-2147483642
-2147483648
-2147483646
-2147483640
-2147483639
-2147483648
-2147483635
-2147483648
-2147483648
-2147483648
-2147483648
-2147483648
-2147483648
-2147483648
-2147483648
-2147483648
-2147483636
-2147483648
-2147483647
-2147483648
-2147483647
-2147483648
-2147483647
-2147483648
-2147483643
-2147483648
-2147483648
-2147483645
-2147483648
-2147483648
-2147483627
-2147483648
-2147483648
-2147483648
-2147483648
-2147483648
-2147483646
-2147483648
-2147483648
-2147483648
-2147483648
-2147483648
-2147483632
-2147483646
-2147483648
-2147483648
-2147483644
-2147483648
-2147483648
-2147483648
-2147483648
-2147483647
-2147483641
-2147483641
-2147483647
-2147483642
-2147483648
-2147483647
-2147483639
-2147483648
-2147483648
-2147483648
-2147483637
-2147483648
-2147483648
-2147483646
-2147483647
-2147483648
-2147483648
-2147483648
-2147483644
-2147483646
-2147483648
-2147483648
-2147483643
-2147483647
-2147483646
-2147483638
-2147483643
-2147483648
-2147483647
-2147483648
-2147483644
-2147483648
-2147483648
-2147483647
-2147483648
-2147483646
-2147483648
-2147483646
-2147483648
-2147483639
-2147483646
-2147483648
-2147483643
-2147483644
500
-2147483646
-2147483648
-2147483648
-2147483648
-2147483648
-2147483648
-2147483648
-2147483647
-2147483646
-2147483648
-2147483646
-2147483648
-2147483648
-2147483648
-2147483647
-2147483648
-2147483647
-2147483648
-2147483647
-2147483647
-2147483648
-2147483648
-2147483648
-2147483647
-2147483648
-2147483647
-2147483647
-2147483648
-2147483648
-2147483648
-2147483648
-2147483647
-2147483648
-2147483647
-2147483648
-2147483647
-2147483647
-2147483648
-2147483648
-2147483648
-2147483647
-2147483646
-2147483647
-2147483648
-2147483648
-2147483648
-2147483648
-2147483648
-2147483648
-2147483647
-2147483648
-2147483648
-2147483648
-2147483647
-2147483648
-2147483647
-2147483648
-2147483648
-2147483648
-2147483647
-2147483648
-2147483648
-2147483648
-2147483648
-2147483648
-2147483648
-2147483648
-2147483648
-2147483647
-2147483647
-2147483647
-2147483648
-2147483648
-2147483648
-2147483648
-2147483648
-2147483648
-2147483647
-2147483648
-2147483648
-2147483648
-2147483648
-2147483648
-2147483646
-2147483647
-2147483648
-2147483648
-2147483648
-2147483647
-2147483648
-2147483648
-2147483647
-2147483648
-2147483648
-2147483648
-2147483648
-2147483648
-2147483648
-2147483647
-2147483648
-2147483647
-2147483647
-2147483647
-2147483648
-2147483648
-2147483648
-2147483646
-2147483648
-2147483646
-2147483648
-2147483648
-2147483648
-2147483648
-2147483648
-2147483648
-2147483648
-2147483648
-2147483648
-2147483648
-2147483648
-2147483647
-2147483648
-2147483648
-2147483648
-2147483647
-2147483646
-2147483648
-2147483648
-2147483648
-2147483646
-2147483648
-2147483648
-2147483648
-2147483648
-2147483647
-2147483648
-2147483648
-2147483648
-2147483648
-2147483647
-2147483648
-2147483648
-2147483647
-2147483648
-2147483648
-2147483648
-2147483648
-2147483647
-2147483647
-2147483648
-2147483648
-2147483647
-2147483648
-2147483648
-2147483648
-2147483648
-2147483647
-2147483648
-2147483647
-2147483647
-2147483648
-2147483648
-2147483648
-2147483648
-2147483647
-2147483648
-2147483648
-2147483648
-2147483648
-2147483648
-2147483648
-2147483648
-2147483648
-2147483648
-2147483647
-2147483648
-2147483647
-2147483648
-2147483648
-2147483648
-2147483648
-2147483648
-2147483648
-2147483648
-2147483648
-2147483648
-2147483648
-2147483647
-2147483648
-2147483648
-2147483648
-2147483647
-2147483648
-2147483648
-2147483648
-2147483648
-2147483648
-2147483648
-2147483648
-2147483648
-2147483647
-2147483648
-2147483648
-2147483647
-2147483648
-2147483648
-2147483648
-2147483648
-2147483646
-2147483648
-2147483647
-2147483648
-2147483648
-2147483648
-2147483648
-2147483648
-2147483647
-2147483648
-2147483647
-2147483647
-2147483647
-2147483648
-2147483647
-2147483648
-2147483648
-2147483648
-2147483648
-2147483647
-2147483647
-2147483648
-2147483648
-2147483648
-2147483648
-2147483648
-2147483648
-2147483648
-2147483648
-2147483647
-2147483648
-2147483648
-2147483647
-2147483648
-2147483648
-2147483648
-2147483648
-2147483648
-2147483648
-2147483648
-2147483648
-2147483648
-2147483648
-2147483648
-2147483648
-2147483648
-2147483647
-2147483647
-2147483648
-2147483648
-2147483648
-2147483648
-2147483647
-2147483648
-2147483648
-2147483646
-2147483648
-2147483647
-2147483648
-2147483648
-2147483648
-2147483647
-2147483647
-2147483647
-2147483648
-2147483648
-2147483648
-2147483648
-2147483647
-2147483648
-2147483648
-2147483648
-2147483647
-2147483648
-2147483646
-2147483648
-2147483648
-2147483648
-2147483648
-2147483648
-2147483648
-2147483648
-2147483648
-2147483646
-2147483648
-2147483648
-2147483648
-2147483648
-2147483648
-2147483648
-2147483647
-2147483648
-2147483648
-2147483648
-2147483646
-2147483646
-2147483647
-2147483648
-2147483648
-2147483648
-2147483648
-2147483648
-2147483648
-2147483648
-2147483647
-2147483647
-2147483648
-2147483647
-2147483648
-2147483648
-2147483646
-2147483648
-2147483648
-2147483647
-2147483646
-2147483648
-2147483648
-2147483647
-2147483648
-2147483647
-2147483648
-2147483648
-2147483648
-2147483648
-2147483647
-2147483647
-2147483648
-2147483647
-2147483648
-2147483648
-2147483648
-2147483647
-2147483648
-2147483648
-2147483648
-2147483648
-2147483648
-2147483648
-2147483648
-2147483648
-2147483648
-2147483648
-2147483646
-2147483647
-2147483648
-2147483648
-2147483647
-2147483648
-2147483648
-2147483648
-2147483647
-2147483648
-2147483648
-2147483648
-2147483648
-2147483648
-2147483648
-2147483648
-2147483648
-2147483648
-2147483648
-2147483648
-2147483648
-2147483648
-2147483647
-2147483647
-2147483648
-2147483648
-2147483648
-2147483646
-2147483648
-2147483648
-2147483648
-2147483648
-2147483647
-2147483647
-2147483648
-2147483647
-2147483647
-2147483648
-2147483648
-2147483648
-2147483648
-2147483648
-2147483648
-2147483647
-2147483648
-2147483648
-2147483648
-2147483648
-2147483648
-2147483648
-2147483648
-2147483648
-2147483648
-2147483647
-2147483648
-2147483648
-2147483648
-2147483648
-2147483648
-2147483648
-2147483648
-2147483648
-2147483647
-2147483648
-2147483648
-2147483646
-2147483648
-2147483647
-2147483647
-2147483648
-2147483648
-2147483648
-2147483648
-2147483646
-2147483646
-2147483647
-2147483647
-2147483648
-2147483648
-2147483647
-2147483647
-2147483647
-2147483648
-2147483648
-2147483647
-2147483648
-2147483647
-2147483648
-2147483648
-2147483648
-2147483648
-2147483646
-2147483648
-2147483648
-2147483647
-2147483646
-2147483648
-2147483648
-2147483648
-2147483646
-2147483648
-2147483648
-2147483648
-2147483648
-2147483647
-2147483647
-2147483647
-2147483647
-2147483648
-2147483648
-2147483646
-2147483648
-2147483648
-2147483648
-2147483648
-2147483648
-2147483648
-2147483647
-2147483648
-2147483648
-2147483646
-2147483648
-2147483647
-2147483647
-2147483647
-2147483647
-2147483648
-2147483647
-2147483648
-2147483647
-2147483648
-2147483648
-2147483648
-2147483648
-2147483648
-2147483647
-2147483647
-2147483647
-2147483648
-2147483648
-2147483648
-2147483648
-2147483648
-2147483648
-2147483647
-2147483648
-2147483647
-2147483648
-2147483648
-2147483648
500
-2147483648
-2147483648
-2147483648
-2147483648
-2147483647
-2147483648
-2147483648
-2147483647
-2147483648
-2147483647
-2147483648
-2147483647
-2147483648
-2147483648
-2147483648
-2147483648
-2147483647
-2147483648
-2147483648
-2147483647
-2147483648
-2147483648
-2147483648
-2147483648
-2147483647
-2147483648
-2147483648
-2147483648
-2147483648
-2147483647
-2147483646
-2147483648
-2147483648
-2147483648
-2147483648
-2147483646
-2147483648
-2147483648
-2147483646
-2147483647
-2147483646
-2147483647
-2147483647
-2147483647
-2147483648
-2147483648
-2147483648
-2147483648
-2147483647
-2147483647
-2147483646
-2147483648
-2147483648
-2147483647
-2147483648
-2147483648
-2147483647
-2147483648
-2147483648
-2147483647
-2147483648
-2147483647
-2147483648
-2147483647
-2147483648
-2147483647
-2147483648
-2147483648
-2147483648
-2147483648
-2147483646
-2147483648
-2147483648
-2147483647
-2147483647
-2147483648
-2147483648
-2147483648
-2147483648
-2147483647
-2147483647
-2147483648
-2147483648
-2147483648
-2147483648
-2147483648
-2147483648
-2147483647
-2147483648
-2147483648
-2147483648
-2147483648
-2147483648
-2147483646
-2147483647
-2147483648
-2147483648
-2147483648
-2147483648
-2147483647
-2147483648
-2147483648
-2147483648
-2147483648
-2147483648
-2147483648
-2147483648
-2147483648
-2147483647
-2147483648
-2147483648
-2147483648
-2147483647
-2147483647
-2147483647
-2147483647
-2147483647
-2147483647
-2147483647
-2147483646
-2147483648
-2147483648
-2147483648
-2147483647
-2147483648
-2147483647
-2147483647
-2147483648
-2147483648
-2147483648
-2147483648
-2147483648
-2147483647
-2147483647
-2147483646
-2147483646
-2147483647
-2147483646
-2147483648
-2147483648
-2147483648
-2147483648
-2147483648
-2147483648
-2147483648
-2147483648
-2147483648
-2147483648
-2147483648
-2147483647
-2147483648
-2147483648
-2147483648
-2147483647
-2147483647
-2147483648
-2147483648
-2147483648
-2147483648
-2147483646
-2147483647
-2147483647
-2147483648
-2147483648
-2147483648
-2147483648
-2147483648
-2147483647
-2147483648
-2147483648
-2147483647
-2147483648
-2147483647
-2147483648
-2147483648
-2147483647
-2147483648
-2147483648
-2147483647
-2147483647
-2147483647
-2147483648
-2147483647
-2147483647
-2147483647
-2147483648
-2147483647
-2147483647
-2147483648
-2147483648
-2147483647
-2147483648
-2147483648
-2147483646
-2147483648
-2147483648
-2147483647
-2147483647
-2147483648
-2147483648
-2147483647
-2147483648
-2147483648
-2147483648
-2147483648
-2147483648
-2147483648
-2147483648
-2147483646
-2147483648
-2147483648
-2147483648
-2147483648
-2147483648
-2147483648
-2147483646
-2147483648
-2147483648
-2147483648
-2147483648
-2147483648
-2147483647
-2147483648
-2147483648
-2147483648
-2147483648
-2147483648
-2147483648
-2147483648
-2147483647
-2147483647
-2147483648
-2147483647
-2147483647
-2147483647
-2147483648
-2147483648
-2147483648
-2147483648
-2147483648
-2147483648
-2147483648
-2147483648
-2147483648
-2147483648
-2147483648
-2147483648
-2147483648
-2147483648
-2147483648
-2147483648
-2147483648
-2147483648
-2147483648
-2147483648
-2147483648
-2147483648
-2147483648
-2147483648
-2147483647
-2147483648
-2147483646
-2147483648
-2147483648
-2147483648
-2147483648
-2147483647
-2147483647
-2147483647
-2147483647
-2147483647
-2147483648
-2147483648
-2147483648
-2147483647
-2147483648
-2147483648
-2147483648
-2147483648
-2147483648
-2147483648
-2147483648
-2147483647
-2147483648
-2147483648
-2147483648
-2147483648
-2147483648
-2147483647
-2147483648
-2147483648
-2147483648
-2147483646
-2147483648
-2147483646
-2147483647
-2147483648
-2147483647
-2147483648
-2147483648
-2147483648
-2147483647
-2147483648
-2147483647
-2147483648
-2147483648
-2147483648
-2147483648
-2147483647
-2147483648
-2147483648
-2147483648
-2147483648
-2147483648
-2147483648
-2147483648
-2147483648
-2147483647
-2147483648
-2147483648
-2147483648
-2147483647
-2147483648
-2147483647
-2147483648
-2147483647
-2147483647
-2147483648
-2147483648
-2147483648
-2147483648
-2147483648
-2147483648
-2147483648
-2147483648
-2147483648
-2147483648
-2147483647
-2147483646
-2147483648
-2147483648
-2147483648
-2147483648
-2147483648
-2147483648
-2147483648
-2147483646
-2147483647
-2147483648
-2147483647
-2147483648
-2147483646
-2147483648
-2147483648
-2147483647
-2147483648
-2147483648
-2147483648
-2147483648
-2147483647
-2147483647
-2147483646
-2147483646
-2147483648
-2147483648
-2147483647
-2147483647
-2147483648
-2147483648
-2147483648
-2147483648
-2147483648
-2147483648
-2147483646
-2147483648
-2147483648
-2147483647
-2147483648
-2147483648
-2147483648
-2147483648
-2147483647
-2147483648
-2147483647
-2147483646
-2147483648
-2147483648
-2147483648
-2147483648
-2147483647
-2147483648
-2147483648
-2147483648
-2147483647
-2147483647
-2147483648
-2147483648
-2147483648
-2147483648
-2147483648
-2147483648
-2147483647
-2147483647
-2147483648
-2147483648
-2147483648
-2147483648
-2147483647
-2147483648
-2147483647
-2147483648
-2147483648
-2147483648
-2147483647
-2147483648
-2147483648
-2147483648
-2147483648
-2147483647
-2147483647
-2147483648
-2147483648
-2147483648
-2147483647
-2147483646
-2147483648
-2147483647
-2147483648
-2147483648
-2147483648
-2147483648
-2147483647
-2147483648
-2147483647
-2147483648
-2147483648
-2147483647
-2147483648
-2147483647
-2147483648
-2147483648
-2147483646
-2147483648
-2147483648
-2147483647
-2147483648
-2147483648
-2147483648
-2147483648
-2147483648
-2147483648
-2147483648
-2147483648
-2147483648
-2147483648
-2147483647
-2147483648
-2147483646
-2147483648
-2147483648
-2147483648
-2147483648
-2147483648
-2147483648
-2147483647
-2147483648
-2147483648
-2147483647
-2147483648
-2147483647
-2147483648
-2147483648
-2147483647
-2147483648
-2147483647
-2147483648
-2147483648
-2147483648
-2147483647
-2147483648
-2147483648
-2147483647
-2147483647
-2147483647
-2147483647
-2147483647
-2147483648
-2147483646
-2147483648
-2147483646
-2147483648
-2147483647
-2147483648
-2147483648
-2147483648
-2147483648
-2147483648
-2147483648
-2147483648
-2147483648
500
5
-6
3
11
18
27
37
39
45
52
57
60
63
69
72
59
62
68
75
79
88
98
106
108
114
123
125
109
117
119
123
125
133
143
146
154
162
172
181
190
199
207
209
213
214
217
226
236
238
240
243
249
250
253
261
267
277
286
292
293
301
307
300
310
317
325
332
341
327
336
338
345
355
359
354
362
368
370
380
384
387
395
401
408
416
418
428
437
447
456
457
461
466
471
473
472
473
474
481
486
491
501
489
494
499
503
510
512
513
516
518
512
520
521
526
531
540
545
548
549
555
560
563
565
566
572
574
576
581
587
594
584
587
591
598
600
602
607
609
611
613
615
617
621
628
635
639
648
650
660
665
672
674
678
679
687
697
700
707
712
715
724
727
735
744
748
753
762
754
756
762
765
767
771
772
780
784
787
796
806
814
816
819
820
826
836
839
840
845
852
862
865
865
870
871
874
882
890
896
902
909
911
912
916
925
932
939
947
948
952
940
946
955
957
961
967
969
954
961
970
974
977
982
984
987
990
996
1002
1007
1010
1014
1020
1026
1032
1039
1045
1049
1055
1065
1072
1082
1083
1089
1093
1094
1101
1109
1112
1116
1126
1133
1142
1148
1155
1162
1166
1176
1181
1189
1199
1209
1210
1209
1211
1217
1221
1225
1229
1234
1241
1242
1244
1246
1250
1254
1259
1263
1266
1272
1277
1284
1292
1294
1296
1301
1304
1310
1316
1320
1307
1310
1313
1321
1324
1327
1334
1339
1349
1355
1360
1370
1380
1388
1393
1402
1409
1411
1415
1419
1424
1425
1435
1444
1449
1450
1457
1461
1463
1471
1481
1488
1494
1503
1511
1520
1521
1528
1532
1537
1543
1553
1562
1571
1575
1579
1588
1591
1600
1601
1593
1594
1599
1603
1612
1617
1626
1631
1636
1643
1649
1650
1652
1662
1665
1675
1681
1684
1686
1694
1701
1704
1709
1716
1720
1721
1727
1735
1739
1749
1757
1761
1764
1771
1780
1790
1797
1804
1807
1811
1820
1824
1810
1819
1825
1828
1831
1841
1844
1851
1858
1867
1873
1877
1865
1871
1876
1881
1888
1891
1892
1894
1901
1910
1896
1906
1900
1901
1904
1914
1918
1922
1912
1918
1922
1924
1928
1934
1943
1950
1953
1957
1967
1973
1983
1989
1994
1997
2007
2007
2014
2019
2024
2033
2035
2041
2046
2053
2057
2059
2069
2055
2057
2066
2068
2071
2073
2074
2076
2083
2067
2077
2078
2084
2088
2091
2101
2108
2109
2113
2114
2115
2125
2130
2123
2130
2139
2145
2151
2155
2163
2165
2169
2161
2165
2166
2159
2169
2176
2181
2184
2187
2188
2193
2203
2206
2213
2216
2226
2230
2235
2238
2239
2245
2247
2249
2255
2260
2262
2264
2265
500
5
-6
3
11
18
27
37
39
45
52
57
60
62
68
72
59
62
68
75
79
88
98
106
108
114
123
125
109
117
119
123
125
133
143
146
153
162
172
181
190
199
206
209
213
214
217
226
236
238
240
242
249
250
253
261
267
277
286
292
293
301
307
299
310
317
325
332
341
327
336
338
345
355
359
354
362
367
370
380
384
387
394
401
408
416
418
428
437
447
456
457
461
466
471
473
472
472
474
481
486
491
501
489
494
499
503
510
512
513
516
518
512
520
521
525
531
540
545
548
549
555
560
563
565
566
572
574
576
581
587
594
583
586
591
598
600
602
607
609
611
613
615
617
621
628
635
639
648
650
660
665
672
674
678
679
686
697
699
707
712
715
723
727
735
744
747
753
762
754
756
762
765
767
771
772
780
783
787
796
806
814
816
819
820
825
836
839
840
845
852
862
865
865
870
871
874
882
890
896
902
909
911
912
916
925
932
939
947
948
952
940
946
955
957
961
967
969
954
961
970
974
977
982
984
987
990
996
1002
1007
1010
1014
1020
1026
1031
1039
1045
1049
1054
1065
1072
1082
1083
1089
1093
1094
1101
1109
1112
1116
1126
1133
1142
1148
1155
1162
1166
1176
1181
1189
1199
1208
1210
1209
1211
1217
1221
1225
1229
1234
1241
1242
1244
1246
1250
1254
1259
1263
1266
1272
1277
1284
1292
1294
1296
1301
1304
1310
1316
1320
1307
1310
1313
1321
1324
1327
1334
1339
1349
1355
1360
1370
1380
1388
1393
1402
1409
1411
1415
1419
1424
1425
1435
1444
1448
1449
1457
1461
1463
1471
1481
1488
1494
1503
1511
1520
1521
1528
1532
1537
1543
1553
1562
1571
1575
1579
1588
1591
1600
1601
1593
1594
1599
1603
1612
1617
1626
1631
1636
1643
1649
1650
1652
1662
1664
1675
1681
1684
1686
1694
1701
1704
1709
1716
1720
1720
1727
1735
1739
1749
1757
1761
1764
1771
1780
1790
1797
1804
1807
1811
1820
1824
1810
1819
1825
1828
1831
1841
1844
1851
1858
1867
1873
1877
1865
1871
1876
1881
1888
1891
1892
1894
1901
1910
1896
1906
1900
1901
1904
1914
1918
1922
1912
1918
1922
1924
1928
1934
1943
1950
1953
1957
1967
1973
1983
1989
1994
1997
2007
2007
2014
2019
2024
2033
2035
2041
2046
2053
2057
2059
2069
2055
2057
2066
2068
2071
2073
2074
2076
2083
2067
2077
2078
2084
2088
2091
2101
2108
2109
2113
2114
2115
2125
2130
2123
2130
2139
2145
2151
2155
2163
2165
2169
2160
2165
2166
2159
2169
2176
2181
2184
2187
2188
2193
2203
2206
2213
2216
2226
2230
2235
2238
2239
2244
2247
2249
2255
2259
2262
2264
2264
