5
500
1
6
7
9
12
15
18
20
23
23
25
27
31
37
39
39
42
46
48
52
55
59
60
61
65
69
71
74
77
81
83
85
89
89
91
94
95
98
98
99
101
104
104
107
109
112
115
120
122
122
124
126
126
126
129
130
133
136
141
142
144
146
148
152
153
154
156
160
162
166
168
170
173
174
176
178
179
180
184
187
192
195
198
201
205
207
212
213
218
220
222
222
224
226
228
232
236
238
239
242
244
246
250
253
254
259
260
261
264
266
267
267
270
270
275
279
282
283
289
291
293
298
301
304
310
315
317
320
321
324
330
331
337
343
346
349
353
358
361
365
369
373
375
380
383
384
388
391
395
399
405
407
408
410
414
415
419
422
424
427
430
432
434
438
441
444
445
448
451
454
459
460
462
466
471
473
477
479
480
483
485
487
494
497
501
506
507
509
510
511
511
516
521
523
526
527
529
531
532
535
538
539
540
543
546
549
554
558
563
565
566
569
571
573
576
580
583
589
596
600
603
605
607
608
610
613
619
622
626
631
633
636
638
641
643
644
644
646
648
649
652
656
663
666
668
671
677
678
679
682
682
686
689
689
691
695
697
698
699
700
702
704
706
709
715
717
721
726
727
731
733
736
739
743
745
747
749
750
752
760
763
765
767
767
768
770
771
773
774
778
784
787
788
789
793
796
797
801
804
807
812
816
816
817
818
819
823
827
830
834
837
837
840
846
849
853
855
858
861
864
868
868
869
871
873
874
877
883
887
890
893
897
899
901
902
906
908
910
910
911
913
917
917
921
923
928
930
931
936
938
938
941
944
946
948
951
954
954
958
961
962
964
966
971
971
973
973
976
980
981
983
984
985
985
987
990
992
996
1001
1004
1008
1011
1012
1017
1017
1019
1022
1024
1026
1029
1033
1037
1040
1040
1042
1043
1044
1048
1054
1057
1059
1062
1064
1064
1064
1066
1068
1070
1073
1075
1079
1082
1083
1085
1086
1089
1089
1094
1097
1101
1104
1109
1114
1117
1119
1125
1127
1128
1129
1132
1133
1136
1142
1144
1145
1148
1150
1151
1154
1155
1157
1163
1170
1175
1179
1181
1182
1189
1189
1192
1194
1196
1199
1200
1204
1205
1209
1212
1215
1219
1220
1220
1221
1224
1229
1230
1236
1239
1239
1240
1242
1245
1246
1249
1252
1255
1262
1265
1268
1273
1275
1279
1282
1283
1286
1287
1289
1290
1293
1294
1295
1296
1302
1308
1310
1311
1313
1318
1323
1327
500
3
7
11
14
16
20
21
23
26
31
34
35
37
40
45
48
53
55
55
58
60
62
65
68
73
77
80
84
87
89
92
99
103
106
107
108
111
116
120
123
127
131
135
141
144
148
151
156
160
164
168
171
173
178
180
184
185
188
190
194
197
199
202
205
208
214
217
222
224
228
230
234
239
240
242
245
249
253
258
259
263
266
267
269
273
275
278
281
285
290
294
297
300
305
311
314
318
322
324
327
328
330
335
338
341
345
348
353
355
359
363
367
375
381
384
384
386
388
392
393
397
401
405
409
411
413
416
421
422
424
427
432
435
437
439
442
444
446
448
455
459
463
465
467
468
471
475
477
482
485
487
489
491
492
496
501
504
507
513
516
518
519
523
524
526
529
531
531
532
537
537
539
542
547
550
555
560
563
567
568
570
574
575
577
578
580
584
587
590
592
593
598
602
604
605
609
614
617
621
624
629
631
637
641
643
644
651
653
657
660
664
668
675
678
681
684
687
691
697
701
706
707
709
716
718
722
723
725
728
729
731
735
737
741
747
751
753
756
760
763
766
769
774
778
781
786
790
792
797
799
801
804
807
809
811
816
819
821
825
833
836
842
843
850
852
856
861
864
864
869
873
876
880
882
885
889
890
892
894
896
900
900
903
909
910
914
918
924
929
931
936
938
943
946
949
951
953
958
959
961
966
969
973
974
978
978
982
984
986
988
991
991
994
996
998
1000
1002
1002
1005
1006
1010
1011
1015
1021
1029
1033
1033
1036
1040
1040
1043
1048
1054
1058
1064
1066
1069
1071
1073
1076
1079
1080
1083
1083
1086
1088
1088
1091
1098
1098
1101
1102
1105
1108
1113
1114
1116
1120
1122
1127
1131
1135
1142
1146
1150
1155
1159
1161
1163
1167
1167
1170
1171
1174
1174
1175
1179
1182
1185
1189
1193
1195
1199
1206
1209
1213
1215
1216
1216
1220
1226
1232
1236
1238
1241
1246
1248
1253
1256
1260
1261
1267
1267
1269
1273
1275
1278
1283
1283
1288
1289
1290
1292
1294
1296
1299
1303
1308
1311
1313
1314
1316
1319
1321
1323
1326
1326
1329
1333
1335
1340
1346
1351
1357
1361
1363
1369
1370
1378
1380
1384
1386
1388
1390
1393
1401
1407
1408
1413
1419
1421
1425
1425
1432
1435
1439
1440
1445
1446
1449
1452
1456
1457
1459
1463
1464
1467
1469
1472
1477
1482
1484
1489
1494
1497
1500
1501
1506
1513
1520
1527
1528
1530
1531
1533
1536
1540
1546
1549
1550
1551
1552
1556
1560
1565
1569
1573
1575
1578
1581
500
0
3
5
5
9
11
12
15
18
23
26
31
31
33
36
38
39
44
47
49
51
54
55
57
58
64
67
72
75
77
80
83
85
86
88
93
94
101
104
104
106
109
111
114
116
122
123
125
129
130
134
137
140
143
145
147
148
150
151
154
158
159
162
167
171
174
178
180
184
187
188
191
196
199
202
205
209
211
213
215
217
218
221
223
225
227
231
233
236
238
240
244
244
245
249
250
252
256
257
261
264
269
274
276
277
280
285
289
291
296
299
303
305
308
311
314
315
320
325
329
332
333
333
338
343
346
348
350
350
350
356
357
362
364
367
372
372
375
377
378
380
382
382
384
385
390
392
395
396
397
400
401
403
408
413
414
419
422
426
430
431
432
433
434
439
442
445
446
450
454
454
461
463
466
467
468
470
471
473
475
475
482
484
486
488
490
494
496
497
498
498
501
503
505
507
510
512
514
514
517
518
524
530
533
539
543
545
547
550
552
555
558
562
565
566
569
571
572
576
577
577
578
582
588
590
593
596
597
599
600
602
606
610
613
615
616
616
621
622
627
629
633
636
636
639
640
642
644
647
650
651
653
656
657
658
660
662
666
669
670
677
679
681
684
685
686
692
693
696
697
698
700
705
707
711
715
719
721
724
727
728
729
730
733
736
741
742
744
746
749
751
752
757
764
765
768
773
778
780
784
786
786
790
793
798
799
803
807
809
815
817
817
821
822
824
828
832
833
835
836
839
843
845
847
852
859
860
865
867
869
872
875
877
879
881
886
891
893
895
898
901
903
906
907
909
911
913
914
917
921
924
928
931
932
932
933
935
937
938
938
938
944
945
949
953
958
960
963
964
965
968
970
971
971
975
977
980
983
985
988
991
994
995
997
999
1000
1001
1003
1007
1008
1010
1013
1015
1016
1019
1021
1023
1024
1026
1032
1036
1038
1039
1044
1046
1047
1049
1053
1055
1056
1059
1066
1069
1072
1073
1074
1078
1081
1084
1086
1088
1090
1093
1095
1101
1102
1102
1105
1108
1111
1115
1117
1118
1119
1121
1122
1126
1127
1129
1133
1136
1140
1142
1145
1147
1148
1151
1153
1154
1155
1156
1158
1160
1160
1162
1162
1165
1170
1175
1179
1180
1180
1182
1184
1186
1189
1194
1196
1196
1197
1199
1202
1204
1206
1207
1208
1209
1210
1214
1214
1217
1217
1219
1221
1221
1225
1228
1234
1235
1236
1238
1240
1242
1243
1244
1249
1252
1255
1257
1261
500
1265
1272
1274
1281
1286
1286
1288
1291
1293
1295
1298
1300
1304
1310
1316
1318
1322
1324
1328
1333
1339
1344
1346
1347
1350
1353
1356
1356
1358
1360
1362
1366
1368
1374
1378
1382
1387
1391
1392
1394
1397
1401
1405
1409
1411
1412
1416
1419
1424
1426
1429
1433
1434
1440
1446
1447
1448
1450
1455
1461
1462
1466
1474
1477
1481
1485
1491
1494
1498
1499
1502
1504
1508
1510
1512
1513
1514
1516
1519
1526
1527
1528
1533
1536
1537
1541
1544
1546
1551
1552
1558
1564
1565
1569
1576
1577
1581
1583
1586
1588
1592
1594
1596
1600
1603
1606
1608
1609
1609
1613
1616
1620
1621
1624
1627
1631
1634
1637
1638
1641
1643
1644
1650
1654
1659
1663
1665
1665
1668
1669
1672
1673
1675
1676
1680
1682
1686
1689
1694
1697
1704
1706
1710
1716
1717
1721
1727
1731
1732
1736
1738
1741
1744
1745
1747
1752
1752
1752
1753
1758
1763
1767
1769
1771
1771
1774
1777
1783
1792
1794
1798
1803
1806
1810
1814
1819
1820
1822
1827
1831
1839
1841
1842
1850
1854
1856
1858
1861
1864
1866
1868
1871
1873
1873
1877
1881
1883
1888
1891
1894
1897
1899
1901
1905
1906
1909
1911
1915
1925
1928
1929
1938
1941
1942
1945
1950
1956
1959
1962
1965
1974
1979
1983
1985
1990
1995
1996
2001
2003
2007
2009
2013
2016
2024
2025
2028
2031
2032
2033
2041
2043
2047
2052
2053
2058
2060
2062
2067
2068
2068
2072
2078
2081
2084
2088
2088
2091
2098
2104
2106
2111
2114
2115
2118
2119
2124
2129
2132
2135
2141
2142
2144
2146
2150
2156
2159
2160
2164
2170
2170
2173
2174
2177
2182
2185
2187
2192
2194
2199
2200
2202
2202
2203
2205
2210
2211
2215
2217
2219
2222
2223
2227
2229
2233
2235
2239
2241
2244
2249
2251
2255
2261
2263
2264
2270
2271
2279
2280
2284
2289
2292
2296
2300
2308
2311
2314
2317
2322
2323
2327
2330
2332
2337
2341
2343
2345
2349
2352
2354
2356
2360
2362
2366
2372
2374
2375
2376
2380
2383
2386
2391
2394
2398
2405
2409
2412
2414
2415
2417
2421
2423
2426
2429
2434
2434
2437
2438
2441
2445
2449
2451
2455
2457
2462
2464
2472
2474
2475
2478
2481
2484
2487
2494
2495
2499
2501
2506
2508
2510
2516
2518
2525
2527
2531
2532
2535
2539
2542
2549
2553
2553
2556
2559
2559
2560
2560
2564
2569
2574
2578
2581
2587
2593
2598
2600
2602
2605
2608
2611
2612
2613
2618
2623
2628
2631
2638
2641
2643
2648
2652
2657
2661
2668
2669
2675
2678
2682
2685
2685
2686
2689
2691
2698
2699
2703
2704
2708
2712
2712
2715
2716
2721
2721
2726
2731
2734
2738
2739
2742
2743
2745
2747
2748
2750
2754
2756
2758
2761
2766
2770
2772
2773
2774
2776
2781
2783
2788
2792
2794
2796
2798
2800
2804
2808
2811
2813
2816
2820
2827
2835
2839
2841
2846
2848
2848
2852
2855
2858
2862
2866
500
2147483310
2147483120
2147482906
2147483000
2147483413
2147483387
2147483144
2147482991
2147482712
2147482814
2147483086
2147482880
2147482930
2147483641
2147483466
2147482627
2147483309
2147483049
2147482907
2147482843
2147483365
2147483087
2147483271
2147483571
2147483500
2147483063
2147483135
2147483204
2147483186
2147483349
2147483049
2147483323
2147482846
2147483176
2147482779
2147482795
2147482788
2147483112
2147483195
2147482998
2147483118
2147482795
2147483100
2147482773
2147483029
2147483044
2147483128
2147482926
2147483145
2147483389
2147483165
2147483158
2147483159
2147482974
2147483073
2147483145
2147483103
2147483276
2147482875
2147483627
2147482807
2147483212
2147482750
2147483149
2147483165
2147483308
2147483582
2147482768
2147483236
2147483162
2147482968
2147483157
2147482781
2147483434
2147483377
2147482974
2147482807
2147483134
2147483448
2147483027
2147483211
2147483239
2147483067
2147483197
2147482782
2147483076
2147483186
2147482798
2147483001
2147483214
2147483281
2147482791
2147482935
2147483171
2147482868
2147483047
2147483307
2147482651
2147483190
2147483383
2147482944
2147483097
2147482981
2147483102
2147483256
2147482900
2147483246
2147483282
2147483132
2147483159
2147483158
2147483091
2147483365
2147483029
2147483497
2147483304
2147483093
2147482911
2147482847
2147483041
2147483244
2147483003
2147482671
2147482730
2147482755
2147482764
2147483624
2147483405
2147483285
2147482780
2147483033
2147483633
2147483628
2147482794
2147483009
2147483185
2147482626
2147483399
2147483178
2147483049
2147483257
2147483036
2147482881
2147483040
2147483387
2147482887
2147483214
2147482731
2147483210
2147483400
2147483207
2147483431
2147483054
2147483512
2147483622
2147483313
2147483264
2147483200
2147483163
2147482886
2147483255
2147483506
2147483226
2147483181
2147483145
2147483091
2147483194
2147483392
2147483393
2147483133
2147483150
2147482874
2147483164
2147482973
2147483130
2147483234
2147482657
2147482708
2147483108
2147482906
2147483294
2147482908
2147483361
2147483270
2147482889
2147482844
2147482790
2147482680
2147482868
2147483393
2147483172
2147483449
2147483004
2147483416
2147483000
2147483159
2147482866
2147482837
2147483280
2147482993
2147483086
2147483192
2147482824
2147483385
2147482646
2147482910
2147482954
2147482936
2147483401
2147483298
2147483524
2147482762
2147483561
2147482924
2147483093
2147482684
2147482944
2147483229
2147483462
2147483230
2147483157
2147482918
2147483090
2147483430
2147482661
2147483174
2147483106
2147483149
2147482749
2147483105
2147483013
2147483130
2147483263
2147483560
2147483245
2147483077
2147483180
2147483145
2147483127
2147483215
2147483261
2147482982
2147483412
2147482842
2147482980
2147482897
2147483380
2147483406
2147482874
2147483425
2147482831
2147483072
2147482914
2147483079
2147482993
2147483243
2147483229
2147483070
2147483079
2147482764
2147483381
2147483138
2147482640
2147482991
2147483456
2147483180
2147482836
2147483087
2147483333
2147482888
2147483355
2147483277
2147483051
2147483203
2147483499
2147483583
2147483170
2147483590
2147483273
2147482735
2147483139
2147483313
2147483022
2147482884
2147483292
2147482881
2147483431
2147483260
2147483577
2147482960
2147483166
2147483250
2147483014
2147483471
2147483049
2147483486
2147482773
2147483224
2147483153
2147482769
2147483279
2147482636
2147482802
2147483135
2147482758
2147483373
2147483112
2147482976
2147483400
2147482906
2147482999
2147483015
2147483026
2147483580
2147483352
2147483409
2147483055
2147483186
2147483225
2147483027
2147482710
2147482934
2147483097
2147483429
2147483005
2147483469
2147483065
2147483437
2147483479
2147483563
2147483299
2147483289
2147483023
2147483011
2147483422
2147483197
2147483219
2147482885
2147483104
2147483039
2147483110
2147483372
2147483248
2147483229
2147483186
2147482926
2147483018
2147483179
2147483372
2147482634
2147482893
2147482902
2147483506
2147482849
2147483445
2147483041
2147482777
2147483115
2147482766
2147482771
2147483250
2147482775
2147482910
2147482872
2147483165
2147483143
2147483372
2147483194
2147483091
2147483333
2147483262
2147483025
2147483396
2147482982
2147483117
2147482976
2147482973
2147483271
2147482950
2147482876
2147483260
2147483316
2147482852
2147483049
2147483157
2147483366
2147483181
2147483517
2147483261
2147482637
2147483393
2147482738
2147483139
2147482634
2147483355
2147482749
2147483555
2147483571
2147483095
2147483391
2147483437
2147482922
2147482800
2147483214
2147482960
2147482848
2147483176
2147483462
2147483001
2147482953
2147483095
2147483545
2147483326
2147483179
2147482676
2147482852
2147482956
2147483265
2147483101
2147482922
2147483424
2147483471
2147482631
2147483458
2147482980
2147483489
2147483128
2147483419
2147482930
2147483171
2147482807
2147483188
2147483472
2147483435
2147483123
2147483128
2147482787
2147483180
2147483332
2147483383
2147483097
2147483033
2147483400
2147483396
2147483128
2147482887
2147483074
2147483114
2147483011
2147483351
2147483594
2147483346
2147482644
2147483230
2147482853
2147483247
2147482989
2147482937
2147483069
2147483400
2147483173
2147483041
2147482815
2147482914
2147483205
2147483187
2147483176
2147483233
2147483438
2147482993
2147483225
2147482878
2147483109
2147482781
2147483094
2147483066
2147483250
2147483394
2147483260
2147482997
2147483237
2147482935
2147482906
2147482936
2147483148
2147482926
2147483186
2147482945
2147483219
2147483416
2147483420
2147482700
2147482941
2147483165
2147483086
2147482942
2147483230
2147483632
2147482759
2147483168
500
2147482660
2147482439
2147482407
2147482516
2147483385
2147482519
2147482655
2147482181
2147482394
2147482996
2147481742
2147483139
2147481876
2147483095
2147482148
2147482867
2147482129
2147482718
2147482765
2147482943
2147482542
2147482164
2147483088
2147483282
2147482465
2147482521
2147482625
2147482523
2147482714
2147481869
2147482380
2147482662
2147482540
2147483475
2147482944
2147482687
2147483484
2147483086
2147482491
2147482577
2147482856
2147482810
2147483172
2147482686
2147482292
2147481875
2147482283
2147482804
2147481724
2147482147
2147482404
2147482236
2147483348
2147483635
2147482809
2147482420
2147483517
2147483043
2147483449
2147483297
2147483248
2147482827
2147482785
2147482589
2147482788
2147482496
2147482127
2147482322
2147483064
2147482968
2147483104
2147483387
2147483507
2147483300
2147482589
2147483373
2147482781
2147482868
2147483569
2147482718
2147482400
2147482451
2147482104
2147482904
2147481661
2147482421
2147482176
2147482831
2147482350
2147482651
2147482225
2147482248
2147482712
2147482353
2147481895
2147482259
2147482947
2147482058
2147482649
2147483330
2147482809
2147483534
2147482832
2147482707
2147483159
2147482558
2147481831
2147483027
2147482635
2147482467
2147482610
2147483257
2147483093
2147482931
2147483017
2147481959
2147481994
2147482849
2147481940
2147482718
2147482190
2147482527
2147482933
2147482556
2147482864
2147482585
2147482982
2147483158
2147483515
2147482149
2147482289
2147482541
2147482151
2147482474
2147482461
2147482300
2147483614
2147482958
2147482521
2147483258
2147481835
2147483318
2147482898
2147482936
2147482291
2147481773
2147482526
2147482067
2147483169
2147483019
2147482830
2147482788
2147482973
2147482652
2147483379
2147482484
2147481972
2147481655
2147482244
2147482114
2147482051
2147482890
2147482957
2147482035
2147483285
2147482937
2147482621
2147482325
2147481857
2147481771
2147483380
2147483162
2147482554
2147482720
2147481667
2147482416
2147482509
2147482543
2147483288
2147482622
2147483159
2147483391
2147482409
2147482644
2147481910
2147482657
2147482936
2147482755
2147482642
2147483124
2147482090
2147482821
2147481859
2147482279
2147482890
2147482630
2147482403
2147482369
2147482696
2147482299
2147482850
2147482811
2147482982
2147482169
2147481838
2147482786
2147482163
2147483268
2147483069
2147482364
2147482715
2147482487
2147482473
2147482654
2147482759
2147483008
2147482494
2147483554
2147482904
2147482529
2147482632
2147482740
2147482627
2147482328
2147482341
2147482555
2147482447
2147482551
2147482480
2147482033
2147482837
2147482210
2147482052
2147481978
2147482778
2147482810
2147482186
2147482059
2147482290
2147481825
2147483243
2147482625
2147482797
2147483204
2147483002
2147482531
2147483144
2147482517
2147482821
2147482760
2147482128
2147482901
2147483285
2147482802
2147483211
2147482371
2147482763
2147483186
2147481843
2147482159
2147482477
2147482586
2147482479
2147483454
2147482513
2147482528
2147482652
2147483048
2147482555
2147482683
2147482743
2147482040
2147482963
2147482313
2147482368
2147482565
2147482601
2147482446
2147482904
2147482371
2147482829
2147482254
2147482425
2147483141
2147482782
2147481951
2147481859
2147482531
2147482278
2147482791
2147482086
2147482497
2147483264
2147481999
2147483217
2147482415
2147482566
2147482912
2147482784
2147483426
2147482765
2147482304
2147483343
2147482281
2147482409
2147481971
2147482333
2147482927
2147482901
2147481856
2147482945
2147482749
2147483423
2147482941
2147482891
2147482344
2147482753
2147482179
2147482373
2147482264
2147482879
2147481913
2147482996
2147482657
2147483211
2147482627
2147481973
2147483259
2147482390
2147482588
2147482632
2147481952
2147482633
2147482914
2147482095
2147481643
2147482488
2147481780
2147482512
2147482659
2147482995
2147482390
2147483087
2147482384
2147482613
2147482827
2147482863
2147483016
2147481857
2147483122
2147482840
2147482934
2147482908
2147482821
2147483225
2147482479
2147481826
2147483270
2147482168
2147482822
2147482739
2147483515
2147482341
2147482158
2147482443
2147482844
2147481931
2147481922
2147482360
2147482305
2147483427
2147482419
2147483148
2147481819
2147482390
2147482820
2147483240
2147482708
2147482977
2147483565
2147481903
2147481901
2147482333
2147483553
2147482084
2147481676
2147482097
2147482593
2147482266
2147482080
2147481623
2147482923
2147482140
2147483156
2147482028
2147483116
2147482078
2147483093
2147481853
2147483147
2147483494
2147482205
2147482486
2147483309
2147482685
2147482573
2147482013
2147482783
2147482610
2147483546
2147483519
2147482532
2147482134
2147482543
2147481753
2147482076
2147482003
2147483473
2147481922
2147482964
2147482307
2147482068
2147482280
2147482715
2147482363
2147481983
2147482125
2147482426
2147482533
2147482840
2147483510
2147482407
2147483134
2147483027
2147482626
2147482980
2147482761
2147482546
2147483027
2147483021
2147482804
2147483097
2147483090
2147482632
2147482430
2147482614
2147483303
2147482805
2147482890
2147483009
2147482668
2147482530
2147482076
2147482525
2147482315
2147482201
2147482546
2147482258
2147482605
2147482168
2147483188
2147481810
2147482734
2147482845
2147482549
2147482345
2147483072
2147482853
2147482539
2147483013
2147482670
2147482687
2147481606
2147482783
2147482867
2147482795
2147483220
2147482446
2147481859
2147482620
2147482825
2147482856
2147482836
2147483194
2147481778
2147482027
2147482478
2147482404
2147482552
2147482442
2147482558
2147482015
2147482553
2147482221
2147482273
2147483020
2147482039
2147482698
2147482023
2147483036
500
2147475833
2147470918
2147476909
2147476800
2147472112
2147477777
2147480817
2147475785
2147478473
2147474459
2147476262
2147474785
2147473655
2147481274
2147479794
2147479520
2147477557
2147477319
2147480513
2147471891
2147478808
2147473523
2147478407
2147478923
2147475170
2147476764
2147476004
2147471720
2147477198
2147471612
2147471672
2147471475
2147482284
2147475283
2147473487
2147477121
2147474429
2147477116
2147476129
2147471300
2147476371
2147482020
2147481156
2147475393
2147474282
2147481505
2147468040
2147477109
2147478590
2147476859
2147481064
2147476831
2147477638
2147472908
2147476027
2147478236
2147477337
2147475543
2147474354
2147470898
2147475984
2147472557
2147473295
2147472027
2147481406
2147478257
2147472322
2147472184
2147470010
2147476993
2147473340
2147472019
2147475664
2147479898
2147482384
2147475596
2147482255
2147482150
2147473640
2147481574
2147479769
2147474232
2147469089
2147477393
2147478362
2147480332
2147475086
2147477644
2147477694
2147476482
2147474835
2147472715
2147474561
2147480068
2147473944
2147470152
2147479815
2147476047
2147478505
2147474409
2147480052
2147476306
2147470125
2147473503
2147475188
2147480463
2147474167
2147480759
2147475199
2147480663
2147470739
2147476665
2147470137
2147478688
2147482908
2147471459
2147477961
2147468706
2147480917
2147470574
2147470501
2147470151
2147474784
2147479222
2147477216
2147475159
2147472492
2147478309
2147474386
2147475233
2147473746
2147472292
2147471808
2147476820
2147478746
2147475400
2147477466
2147475865
2147474296
2147477260
2147472298
2147480150
2147478659
2147472659
2147467904
2147475047
2147474905
2147479857
2147476863
2147481847
2147478893
2147477900
2147474911
2147475038
2147477206
2147474836
2147478245
2147471878
2147468572
2147472580
2147473012
2147476369
2147473918
2147474229
2147476338
2147479117
2147474709
2147469483
2147480369
2147477608
2147470874
2147478095
2147475440
2147481999
2147472119
2147483248
2147476142
2147477466
2147468958
2147472110
2147477881
2147476338
2147470373
2147479277
2147474652
2147474845
2147476709
2147480199
2147478222
2147476148
2147475107
2147477017
2147476567
2147477568
2147476036
2147471879
2147478739
2147470896
2147478090
2147476127
2147475903
2147477741
2147476411
2147470503
2147473236
2147478389
2147471109
2147469146
2147472840
2147480283
2147472071
2147469905
2147477901
2147474572
2147472888
2147474610
2147469523
2147476663
2147474033
2147471694
2147473341
2147474086
2147474170
2147478423
2147478626
2147475941
2147477476
2147477817
2147479986
2147474390
2147482955
2147480144
2147471848
2147471436
2147468582
2147483523
2147472154
2147475879
2147477463
2147475572
2147476761
2147477330
2147475584
2147476858
2147473922
2147475175
2147470567
2147477172
2147473250
2147478576
2147479812
2147478980
2147473861
2147480401
2147478356
2147474243
2147481748
2147471710
2147470496
2147480819
2147482303
2147467679
2147479253
2147476345
2147473548
2147477686
2147477577
2147477417
2147477796
2147478602
2147477475
2147469039
2147468752
2147477379
2147470085
2147476765
2147478453
2147473172
2147467917
2147474998
2147472161
2147477132
2147472984
2147471091
2147479947
2147469639
2147479692
2147470584
2147475038
2147475602
2147469053
2147474311
2147480987
2147471781
2147475303
2147472609
2147473195
2147482362
2147472934
2147474275
2147480283
2147471793
2147478080
2147476928
2147480915
2147476096
2147479106
2147473649
2147473452
2147482389
2147479232
2147479156
2147480833
2147470006
2147473755
2147477175
2147474746
2147473906
2147476906
2147478588
2147474309
2147477997
2147472140
2147472191
2147476556
2147473065
2147481653
2147473934
2147476708
2147471260
2147473694
2147480579
2147471075
2147471335
2147472632
2147478388
2147477327
2147478920
2147474956
2147472086
2147479462
2147477563
2147473279
2147477048
2147477963
2147472464
2147474385
2147476531
2147477425
2147474747
2147474698
2147470961
2147477237
2147480133
2147474601
2147468957
2147473977
2147467372
2147475561
2147471534
2147476899
2147480020
2147474340
2147477897
2147473170
2147478723
2147474579
2147476753
2147477110
2147483144
2147478107
2147475271
2147469369
2147476375
2147467565
2147475915
2147478026
2147468665
2147475921
2147479338
2147477215
2147477140
2147479298
2147478592
2147474014
2147479464
2147470707
2147476591
2147474659
2147476626
2147479873
2147473921
2147480217
2147471703
2147470535
2147470552
2147474161
2147481432
2147477744
2147477906
2147473255
2147481575
2147473738
2147480871
2147480840
2147467296
2147474541
2147478289
2147477438
2147478824
2147471827
2147479741
2147473560
2147469685
2147472674
2147483166
2147472486
2147471670
2147470768
2147481793
2147478578
2147475360
2147475734
2147474117
2147473609
2147476514
2147477771
2147477225
2147475956
2147479861
2147469911
2147478146
2147477637
2147478695
2147474003
2147481604
2147471852
2147470923
2147480386
2147473539
2147474295
2147478206
2147476313
2147477551
2147483354
2147481102
2147470857
2147479087
2147472440
2147472842
2147468383
2147482058
2147473975
2147476709
2147474340
2147476982
2147475126
2147476520
2147477886
2147469941
2147471662
2147477956
2147479693
2147476719
2147474192
2147474570
2147476840
2147474305
2147474084
2147480418
2147476517
2147474482
2147479775
2147471625
2147471775
2147475642
2147474720
2147483331
2147477026
2147471468
2147475323
2147476453
2147471213
2147470108
2147470923
2147467619
2147473629
2147480547
2147479073
2147481423
2147472763
2147471268
2147473766
2147472351
2147475331
2147468812
2147469506
2147477625
2147477553
2147468944
500
2147473191
2147474725
2147473836
2147480103
2147478324
2147471186
2147482846
2147477055
2147473701
2147472729
2147472198
2147481994
2147475272
2147468783
2147474316
2147480550
2147474006
2147473036
2147476368
2147479712
2147476439
2147471298
2147472399
2147473073
2147478609
2147476531
2147474920
2147481380
2147480536
2147479613
2147480149
2147480124
2147483325
2147475405
2147479598
2147477743
2147468893
2147468542
2147468760
2147475071
2147475276
2147476334
2147478974
2147476925
2147472082
2147470830
2147474727
2147476346
2147471511
2147478999
2147481257
2147471434
2147475773
2147476091
2147475628
2147473658
2147479198
2147476935
2147472795
2147477246
2147469770
2147471956
2147474314
2147477509
2147474210
2147481631
2147471246
2147470848
2147473981
2147475384
2147481804
2147472126
2147471910
2147473151
2147477019
2147474804
2147474361
2147476495
2147473181
2147474279
2147475046
2147477091
2147478917
2147476596
2147477487
2147471947
2147478906
2147474134
2147479261
2147475566
2147475614
2147474697
2147481927
2147468779
2147472589
2147475589
2147479440
2147479845
2147477364
2147480994
2147481323
2147471492
2147472491
2147475015
2147479947
2147476362
2147472474
2147478005
2147470109
2147470804
2147475243
2147474110
2147468790
2147473488
2147481156
2147471407
2147472028
2147474206
2147476655
2147473264
2147476946
2147472523
2147475337
2147473064
2147477784
2147477404
2147469014
2147482849
2147483038
2147475452
2147477972
2147477719
2147479525
2147477648
2147475277
2147476520
2147479847
2147472969
2147472624
2147476014
2147471623
2147468857
2147479900
2147476945
2147470943
2147467527
2147469556
2147472338
2147468567
2147470733
2147477040
2147476429
2147478222
2147476597
2147471538
2147473864
2147474041
2147473279
2147469724
2147477586
2147481889
2147483565
2147477082
2147473851
2147472488
2147482670
2147475122
2147472088
2147474149
2147475384
2147474188
2147479741
2147482277
2147479831
2147474570
2147470578
2147475983
2147474669
2147483441
2147474491
2147467324
2147474401
2147477194
2147470317
2147475239
2147471442
2147473862
2147472741
2147473406
2147473778
2147475186
2147474360
2147471351
2147475997
2147481093
2147468858
2147482579
2147476672
2147478118
2147477073
2147469667
2147474155
2147474585
2147476897
2147481794
2147469494
2147478613
2147475053
2147480126
2147479997
2147478495
2147473175
2147482061
2147476266
2147482036
2147472822
2147471327
2147473435
2147480747
2147479535
2147473287
2147481935
2147475914
2147473873
2147479634
2147481420
2147478601
2147472240
2147477354
2147475800
2147469095
2147471849
2147471897
2147472972
2147480907
2147482587
2147472696
2147473225
2147476220
2147477770
2147472892
2147475042
2147476236
2147475250
2147469609
2147480068
2147467897
2147475539
2147471134
2147476333
2147475734
2147478391
2147476492
2147470630
2147475650
2147473717
2147475563
2147480575
2147474578
2147475410
2147478569
2147473817
2147477729
2147480777
2147474085
2147477622
2147474260
2147478522
2147476434
2147473997
2147474692
2147472920
2147477850
2147474999
2147470354
2147480916
2147474552
2147482188
2147473939
2147477097
2147475431
2147475037
2147476053
2147474787
2147473083
2147480448
2147474182
2147473916
2147478571
2147474273
2147475500
2147477977
2147479795
2147477025
2147472949
2147475844
2147477934
2147467659
2147478143
2147474909
2147476767
2147478283
2147480871
2147478994
2147476766
2147471262
2147479490
2147475393
2147470799
2147475996
2147482206
2147475372
2147483180
2147470017
2147476677
2147471880
2147477488
2147480851
2147470238
2147474620
2147480353
2147473851
2147474131
2147477006
2147476046
2147476282
2147477514
2147476433
2147473095
2147475945
2147479322
2147482966
2147475321
2147476207
2147467987
2147475899
2147478943
2147475732
2147473582
2147467470
2147475472
2147471370
2147478022
2147476799
2147471988
2147472647
2147481689
2147480641
2147482451
2147475689
2147468674
2147482910
2147475560
2147469020
2147470494
2147479914
2147476139
2147479907
2147479204
2147477737
2147475335
2147478769
2147476359
2147477757
2147471873
2147476461
2147470851
2147471471
2147471927
2147480846
2147479313
2147474194
2147473638
2147477618
2147478610
2147475304
2147481976
2147481373
2147474632
2147469445
2147478645
2147473736
2147475440
2147476252
2147480223
2147474675
2147478670
2147479970
2147480606
2147477286
2147478000
2147476637
2147478276
2147479598
2147479695
2147472064
2147478593
2147474933
2147479520
2147473150
2147470623
2147468536
2147470590
2147469734
2147473643
2147478986
2147478422
2147475757
2147479384
2147482688
2147470536
2147477181
2147478371
2147479382
2147475998
2147471125
2147475468
2147477800
2147477498
2147477982
2147478706
2147471491
2147473065
2147477949
2147476518
2147474504
2147470502
2147475481
2147475804
2147473009
2147472908
2147476119
2147475858
2147474541
2147481569
2147469112
2147479960
2147476130
2147476656
2147475095
2147473001
2147476098
2147475689
2147469611
2147470151
2147478661
2147481890
2147475836
2147470767
2147474524
2147474370
2147475326
2147479124
2147473301
2147470980
2147473894
2147474515
2147479901
2147479072
2147475542
2147469177
2147477145
2147475222
2147473773
2147476436
2147480803
2147474747
2147477657
2147473051
2147470075
2147470877
2147477078
2147477415
2147474490
2147478207
2147474590
2147480044
2147475422
2147471864
2147470935
2147475437
2147469811
2147471509
2147476635
2147479453
2147481757
2147474719
2147471433
2147480074
2147478511
2147474362
2147479607
2147480849
2147474757
2147473084
2147474384
2147469036
2147474678
2147477511
2147476422
461
-9
-189
-60
-135
-573
-32
-7
-115
-178
-15
-60
-77
-75
-376
-304
-169
-78
-4
-27
-346
-10
-306
-9
-109
-86
-95
-151
-95
-41
-60
-189
-20
-8
-200
-8
-57
-2
-306
-212
-11
-106
-36
-363
-32
-7
-142
-425
-351
-29
-72
-2
-263
-5
-107
-130
-79
-63
-28
-273
-79
-330
-78
-34
-301
-104
-11
-198
-80
-68
-25
-19
-45
-115
-72
-45
-330
-232
-20
-109
-40
-171
-23
-68
-107
-16
-110
-106
-41
-306
-15
-113
-304
-106
-2
-33
-3
-217
-7
-109
-8
-115
-506
-335
-3
-83
-9
-189
-484
-137
-41
-98
-5
-77
-29
-26
-106
-90
-2
-3
-16
-23
-62
-232
-9
-43
-32
-19
-25
-19
-7
-573
-43
-366
-189
-36
-233
-231
-169
-17
-73
-1
-12
-16
-9
-178
-40
-104
-263
-263
-135
-20
-304
-1
-48
-154
-2
-137
-374
-186
-366
-54
-4
-366
-90
-163
-173
-212
-231
-374
-23
-137
-200
-29
-301
-4
-109
-135
-301
-15
-151
-107
-11
-106
-1
-72
-301
-3
-23
-70
-11
-13
-28
-386
-28
-484
-213
-104
-5
-9
-186
-330
-77
-72
-32
-432
-20
-142
-425
-8
-32
-595
-20
-1
-330
-38
-164
-330
-406
-10
-70
-27
-406
-9
-335
-170
-57
-3
-86
-76
-137
-301
-80
-283
-8
-72
-279
-432
-25
-283
-223
-138
-79
-137
-425
-113
-173
-28
-142
-444
-72
-34
-23
-351
-202
-105
-12
-283
-38
-425
-77
-9
-647
-366
-20
-263
-356
-9
-172
-157
-573
-56
-72
-11
-9
-72
-169
-287
-105
-4
-16
-70
-142
-173
-62
-172
-12
-374
-106
-4
-200
-425
-53
-38
-25
-98
-36
-45
-376
-363
-113
-20
-356
-163
-363
-80
-7
-70
-178
-98
-57
-9
-189
-33
-48
-20
-20
-8
-69
-186
-109
-368
-170
-56
-4
-335
-173
-264
-59
-3
-20
-425
-138
-17
-77
-63
-27
-506
-273
-172
-137
-27
-4
-189
-241
-32
-16
-4
-45
-446
-106
-19
-121
-57
-278
-317
-346
-8
-104
-326
-1
-15
-595
-217
-106
-57
-172
-736
-178
-12
-186
-142
-2
-346
-2
-16
-137
-93
-2
-106
-4
-57
-70
-163
-275
-202
-20
-317
-368
-76
-500
-115
-69
-77
-15
-181
-170
-10
-154
-84
-425
-2
-54
-113
-32
-72
-36
-326
-285
-5
-264
-330
-198
-137
-264
-15
-202
-19
-249
-25
-19
-506
-213
-76
-10
-16
-60
-17
-154
-33
-106
-142
-163
-301
-45
-169
-138
-10
-70
-40
-9
-233
-34
-54
-109
-106
-135
-69
-78
-53
-76
-172
-198
-93
-32
-79
-573
-446
-275
-9
-12
-56
481
0
-185
-137
-12
-572
-18
-329
-16
-424
-39
-177
-325
-9
-16
-76
-172
-172
-171
-76
-26
-78
-6
-424
-28
-62
-120
-120
-646
-163
-8
-67
-12
-165
-136
-74
-67
-9
-300
-77
-4
-12
-443
-26
-78
-232
-59
-6
-319
-37
-27
-185
-35
-137
0
-3
-222
-10
-171
-305
-44
-141
-71
-171
-82
-9
-177
-248
-19
-82
-19
-52
-25
-3
-87
-2
0
-69
-27
-76
-137
-483
-77
-7
-172
-136
-345
-169
-76
-103
-15
-216
-35
-177
-154
-199
-405
0
-345
-52
-362
-72
-367
-98
-25
-77
-118
-114
-78
-2
-109
-39
-199
-168
-483
-39
-211
-378
-71
-168
-19
-26
-114
-89
-11
-35
-3
-6
-24
-68
-33
-282
-87
-284
-1
-6
-104
-180
-325
-37
-33
-120
-319
-22
-278
-163
-59
-405
-153
-4
-25
-31
-3
-231
-87
-272
-154
-105
-72
-22
-3
-282
-108
-71
-4
-499
-68
-16
-69
-7
-71
-8
-230
-98
-201
-222
-97
-216
-9
-9
-272
-168
-6
-59
-54
-240
-35
-216
-33
-443
-345
-12
-325
-188
-78
-59
-118
-11
-35
-59
-22
0
-78
-137
-44
-22
-3
-150
-7
-68
-14
-274
-278
-199
-112
-3
-105
-646
-278
-43
-22
-16
-146
-71
-104
-7
-58
-199
-431
-8
-67
-68
-105
-231
-18
-355
-303
-58
-25
-61
-114
-216
-112
-31
-445
-39
-385
-123
-572
-27
-19
-72
-4
-594
-7
-3
-169
-103
-2
-105
-305
-272
-108
-9
-156
-150
-282
-153
-424
-165
-78
-109
-11
-325
-109
-150
-109
-8
-9
-365
-28
-191
-83
-7
-150
-735
-646
-153
-14
-43
-62
-26
-1
-305
-82
-136
-127
-163
-153
-59
-319
-27
-248
-171
-443
-76
-75
-8
-105
-232
-87
-16
-199
-71
-27
0
-78
-9
-248
-87
-56
-230
-460
-277
-180
-59
-4
-334
-201
-123
-334
-27
-7
-156
-185
-334
-286
-1
-1
-2
-300
-78
-19
-68
-316
-445
-19
-325
-424
-104
-75
-163
-171
-7
-282
-54
-53
-78
-97
-365
-483
-141
-68
-355
-1
-108
-1
-505
-56
-272
-76
-134
-150
-53
-180
-168
-123
-9
-71
-37
-69
-211
-262
-39
-43
-424
-171
-201
-137
-212
-39
-10
-105
-345
-10
-1
-6
-52
-19
-44
-10
-460
-156
-43
-106
-3
-109
-54
-69
-44
-10
-177
-232
-27
-263
-130
-39
-130
-71
-58
-37
-71
-8
-4
-108
-106
-10
-33
-4
-58
-19
-197
-443
-37
0
-37
-44
-230
-32
-1
-201
-53
-197
-316
0
-43
-68
-10
-118
-52
-27
-39
-71
-33
-460
-499
-11
-67
-109
-72
-6
-68
-172
-278
-274
-87
-97
-325
-12
-54
-59
-12
-262
-168
-98
-87
-14
-68
-67
-6
-32
0
