5
461
-9
-189
-60
-135
-573
-32
-7
-115
-178
-15
-60
-77
-75
-376
-304
-169
-78
-4
-27
-346
-10
-306
-9
-109
-86
-95
-151
-95
-41
-60
-189
-20
-8
-200
-8
-57
-2
-306
-212
-11
-106
-36
-363
-32
-7
-142
-425
-351
-29
-72
-2
-263
-5
-107
-130
-79
-63
-28
-273
-79
-330
-78
-34
-301
-104
-11
-198
-80
-68
-25
-19
-45
-115
-72
-45
-330
-232
-20
-109
-40
-171
-23
-68
-107
-16
-110
-106
-41
-306
-15
-113
-304
-106
-2
-33
-3
-217
-7
-109
-8
-115
-506
-335
-3
-83
-9
-189
-484
-137
-41
-98
-5
-77
-29
-26
-106
-90
-2
-3
-16
-23
-62
-232
-9
-43
-32
-19
-25
-19
-7
-573
-43
-366
-189
-36
-233
-231
-169
-17
-73
-1
-12
-16
-9
-178
-40
-104
-263
-263
-135
-20
-304
-1
-48
-154
-2
-137
-374
-186
-366
-54
-4
-366
-90
-163
-173
-212
-231
-374
-23
-137
-200
-29
-301
-4
-109
-135
-301
-15
-151
-107
-11
-106
-1
-72
-301
-3
-23
-70
-11
-13
-28
-386
-28
-484
-213
-104
-5
-9
-186
-330
-77
-72
-32
-432
-20
-142
-425
-8
-32
-595
-20
-1
-330
-38
-164
-330
-406
-10
-70
-27
-406
-9
-335
-170
-57
-3
-86
-76
-137
-301
-80
-283
-8
-72
-279
-432
-25
-283
-223
-138
-79
-137
-425
-113
-173
-28
-142
-444
-72
-34
-23
-351
-202
-105
-12
-283
-38
-425
-77
-9
-647
-366
-20
-263
-356
-9
-172
-157
-573
-56
-72
-11
-9
-72
-169
-287
-105
-4
-16
-70
-142
-173
-62
-172
-12
-374
-106
-4
-200
-425
-53
-38
-25
-98
-36
-45
-376
-363
-113
-20
-356
-163
-363
-80
-7
-70
-178
-98
-57
-9
-189
-33
-48
-20
-20
-8
-69
-186
-109
-368
-170
-56
-4
-335
-173
-264
-59
-3
-20
-425
-138
-17
-77
-63
-27
-506
-273
-172
-137
-27
-4
-189
-241
-32
-16
-4
-45
-446
-106
-19
-121
-57
-278
-317
-346
-8
-104
-326
-1
-15
-595
-217
-106
-57
-172
-736
-178
-12
-186
-142
-2
-346
-2
-16
-137
-93
-2
-106
-4
-57
-70
-163
-275
-202
-20
-317
-368
-76
-500
-115
-69
-77
-15
-181
-170
-10
-154
-84
-425
-2
-54
-113
-32
-72
-36
-326
-285
-5
-264
-330
-198
-137
-264
-15
-202
-19
-249
-25
-19
-506
-213
-76
-10
-16
-60
-17
-154
-33
-106
-142
-163
-301
-45
-169
-138
-10
-70
-40
-9
-233
-34
-54
-109
-106
-135
-69
-78
-53
-76
-172
-198
-93
-32
-79
-573
-446
-275
-9
-12
-56
481
0
-185
-137
-12
-572
-18
-329
-16
-424
-39
-177
-325
-9
-16
-76
-172
-172
-171
-76
-26
-78
-6
-424
-28
-62
-120
-120
-646
-163
-8
-67
-12
-165
-136
-74
-67
-9
-300
-77
-4
-12
-443
-26
-78
-232
-59
-6
-319
-37
-27
-185
-35
-137
0
-3
-222
-10
-171
-305
-44
-141
-71
-171
-82
-9
-177
-248
-19
-82
-19
-52
-25
-3
-87
-2
0
-69
-27
-76
-137
-483
-77
-7
-172
-136
-345
-169
-76
-103
-15
-216
-35
-177
-154
-199
-405
0
-345
-52
-362
-72
-367
-98
-25
-77
-118
-114
-78
-2
-109
-39
-199
-168
-483
-39
-211
-378
-71
-168
-19
-26
-114
-89
-11
-35
-3
-6
-24
-68
-33
-282
-87
-284
-1
-6
-104
-180
-325
-37
-33
-120
-319
-22
-278
-163
-59
-405
-153
-4
-25
-31
-3
-231
-87
-272
-154
-105
-72
-22
-3
-282
-108
-71
-4
-499
-68
-16
-69
-7
-71
-8
-230
-98
-201
-222
-97
-216
-9
-9
-272
-168
-6
-59
-54
-240
-35
-216
-33
-443
-345
-12
-325
-188
-78
-59
-118
-11
-35
-59
-22
0
-78
-137
-44
-22
-3
-150
-7
-68
-14
-274
-278
-199
-112
-3
-105
-646
-278
-43
-22
-16
-146
-71
-104
-7
-58
-199
-431
-8
-67
-68
-105
-231
-18
-355
-303
-58
-25
-61
-114
-216
-112
-31
-445
-39
-385
-123
-572
-27
-19
-72
-4
-594
-7
-3
-169
-103
-2
-105
-305
-272
-108
-9
-156
-150
-282
-153
-424
-165
-78
-109
-11
-325
-109
-150
-109
-8
-9
-365
-28
-191
-83
-7
-150
-735
-646
-153
-14
-43
-62
-26
-1
-305
-82
-136
-127
-163
-153
-59
-319
-27
-248
-171
-443
-76
-75
-8
-105
-232
-87
-16
-199
-71
-27
0
-78
-9
-248
-87
-56
-230
-460
-277
-180
-59
-4
-334
-201
-123
-334
-27
-7
-156
-185
-334
-286
-1
-1
-2
-300
-78
-19
-68
-316
-445
-19
-325
-424
-104
-75
-163
-171
-7
-282
-54
-53
-78
-97
-365
-483
-141
-68
-355
-1
-108
-1
-505
-56
-272
-76
-134
-150
-53
-180
-168
-123
-9
-71
-37
-69
-211
-262
-39
-43
-424
-171
-201
-137
-212
-39
-10
-105
-345
-10
-1
-6
-52
-19
-44
-10
-460
-156
-43
-106
-3
-109
-54
-69
-44
-10
-177
-232
-27
-263
-130
-39
-130
-71
-58
-37
-71
-8
-4
-108
-106
-10
-33
-4
-58
-19
-197
-443
-37
0
-37
-44
-230
-32
-1
-201
-53
-197
-316
0
-43
-68
-10
-118
-52
-27
-39
-71
-33
-460
-499
-11
-67
-109
-72
-6
-68
-172
-278
-274
-87
-97
-325
-12
-54
-59
-12
-262
-168
-98
-87
-14
-68
-67
-6
-32
0
475
-30
-247
-400
-15
-57
-185
-375
-199
-403
-188
-255
-375
-39
-21
-68
-17
-35
-24
-13
-1
-535
-185
-128
-414
-3
-400
-65
-53
-371
-50
-253
-32
-5
-24
-1
-93
-36
-647
-9
-21
-35
-1
-128
-11
-10
-25
-88
-70
-139
-4
-312
-19
-322
-24
-221
-3
-371
-9
-3
-11
-5
-108
-1
-3
-75
-229
-1
-7
-312
-17
-4
-299
-224
-102
-78
-6
-5
-106
-229
-452
-383
-15
-4
-24
-122
-122
-2
-35
-647
-25
-4
-167
-56
-24
-118
-518
-55
-151
-93
-78
-47
-11
-12
-9
-2
-178
-137
-6
-128
-93
-1
-18
-495
-217
-53
-337
-1
-337
-4
-494
-1
-18
-21
-299
-3
-4
-43
-322
-11
-4
-4
-4
-5
-11
-128
-494
-6
-10
-3
-48
-229
-66
-403
-263
-120
-125
-378
-75
-16
-4
-104
-145
-6
-75
-3
-10
-647
-19
-21
-278
-101
-13
-53
-378
-5
-229
-101
-371
-2
-257
-111
-36
-217
-30
-186
-40
-78
-290
-3
-48
-33
-76
-101
-67
-128
-188
-2
-9
-100
-263
-4
-229
-378
-164
-75
-199
-129
-1
-78
-10
-32
-145
-186
-10
-22
-19
-2
-257
-2
-32
-253
-288
-134
-87
-384
-76
-179
-100
-13
-188
-33
-179
-312
-11
-108
-229
-11
-5
-87
-312
-398
-15
-297
-263
-6
-102
-21
-6
-128
-19
-3
-109
-452
-378
-6
-33
-127
-297
-494
-30
-8
-543
-70
-33
-122
-229
-3
-15
-96
-347
-414
-228
-136
-67
-296
-47
-20
-2
-1
-383
-24
-414
-185
-321
-159
-118
-43
-19
-255
-122
-2
-18
-403
-88
-5
-25
-41
-257
-378
-118
-128
-307
-7
-177
-217
-65
-56
-543
-111
-13
-139
-217
-128
-2
-88
-40
-1
-32
-224
-21
-5
-398
-217
-159
-4
-3
-76
-322
-19
-18
-8
-15
-185
-54
-173
-288
-53
-224
-229
-96
-4
-494
-4
-347
-13
-19
-15
-12
-9
-1
-25
-65
-278
-518
-360
-4
-25
-139
-23
-179
-257
-50
-15
-33
-361
-30
-125
-596
-371
-535
-17
-1
-5
-12
-11
-8
-398
-75
-109
-217
-108
-4
-1
-20
-8
-88
-6
-283
-7
-164
-255
-75
-167
-76
-394
-263
-118
-101
-84
-2
-6
-32
-578
-86
-47
-134
-122
-398
-80
-11
-24
-199
-179
-128
-22
-10
-139
-64
-48
-257
-24
-6
-15
-157
-120
-101
-375
-64
-22
-24
-22
-29
-11
-152
-18
-151
-19
-24
-6
-8
-229
-1
-35
-86
-35
-159
-400
-221
-177
-371
-375
-108
-35
-49
-12
-19
-101
-371
-21
-18
-5
-22
-1
-125
-13
-371
-1
-6
-157
-361
-53
-3
-394
-75
-3
-4
-57
-6
-4
-159
-139
-75
-17
-68
-32
490
-65
-78
-187
-3
-493
-83
-92
-121
-46
-517
-63
-77
-289
-10
-138
-69
-3
-54
-10
-68
-21
-542
-148
-294
-14
-577
-121
-382
-305
-11
-20
-18
-16
-10
-176
-34
-84
-252
-156
-220
-128
-256
-3
-277
-38
-370
-18
-377
-9
-223
-646
-121
-402
-24
0
-5
-282
-577
-306
-148
0
-577
-74
-29
-10
-67
-148
-184
-103
-144
-101
-148
-3
-138
0
-14
-2
-494
-126
-451
-198
-14
-100
-56
-12
-100
-163
-294
-14
-377
-83
-172
0
-318
-3
-55
-223
-228
-14
-101
-9
-46
-346
-294
-377
-31
-360
-203
-360
-39
-38
-336
-5
-24
-101
-9
-3
-397
-4
-517
-110
-318
-63
-85
-40
-18
-20
-10
-75
-16
-5
-383
-55
-1
-2
-374
-7
-6
-1
-18
-5
-53
-127
-108
-31
-127
-646
-23
-47
-21
-127
-24
-66
-103
-534
-79
-107
-228
-542
-100
-86
-19
-494
-21
-151
-227
-10
-3
-7
-23
-151
0
-10
-103
-397
-17
-122
-5
-1
-46
-228
-100
-31
-360
-67
-40
-306
-24
-35
-138
-562
-4
-187
-45
-133
-4
-228
-294
-86
-21
-3
-223
-108
-16
-83
-84
-216
-55
-360
-126
-14
-115
-9
-166
-107
-14
-562
-18
-646
-577
-135
-107
-377
-287
-383
-3
-56
-393
-10
0
-83
-34
-562
0
-10
-402
-216
-302
-223
-45
-144
-84
-124
-646
-277
-49
-295
-107
-9
-256
-150
-127
-1
-77
-9
-262
-382
-346
-100
-294
-5
-1
-23
-336
-40
-296
-69
-23
-1
-254
-24
-31
-3
-176
-3
0
-10
-31
-320
-595
0
-124
0
-370
-534
0
-22
-399
-121
-1
-54
-1
-31
-46
-494
-69
-163
-101
-321
-127
-126
-9
-187
-18
-1
-35
-141
-23
-254
-3
-20
-127
-1
-254
-24
-29
-16
-228
-20
-8
-1
-1
-4
-105
-3
-3
-5
-10
-18
-31
-78
-99
-83
-121
-166
-107
-47
-305
-3
-185
-320
-305
-595
-46
-359
-321
-413
-53
-46
-107
-16
-8
-23
-320
-34
-2
-294
-2
-10
-14
-34
-176
-141
-150
-321
-47
-74
-178
-92
-40
-252
-21
-7
-16
-298
-7
-28
-6
-16
-7
-377
-298
0
-52
-16
-40
-83
-40
-20
-7
-84
-31
-370
-311
-52
-47
-128
-320
-112
-127
-45
-2
-42
-5
-10
0
-542
-360
-119
-2
-119
-17
-1
-18
-14
-20
-346
-69
-105
-105
0
-214
-18
-39
-69
-318
-48
-5
-99
-74
-49
-3
-11
-3
-359
-127
-8
-3
-19
-23
-15
-451
-289
-24
-100
-220
-7
-119
-23
-172
-32
-289
-56
-121
-382
-64
-74
-74
-228
-21
-107
-346
-47
-311
-321
-46
-3
-101
-95
-517
-12
-23
-289
-311
-277
-19
-306
-65
-383
-17
-10
-45
-7
-3
-105
-336
-296
-3
-177
0
475
0
0
0
0
0
0
0
0
0
0
0
0
0
0
0
0
0
0
0
0
0
0
0
0
0
0
0
0
0
0
0
0
0
0
0
0
0
0
0
0
0
0
0
0
0
0
0
0
0
0
0
0
0
0
0
0
0
0
0
0
0
0
0
0
0
0
0
0
0
0
0
0
0
0
0
0
0
0
0
0
0
0
0
0
0
0
0
0
0
0
0
0
0
0
0
0
0
0
0
0
0
0
0
0
0
0
0
0
0
0
0
0
0
0
0
0
0
0
0
0
0
0
0
0
0
0
0
0
0
0
0
0
0
0
0
0
0
0
0
0
0
0
0
0
0
0
0
0
0
0
0
0
0
0
0
0
0
0
0
0
0
0
0
0
0
0
0
0
0
0
0
0
0
0
0
0
0
0
0
0
0
0
0
0
0
0
0
0
0
0
0
0
0
0
0
0
0
0
0
0
0
0
0
0
0
0
0
0
0
0
0
0
0
0
0
0
0
0
0
0
0
0
0
0
0
0
0
0
0
0
0
0
0
0
0
0
0
0
0
0
0
0
0
0
0
0
0
0
0
0
0
0
0
0
0
0
0
0
0
0
0
0
0
0
0
0
0
0
0
0
0
0
0
0
0
0
0
0
0
0
0
0
0
0
0
0
0
0
0
0
0
0
0
0
0
0
0
0
0
0
0
0
0
0
0
0
0
0
0
0
0
0
0
0
0
0
0
0
0
0
0
0
0
0
0
0
0
0
0
0
0
0
0
0
0
0
0
0
0
0
0
0
0
0
0
0
0
0
0
0
0
0
0
0
0
0
0
0
0
0
0
0
0
0
0
0
0
0
0
0
0
0
0
0
0
0
0
0
0
0
0
0
0
0
0
0
0
0
0
0
0
0
0
0
0
0
0
0
0
0
0
0
0
0
0
0
0
0
0
0
0
0
0
0
0
0
0
0
0
0
0
0
0
0
0
0
0
0
0
0
0
0
0
0
0
0
0
0
0
0
0
0
0
0
0
0
0
0
0
0
0
0
0
0
0
0
0
0
0
0
0
0
0
0
0
0
0
0
0
0
0
0
0
0
0
486
-39
-87
-71
-268
-129
-363
-103
-80
-35
-25
-51
-180
-257
-125
-187
-3
0
-370
-100
-206
-113
-21
-154
-398
-152
-370
-191
-28
-212
-31
-25
-325
-151
-3
-36
0
-188
-42
-465
-63
-370
-35
-283
-96
-12
-9
-218
-32
-35
-661
-348
-25
-491
-5
-110
-5
-319
-166
-1
-20
-3
-42
-126
0
-10
-18
-208
-166
-81
-7
-294
-128
-17
-370
-10
-3
-4
-166
-688
-151
-92
-124
-280
-788
-9
-36
-465
0
-2
-151
-151
-17
-58
-124
-134
-72
-431
-51
-158
-38
-2
-154
-511
-182
-86
-66
-42
-363
-108
-283
-200
-154
-17
-8
-6
-287
-154
-343
-311
-1
-63
-12
-80
-100
-7
-52
-400
-147
-13
-459
-24
-128
-348
-398
-21
-50
-42
-124
-85
-152
-287
-400
-72
-7
-5
-295
-229
-266
-18
-42
-431
-222
-24
-90
-64
-8
-8
-12
-59
-9
-336
-13
-38
-72
-3
-8
-71
-17
-147
-119
-261
-465
-381
-6
-64
-42
-491
-9
-2
-2
-147
-128
-37
-402
-222
-25
-618
-158
-92
-92
-75
-11
-35
-248
-251
-36
-72
-144
-144
-81
-4
-105
-266
-125
-311
-17
-77
-189
-8
-77
-45
-8
-5
-180
-59
-248
-232
-20
-158
-20
-87
-15
-8
-126
-119
-12
-14
-52
0
-34
-661
-9
-5
-11
-37
0
-51
-1
-100
-46
-117
-2
-12
-384
-90
-298
-62
-8
-7
-12
-86
-17
-459
-195
-12
-1
-86
-189
0
-266
-14
-51
-21
-11
-661
-3
-161
-269
-232
-491
-11
-45
-87
-283
-1
-163
-251
-146
-191
-3
-125
-13
-465
-39
-348
-126
-51
-35
-34
-788
-41
-511
-11
-75
-54
-191
-266
-25
-24
-251
-194
-155
-54
-152
-4
-72
-204
-37
-59
-124
-6
-3
-92
-52
-21
-204
-629
-87
-72
-294
-4
-125
-12
-491
-64
-36
-49
-28
-212
-66
-91
-110
-32
-32
-618
-15
-147
-126
-251
-129
-91
-110
-193
-17
-400
-12
-381
-336
-45
-440
-4
-61
-46
-13
-25
-20
-2
-14
-200
-440
-212
-155
-36
-58
-113
-319
-35
-59
-12
-41
-100
-257
-268
-16
-11
-195
-67
-117
-5
-50
-26
-14
-1
-126
-24
-32
-2
-363
-66
-618
-398
-200
-370
-16
0
-7
-488
-92
-144
-3
-108
-4
-251
-100
-180
-13
-8
-336
-38
-36
-54
-42
-108
-511
-1
-59
-37
-72
-52
-336
-62
-251
-128
-24
-45
-3
-1
-431
0
-491
0
-465
-24
-5
-163
-36
-248
-52
-166
-9
-257
-788
-12
-103
-8
0
-85
-67
-269
-1
-3
-128
-25
-19
-9
-688
-61
-61
-28
-325
-311
-21
-188
-35
-52
-17
-3
-39
-14
-167
-2
-6
-6
-119
-11
0
-232
-3
-96
-6
-266
-21
-46
-52
-261
0
483
-22
-160
-132
-15
-6
-16
-11
-3
-93
-24
-49
-425
-308
-182
-75
-155
-308
-464
-39
-464
-40
-324
-156
-73
-39
-48
-239
-44
-221
-16
-43
-152
-1
-53
-140
-43
-411
-221
-2
-308
-16
-48
-40
-5
-155
-468
-178
-48
-78
-113
-81
-301
-57
-44
-211
-22
-411
-315
-302
-142
-379
-495
-41
-35
-211
-141
-29
-10
-75
-209
-122
-182
-16
-166
-239
-107
-86
-128
-30
-55
0
-53
-85
-46
-13
-14
-1
-20
-29
-360
-308
-11
-182
-270
-132
-120
-145
-40
-10
-78
-43
-271
-483
-5
-10
-83
-92
-353
-139
-291
-272
-9
-50
-38
-452
-132
-141
-56
-155
-14
-468
-181
-8
0
-127
-145
-53
-13
-18
-12
-544
-1
-129
-145
-85
-104
-102
-13
-308
-121
-139
-145
-211
-5
-1
-53
-211
-201
-44
-85
-244
-147
-132
-598
-5
-207
-1
-5
-236
-133
-324
-27
-39
-339
-301
-207
-132
-236
-59
-148
-138
-56
-224
-207
-20
-209
-12
-619
-43
-239
-16
-64
-10
-240
-2
-442
-122
-4
-141
-53
-44
-544
-101
-25
-44
-12
-301
-14
-41
-39
-49
0
-129
-64
-102
-442
-101
-23
-434
-40
-442
-160
-211
-3
-50
-239
-271
-544
-46
-197
-83
-166
-78
-85
-19
-3
-452
-88
-224
-220
-148
-84
-92
-445
-19
-15
-544
-190
-129
-224
-73
-141
-85
-2
-177
-442
-13
-501
-16
-122
-168
-147
-28
-39
-43
-25
-10
-239
-107
-36
-197
-145
-18
-20
-70
-483
-442
-148
-145
-36
-67
-452
-14
-21
-2
-127
-27
-244
-152
-39
-9
-66
-5
-85
-30
-38
-84
-501
-56
-78
-73
-29
-181
-141
-53
-20
-14
-201
-20
-88
-483
-27
-20
-7
-48
-272
-8
-27
-28
-2
-24
-286
-55
-4
-24
-461
-102
-34
-286
-461
-182
-14
-715
-40
-220
-74
-271
-1
-33
-9
-23
-240
-201
-27
-70
-44
-211
-197
-129
-109
-38
-48
-147
-308
-452
-579
-2
-282
-21
-113
-141
-122
-43
-290
-220
-141
-127
-156
-78
-38
-483
-74
-11
-33
-544
-270
-113
-53
-7
-14
-42
-81
-353
-1
-290
-5
-43
-6
0
-44
-102
-147
-468
-24
-258
0
-101
-104
0
-15
-102
-240
-211
-16
-121
-219
-8
-1
-152
-93
-2
-445
0
-29
-25
-133
-240
-27
-66
0
0
-103
-53
-5
-148
-46
-7
-324
-122
-50
-224
-3
-74
-8
-2
-2
-715
-40
-3
-128
-258
-219
-286
-182
-133
-190
-48
-53
-2
-211
-31
-4
-425
-48
-272
-59
-445
-121
-53
-69
-122
-2
-121
-348
-24
-84
-78
-61
-22
-93
-113
-3
-122
-50
-39
-483
-12
-425
-1
-13
-145
-155
-14
-461
-544
-24
-275
-308
-1
-23
-139
-207
0
476
-51
-1
-28
-148
-29
-139
-178
-6
-210
-496
-2
-3
-28
-23
-76
-28
-108
-2
-2
-23
-16
-435
-10
-8
-16
-67
-80
-316
-121
-2
-179
-44
-17
-25
-56
-123
-560
-12
-169
-6
-1
-599
-25
-14
-302
-302
-70
-25
-443
-17
-30
-47
-134
-45
-49
-11
-41
-24
-23
-84
-79
-75
-103
-45
-143
-44
-14
-70
-94
-157
-36
-140
-23
-259
-22
-183
-23
-75
-272
-68
-104
-4
-6
-22
-620
-446
-303
-340
-167
-222
-67
-25
-178
-221
-25
-23
-105
-50
-153
-118
-291
-183
-25
-51
-240
-130
-291
-4
-208
-560
-25
-1
-6
-8
-41
-354
-75
-24
-148
-3
-245
-212
-2
-26
-85
-134
-14
-462
-30
-140
-2
-129
-354
-21
-412
-30
-23
-17
-13
-24
-14
-153
-123
-51
-4
-28
-4
-3
-15
-560
-41
-3
-287
-75
-212
-133
-5
-4
-9
-3
-303
-51
-3
-291
-183
-309
-1
-212
-79
-108
-80
-36
-124
-93
-23
-11
-599
-25
-435
-6
-102
-10
-123
-75
-79
-70
-62
-5
-143
-85
-143
-309
-446
-122
-37
-31
-4
-47
-17
-26
-2
-51
-80
-6
-36
-114
-24
-18
-40
-129
-79
-49
-129
-21
-40
-2
-198
-16
-44
-25
-54
-17
-26
-3
-17
-44
-134
-143
-23
-17
-45
-2
-291
-225
-25
-302
-245
-14
-74
-84
-118
-276
-87
-1
-8
-309
-1
-183
-34
-142
-133
-484
-496
-14
-146
-28
-178
-70
-51
-716
-26
-14
-93
-156
-79
-86
-40
-412
-49
-1
-86
-465
-17
-259
-3
-40
-26
-79
-1
-271
-37
-26
-13
-70
-139
-210
-240
-122
-291
-76
-143
-40
-60
-65
-580
-469
-161
-41
-102
-58
-6
-453
-51
-1
-169
-435
-303
-50
-220
-49
-225
-24
-303
-79
-26
-354
-139
-24
-146
-2
-28
-259
-54
-47
-149
-202
-49
-51
-129
-237
-1
-354
-17
-56
-15
-143
-108
-4
-1
-8
-153
-26
-86
-3
-45
-15
-13
-44
-303
-272
-13
-103
-191
-75
-86
-25
-124
-361
-41
-12
-17
-149
-2
-22
-51
-24
-156
-41
-435
-443
-2
-134
-435
-25
-496
-146
-35
-599
-1
-465
-221
-121
-273
-68
-35
-57
-502
-21
-302
-16
-70
-6
-220
-5
-134
-212
-4
-51
-179
-272
-23
-4
-316
-15
-134
-620
-104
-142
-469
-104
-599
-17
-17
-140
-8
-3
-86
-272
-4
-8
-484
-240
-23
-1
-5
-130
-17
-412
-79
-349
-620
-560
-599
-412
-19
-14
-220
-43
-28
-133
-4
-75
-453
-68
-134
-148
-30
-148
-349
-9
-183
-222
-146
-13
-10
-56
-79
-161
-68
-67
-208
-17
-225
-24
-146
-25
-49
-45
-412
-44
-716
-276
-237
-21
-210
-23
486
-37
0
-352
-63
-204
-131
-47
-165
-25
-74
-30
-141
0
-3
-32
-176
-416
-17
-31
-136
-410
-36
-111
-218
-37
-52
-48
-36
-73
-178
-195
-47
-16
-12
-7
-36
-16
-137
-250
-42
-110
-3
-36
-184
-391
-2
-42
-330
-19
-139
-183
-67
-393
-35
-364
-5
-100
-5
-393
-20
-63
-8
-225
-3
-58
-353
-94
-6
-39
-325
-37
-176
-47
-102
-427
-205
-34
-4
-26
-410
-225
-461
-1
-63
-136
-65
-15
-7
-89
-25
-59
-208
-73
-231
-36
-352
0
-167
-178
-553
-553
-35
-7
-52
-34
0
-272
-61
-10
-137
-621
-55
-178
-461
-70
-102
-59
-156
-131
-310
-100
-47
-835
-83
-205
-10
-171
-44
-207
0
-121
-166
-250
-208
-26
-250
-59
-3
-226
-110
-208
-3
-47
-47
-30
-5
-139
-17
-117
-34
-364
-16
-178
-46
-16
-553
-58
-63
-43
-178
-131
-34
-5
-12
-196
-166
-58
-55
-325
-144
-196
-3
-262
-47
-333
-47
-12
-461
-835
-16
-53
-167
-292
-230
-7
-30
-333
-7
-36
-37
-44
-86
-37
-25
-1
-63
-70
-31
-16
-231
-4
-21
-195
-92
-32
-55
-47
-3
-150
-39
0
-329
-70
-330
-136
-204
-131
-25
-70
-1
-3
-165
-59
0
-292
-250
-166
-6
-19
-225
-163
-64
-166
-28
-156
-48
-89
-39
-261
-2
-514
-114
-63
-6
0
-34
-11
-100
-58
-5
-63
-17
-835
-195
-272
-333
-364
-46
-94
-111
-122
-36
-42
-163
-100
-218
-61
-1
-5
-19
-52
-110
-36
-334
-3
-42
-103
-46
-343
-393
-114
-78
-1
-225
-15
-3
-48
-48
-166
-1
-65
-614
-61
-614
-166
-352
-3
-46
-323
-225
-1
-514
-63
-9
-67
-4
-118
-111
-12
-38
-49
-1
-31
-102
-102
-325
-31
-461
-55
-4
-103
-4
-137
-94
-167
-12
-178
-205
-208
-153
-47
-63
-305
-1
-2
0
-117
-34
-105
-166
-73
-48
-393
-272
-20
-10
-292
-465
-70
-51
-67
-178
-54
-178
-26
-19
-465
-204
-178
-310
-36
-73
-37
-5
-114
-3
-3
-188
0
-146
-461
-163
-146
-6
-114
-7
-37
-141
0
-1
-55
-78
-4
-65
-176
-553
-391
-140
-5
-121
-73
-5
-34
-327
-166
-1
-329
-364
-105
-78
-226
-48
-2
-43
-48
-17
-334
-102
-1
-262
-218
-118
-352
0
-121
-835
-87
-36
-39
-1
-167
-614
-34
-166
-51
-48
-281
-393
-94
-102
-39
-305
-391
-36
-621
-63
-79
-178
-21
-262
-63
-131
-4
-64
-3
-410
-30
-404
-93
-49
-68
-262
-310
0
-207
-327
-42
-92
-19
-44
-4
-111
-3
-141
-39
-13
-34
-70
-37
-3
-7
-52
-176
-188
-461
-6
-167
-7
-1
-166
-16
-52
-353
-204
-178
0
467
-1
-36
-73
-34
-1
-553
-118
-333
-144
-4
-28
-141
-284
-427
-139
-385
-10
-59
-47
-514
-3
-7
-25
-614
-2
-105
-329
-39
-427
-61
-31
-67
-731
-36
-34
-323
-100
-310
-151
-333
-52
-150
-250
-20
-13
0
-110
-28
-139
-305
-21
-70
-207
-46
-731
-16
-196
-325
-166
-352
-310
-183
-65
-38
-11
-19
-207
-32
-171
-62
-137
-416
-89
-4
-1
-70
-106
-393
-19
-183
-54
-205
-218
-86
-465
-7
-164
-167
-410
-16
-118
-292
-36
-59
-136
-393
-44
-99
-1
-385
-51
-4
-23
-78
-208
-325
-1
-167
0
-137
0
-53
-46
-25
-83
-16
-3
-4
-73
-78
-31
-150
-65
-393
-178
-553
-32
-21
-385
-208
-122
-553
-1
-2
-86
-281
-178
-43
-30
-67
-140
-178
-34
-103
-178
-8
0
-26
-15
-465
-53
-352
-166
-63
-7
-136
-7
-410
-226
0
-53
-63
-131
-61
-93
-20
-30
-39
-106
-427
-99
-16
-64
-43
-334
-97
-325
-204
-53
-404
-44
-404
-102
-79
-113
-44
-7
-153
-78
-36
-39
-42
-87
0
-140
-47
-343
-36
-63
-141
-70
-67
-26
-1
-16
-47
-225
0
-352
-5
-835
-83
-28
-176
-167
-327
-163
-333
-325
-262
-153
-334
-70
-167
-281
-147
-343
-333
-67
-137
-146
-83
-64
-99
-12
-87
-189
-1
-305
-144
-16
-89
-34
-465
-87
-36
-183
-167
-20
-250
-2
-385
-39
-3
-5
-58
-35
-38
-63
-20
-1
-329
-28
-86
-310
-329
-25
-7
-3
0
-352
-1
-514
-167
-49
-37
-21
-7
-6
-89
-70
-261
-44
-330
-26
-225
-47
-47
-166
-136
-43
-99
-2
-34
-34
-7
-114
-92
-97
-46
-48
-43
-1
-11
-141
-139
-150
-34
-73
0
-327
-5
-111
-113
-166
-10
-225
-231
-621
0
-46
-231
-30
-70
-208
-92
-137
-3
-334
-514
-38
-37
-5
-20
-7
-37
-67
-110
-330
-327
-284
-3
-1
-352
-67
-553
-70
-68
-113
-218
-34
-385
-3
-3
-78
-102
-102
-156
-78
-92
-44
-167
-5
-204
-4
-13
-835
-61
-102
-39
-230
-38
-427
-427
-34
-92
-196
-102
-156
-58
-25
-207
-52
-153
-34
-36
-305
-67
-391
-1
-4
-325
-55
-163
-214
-226
-334
-61
-89
-207
-404
-205
-330
-205
-4
-64
-144
-47
-4
-39
-835
-64
-214
-262
-36
-204
-64
-153
-36
-614
-89
-97
-36
-34
-118
-34
-47
-7
-3
-28
-731
-139
-230
-325
-12
-352
-230
-19
-150
-73
-114
-102
-6
0
-3
-43
-5
-416
-292
-3
-330
-34
-262
-16
-11
-16
-37
0
-38
-25
-3
-63
-195
-47
-352
-195
-36
