99 5
2789
2788
2787
2789
2788
2787
2789
2788
2787
2789
2788
2787
2789
2788
2787
2789
2788
2787
2789
2788
2787
2789
2788
2787
2789
2788
2787
2789
2788
2787
2789
2788
2787
2789
2788
2787
2789
2788
2787
2789
2788
2787
2789
2788
2787
2789
2788
2787
2789
2788
2787
2789
2788
2787
2789
2788
2787
2789
2788
2787
2789
2788
2787
2789
2788
2787
2789
2788
2787
2789
2788
2787
2789
2788
2787
2789
2788
2787
2789
2788
2787
2789
2788
2787
2789
2788
2787
2789
2788
2787
2789
2788
2787
2789
2788
2787
2789
2788
2787
