80 44
431 40 63
790 28 33
994 10 87
508 33 91
209 15 39
408 15 93
659 29 78
229 2 42
662 55 70
531 28 25
232 30 50
924 70 55
119 36 87
699 69 23
465 0 36
855 0 43
196 66 21
766 55 24
620 44 5
635 24 65
637 71 53
2 73 17
337 78 23
55 44 14
575 46 16
115 48 37
509 0 1
329 0 7
984 0 86
235 15 85
296 10 32
980 75 2
102 72 43
469 0 39
369 57 7
582 52 63
391 62 59
416 17 10
524 52 49
706 16 1
848 14 82
497 64 69
961 10 42
6 46 72
138 28 23
870 0 24
487 45 42
958 27 80
206 66 63
726 8 39
683 4 35
9 6 67
922 28 67
523 3 17
879 68 38
249 48 17
563 15 71
955 14 38
226 44 35
395 40 47
958 45 94
848 57 16
768 8 54
597 54 16
383 1 26
416 2 16
815 46 43
344 0 100
962 30 55
104 27 35
995 75 83
464 61 50
421 2 85
307 75 78
463 0 89
878 73 34
772 29 90
896 0 70
946 65 67
825 10 86
