60 40
21 46 31
61 0 74
93 46 26
17 11 43
100 2 60
92 24 61
73 51 33
52 56 73
32 46 76
81 14 12
40 46 42
95 0 97
16 53 23
78 27 27
11 0 20
2 13 55
80 16 23
38 12 56
58 34 94
62 3 16
46 53 44
15 12 23
69 13 90
62 0 75
76 24 43
2 58 79
83 38 85
83 39 85
16 54 65
16 49 83
82 9 83
46 49 82
88 0 56
9 33 99
21 38 6
34 0 64
16 38 30
44 0 65
64 44 63
63 41 79
27 13 67
51 53 85
67 6 32
74 53 83
79 57 89
52 24 47
97 1 29
95 2 87
30 18 67
80 17 9
79 3 83
28 3 42
75 12 36
20 35 42
9 15 39
49 41 58
10 23 74
64 37 34
68 18 93
79 1 98
