100 50
2959 94 8
248 25 10
7975 34 2
812 7 2
8726 24 8
8798 20 2
9162 0 2
3319 7 5
2223 72 9
3837 50 10
524 15 10
6059 15 1
5767 38 1
3543 94 7
399 0 8
482 38 4
8304 91 3
3510 15 5
9625 20 6
9161 0 5
5215 24 7
7346 94 6
9542 34 6
1945 34 8
5755 0 8
1169 94 9
4101 25 3
7247 72 9
1155 20 9
2400 83 7
6192 94 1
3851 94 4
2432 38 6
92 0 2
9371 83 7
2571 20 6
8214 38 9
8418 34 3
4268 25 10
1546 72 3
8051 50 5
4446 38 9
194 72 4
6949 72 8
634 20 5
3103 15 10
307 7 1
6292 94 4
1234 25 9
9550 0 2
4465 91 9
8777 34 3
4260 25 1
9687 50 10
7675 83 7
6314 38 3
2216 25 5
3946 83 7
7572 50 9
9315 83 5
9078 72 7
6956 24 1
727 83 5
1437 50 4
8090 91 6
3738 91 8
5807 7 3
4627 15 4
6595 20 10
7601 25 3
1129 15 2
2331 34 6
1793 15 8
5233 91 8
1092 91 10
2671 7 6
7737 91 3
8162 50 6
7493 72 10
930 83 7
3123 7 3
9229 38 6
8936 34 4
8559 91 3
2915 24 6
3031 38 4
2769 20 4
7117 50 7
5509 7 5
6697 72 3
8133 0 10
8019 25 6
8030 7 7
2696 0 4
9698 34 2
2664 15 5
2385 94 9
7225 20 2
4533 83 2
2904 50 3
