450 348 434 2980
4 103 210 3854
850 137 72 -415
1130 252 126 -5023
124 111 172 3543
470 49 396 -8320
397 38 46 3399
679 439 332 516
437 388 336 1186
904 55 150 5668
1363 332 344 -8004
518 245 202 3861
602 53 202 9093
706 57 214 -4301
690 213 438 8269
1187 283 422 -1244
1372 128 236 8547
375 41 426 4537
77 112 446 6298
1179 438 66 -8382
950 272 374 -6882
1090 428 450 -2015
1143 369 32 -6683
1205 155 318 484
187 391 476 -4426
1317 119 376 4002
698 46 216 -3847
185 43 208 2259
420 33 382 118
209 11 408 5626
134 405 124 -6482
419 176 364 6017
1365 437 390 2164
181 365 110 3131
660 64 136 1270
209 73 140 7553
3 121 82 -8145
356 265 280 3264
669 100 318 -3421
636 120 98 113
298 258 274 -688
1401 13 472 5480
879 432 320 -1931
660 94 266 -1366
846 445 296 -3567
1486 108 416 -8991
442 351 442 7733
27 292 174 -3321
373 236 452 7604
366 240 284 -6907
1133 23 284 4943
217 270 80 4055
183 403 472 5298
581 291 282 -3281
749 140 458 9012
1316 415 208 -7016
614 390 192 -1060
45 179 56 -5059
329 445 368 7588
964 384 370 6446
857 374 204 6759
252 315 46 -9035
26 258 308 87
973 78 286 -2280
343 109 146 -6977
678 110 408 -6228
612 157 350 -1616
547 355 4 236
770 213 478 -8114
239 29 298 5210
342 256 280 6558
1065 442 280 9628
365 195 426 2672
354 256 420 4205
1093 28 4 6292
234 255 444 7601
223 265 362 -3104
890 49 262 1279
579 101 374 9017
1259 415 408 9931
290 171 168 5900
1332 8 88 -8888
1167 363 376 -6694
141 309 436 6025
839 126 298 -5188
1132 264 100 -1188
1057 324 452 4929
882 194 318 -5535
563 182 264 6019
681 321 30 2269
471 422 102 -7517
1105 261 70 9187
633 319 114 7712
1264 428 96 6299
989 268 340 -459
988 287 458 4854
1402 186 54 -5363
378 339 28 5808
845 154 408 -517
1398 153 50 -8252
292 81 184 5379
586 165 136 -4922
1486 98 218 -8596
915 95 40 -2503
695 335 218 7109
161 388 358 9230
378 0 344 -5826
1117 75 62 -7466
500 304 428 -1385
1328 387 80 5102
480 401 238 3383
1144 94 124 3183
1330 227 266 -5427
81 389 80 -7678
1374 50 362 5908
370 8 426 9811
485 360 24 -2222
105 124 416 7627
1224 435 250 22
1339 79 364 9804
683 35 100 -7405
365 30 138 -4699
293 110 470 -9297
466 390 326 -5587
1393 101 254 2413
245 345 468 5095
1259 213 382 -2728
417 0 276 -3453
1097 132 180 5308
1314 94 290 2912
553 93 380 -1284
1104 428 426 2568
922 62 410 -5216
459 250 214 3232
1323 118 128 -9472
946 312 40 -2716
719 92 60 -5155
1011 106 254 8688
997 288 82 9895
515 261 136 6672
29 300 92 -5494
704 283 332 -3364
234 218 74 2559
1170 142 208 -9098
120 60 432 6714
1182 180 184 -4838
738 266 208 -28
1295 203 220 2646
972 30 18 -8278
1136 50 220 318
638 340 366 5813
1375 5 452 -719
822 388 70 126
29 118 450 8193
410 123 4 4009
116 239 210 1609
58 10 212 4916
1052 397 194 -2978
260 39 312 6663
442 137 146 -4859
590 133 204 4374
443 133 360 5346
193 239 58 2029
349 114 322 9914
542 258 220 -8571
785 442 44 7509
441 223 130 -9174
584 71 354 -473
50 390 306 -2562
448 297 180 -4099
184 303 184 7795
432 348 436 -7269
297 182 62 -4128
379 74 440 -2763
328 121 130 -9754
320 142 328 1751
592 66 432 -2955
1240 324 300 4153
568 383 388 -786
1011 253 144 -2805
130 212 132 5005
1336 325 150 -6474
524 215 272 -7155
4 265 148 3377
64 245 160 8775
1452 255 368 -5318
275 431 402 7943
521 124 400 9182
1280 440 186 -5914
681 209 24 7867
1395 188 32 2163
347 398 244 -3950
967 387 46 7174
587 390 418 7193
367 320 324 -685
970 215 246 -5258
544 96 148 6975
639 195 128 1658
1418 29 340 8408
539 10 368 7850
58 158 302 -3327
851 260 4 618
780 236 148 -1024
89 139 2 -5596
1465 371 330 -6236
535 98 146 -5275
775 416 84 6960
119 373 236 6428
123 125 84 -9195
176 283 186 -9593
1389 226 420 6412
358 177 46 -1648
822 37 172 8393
1071 74 232 -4931
1082 133 98 7878
224 106 350 5047
723 338 68 8295
925 316 406 -9612
1417 345 468 -1453
935 308 254 7810
825 435 98 3236
732 350 62 -5594
126 360 380 -4170
1228 438 82 -9290
681 91 104 3777
681 86 354 5530
591 317 400 -6087
1302 140 300 8123
456 236 48 -8358
851 294 138 -4758
323 45 216 -736
1327 318 138 -5437
98 276 146 1205
1119 53 14 -1908
805 200 36 7922
1053 408 74 -7433
298 379 274 -2827
858 241 456 -6898
44 127 466 3874
272 227 130 -4080
1029 192 292 9174
884 422 118 -6230
1363 364 216 -4483
931 67 184 -2159
985 336 96 6082
1325 316 68 4053
1155 128 254 581
484 10 470 -2763
1334 410 84 5560
89 110 312 6755
624 375 256 1347
1138 241 276 -1648
342 152 14 -1660
321 236 298 3129
1257 139 62 -8343
1290 250 168 -4238
425 421 260 -1978
1400 431 188 8844
86 22 174 -1727
1215 134 24 9913
1103 170 384 -1598
714 80 182 2220
1059 309 306 -6900
139 235 414 4943
1370 67 88 7381
154 264 426 7695
373 49 142 9289
735 411 74 -5860
883 80 76 9155
1127 253 332 -4430
1343 203 60 9237
426 299 304 7159
1211 273 442 -4755
429 3 458 -2073
80 350 256 -5126
610 421 136 6476
1397 263 458 -6856
854 31 172 8511
1097 40 388 5909
1074 393 90 9957
863 30 56 -5410
1300 218 300 -5978
303 375 396 -809
233 128 388 5486
96 261 130 -5606
840 384 450 4781
1089 283 56 -46
1460 104 476 8415
489 288 74 -6113
1193 29 70 2739
208 256 162 -5899
514 336 232 -3925
1414 251 260 -9323
1151 296 334 -2536
1221 445 426 -9501
1411 329 104 3671
234 152 120 -7888
346 126 156 -1429
1270 424 310 -5909
779 300 48 6493
1117 310 60 6270
73 392 126 -1918
404 273 96 -1927
757 343 10 -9257
1268 154 168 9477
487 104 406 3747
384 191 476 9555
683 191 184 -40
824 409 308 7740
471 74 440 768
693 215 302 -7579
950 152 452 -4074
1148 393 64 4735
36 218 252 -9991
1181 343 402 -5802
1358 407 218 6078
1418 379 336 7179
1446 187 184 -2073
405 424 388 9425
396 29 20 -1979
1370 146 292 8594
369 201 286 -5370
1197 393 326 -5859
784 253 158 -3367
666 304 424 4582
1267 208 410 2174
1101 160 442 -7691
270 380 196 -9547
1382 151 112 -3303
84 184 156 7460
315 235 336 -3388
559 84 24 -91
304 426 350 -3831
192 222 278 -7232
864 193 212 822
593 132 106 1682
91 143 326 -2511
1021 311 118 -3544
258 53 428 -7017
1365 91 442 -4863
1078 3 230 -3352
894 134 268 3132
107 46 402 -9262
626 0 342 -1213
792 312 226 4449
295 399 176 1868
791 65 454 -984
399 373 26 -216
216 131 2 -4882
643 347 118 -9110
273 146 28 -6311
497 368 108 7175
1171 328 188 -6559
1026 2 42 1310
121 136 470 -764
745 142 182 -9839
658 308 274 -505
1021 400 194 -9334
787 318 352 -5087
1071 184 470 1751
494 398 342 9175
742 422 366 -1144
1209 219 396 -6114
295 299 230 6159
80 400 320 9209
145 324 384 -7967
838 147 322 3214
546 266 466 7878
922 373 26 433
180 331 426 -8104
24 406 142 -4888
788 82 260 -3852
1327 294 334 -876
954 323 24 8189
630 63 444 9017
444 95 92 -3985
1130 234 418 -1396
1491 381 206 76
1170 399 438 -6702
763 39 316 3451
1382 281 360 -1954
1494 175 410 -5999
1214 237 292 -569
332 440 18 -4152
519 129 236 -4605
1138 245 66 -1
958 320 78 8066
259 81 154 -281
297 392 174 6140
682 409 318 6357
188 324 128 -8515
571 436 460 -6834
667 158 476 1679
1384 269 250 4051
261 62 122 -2488
971 20 430 4884
451 105 148 257
319 191 380 -9613
878 370 354 247
902 208 28 -8083
1216 61 178 8728
1302 364 134 -181
178 305 270 -2034
381 131 466 1112
261 132 258 9463
493 390 222 5397
376 401 16 6986
1074 328 246 -4027
465 393 186 6588
974 126 32 6924
1118 82 260 -4087
1086 268 384 -574
1059 216 20 1576
107 220 222 -4187
188 183 24 -4226
1121 107 468 -6215
740 186 288 9890
1118 57 72 1341
840 148 478 8284
350 32 54 6224
1416 238 348 -7104
162 0 294 6410
395 158 232 -9729
373 426 90 6143
69 38 374 1347
546 306 238 -2647
141 357 196 -6744
471 240 436 3142
283 385 204 -9071
1280 356 72 -7663
422 291 112 8720
477 405 276 3374
1438 361 156 3668
1224 41 244 2346
168 150 56 -1468
449 401 208 -1158
841 73 332 -9118
968 280 24 321
947 196 26 -3877
473 449 398 7273
390 210 20 8743
277 317 248 6168
106 393 278 -7463
979 254 252 -4721
599 182 294 7045
66 65 152 -1029
1355 115 48 8394
1070 173 240 -1319
732 346 432 -6890
254 268 40 -6549
158 135 200 6772
188 280 374 1998
67 199 370 -7584
182 400 392 526
642 445 132 9761
1139 170 138 -5376
445 0 122 -3521
217 355 12 -7654
1451 368 406 -3050
838 57 134 -7380
485 399 300 -9166
1009 206 312 -3574
821 307 424 4043
1434 311 184 -4765
857 22 400 -710
1423 33 64 6270
698 439 304 -1292
99 204 224 9512
465 400 380 9677
53 24 150 -1620
1383 161 66 9242
124 236 272 4335
862 112 76 2406
1270 300 418 -4257
65 337 92 1933
468 38 166 3681
1068 282 194 2866
844 167 174 9680
36 52 54 8177
1456 103 372 1893
264 214 266 7858
635 183 342 -7415
954 408 478 8954
274 1 214 8513
310 317 460 -4324
297 248 404 2977
1070 312 158 -3322
1325 18 68 7834
7 145 454 -8127
567 51 242 8497
1428 212 106 -3570
1258 411 52 3507
343 350 438 4012
413 63 382 -1067
386 131 240 -4677
498 147 310 4814
1372 267 130 -8417
402 258 10 -1410
1332 145 242 6469
1180 4 90 2643
608 109 454 81
638 53 332 9506
344 14 148 -5825
1171 398 252 -8627
476 74 90 5607
300 97 470 -8453
727 30 414 -2484
478 59 136 2765
1054 270 90 9499
748 150 358 -946
836 69 438 2054
1280 264 250 -2666
810 376 62 -3539
1348 400 8 -1205
49 55 222 -956
972 268 44 -7055
755 241 426 8051
1412 213 88 2982
1145 334 408 -9378
741 154 50 -6259
363 21 194 -1477
922 158 342 2067
1371 336 292 4303
1051 11 290 -9487
382 284 428 -1476
360 128 470 9221
973 307 12 -1715
557 258 390 8381
1453 281 324 -1391
924 65 180 3237
1460 187 166 -3725
15 25 238 -8250
603 420 462 454
1243 351 86 4783
1444 407 234 9778
772 325 284 -8896
786 332 286 2410
1038 48 370 8847
746 76 300 -3490
161 199 146 1871
816 235 374 7062
739 206 180 -4513
1423 163 364 -8447
355 327 456 -6668
1013 158 444 -6375
918 209 324 -4012
760 340 422 -7053
46 7 272 3401
1014 179 66 5852
1306 382 48 6431
678 124 472 -7126
1148 105 278 -1396
339 409 64 -8058
705 163 76 8718
1000 248 328 560
834 305 104 9793
1181 310 166 -8442
1460 215 382 -7256
471 444 242 -5055
919 376 402 -3399
1164 134 216 3936
728 284 234 -6528
1120 317 424 -632
1022 30 398 1088
829 359 256 5531
1018 23 154 5762
71 212 394 6046
1250 393 292 -8706
1108 148 216 8989
512 401 390 -8299
795 270 76 -4863
1426 187 210 4584
778 419 182 4798
99 233 158 1269
771 28 236 -2570
926 259 58 -6368
611 189 332 5960
1339 227 466 6185
228 282 362 -6743
343 362 104 -5613
1499 377 342 -5728
1251 207 408 -9768
1032 343 286 6827
323 372 342 9329
547 130 26 -6660
374 163 270 -1441
1150 334 388 -6106
1128 340 318 -5768
587 435 468 8009
369 357 292 4296
462 374 112 2639
941 78 276 8847
480 13 208 4187
1063 78 94 -7224
303 122 64 3908
1290 410 152 -6806
670 208 326 7702
1138 255 10 7796
1123 225 368 1411
196 51 416 8986
1283 225 102 3122
189 369 262 -6989
718 276 454 -177
620 331 236 2819
654 93 58 9870
180 149 378 -5361
66 264 252 -3751
722 179 354 -5599
561 68 380 3380
1105 154 226 6438
942 328 366 6408
1237 226 428 -127
285 189 192 -6628
1188 372 34 6213
266 96 452 -8383
637 182 388 8316
894 425 392 -5454
980 230 96 -9474
1305 379 262 -8639
689 53 370 1034
72 90 134 -2294
1154 40 62 1964
1371 366 358 133
1057 200 148 8763
192 36 114 5959
1300 160 202 5841
1320 1 244 -9822
236 129 130 9361
833 32 216 -2298
1187 140 228 -1391
403 120 76 -98
441 296 166 2301
1171 298 136 -5822
351 418 200 -5493
1467 234 60 -9390
878 194 120 -2998
1418 344 300 -4323
1121 208 292 9278
664 25 392 -1020
32 329 478 -6387
381 115 396 -6896
19 441 54 223
422 355 398 -3791
209 332 334 -1144
59 376 242 6555
771 117 342 2568
1024 255 70 2426
492 212 244 3742
46 140 108 -7750
819 260 454 -3671
330 161 478 -4991
808 406 396 -9942
1336 374 168 -7141
271 241 314 1047
179 184 54 7900
297 50 302 1566
1382 41 118 -9556
447 61 332 -2520
1389 58 308 -5794
955 362 306 -8652
97 306 272 9416
300 32 250 -8523
1077 334 464 -1045
994 191 196 -9116
270 355 270 2272
709 410 184 759
511 363 264 7108
1355 212 8 8980
1141 214 244 9285
326 355 58 -9517
596 146 370 -235
73 367 236 9239
678 365 198 439
103 241 110 6363
1249 244 80 899
890 379 434 -3457
1221 192 346 -5133
1408 342 76 -3946
582 56 118 -7929
1189 252 428 1408
837 11 212 7975
1412 27 422 3181
664 208 432 9926
699 151 392 -5224
1024 212 402 508
506 341 56 2377
113 306 50 -2632
171 67 386 -7548
249 312 62 -3980
1294 417 138 -5784
1065 199 438 8441
360 314 226 -1481
384 361 406 7123
853 190 268 8397
319 69 150 9789
1454 181 334 1499
1421 149 24 9042
101 50 30 4004
819 339 162 -1295
1424 367 226 -2434
692 170 178 -283
621 429 292 -527
259 52 382 7732
167 209 320 1551
1133 154 222 9307
155 324 2 -9624
539 139 260 2155
1234 254 404 -8608
341 323 198 -9638
1128 236 130 6491
91 180 82 -3977
951 18 416 4238
940 223 436 423
1298 210 362 -6472
295 333 356 -8055
584 90 190 1994
900 315 286 8181
444 97 350 -7613
108 23 468 4492
1249 199 94 7201
1143 207 346 -8948
1391 413 84 -7496
502 147 152 -1187
412 275 288 -9428
1018 1 428 -6209
753 378 190 -6600
750 421 148 6177
1238 295 38 8347
875 297 20 8202
377 285 184 -2178
749 150 260 -8259
1296 224 404 -2414
1302 24 364 4713
1107 410 470 9621
763 419 372 3001
537 21 464 9995
306 264 36 -9143
1204 17 266 -6120
141 205 244 8995
1216 118 324 -9383
1262 198 398 7000
972 260 324 -1638
812 99 150 -9006
706 248 356 5702
490 424 332 6929
709 3 184 193
996 253 342 -3672
1250 240 168 -170
132 246 56 -7145
214 138 352 1454
1247 224 196 7079
1465 399 170 -4476
220 14 454 9407
1057 60 148 -540
407 113 40 770
81 142 212 5396
1473 249 320 -1644
258 367 382 -555
284 321 174 7446
621 130 162 -4918
134 137 166 3941
913 433 412 -6750
986 372 32 5410
199 99 446 -838
1139 37 252 3387
55 313 246 6601
1158 353 162 4440
156 86 18 2172
356 256 130 5742
349 129 322 2959
279 421 2 3938
595 401 26 -1795
1073 95 300 455
1019 105 264 -1657
339 49 142 -1046
1119 221 20 9648
78 1 206 -9805
1053 244 136 7920
352 97 382 -5531
147 191 456 -7395
264 345 458 -932
385 271 10 -4833
567 384 328 -9189
160 263 108 4467
1329 313 24 6205
869 405 52 6597
228 55 18 5109
1011 374 172 -810
1232 122 136 -9918
1101 128 232 -5277
992 119 446 -6697
897 311 98 4716
1419 275 424 -6101
1018 374 110 -9092
1113 307 470 5418
1299 362 386 -1410
1252 250 290 -99
671 95 96 8421
1253 346 68 9835
1194 203 330 -6111
148 403 280 5543
816 39 150 -4541
1483 119 86 5309
1151 230 46 -7855
534 223 208 -2050
268 162 118 -833
1132 424 38 -790
503 256 186 1161
1163 401 150 1668
415 332 8 3324
633 93 6 -4161
446 384 410 2137
300 420 386 -5236
351 141 368 -1832
575 148 132 -9068
909 233 346 -4346
1177 109 102 4042
1498 433 250 6730
1193 369 50 5673
615 240 16 8710
287 176 128 1521
840 226 410 -8607
809 270 448 239
654 297 402 6789
290 324 70 -8377
841 104 20 8463
64 443 424 6050
227 393 146 -4460
1327 220 236 4825
69 3 6 5532
1079 373 420 -2693
14 394 128 198
249 449 86 2955
867 38 328 -1334
631 355 326 2323
132 260 82 -4738
1010 339 212 7492
250 359 246 -5532
846 9 128 -3066
705 85 470 803
1010 47 278 4086
112 212 206 -3103
846 37 350 -2442
878 417 334 -4301
724 259 140 4419
905 142 224 -2364
748 8 224 2470
714 332 186 191
1093 175 184 1375
896 114 80 -5845
315 20 98 5043
1012 48 228 -763
1324 319 476 -3293
952 215 284 -3104
598 193 114 3985
563 40 208 -9276
24 241 420 -4698
484 212 30 -9118
1411 389 262 -5397
657 275 62 2087
1263 105 30 4422
927 398 310 -493
678 289 24 -3368
1314 331 158 -7760
627 186 120 -6658
321 90 222 7764
1383 44 142 8442
816 70 30 -2054
1313 121 224 7828
1081 331 356 -2563
480 402 46 7103
272 241 328 -6968
989 378 396 553
1346 291 54 3665
956 240 372 -4082
1168 153 176 -5497
434 285 406 9450
219 276 34 -8758
132 222 244 5163
956 252 84 3140
1041 141 458 7932
1008 235 326 6668
1436 22 236 3597
328 160 282 2518
1110 21 312 587
544 315 44 -2991
935 279 160 8456
197 2 172 -1535
1012 123 204 -616
1325 205 454 -6872
996 21 240 -2686
1338 144 292 -7634
939 170 52 6716
1326 189 104 8271
731 233 430 -5113
83 419 96 8070
274 226 62 -7521
1386 143 272 8476
1324 99 318 -4178
1488 410 364 2785
957 225 282 -8944
696 16 152 7
633 404 238 -9016
177 410 112 -4207
361 372 380 420
119 137 434 882
543 132 210 9529
1484 441 344 8685
1261 256 290 -9479
1041 446 392 -6665
507 240 334 -4993
404 93 346 4032
462 82 432 -4862
1112 181 414 8190
58 27 292 -8281
314 347 184 -2475
788 104 388 -1769
525 235 474 -7455
164 284 370 7102
960 385 284 1545
1394 166 350 8210
1430 197 140 -4126
45 331 112 1975
1077 19 292 3326
1138 6 392 -4477
814 257 302 6068
676 414 76 -1243
278 28 54 3228
1115 192 350 5772
1151 445 418 -8334
980 241 422 -4056
1144 411 432 9316
432 0 374 5117
1032 268 448 -8844
1245 202 294 2512
252 142 288 -2986
217 274 214 -4064
121 62 378 -693
1023 69 454 2781
534 295 388 -9203
240 210 108 -3520
1390 115 2 8091
1078 58 354 9032
818 199 46 2640
351 290 132 9064
102 370 184 4112
489 60 142 -7562
331 196 280 5735
1435 314 210 4243
920 121 422 -4595
605 411 440 9554
870 240 266 -4399
592 168 474 -464
157 107 436 526
1322 214 364 -67
38 333 56 327
462 336 58 3840
129 418 174 6927
1292 157 324 7838
255 291 272 -4779
869 356 140 -7194
185 82 182 -3728
103 445 92 -2375
1337 173 232 4617
1382 328 50 3334
1396 235 210 -6317
1348 129 32 9556
599 11 288 5396
1340 434 156 5653
135 312 430 2479
186 307 168 8219
782 174 402 -7654
1008 60 12 1812
548 261 460 -2011
1427 185 378 -2190
1343 416 478 -1142
1279 350 396 -9998
102 321 106 1786
612 303 322 -148
524 446 104 -3976
312 229 240 4478
1188 284 118 2419
366 322 426 5626
51 55 418 -2561
315 147 232 3968
1207 91 22 546
364 315 44 -8626
107 216 74 -2220
377 377 470 3350
620 94 390 -911
682 55 214 -6624
239 288 414 -9240
916 383 230 3588
1466 59 372 -4679
719 339 122 866
505 31 30 7606
437 93 120 -1134
572 34 90 2627
439 196 148 -6435
882 28 390 -1544
476 136 130 -5690
998 164 232 4230
519 178 402 -4885
298 213 18 -229
1258 59 330 3952
410 449 196 325
13 200 22 1594
324 435 36 4217
84 441 182 -2793
41 233 366 424
1287 48 156 5439
1413 81 356 2777
753 64 14 3550
863 186 212 7600
1390 369 228 -2196
8 261 6 -3681
262 29 116 -593
205 181 182 -7625
1332 118 330 -6601
396 97 114 -5781
825 382 448 8820
494 376 338 -9150
1387 61 170 -7474
611 58 44 1370
908 387 470 -4724
1372 98 258 -872
583 424 376 -7234
96 41 40 9442
895 418 478 -1048
133 93 382 -3134
297 193 266 7784
1273 243 288 -4076
286 250 40 2675
1139 263 50 1730
160 72 424 5210
178 161 256 8961
695 1 286 9813
54 147 356 9803
276 174 14 4403
1029 120 174 6269
1262 338 412 2739
210 24 470 1219
270 227 58 -4818
1492 344 170 3539
774 142 378 -4114
773 129 156 1591
958 278 208 -5903
839 157 36 -5090
782 251 378 1510
433 187 146 3302
344 325 356 984
91 269 236 4598
308 100 272 -6502
77 302 196 -2563
1030 4 58 9385
1469 107 132 -4792
1446 357 294 9912
1178 199 208 2146
613 155 264 8879
1497 69 430 9592
95 100 456 469
1405 129 54 7851
1276 236 54 -4086
1168 260 416 4651
38 90 392 1404
107 85 284 -2839
531 396 22 1691
685 117 254 -1501
1357 53 362 -2185
1174 444 154 -3096
286 134 156 -1886
837 375 64 -1727
229 295 364 -4069
989 361 200 -2411
693 35 204 -8197
1433 157 396 -668
435 279 242 3510
1343 341 22 -8117
745 318 304 4172
130 99 356 -2501
745 65 140 -1225
206 199 226 6183
1173 83 18 8230
1045 89 302 7993
1236 164 412 588
1154 412 100 -1436
318 384 84 -6067
32 343 414 -237
1347 173 434 -1898
1441 241 146 109
160 85 408 -1034
87 133 194 4699
409 418 410 1573
501 216 182 8482
685 237 8 458
611 355 166 5081
210 176 182 -3791
929 435 244 -7392
1223 312 62 8087
814 201 224 -3104
266 178 216 -5114
1070 434 336 6752
1096 222 24 9032
325 436 390 4982
126 133 426 9132
1240 177 284 3148
102 374 238 -472
850 236 186 -8769
502 265 270 94
685 69 18 -9924
267 290 320 3588
113 138 236 2251
1362 396 50 -4061
71 104 30 -8865
160 220 424 1683
1149 195 258 -2728
678 401 92 -441
962 299 476 -5577
1371 391 456 -6448
762 356 160 -3652
920 148 364 -3084
488 365 164 -8498
795 178 432 7987
83 380 358 4213
1065 206 382 5744
894 127 210 -3244
602 261 464 3204
352 158 456 4326
436 343 422 -6006
817 145 16 -9534
663 231 354 -6273
1296 347 240 9237
215 448 178 -8784
964 31 300 -2552
414 327 356 -920
318 153 94 -4765
1390 376 166 7009
973 277 238 7249
443 104 184 832
773 10 56 -7192
1194 173 32 9361
267 78 98 -8023
689 241 8 -9462
40 78 372 7032
1362 279 150 4638
1039 336 30 2673
338 274 6 -3177
1133 303 202 -8330
417 327 104 -2990
128 193 192 8459
617 340 140 -7981
1196 2 62 -4760
646 157 214 8249
335 24 444 2457
507 58 126 499
873 339 434 -6085
1439 25 438 4111
506 285 184 5399
1208 80 18 -7796
524 294 456 3499
649 255 294 5768
1354 19 452 7099
1306 274 298 -6920
345 83 58 -9010
1386 412 24 9840
552 266 190 -6776
657 337 302 3967
976 224 318 9841
1212 248 182 9844
213 56 146 6484
699 133 234 5366
1427 40 148 8373
177 433 198 -7852
357 272 110 -6526
798 169 26 672
485 227 420 6791
968 164 120 8221
221 169 20 -4829
73 354 180 -4825
1227 242 58 1474
966 263 222 442
704 341 358 -125
832 421 300 4828
112 28 92 1399
966 327 78 -847
160 200 126 -631
64 93 14 -136
785 342 430 5863
1450 346 204 -1452
626 303 208 178
46 150 384 -2588
930 414 154 -3762
1489 288 182 -7525
818 122 206 -8062
1464 202 278 8806
1313 436 274 9401
1292 207 220 5857
1249 337 4 -5073
10 394 234 -6595
1103 35 124 7515
755 386 110 4943
606 385 164 5072
274 393 42 -1573
1048 246 188 -3854
1477 56 434 2486
383 204 312 -964
812 123 370 8492
1057 40 248 -6911
1488 164 88 -9214
1417 162 262 1705
17 237 210 7681
17 309 32 -9790
1282 161 318 5059
693 238 212 -1746
653 68 430 -1010
88 406 2 -1133
1446 340 466 9775
799 243 148 -2303
141 181 414 348
843 35 416 -9582
1488 89 38 -9424
86 44 326 -3559
737 110 446 8287
713 137 58 1261
607 227 204 2005
1017 7 2 1674
996 342 26 1634
381 32 338 2816
585 229 354 -2137
1406 282 88 4680
11 34 356 -4989
470 281 262 2485
22 441 360 -9233
704 77 134 -6323
259 201 150 -7359
733 172 364 -1859
14 415 74 9921
772 260 40 8807
1405 0 182 -736
1015 352 120 -1676
482 255 54 -6076
700 70 352 -4215
893 190 170 -1895
1116 420 352 -2033
448 187 214 2218
275 55 416 -1556
1213 158 324 4402
1110 360 140 181
725 61 316 4139
1379 187 16 8774
706 386 352 -1326
1024 339 282 -6320
1127 99 178 522
1195 357 326 8814
366 55 146 -2660
943 314 308 -7398
1122 365 360 4600
752 71 370 -8978
1329 371 284 -6138
413 148 354 -321
1500 200 24 8543
726 230 306 6418
25 310 82 -9428
1288 120 418 -2331
425 299 258 -1029
740 168 462 -8401
662 164 206 -1222
1393 177 248 6214
939 138 414 -1561
843 79 260 -5151
145 362 446 2500
281 369 398 -104
559 29 406 6553
135 320 160 1395
37 216 460 -3723
431 266 284 -9113
900 269 468 7768
948 403 388 5287
1139 349 44 5472
804 33 278 711
1161 236 192 -1783
1420 247 338 -802
999 210 344 9663
1422 380 122 -3922
1394 340 28 -8035
1186 280 310 -3754
1367 140 6 474
562 19 324 1724
934 265 84 -2303
1101 36 24 -5916
660 181 452 2637
870 272 440 6770
507 152 80 -6356
1351 219 260 2624
1197 280 426 -2271
12 354 210 -9734
887 397 454 740
128 98 68 7695
1206 290 106 -9761
839 276 168 -7837
917 239 4 -2325
464 219 264 6869
457 244 472 2339
1366 90 396 8431
836 271 36 -2646
490 326 336 -3872
691 392 144 1569
463 99 168 -7966
1107 321 198 -8717
1200 109 88 -3695
1301 419 446 7678
882 385 74 697
1054 149 18 -2567
594 224 152 -6915
446 407 424 3087
53 102 372 2627
290 129 224 6736
1066 156 176 4827
1452 425 156 -8887
693 283 302 2235
211 431 416 3744
536 399 392 9038
165 150 144 8769
651 225 462 1668
241 16 288 -7726
202 141 278 7208
1025 232 36 -2322
1487 117 444 4760
1406 82 102 -7676
328 201 176 3848
971 241 198 -5686
811 373 420 -6359
800 21 2 -6836
39 71 364 -9108
1490 159 126 -7616
877 310 350 -3686
800 310 112 -3399
1486 162 478 327
1152 321 326 4177
1344 445 410 -3775
780 4 222 6647
76 198 14 7053
901 147 396 697
66 448 410 7836
352 135 80 -91
278 26 232 -4877
198 345 24 -7683
423 351 414 6554
176 65 172 6843
1495 255 320 6666
1192 249 218 -1722
1107 290 274 -4422
1500 439 288 -5717
471 130 376 1445
295 78 62 1081
1127 8 190 1680
576 347 140 5010
902 117 162 -1018
849 422 476 1672
1204 347 60 -5568
715 432 132 -7516
417 109 330 -5257
531 346 228 -4528
1387 415 472 8674
872 431 174 9745
1388 360 392 -5959
1481 230 426 3139
1131 323 452 -2050
1349 350 88 -1595
1131 264 116 2188
296 325 122 -9332
636 46 366 8212
897 430 54 -2614
298 181 36 -9262
547 64 116 -8940
291 421 12 956
367 420 400 6627
109 394 458 -6840
48 130 442 2631
1368 437 48 -5602
118 284 286 7709
835 153 250 -1707
338 53 352 -1271
1369 29 176 7313
1243 431 162 -9570
567 183 64 -6986
692 256 340 5530
277 434 274 8129
1031 290 432 -4056
1109 384 382 3499
280 393 296 -3192
564 313 78 -1647
1340 428 284 2747
1413 339 264 3734
292 182 220 2053
472 14 240 -4475
79 288 168 -5865
374 9 334 7081
291 427 176 -2035
412 146 290 -5132
962 140 438 -8057
535 179 134 4041
898 9 34 -126
130 436 206 3494
1070 124 436 -679
453 238 466 3161
188 289 442 353
310 18 424 6945
597 128 342 1531
703 383 342 1633
373 267 92 2829
644 446 22 -3996
1429 127 64 -1798
700 33 16 -7695
291 93 272 1833
52 134 4 -5064
1055 96 158 9022
1180 293 8 1887
155 236 100 -5945
160 352 408 509
658 37 394 -569
938 31 360 5370
418 345 2 -2532
408 86 440 1102
1084 26 334 -8565
340 213 336 1019
1003 132 248 -7193
1199 78 292 4728
1315 348 64 8522
1132 51 348 -9510
1199 21 148 -8226
974 309 388 4910
1130 374 110 7518
495 211 450 5314
536 294 60 13
546 116 460 853
518 349 380 3596
846 141 12 9745
830 27 328 8680
1168 416 258 -8877
753 23 312 114
1053 218 94 7575
1208 300 168 5504
1154 238 372 3499
1500 222 124 8483
502 11 468 4319
849 148 268 2019
765 298 438 6095
332 166 106 -2681
996 72 402 -3852
299 182 250 -4712
467 91 170 4505
577 430 40 772
573 35 264 -3661
1230 167 180 439
428 274 238 -2489
295 50 428 -4413
1369 270 420 259
1116 263 250 -220
662 55 208 6011
166 413 278 7238
752 144 372 4308
1093 234 14 5538
283 348 316 3908
604 222 136 4233
1013 164 244 -516
1174 182 354 112
1322 109 236 8540
1321 173 58 -8657
570 317 186 -4063
395 11 304 3090
687 265 446 686
1182 69 334 -410
568 210 202 187
740 183 256 -8548
659 280 420 9183
920 390 460 -7241
1026 175 342 -5962
479 227 384 6030
875 190 354 -9150
930 342 122 -6867
400 220 344 477
1218 239 168 8317
576 403 234 4908
726 123 206 436
1267 273 114 -5329
1182 195 148 7232
460 121 334 4260
182 228 224 8383
839 348 226 8088
1158 322 194 -5553
1028 302 320 -64
988 395 368 2754
1428 2 432 -2224
24 194 344 8497
397 419 254 -7861
259 163 42 -5597
423 388 26 -3616
740 371 122 4891
912 377 98 -7381
654 13 380 -4170
34 407 246 -2539
754 435 312 9223
1377 394 214 5003
1404 27 208 996
1329 4 388 53
191 110 84 -5783
245 188 244 -5062
482 373 258 7953
1382 82 108 2628
288 168 196 -4730
468 27 292 8614
146 125 366 -2466
1027 371 78 -5416
797 395 140 -8841
33 69 86 -1531
384 277 306 1828
1293 240 460 1519
1320 127 284 2102
740 59 348 -8693
1359 436 444 -1409
1084 340 368 -4216
543 103 144 -4414
880 105 372 3370
960 302 174 5149
1201 296 184 7607
706 395 150 150
311 129 198 412
598 126 366 1283
28 119 160 -4482
214 94 182 8644
1445 54 62 3644
729 295 220 7369
1053 442 338 93
1134 20 328 -9099
491 29 208 -8812
369 27 276 -2202
594 171 296 -174
711 190 476 -933
262 341 174 3455
766 410 186 -5609
620 117 64 -2524
144 313 466 5496
713 388 264 4931
858 120 436 -6677
111 233 442 230
1034 357 238 -7268
685 362 460 -7283
1172 316 96 -6286
1134 31 392 -9488
93 233 278 -8935
270 438 264 -5856
98 149 194 641
326 50 190 -3231
1439 251 180 6057
1037 161 30 -8696
556 115 170 -4757
539 403 200 1224
791 70 338 -706
861 69 246 -7965
301 339 182 -6664
669 215 244 -4606
204 162 152 758
377 357 46 -3553
846 399 408 -5376
325 12 92 963
828 92 436 -7196
318 213 196 7867
163 238 294 8890
736 383 452 5210
1050 57 472 -7693
1004 444 254 6489
1290 126 126 -3580
1159 82 212 -4175
1052 362 226 -7745
500 313 476 -9804
623 348 366 -7905
510 371 102 366
465 132 164 -3865
902 238 74 5255
1299 181 326 -9195
15 417 476 -706
1054 241 186 4864
560 239 108 -339
1446 277 390 4815
580 266 338 -8977
446 270 282 -4972
445 208 296 3588
1178 71 260 -401
394 278 24 -1566
1224 43 444 174
671 340 108 -6624
70 387 92 -4969
1345 217 2 7829
1334 300 378 3580
1294 154 92 7044
527 318 376 2717
1348 68 326 5274
1022 300 476 3685
514 221 348 3432
1279 195 200 -5178
600 339 246 1878
1255 281 40 -4457
495 187 34 1003
566 49 206 -5804
400 63 134 252
133 7 314 -9290
547 359 452 -7155
573 50 116 -8936
196 143 238 -9670
1258 132 216 -68
561 63 206 -5444
1157 249 474 9081
353 131 82 -6142
921 290 286 8291
1033 94 316 -5580
359 19 90 -5711
32 246 12 -5669
913 51 436 3355
308 397 54 -327
411 206 228 -8793
1321 440 152 8552
76 115 430 1048
1112 73 298 1589
1108 128 310 -5909
923 267 242 8911
536 443 12 -7955
1434 15 258 -3132
823 150 124 3945
739 156 98 8787
1067 30 22 1078
1247 7 310 -3015
957 432 190 9505
716 372 56 5763
192 249 108 7680
1335 343 188 -5815
52 17 456 3379
1333 337 450 2697
1362 109 456 8302
215 80 78 436
560 391 62 -1386
1097 146 314 -3207
888 32 396 -3842
440 52 360 1637
91 392 306 -9839
1322 413 72 2104
836 62 410 6947
1485 117 58 5780
104 417 224 -7187
746 355 182 -5426
318 308 182 4101
1181 356 24 -2525
819 327 74 1786
654 431 64 -9280
1371 104 50 5314
1244 230 178 3603
1226 241 14 -1394
729 48 286 -9418
211 408 184 4579
1036 294 324 -5261
381 116 116 -696
518 143 382 3608
1485 198 170 -3773
640 35 184 -4787
281 66 164 -2107
784 399 184 -477
1232 186 478 8883
782 368 128 -2965
434 12 20 -3904
201 202 152 -3764
554 121 206 -3235
546 43 416 9080
1306 183 136 6462
1264 69 262 4319
140 256 476 1857
443 285 224 -5902
997 282 110 7729
379 272 126 -7834
1270 301 152 -1010
1357 109 16 2921
113 337 82 -5346
1478 428 278 -3094
1342 348 288 -907
1256 371 334 -6984
1 198 192 6271
739 98 330 -4449
265 316 28 4851
1146 280 276 -9942
1321 80 356 -5033
687 60 80 -8850
39 336 56 -9357
986 244 364 -5518
732 402 194 -7894
889 207 164 5453
274 225 90 -4362
789 84 256 -2961
1471 405 136 -2094
809 363 42 -7098
1173 210 2 4183
1082 302 312 -280
867 97 202 6615
353 13 118 -7616
368 397 458 8778
814 69 286 -5539
1 323 384 8790
74 200 276 6592
68 191 212 9199
362 310 180 6508
980 193 118 5640
414 120 380 -8554
158 113 386 -3661
77 284 466 -1297
794 303 64 1722
449 120 78 232
895 316 88 -5075
339 333 470 6735
904 426 14 3370
116 223 126 1158
977 259 372 -6089
214 126 114 -1981
390 427 166 -154
691 409 44 4179
187 366 252 2651
882 63 44 9471
1114 17 126 -4751
495 60 28 -1900
495 360 398 -679
1438 289 152 -5632
328 391 138 -7251
920 158 128 3950
697 381 340 3767
421 66 396 8919
889 131 276 6071
817 364 300 -3749
1383 356 466 -3007
1384 306 264 7138
891 295 154 4789
1087 271 420 -7029
644 54 418 -6081
1415 434 24 8291
431 362 90 -742
1463 400 252 -5158
1499 183 234 -2418
253 203 200 -7069
1029 325 308 3388
102 195 398 2096
687 441 440 7677
226 219 174 6397
624 46 126 -2490
292 297 336 -5663
1295 237 376 3823
159 44 412 7745
45 440 344 8919
150 406 106 1276
1183 393 306 8534
1049 297 400 -7782
658 420 372 7314
1095 87 146 -7978
552 396 202 -4956
373 29 128 6969
1378 16 350 -8153
297 57 106 -2364
143 327 58 5241
851 191 20 5797
550 244 258 9279
1063 280 348 2431
1260 128 18 -5574
842 71 274 5802
1360 216 264 9789
423 417 194 -897
1423 45 382 -6583
1294 406 374 -413
1123 136 220 -4725
1022 376 172 -4612
1084 304 402 1405
743 40 108 6076
21 109 220 -5151
518 272 354 9393
759 82 476 898
563 386 140 -4309
797 344 80 1067
963 178 306 7582
924 213 384 -2005
326 384 202 74
1419 437 260 -7015
818 306 54 -6124
1237 132 44 9858
929 367 440 7235
576 219 460 -7516
926 367 264 325
212 398 234 -4700
1117 267 266 2632
1000 16 352 -6711
184 437 410 -794
366 186 22 -5553
708 134 430 -1069
294 407 180 -9974
587 402 460 -3768
1308 124 94 -1316
407 189 126 -2650
789 17 358 4102
885 271 442 -8249
909 60 318 -538
795 88 390 -2075
1013 274 454 6595
347 405 64 573
1009 213 440 493
1261 319 392 8991
1062 322 392 5869
1194 181 474 -6157
18 160 418 3951
618 381 124 -2125
719 34 304 -5527
774 113 74 -6148
409 120 122 -4356
961 322 108 6942
703 257 146 7390
1007 75 374 9250
1307 53 150 -2238
820 213 66 1909
700 357 148 -6158
1070 382 368 -2921
114 134 422 7997
941 393 226 9543
383 19 142 -8880
348 217 268 -586
1241 64 460 -3082
724 293 112 -1145
204 154 204 -3012
1136 364 152 -8393
614 444 322 -1025
879 340 66 -6048
866 254 208 -9399
1342 107 178 -5953
881 230 434 9349
1381 378 296 -2314
1178 284 278 -5382
1496 297 256 -4687
682 215 154 -3665
105 420 104 -3781
933 16 132 -3101
120 160 458 3613
791 347 390 -6584
1115 406 392 -9204
1487 14 430 4362
1113 220 78 1029
1206 211 174 6089
184 402 110 -2141
153 304 88 8286
1425 385 142 -6237
837 343 152 -3041
83 364 142 -636
687 222 50 9629
499 414 200 -9949
298 181 198 1993
1082 449 410 -9394
415 306 224 -2652
1402 441 354 -4131
1140 25 164 -5724
1009 317 332 -660
904 179 256 1779
1458 136 450 -3763
858 259 98 -5827
1447 365 206 3065
171 442 20 -4691
1479 271 60 1059
674 20 36 322
776 311 212 -7552
1346 5 42 8868
925 234 34 5864
370 39 434 -9289
878 61 86 7254
882 203 192 -4083
424 120 432 -1748
434 131 246 244
1102 6 126 -9188
120 7 98 -639
1172 449 270 3950
912 92 2 -4565
107 419 30 7137
1425 290 224 5440
934 338 316 -5131
411 176 74 8403
867 115 8 -4385
1373 20 358 -8680
404 372 152 -6478
428 184 158 -7083
17 374 262 108
926 18 388 -2247
992 403 92 -9506
10 178 50 -5182
1171 240 472 6292
318 428 284 -1692
804 153 406 -90
73 278 228 9769
1198 358 28 -1377
793 300 420 5098
606 290 206 -2152
1233 192 160 228
377 152 248 -1564
695 318 170 -9893
681 142 34 4216
33 425 412 3663
756 357 140 -5562
299 266 144 -3835
395 266 162 8112
1111 250 24 -6666
1327 197 256 -6851
652 221 410 -2735
236 421 214 9300
1077 381 160 -924
60 167 334 -5688
1217 292 436 -1487
923 50 4 -1355
68 227 438 -5336
484 91 414 -4901
1093 320 42 2169
826 167 106 1835
147 19 460 6562
1173 247 344 -6803
559 273 214 3360
358 138 272 5112
138 438 148 -1661
315 126 470 8378
340 132 282 -4697
599 287 290 -1014
69 90 468 -5206
683 400 118 6494
385 377 258 787
98 382 32 1959
649 92 254 148
710 254 172 -7186
1036 232 194 -5884
1415 30 218 995
343 167 328 5257
429 334 108 5069
708 418 354 -9508
1053 215 320 4720
88 241 190 -1672
766 21 366 87
1282 101 408 6404
647 243 54 9012
581 339 140 -703
591 23 448 3521
813 207 474 452
1247 363 232 -3572
1373 28 426 1540
890 103 370 -7819
1412 93 266 434
485 129 132 -8024
1206 40 282 3620
610 355 34 -6565
332 326 296 3066
787 193 418 3936
225 53 258 -2737
326 116 168 -4482
1355 202 456 4738
165 35 246 9940
1434 353 308 3284
600 195 200 645
877 447 248 -7308
400 253 314 603
1480 433 358 924
1036 314 188 9969
421 10 60 -4492
1174 42 284 -6945
1320 171 354 711
1042 122 306 -2632
916 105 90 -1918
1219 193 116 6265
640 321 148 3382
1150 19 244 -236
415 314 252 -607
458 230 248 -2374
1132 106 216 5798
1017 314 192 -5635
795 99 182 3807
919 111 436 -1599
1035 198 326 1820
1216 73 318 -2476
267 217 364 -9291
1080 91 94 -4277
411 45 288 1420
1227 277 192 -450
1183 448 280 2902
486 46 156 1187
932 236 54 -8453
427 318 222 -4075
1243 225 408 -3916
506 265 206 -4495
1400 275 32 -338
546 286 190 -4728
393 392 182 -9899
1430 224 420 -9230
978 324 100 -5083
1469 283 358 7301
14 153 258 885
1147 396 200 3826
188 250 268 5013
596 350 80 6481
108 417 276 -6728
238 147 26 308
220 74 134 8669
588 81 304 -499
139 88 22 -4346
279 81 450 8226
1065 75 306 9344
1004 355 190 9137
552 198 64 7998
1029 178 284 -9953
166 118 272 4056
1266 251 142 -165
269 51 196 -6212
879 394 430 -9468
677 294 428 -8494
331 275 104 8836
1157 1 296 1299
1052 257 36 -2263
777 322 148 5145
569 408 30 850
171 277 284 3110
583 213 398 -6197
706 209 346 -7460
1476 109 450 -3917
505 195 40 5725
663 114 190 -3933
691 282 210 -9657
172 287 120 5963
1134 201 184 4056
795 371 314 -4075
436 280 166 9513
1031 56 234 -3304
253 233 476 -6781
732 216 348 -3369
716 177 262 -742
751 27 24 9374
845 73 366 -4047
28 283 304 -9936
102 16 304 562
1054 31 448 -8279
1303 443 178 7872
1428 339 128 -4570
894 250 384 596
103 36 22 -340
1221 135 426 7044
551 370 374 6256
622 444 134 223
492 282 274 8405
147 156 366 -229
225 395 378 -8173
393 40 162 5448
467 390 364 3540
559 265 252 8077
0 159 274 1585
143 130 474 -6555
1059 414 454 5779
7 416 424 -9944
797 226 22 -6530
561 85 10 3362
177 14 344 8681
1465 353 456 9557
1031 184 106 -2548
1079 392 290 -2050
698 106 252 5980
1309 213 146 -7729
488 156 272 9635
686 170 414 -4516
948 86 344 5128
994 33 166 8494
1129 134 140 6745
647 153 308 5438
1477 416 244 8690
1111 233 116 -2601
755 94 188 -8956
331 306 218 -2550
1094 262 340 3026
485 5 124 -5743
58 191 30 644
239 416 386 -5303
328 257 136 -1070
387 185 460 -6790
47 95 6 -7489
348 51 172 -3497
839 23 98 6847
1029 237 120 -8952
539 165 66 2592
1343 242 334 -2237
572 442 128 -3895
577 388 106 -817
442 301 32 -3606
205 313 20 3910
1398 259 72 -7493
266 253 254 -5469
687 418 478 6363
552 133 142 8638
490 30 244 6905
857 250 26 -3675
1104 332 410 -8298
988 100 338 -3456
1392 192 258 -8166
1382 34 16 -3078
84 82 246 -4609
1093 52 272 5039
101 130 298 -8042
735 34 126 2829
49 222 130 6858
1396 5 362 -6987
207 124 362 -1269
615 110 186 -7663
120 290 28 -7812
1375 372 150 -7080
152 255 168 -7354
1117 42 324 -3459
944 299 18 6420
182 152 304 -5076
1110 70 186 -431
770 212 176 -82
688 83 314 2449
935 245 252 -484
1154 237 88 3221
66 36 344 -3029
1449 212 474 -90
1364 154 140 6451
1135 417 226 8607
1473 392 128 3564
742 445 192 8934
1177 11 68 3990
557 77 126 5923
328 433 242 -8064
740 394 344 8428
1389 6 150 -9952
1267 402 208 -9331
481 224 464 -1332
1401 241 6 -2307
618 100 138 8389
205 109 390 5784
1136 394 164 108
979 221 258 671
907 385 110 -7009
178 414 262 2999
943 335 378 -6360
685 391 376 -7285
462 19 356 -5606
623 430 184 6025
554 399 200 3988
921 180 398 2027
204 235 370 -3508
632 103 162 4196
542 295 166 3299
800 202 142 8889
438 292 412 9336
807 437 200 -9229
398 102 320 -8623
657 149 216 -2017
1244 39 360 93
624 43 186 -2040
1133 381 364 7429
1285 257 220 -86
891 160 100 192
447 252 80 -7935
673 366 16 7533
266 45 398 -2744
712 130 102 -6034
229 290 474 -7664
572 329 246 -6472
1026 302 278 3499
1392 59 218 9662
820 236 42 6974
1013 429 90 2047
1143 227 296 -8076
1442 379 182 259
1423 347 52 -359
144 312 364 -5193
966 238 350 -8571
248 123 310 -8945
957 293 474 7246
132 233 122 -5938
749 44 250 404
596 250 152 -1120
1245 430 6 -3870
199 127 184 -5803
527 161 204 6559
1068 89 142 3632
701 399 276 2293
123 272 232 -3304
123 181 398 -9543
943 125 78 -4556
362 265 386 -5598
577 224 352 -4491
152 410 304 9146
1240 264 286 8497
1220 57 196 -6150
726 332 400 3311
333 151 106 -7081
160 276 324 -4755
1136 336 478 -5493
1275 152 330 3730
283 60 370 -8777
115 400 14 -5706
198 373 228 7639
1341 441 438 4786
973 367 2 8963
1079 372 310 2659
1253 215 134 2914
200 351 72 3838
47 174 22 7871
684 271 34 9281
751 320 270 8290
581 168 336 -5902
609 5 384 -8089
609 396 232 2818
224 290 16 3795
153 380 144 693
347 204 452 8225
231 248 350 -4306
1002 298 386 -1380
945 216 164 8066
620 233 90 5585
430 49 344 6690
903 430 104 1619
335 392 140 490
980 318 212 7916
725 246 380 5438
330 327 106 -1775
405 16 432 -1187
359 8 120 -4659
1346 98 238 -3042
1392 373 266 3771
1108 257 278 -7430
1022 114 108 -8698
962 245 50 4210
1335 235 148 495
376 0 24 -9873
1263 4 352 7682
205 366 462 3441
549 72 394 5630
214 397 30 -9422
647 340 184 -2185
1092 282 66 -7741
657 426 450 6457
769 39 68 -9106
1057 410 42 2276
532 79 424 6228
630 348 472 -4029
888 418 470 -2297
97 332 26 -3960
534 102 10 5760
1361 40 14 9201
354 156 14 275
644 13 38 -5514
627 388 66 -4599
834 199 444 -5714
581 171 392 914
853 447 40 5855
1221 303 20 1914
1165 188 314 3227
150 254 26 -4618
213 122 26 -5017
956 277 280 -6182
1108 90 230 -6853
347 444 40 -9776
1422 405 180 1255
1024 250 306 -4219
1175 239 266 5398
451 421 308 -5445
928 327 298 9476
259 432 290 -6495
448 100 452 -334
1139 323 94 -4737
860 368 224 -1032
1472 360 172 -2059
420 384 68 -1165
847 60 24 3310
103 380 458 -4206
64 168 52 604
30 444 288 3270
471 417 438 9883
46 82 384 9831
876 120 282 5126
1465 302 76 4343
1261 153 8 6858
1377 226 106 -1103
615 51 204 4735
917 30 300 -5134
1247 253 6 -1396
739 179 292 -4924
839 154 376 6280
942 379 80 -7871
1197 375 192 3357
66 138 258 -5605
1091 84 130 1123
738 347 20 -2657
1341 421 208 5746
406 98 302 88
356 284 212 -9429
914 146 388 -801
797 295 426 -2220
1144 387 446 -1597
604 168 366 6510
349 44 92 -1042
1413 200 426 -8084
896 195 44 9816
1135 52 340 -7183
1208 262 248 -429
1304 381 338 9476
1202 66 56 5347
919 181 230 2785
330 139 228 -8390
507 152 276 2170
1471 240 214 -1272
1219 425 322 -1878
1394 144 400 -1426
1074 30 198 3598
659 322 212 3871
211 203 346 -4537
1082 101 334 -1863
1025 94 382 3824
108 417 420 -5275
426 372 372 -41
18 200 62 2890
60 188 438 6326
920 282 304 9298
512 317 138 1278
1142 391 450 -9097
1326 110 238 -5943
266 87 66 -9496
66 17 8 -1928
807 278 452 3347
537 380 314 9111
420 428 260 3473
160 141 112 -7346
1359 316 66 -1458
557 25 210 -9682
757 94 216 -9407
791 420 270 -5741
2 216 54 8258
964 265 172 2656
289 105 474 -6408
1010 213 80 1947
242 165 112 -6157
593 389 256 -6389
1265 448 440 5366
295 367 42 986
1023 38 416 4675
483 429 460 8723
956 345 192 -5603
1129 394 122 9578
755 406 158 3281
919 221 404 -3844
1358 204 398 -5133
84 186 218 4771
1101 191 328 -1876
1091 313 180 -4135
259 43 148 -1684
780 182 340 -8495
164 255 452 6191
1443 432 328 1297
1181 198 58 -3422
1437 63 198 9711
776 81 142 4346
968 427 182 5568
445 174 346 7034
784 104 278 -8873
1212 182 322 9661
427 45 472 9619
859 91 108 -5890
1218 175 40 -5856
925 248 12 385
94 173 208 9810
130 78 286 -4292
1165 424 280 -5667
1423 51 44 -106
884 32 238 -3746
333 424 442 -1341
1031 235 326 -4811
763 328 424 -1016
212 416 120 3279
404 224 116 -1676
363 192 288 7991
73 314 96 -6318
381 129 102 253
167 129 264 -9750
262 261 156 -8083
1037 127 336 4218
881 240 322 -1148
1310 38 458 9961
438 398 280 3394
1404 401 314 5940
799 20 388 -839
696 422 450 8111
1210 252 290 8620
3 351 416 -7844
1247 445 446 7068
376 289 400 7443
391 80 274 -8260
245 379 18 7897
1160 331 66 -1204
1213 130 12 -8850
977 431 374 6985
417 264 382 -6683
1214 55 254 -6993
1145 126 428 8655
624 187 206 -4762
1039 145 16 4315
1493 295 272 -1244
67 53 202 -3041
266 125 386 -7169
762 253 104 2874
1008 193 80 3208
1268 225 412 5708
1391 367 228 -8643
636 346 302 7652
552 71 240 -657
824 6 356 2801
508 355 188 732
413 157 88 -677
1319 225 36 -3260
103 282 318 2041
1027 70 162 1787
1016 186 272 1242
501 43 416 8514
960 182 50 -6239
694 315 60 3594
852 406 422 -9247
1219 209 4 4401
1086 359 278 7843
861 442 60 -5901
649 180 140 -826
275 427 254 -3665
442 78 114 1606
247 117 194 2957
1257 238 126 5464
8 88 476 6224
876 138 416 2319
595 296 22 2206
220 321 32 -1331
28 341 376 216
67 253 18 3436
593 381 414 -3871
1304 360 310 -7198
551 74 230 -9113
759 104 98 257
251 435 456 -8351
186 295 138 -5239
805 194 322 4673
1371 54 8 4221
463 89 112 -8729
162 139 394 -5025
1204 51 158 -8768
1294 86 42 -4301
771 116 196 4186
377 439 258 6853
519 113 308 -5872
846 291 422 -7464
624 276 50 4904
209 300 16 -1287
728 21 154 -5013
57 266 472 1464
815 76 172 3690
620 257 422 -6741
250 23 72 6648
407 102 22 -8282
1 288 344 1741
127 368 8 -5008
197 157 50 -3114
77 56 154 4541
1148 111 400 2352
979 225 388 4881
1356 62 154 8485
1188 162 396 1421
700 211 74 -9009
1052 232 206 -780
1256 131 28 7829
569 155 228 7166
456 441 310 -8302
343 89 310 -466
172 31 74 -8130
1497 9 30 -9611
343 8 442 9264
626 419 336 5956
304 294 220 5055
1476 127 322 5058
450 58 170 -1923
1116 267 298 -9050
972 196 38 2411
495 152 410 -3684
438 196 464 3163
1439 331 460 4887
1483 99 186 4704
171 23 144 -6230
822 201 38 -177
714 62 440 9657
774 242 364 7523
611 156 272 4355
852 104 56 3493
1345 411 348 9380
362 40 244 -3424
900 39 440 -2507
300 431 312 776
764 416 108 -1906
858 10 182 8081
1393 121 216 2213
1215 38 14 -6735
74 377 166 7570
1169 26 290 -3579
227 440 200 2761
69 169 118 -6482
1232 337 204 443
534 73 6 -1934
1467 117 394 4980
1166 23 136 -1643
1044 5 350 -6545
676 324 192 6823
1118 183 352 -2374
161 355 424 4298
964 222 176 3600
1014 321 168 -1326
63 204 208 -7180
681 36 22 3066
198 124 266 2349
681 283 310 6193
547 225 174 -2953
126 428 60 4914
13 294 390 -7687
522 372 376 -3862
1084 270 250 1698
916 210 150 -7566
703 38 320 -7283
782 404 142 -335
462 17 316 2327
1388 114 60 -2523
282 78 258 7604
217 51 404 7757
323 389 12 -4812
1385 84 172 -7785
136 391 332 845
894 122 136 4045
1408 137 478 303
966 172 100 1257
12 20 446 9619
213 67 284 5031
669 289 444 427
695 280 350 2199
1087 443 246 8657
613 320 218 5095
1457 58 260 -900
825 377 478 4899
915 351 386 9841
528 312 288 8363
315 199 468 -119
158 286 184 9578
1478 349 168 2315
244 109 242 -2984
454 67 330 -1819
356 192 424 4608
1010 373 248 -8368
186 369 142 7952
814 197 440 -2534
348 54 254 4714
242 312 314 -6379
237 442 178 -5471
1379 96 440 3737
699 258 314 9837
960 298 112 1721
423 294 368 -3257
990 77 308 6606
648 362 136 -1372
998 35 454 438
594 279 308 293
453 5 374 -4276
1400 206 466 7701
1064 408 66 -2296
861 387 280 -7785
1135 188 424 -7146
439 200 20 -1425
514 171 62 -7236
1224 379 126 5077
895 290 328 1906
264 255 162 -2993
1030 323 338 -6168
255 198 240 -9008
1376 28 300 6245
597 32 332 2664
1255 388 316 -7105
1125 226 282 -6694
1167 383 354 3542
612 184 14 -7707
327 169 114 -9153
56 436 78 -7596
194 34 246 907
321 254 264 3484
1047 321 94 -3575
943 67 418 -6526
1313 91 184 5478
778 66 402 3180
1144 245 64 7885
518 162 108 -16
1004 326 72 -8661
336 264 256 -4706
77 198 408 9115
78 346 320 -4573
1193 240 88 -7997
825 279 80 -3295
603 344 258 9625
644 221 278 7434
58 10 82 8977
777 20 296 8476
1175 53 144 8774
665 376 356 1392
883 150 408 348
675 243 438 9507
1254 173 342 -7907
91 50 252 -4100
1120 158 214 8927
684 18 320 162
555 118 206 -3873
896 209 308 1649
1096 395 102 3372
757 197 410 5661
1100 187 280 -3394
453 408 78 -3237
7 232 264 9366
497 119 250 -4324
311 112 152 2294
493 13 214 8553
75 386 426 2781
77 271 440 9586
1078 158 216 -2870
926 246 286 3922
626 236 188 466
129 170 224 1563
1275 151 262 -644
814 197 186 -5128
1174 271 334 -5785
391 41 468 -3506
533 150 2 -4357
1103 173 144 -2565
376 444 320 -8664
714 267 168 306
1208 421 72 -9566
540 372 148 4361
1263 430 408 620
1462 222 8 -4028
50 433 30 5574
583 200 68 357
781 120 448 -9877
119 408 452 -2443
392 387 144 -6595
1002 274 222 9218
830 53 312 -3815
268 42 282 -6995
345 208 380 -3089
220 447 88 6396
906 160 94 -8481
441 335 376 5661
415 342 406 6984
804 342 52 -6433
842 260 452 1349
1046 1 160 5662
132 212 4 -8080
1191 27 274 9174
188 429 88 570
818 148 42 -9182
1132 433 18 9005
1033 395 112 3235
776 372 90 -6602
398 270 62 -8007
1144 252 364 -5103
416 111 324 9937
1397 182 390 -5328
968 84 28 -8866
234 190 188 -2962
593 181 412 9595
1405 20 106 9517
1167 366 74 -389
495 182 12 -3271
892 338 208 -8708
599 334 260 -568
1391 151 296 2531
115 309 284 1603
99 307 232 619
483 49 158 8799
1377 325 262 -1531
782 128 18 8384
735 410 162 -6986
803 215 252 8081
302 222 352 8942
185 256 354 -3907
531 178 44 -882
767 36 234 3937
915 92 398 9006
149 65 266 -3842
1220 297 430 1405
1424 423 328 -7272
888 192 10 -9579
1183 246 238 7325
89 157 200 -5277
551 178 430 9989
261 182 254 5038
648 324 366 9384
683 53 334 668
787 299 326 -2886
275 260 302 -202
1069 448 450 9568
541 177 188 -6499
276 399 152 4363
18 119 248 434
904 331 128 -8683
111 138 294 -2470
432 25 460 2270
1245 213 52 -5408
875 293 268 4212
1033 427 366 970
496 250 336 8956
1478 95 238 -1507
816 243 178 2015
1290 71 182 -2821
594 369 304 9400
595 172 36 -921
172 351 220 -4668
1149 298 438 9789
1469 335 396 5909
630 231 8 6116
556 208 262 3081
124 275 410 -475
368 7 388 8880
722 69 364 -1393
964 143 364 -6466
1017 229 398 -4115
707 184 334 -9981
398 171 302 9657
828 201 436 -9748
200 170 390 3158
1385 212 128 -9859
1421 208 314 -9251
438 295 478 7447
411 103 456 -7466
746 278 146 5250
1188 294 188 2267
1234 324 426 -5677
560 8 414 9523
1012 106 448 1495
1250 192 86 -5774
662 374 296 1701
940 45 18 -5408
947 406 246 -3648
1228 184 338 8287
1240 373 120 -872
656 325 106 5200
1357 176 404 -619
838 429 474 6372
1146 274 360 -1513
553 100 286 7719
286 339 182 570
549 9 72 7783
1021 185 256 4035
27 317 98 -3038
1150 259 42 -7942
1098 98 142 5217
201 123 30 -5841
1176 67 460 -6936
1458 266 200 2082
530 362 446 -2622
313 165 162 7906
160 45 386 -2571
613 85 382 8011
318 326 8 -4797
369 366 212 6893
1327 311 196 6520
925 265 106 3602
983 229 264 371
1446 114 18 5753
1472 283 414 2157
1265 433 458 2545
248 183 154 1598
353 158 256 -7552
785 242 26 4039
1094 241 204 -2666
15 285 216 -7219
95 204 94 -5290
483 48 270 1109
1233 396 134 6642
1172 39 336 -4447
387 83 94 -1589
1290 157 184 -5448
18 200 196 4900
440 162 66 -7790
719 40 244 6048
771 341 4 1989
1123 395 230 -4601
771 183 228 -6679
320 118 62 -5372
112 174 8 -8969
620 229 214 1234
988 57 428 221
1416 421 352 -2814
1 265 230 7372
1216 80 108 7272
1257 427 60 8728
439 168 440 1765
1442 10 414 507
791 273 478 3073
5 155 224 -7312
1322 82 290 3299
401 330 260 -171
523 287 232 5407
1112 196 160 8777
1098 138 126 -8633
810 325 124 -3249
664 102 90 8205
1086 66 56 439
361 7 428 9605
678 285 196 9069
313 356 126 7478
1052 252 156 -9877
754 216 446 6103
368 36 388 -5736
1491 52 438 2939
534 23 450 -938
684 213 28 4972
79 164 298 670
24 339 380 2833
850 284 286 -9254
334 8 316 1244
702 404 462 4447
1152 220 60 -7400
155 94 26 -7320
5 422 28 -8960
1062 296 124 -5437
1180 319 448 2918
753 438 350 4010
369 339 106 -458
207 317 244 -5933
1028 396 386 -3874
323 212 428 -8112
477 306 146 -8061
254 16 378 3758
721 135 326 -207
595 318 56 1880
1204 295 180 -9280
899 124 412 -7682
63 437 130 7885
260 266 376 -6744
1054 133 88 -4882
1150 15 370 4911
338 252 414 5052
1213 25 214 -8049
1256 429 196 -4897
729 115 64 -2684
485 423 312 1256
1013 219 376 5625
1001 131 162 9524
384 333 458 7071
501 34 398 4435
1059 359 182 5683
562 72 108 -2181
729 334 212 -2872
666 122 10 5193
4 48 138 -3508
1432 151 128 2607
585 341 404 -1867
73 348 68 -269
497 360 52 1819
889 286 428 -8009
47 416 408 1212
161 368 188 -9218
1357 325 120 4758
13 36 40 -6671
624 209 416 -6290
485 295 312 -6932
686 226 278 1092
327 118 326 -4700
1129 183 460 -7168
10 318 306 3992
805 296 268 -2066
1144 129 414 239
937 144 40 3159
124 368 364 5470
1120 409 40 -2373
500 98 272 7232
49 219 284 9347
96 270 400 1837
269 191 170 -5743
435 36 364 -6733
89 416 326 5643
744 428 242 -336
1367 113 26 -4748
1273 195 180 6870
740 212 202 -9492
222 317 110 1730
714 213 308 4141
817 21 194 -1530
597 43 418 -7496
976 245 102 -4751
96 372 188 494
513 370 58 6430
327 260 106 2264
634 68 192 6035
926 118 198 3761
252 250 154 6989
775 339 470 3411
857 427 168 7934
961 164 234 -4181
1259 48 418 2141
677 207 20 -8733
976 271 196 -3891
232 127 44 3017
311 313 148 8837
77 355 458 4261
292 47 282 -8285
1253 441 26 2778
505 377 134 4781
392 355 54 -7180
26 84 232 4081
50 343 302 -5393
1374 415 272 -6290
682 76 474 -6655
604 219 400 1013
186 230 38 5353
323 180 398 -4175
144 246 384 -86
452 70 194 -2885
896 438 450 4851
430 291 438 -655
27 68 324 -3276
788 335 56 -5369
339 107 154 5953
911 10 258 -5300
41 118 42 -3489
877 244 426 745
527 142 242 -9423
1010 14 476 2339
1175 25 232 -6869
269 268 196 -1724
512 303 450 -6398
65 308 80 6956
579 84 240 4149
753 428 38 -1043
177 210 252 -5407
76 205 50 7975
1219 393 316 8495
371 351 250 2502
952 50 72 8878
196 347 288 -9642
1150 178 426 3704
708 286 114 9400
1235 4 262 2099
1273 103 432 -9950
472 363 366 5406
451 443 130 -3347
632 171 302 6308
519 307 182 868
904 0 2 8214
195 31 126 6346
992 48 226 -4722
1297 332 366 -3519
260 14 460 -5814
1045 275 446 -9062
745 36 286 -9746
877 306 204 4126
678 14 132 -6714
1266 325 32 8511
1104 210 378 -558
1106 444 428 7108
947 193 10 -6652
514 346 256 -311
690 205 210 3877
952 257 248 -137
106 35 326 2487
804 223 186 2771
1413 406 66 378
1010 200 132 9371
1072 232 340 6620
105 47 96 4155
1102 122 376 4313
1004 164 444 8461
617 446 20 -1180
133 214 430 -5521
26 231 104 -7255
1476 289 356 -4168
1337 266 32 6127
