433 321 434 2209
1482 32 288 438
1074 281 200 -6612
1471 167 278 -6064
710 331 200 -976
668 20 298 6451
879 394 466 4126
972 219 380 2253
1488 428 4 -5089
1297 188 410 -3312
673 290 364 173
1141 317 402 9290
1319 253 440 -6265
1329 211 206 -2505
1227 86 294 -1921
1446 135 356 2199
46 383 140 -3037
902 305 40 -3074
1043 359 162 5528
17 344 240 -1585
337 353 32 5688
146 34 256 2786
710 284 268 -2334
610 265 478 3184
408 9 232 -7798
511 247 198 -7395
379 393 180 -8736
758 91 436 -37
554 244 64 2643
1338 278 264 2500
823 309 406 7975
1151 328 120 3052
685 21 314 3589
473 84 448 -2204
105 430 120 4521
148 101 48 9581
264 420 336 5495
1310 56 184 -1530
517 344 32 7982
1162 76 364 2717
652 333 90 -5123
616 208 2 2650
927 44 178 -4328
903 111 74 -3246
1225 22 102 652
1044 395 414 -8288
1049 303 384 -5716
580 379 206 3010
1317 422 408 1888
939 349 64 9126
100 8 194 -5131
146 195 138 -8384
667 123 332 -8501
0 26 360 -2236
1122 192 30 5865
655 162 118 -8835
1108 306 384 1523
1261 387 32 -3961
141 301 42 2465
99 215 22 802
430 39 122 -2935
604 18 404 -519
1290 208 98 -9840
598 276 112 8697
1028 141 202 1700
1350 213 446 4929
1272 357 368 5496
606 198 418 8968
218 37 464 1377
1023 213 280 665
1104 300 132 -6936
760 56 340 7543
1009 360 336 4632
220 72 218 3112
287 142 188 4169
201 133 424 7950
1333 34 362 747
834 16 156 2470
1034 342 192 6890
691 369 122 -432
506 311 368 2078
327 297 8 232
1209 333 66 8595
71 20 272 1652
586 239 382 -8756
1163 391 360 -9083
52 426 382 9517
307 232 478 6545
90 259 424 -9338
1429 279 290 -7005
1090 218 304 -723
743 46 470 -4530
1065 157 284 -1802
907 406 382 8910
1445 202 264 -2687
399 229 206 -8614
850 412 194 4266
1371 295 446 -1129
497 252 168 8265
894 351 42 -816
445 214 292 -7765
181 373 464 -6767
420 274 90 -1397
976 394 392 4016
99 111 118 8336
503 233 142 -713
101 299 478 698
1152 274 198 -1237
1001 381 290 7690
1137 281 400 16
653 227 24 3672
804 254 368 -6277
800 181 110 -6072
593 405 366 7715
14 62 462 5761
754 300 380 -3482
446 406 390 4411
92 107 460 -2104
935 116 260 6510
605 321 310 -4322
56 22 298 -8654
1233 401 362 -2128
1205 304 28 7408
166 265 56 -377
603 70 410 -2303
1465 335 460 -5865
288 176 346 7393
253 9 34 -2875
911 45 62 6318
936 375 316 -5571
1349 369 336 -6788
229 358 226 -9484
991 292 150 -6646
1438 208 154 6772
384 66 446 8441
892 414 90 7519
789 101 224 7646
735 295 272 -9096
1135 296 50 -738
867 292 322 -9182
1237 84 232 -6607
811 337 12 3512
1046 293 298 7674
954 231 204 -8173
608 103 296 6186
1360 53 46 -6129
859 54 116 -5911
221 15 452 -8557
698 68 190 -6081
185 179 284 4915
1107 145 156 4515
502 23 32 -6055
1137 78 446 8092
841 317 380 -7313
1425 430 84 -4458
1430 379 428 6252
647 110 116 -9931
1225 371 154 3628
602 127 38 -355
837 72 224 3173
605 127 440 -6468
960 269 304 4521
1252 3 114 -8147
1497 427 452 9900
1483 323 296 -9240
228 13 154 2562
1320 42 54 -333
911 383 288 -1103
379 270 366 3736
981 66 228 1738
1015 156 394 8941
645 66 340 -9611
467 301 322 -1074
1047 62 20 4232
142 93 38 -6582
1192 34 378 -5566
1254 22 118 -4793
228 155 30 8751
1029 350 234 7874
295 31 466 -7044
1325 409 118 1693
1022 339 140 3508
1366 244 50 -4087
150 31 280 3652
1217 239 160 -7290
1163 220 316 -248
189 346 316 -9933
1258 35 438 -4609
439 373 384 959
405 261 446 625
1454 386 10 -6426
443 244 202 -6160
1214 242 452 2058
1494 156 204 5392
1300 221 352 6891
779 25 208 4525
567 284 476 -9872
872 339 384 -6340
1434 417 86 7552
915 296 4 7130
1378 218 456 -6447
832 102 446 8552
775 223 156 -8811
874 190 32 -3797
568 156 288 9834
881 134 408 -8558
1421 168 8 8303
922 403 378 -4738
877 114 382 -2677
840 419 72 1690
518 187 430 6245
208 71 16 -369
820 288 200 2995
1036 388 236 7027
1149 317 346 -5902
1092 376 452 -9849
1335 377 162 3331
940 64 364 6762
930 414 374 -4909
1405 198 328 3267
963 407 290 8855
819 317 442 5085
275 248 360 9868
52 199 412 4903
257 213 272 -8593
195 176 62 -2752
1122 189 82 -5399
192 418 66 -7323
257 75 220 -886
1234 302 102 -665
909 277 374 -5100
671 193 398 -3405
1374 412 450 8591
979 66 252 -3757
1281 395 326 2197
844 35 226 -2018
963 23 24 -2530
508 312 160 -3003
417 6 266 9630
403 74 144 1370
1423 3 300 -2986
289 135 30 926
414 147 210 472
1364 34 28 6717
789 175 258 -2851
1232 328 360 -7805
916 3 444 4568
657 425 70 4979
430 171 22 7025
360 212 246 7138
933 99 186 3428
669 61 202 -5993
905 65 216 4085
1094 295 80 -9177
645 77 372 -1309
681 114 230 -2314
819 92 152 -7594
1339 226 34 -2850
884 403 38 8583
676 220 136 8124
787 367 284 -1791
252 322 388 4330
320 160 370 -5914
1208 121 204 7428
956 342 412 -9111
155 184 354 -1645
1257 286 424 -9532
434 419 442 8719
922 292 288 1619
168 127 144 2209
32 227 220 -9575
873 24 424 3341
963 53 108 -976
35 168 368 -3625
447 238 214 7828
724 128 306 -8348
950 74 456 -3975
867 122 128 7474
745 350 174 802
1435 288 56 -4895
499 313 126 544
1040 355 470 6727
175 72 38 8695
1038 9 214 -6533
140 285 32 -543
391 384 16 -5810
384 145 318 20
732 199 466 216
584 162 418 8664
1336 50 262 -7754
1365 310 168 -81
1423 327 132 -1370
1270 68 78 5815
1437 178 460 -5339
614 38 64 2157
35 344 8 590
401 116 374 -9055
627 150 218 -1231
138 10 218 -8404
1348 124 428 3571
1093 243 264 7185
830 129 52 -8401
293 168 64 9652
1327 156 22 -3248
1331 329 102 6766
207 101 336 -8689
1267 322 408 702
910 139 116 4533
1028 426 194 1657
1427 142 58 2905
1179 159 386 6472
600 34 466 4921
747 382 240 -5840
813 119 342 -1707
307 117 80 5154
1322 229 168 8572
647 43 450 -9277
102 345 198 -8917
1108 77 172 8975
1360 350 70 -2154
690 181 78 -6686
318 199 200 783
1280 115 38 4030
358 367 332 4119
1385 173 416 -9779
421 279 232 -8690
1144 110 200 -562
1084 149 84 9127
570 93 342 2849
738 412 122 8748
577 239 30 -2263
1367 340 86 -5635
450 160 114 6635
693 58 234 5554
1313 33 172 -6241
1090 384 426 -5001
629 335 72 5303
451 286 176 -3345
488 136 440 -1134
1013 54 284 -156
126 346 38 -7776
1059 216 340 -5543
968 50 10 8804
990 265 454 -8571
299 231 94 4550
175 37 388 640
1076 416 304 -333
1313 167 314 -9764
236 15 362 -1017
1187 130 264 -660
727 232 412 2728
479 32 438 -8723
43 149 390 -2289
773 237 390 -5736
1377 128 104 7878
986 205 50 -5595
809 138 232 -5958
1396 303 8 5713
371 335 238 -5
1427 269 278 2538
1317 407 80 -1232
227 217 150 4704
1446 188 48 2781
1245 18 300 5962
65 324 222 7325
371 374 238 -4655
1191 250 436 -8269
891 338 314 -9420
901 179 146 9247
967 347 136 -6503
1348 281 80 8041
1253 220 436 9421
651 55 344 -3218
855 355 20 -2480
519 16 108 8672
625 295 356 -3444
1337 153 316 3616
953 327 460 8551
1366 335 438 -1239
55 350 232 5843
600 260 426 1690
398 109 170 8531
897 6 104 -5930
1416 314 28 668
717 40 224 9238
67 338 268 -141
56 30 304 -6751
397 144 238 -1398
1133 263 374 6197
1255 398 174 4976
59 406 146 -9318
1462 242 108 3635
341 141 122 2890
873 416 162 5592
247 38 206 2699
187 5 252 -2166
1478 344 338 7337
402 48 30 9961
635 100 156 894
568 229 312 1576
330 161 184 -6295
1317 64 344 -8040
1108 146 372 7293
50 133 436 9677
123 59 48 -4281
695 272 248 -4073
119 251 414 -8434
1420 196 182 2404
281 106 332 -6089
582 167 176 4598
1230 422 58 -8993
359 247 458 -9288
454 264 154 -2188
831 411 458 -6936
1366 285 464 7638
1028 18 228 8846
1285 340 302 -1007
938 410 454 -1904
411 62 374 -803
1042 109 358 -779
476 366 364 6469
936 57 92 6687
1315 377 464 2369
711 341 224 -7452
443 370 376 -2534
1056 119 416 -9421
696 87 478 2155
1039 122 194 9776
311 231 266 1243
586 383 6 -9345
560 22 56 3239
1229 278 272 -2849
809 137 170 -5444
208 417 130 8035
1374 419 284 -2285
489 157 272 706
1343 68 424 -3097
1128 192 394 -8839
1442 319 396 -6383
613 341 42 -1296
341 298 260 -2971
1350 293 126 -7510
839 185 4 -5340
1240 203 18 -8226
356 41 416 -8258
918 266 364 -4728
973 302 156 -6909
526 325 178 8368
340 208 264 1734
1319 2 420 -3623
1404 417 22 9676
711 427 216 1783
1037 220 8 461
1058 411 82 -3085
1147 22 40 9252
1163 262 222 4223
1333 380 290 -1450
975 209 426 8387
779 263 412 6173
646 55 218 -2396
1319 208 142 5271
464 257 252 -8104
1314 414 86 -8604
1141 118 36 5802
463 404 34 7193
1199 41 172 -7743
56 286 428 5729
49 295 374 -6415
235 146 390 9155
1281 113 306 -3290
1223 395 410 419
961 321 112 -8703
1341 7 200 7362
868 223 12 -1957
75 319 198 -3845
89 373 264 -2729
87 269 128 -6765
123 368 196 -778
17 88 328 6732
1346 394 222 -1962
256 98 62 -9828
504 296 360 9105
1440 116 366 6593
1139 174 12 7924
189 227 296 -8331
1444 159 228 -5592
665 202 270 1993
745 33 454 -4175
148 167 102 4704
500 73 216 9040
1266 241 92 1928
1374 409 252 2134
779 90 238 362
335 206 384 -2508
182 38 356 4372
1402 254 158 8380
215 347 68 5240
1473 270 32 3152
1010 154 394 7773
1330 19 156 3634
1310 7 16 -5341
78 0 108 2717
766 0 264 8535
621 269 88 7650
991 150 246 4549
537 324 300 -2374
983 93 168 6304
701 281 266 5268
973 137 440 -3563
1306 248 240 314
559 316 194 6358
263 331 174 1857
436 397 18 -1131
774 245 26 -2404
207 94 218 5024
983 139 60 -7959
736 294 132 -4265
1233 52 96 279
813 111 286 9963
756 182 376 -288
395 129 102 3444
592 96 124 -460
1469 412 8 -309
280 327 38 7451
287 44 166 -4622
1019 362 286 4814
220 77 180 -4130
657 21 116 9396
553 373 20 9103
901 16 12 -3209
1268 57 248 -4933
6 240 132 9963
1300 262 16 -876
1074 405 128 -8484
1438 137 30 8635
21 39 32 -9215
306 391 410 5382
1290 174 46 -5767
572 343 322 -566
690 377 84 -7708
121 421 232 9625
820 256 318 733
1044 206 372 -4139
1320 79 46 -8649
653 111 354 1974
49 331 256 -5894
454 431 14 9336
55 292 270 -692
674 226 120 3194
363 188 340 -8515
1342 85 330 8994
1346 268 22 6027
818 191 154 6745
1495 119 276 -3818
215 198 394 -8964
189 324 238 5322
1205 375 188 -7314
827 402 112 4294
280 337 214 1549
1148 237 432 -7821
865 290 336 6276
695 95 468 2444
780 256 64 471
1379 428 182 -2013
1277 88 242 6715
1404 361 30 8358
509 72 434 4237
1338 412 356 -8245
66 53 312 -7388
33 357 472 5564
496 199 322 4192
617 421 352 -5894
356 131 114 9423
391 243 146 -1048
925 187 246 -5836
366 346 46 7452
363 107 452 263
1490 316 252 3935
779 280 282 5398
963 125 432 2166
711 211 184 -4361
908 349 216 70
1181 398 232 354
990 305 252 7362
520 341 460 -2627
632 67 458 -4945
1293 74 130 9358
699 80 310 -2762
729 223 54 -6655
1232 415 72 -1531
742 58 456 -8968
1211 253 6 -5082
429 104 118 -4910
1010 259 326 7882
449 135 194 8064
774 88 270 -8205
1374 220 84 -8230
79 212 294 7730
215 294 342 3217
1129 303 252 -2166
204 346 214 3005
1006 310 168 -8285
27 355 74 2456
772 43 308 -7108
880 281 26 7571
1116 416 356 -6482
422 326 16 2932
1308 59 244 1294
82 411 40 1258
326 404 44 -6429
1000 80 6 2187
1024 126 286 -1494
1033 321 406 7797
555 308 314 -3692
656 15 380 -2992
1136 230 386 -9034
1413 51 330 2655
275 268 436 4877
1312 423 306 2189
971 405 222 -6354
1009 373 460 8695
706 301 106 -9454
1352 239 376 -5845
528 51 376 1220
108 206 280 6573
285 262 126 8139
1497 62 10 -9969
492 375 130 1985
1376 168 34 267
471 53 430 2183
1428 200 90 -5577
425 299 282 9201
500 342 196 -8444
1382 75 66 -3607
738 385 196 -1867
1474 157 118 2713
279 259 192 8706
1026 12 96 -8544
805 173 396 -8605
1396 38 50 -6464
1496 206 450 -7312
1169 30 186 4973
789 325 196 6637
1498 151 146 597
236 36 158 8864
231 226 198 5803
214 154 252 -3450
553 191 124 6675
1397 99 144 5176
945 223 352 6476
924 304 152 2338
1100 238 366 -3456
1251 131 304 -6263
596 30 42 -5087
1480 309 252 1804
497 347 362 3923
1078 320 56 -7942
1234 379 222 6747
979 2 176 -6565
761 192 346 -1050
1292 122 216 184
122 236 142 -2959
192 369 236 -8053
603 302 420 -3146
1077 48 98 -5250
718 346 172 -9963
316 242 426 2189
64 432 114 8974
348 78 102 7661
1434 62 160 7454
1195 416 448 -480
152 432 334 -7233
619 323 334 1142
1467 82 6 -358
204 114 8 4754
775 169 142 2795
1115 89 64 6605
995 332 226 -821
519 125 430 9466
830 244 240 9996
368 236 248 8493
34 382 376 -8615
447 268 470 -7901
987 102 6 -7000
942 69 104 -4615
350 222 200 3507
340 128 252 -1712
429 321 144 3361
1047 382 118 649
37 122 166 6481
1282 405 466 -7954
215 41 138 -3707
1485 207 74 -4444
1312 212 244 5412
611 328 444 -7954
265 110 306 7119
1149 118 136 1323
281 411 268 1031
1446 176 406 -6972
1477 298 258 -5834
246 324 12 3945
118 47 304 7193
1402 307 436 8898
0 244 172 2590
1019 312 226 4654
69 110 140 -2175
67 283 306 -1208
117 287 306 8634
618 66 228 707
789 177 210 -8671
1114 355 110 -8312
1229 368 164 -1991
657 292 398 4152
970 276 260 4773
876 162 168 -701
933 20 150 9045
618 286 282 -3670
1004 60 98 -6618
1164 321 26 -7173
1321 105 380 5081
1006 199 36 3626
652 276 180 -9729
1447 247 42 -4463
1276 371 368 -5776
630 194 316 -9520
377 236 72 6514
1143 419 464 -1007
1306 297 274 9444
384 39 330 -9441
293 412 388 -9944
1015 338 414 -9400
1173 415 240 -3778
1475 306 462 6989
517 256 416 7431
871 128 226 -9056
17 34 108 -9071
346 223 360 -1170
308 41 224 -8827
618 21 196 9552
166 192 414 9151
98 121 28 -8332
609 330 184 -4854
1469 316 10 7368
647 277 28 -9207
389 120 226 -4059
546 243 300 4020
519 334 92 -774
1367 53 164 2620
1351 207 356 -2626
1173 111 250 8899
1283 343 336 4572
1461 60 212 1154
1136 93 166 -4366
1202 255 452 8064
1473 421 70 -6839
966 301 298 -6160
13 218 220 -9958
46 9 112 2968
1163 138 100 9992
1204 422 250 -1291
1364 10 10 4324
1200 184 82 2587
631 266 228 -9993
405 132 280 1062
185 170 208 -2723
1096 128 218 -5500
1216 371 88 1792
354 6 168 1054
1356 234 90 7793
500 26 150 -8725
108 117 294 9396
409 252 76 -1366
1455 234 122 -3762
1335 147 92 -9178
1082 259 352 -5571
313 187 404 -325
359 25 150 -6051
73 131 186 8477
382 287 22 1149
184 28 376 -8587
767 239 206 6775
506 259 208 3848
1370 50 362 -942
578 280 64 9434
1004 387 384 -1570
704 163 100 702
457 18 36 -2328
1091 184 228 -387
484 354 188 -4154
1441 144 468 -45
37 11 292 6478
270 425 268 977
821 15 246 -2751
1468 10 86 1827
1232 317 112 -6922
374 270 112 -9082
635 139 366 -6809
740 410 398 -6086
611 128 114 -8199
1494 142 256 4281
1141 83 246 -6638
184 300 198 1368
1192 395 248 -9126
768 153 146 -591
77 5 10 -4126
306 95 80 -5050
161 303 110 -684
153 175 194 -1634
570 21 240 -8961
1499 242 44 -5507
233 143 218 -9158
1068 358 166 -8717
597 118 276 -9672
41 39 178 -1982
469 135 364 1026
1106 336 116 2851
180 357 20 9256
633 287 250 5194
588 393 380 -6902
147 201 408 2731
1099 241 366 7052
466 258 118 -782
1436 260 442 5564
240 297 428 2082
1090 335 396 3415
427 204 148 6088
41 232 242 1301
242 109 334 -9863
34 419 438 8626
103 428 274 -9664
487 294 94 8907
889 119 270 -3837
948 307 462 6802
665 280 286 -5244
1334 120 390 -4605
352 31 156 -8970
1241 145 374 445
659 253 284 -8589
905 191 88 1648
814 110 148 3479
1047 138 470 -7008
223 146 226 8513
114 260 10 9353
159 372 116 1878
441 411 24 -5136
1402 44 240 -1136
57 223 142 -9067
1449 218 296 9421
123 78 234 3589
331 79 110 7264
624 347 230 9874
198 388 196 -5792
403 149 26 8642
1367 64 346 8192
1015 304 330 7492
1090 287 48 7195
1131 196 280 5229
391 117 236 -6133
1042 87 412 -6644
1442 65 238 -7844
743 110 98 -7557
610 108 170 -9588
1151 163 270 -7350
819 287 330 7142
330 142 470 3755
294 296 472 -5569
1002 341 424 -721
1002 101 194 -8694
1241 203 92 -9349
784 292 10 9220
747 222 124 1630
343 228 128 -7415
640 248 326 9230
260 158 382 -1526
1416 48 298 -7392
227 2 366 9228
223 141 198 -3337
198 333 228 4102
949 36 364 -8652
900 87 28 -4312
405 163 256 4339
1015 259 474 8584
204 54 450 -3600
1257 246 342 -9424
737 275 28 -700
159 159 284 7476
407 420 54 3583
1359 122 170 -9395
960 190 24 -6323
1106 246 342 -9681
934 213 234 -3048
879 91 182 5217
938 263 386 7649
1343 388 182 6523
200 176 298 -5318
192 165 166 -7110
1225 331 290 2923
122 236 468 -7126
690 259 206 3573
4 405 380 -5985
1468 294 214 -4937
694 208 276 -9300
849 214 182 -1044
1132 284 110 -9666
1205 38 260 -4114
878 173 318 -9475
177 63 350 5028
683 378 118 5141
322 291 334 70
1410 321 366 -3044
1466 19 340 92
170 37 380 -8909
1486 360 316 -8530
1337 431 334 5111
959 141 102 6844
1363 42 160 9023
329 179 184 799
875 50 322 3084
777 233 16 -3265
1401 72 378 6497
611 325 16 5976
527 26 288 8060
919 256 214 108
319 97 438 -1507
1103 154 466 4531
307 109 88 -4821
809 35 68 6200
904 134 252 -4050
1234 345 266 3787
641 30 408 18
497 149 412 6431
21 33 174 3546
207 343 210 3730
879 31 300 2257
802 227 84 2429
975 291 192 8636
112 378 92 -8852
955 184 344 -3096
115 379 386 9424
186 65 166 1271
1172 193 294 -8123
367 331 16 6626
371 348 206 3281
137 224 32 6507
1051 122 100 -8647
357 144 122 -7545
433 13 450 7643
396 66 312 -4664
1397 176 410 5692
450 17 118 6078
145 395 296 3140
1252 28 398 -8496
1080 288 238 -2695
623 359 52 -9657
1018 23 310 -9874
178 387 244 -960
1416 348 396 -6187
533 261 322 4233
20 308 228 -6882
479 123 114 3456
751 406 90 5181
1433 76 350 -958
1104 273 274 5712
463 114 38 9304
447 54 204 -2308
1095 396 76 -8207
406 398 292 -980
1252 191 354 7340
982 176 204 -2051
1391 5 238 -8663
466 285 438 -1591
128 235 236 -4275
1338 295 246 -5353
810 134 280 -6109
7 73 42 3382
529 293 306 -3629
498 174 242 -8177
1168 103 444 2428
410 190 472 2023
265 412 438 -2200
519 162 186 -830
1326 269 158 869
1131 277 398 666
806 250 214 -8443
1207 387 202 2247
1091 252 352 -9664
266 357 340 9905
1065 87 224 -4556
919 333 412 -9445
916 30 64 -8920
867 385 374 -7690
937 379 2 -5373
670 379 366 5771
880 405 84 -4559
1431 46 304 7548
626 327 210 4882
684 131 46 970
1290 357 208 -7417
1283 127 180 -2984
589 332 308 1559
1138 206 30 9008
561 106 202 3190
1131 411 466 9880
150 305 372 4840
1053 413 208 -5187
1143 47 284 -9061
1119 74 416 -5831
1012 341 20 -2417
96 131 228 8897
943 374 28 9382
833 374 20 6626
752 321 298 15
32 266 364 -6599
922 81 222 2251
977 157 118 -7640
27 217 130 6405
18 353 348 3061
521 296 386 4924
1391 324 464 4632
220 0 414 355
348 298 444 1689
954 320 330 6427
135 338 412 -7010
1254 115 230 -4407
374 193 236 -2195
887 390 324 -7862
716 181 400 -7127
879 24 404 -7525
461 332 56 4900
764 198 256 -4624
814 350 70 -1111
282 56 38 563
1449 175 426 591
479 29 464 734
844 243 406 3751
889 258 440 -1001
13 293 294 3744
805 142 120 2703
227 65 442 951
814 148 174 -3818
685 171 474 3092
1424 158 382 -5736
344 32 136 -2589
1421 361 314 8801
1111 9 326 -822
308 258 84 -7887
918 231 398 -9873
882 312 324 -6014
884 0 416 8970
1159 394 434 9137
783 26 430 3259
1008 67 72 5137
149 342 304 -6822
1043 102 26 8069
842 163 462 -8228
799 351 142 9811
682 346 452 7779
1497 158 420 8180
1270 207 416 -8267
309 284 478 -1867
101 5 36 2077
571 337 384 -7399
1148 384 394 735
1251 60 474 6174
67 375 50 5788
1208 284 244 206
614 151 204 7077
1019 39 84 -9547
379 74 32 -9680
1422 95 222 -3334
1290 431 400 -3042
651 36 90 -5564
1013 145 478 223
1471 54 280 -9925
688 1 234 3873
193 289 246 4088
670 395 104 7132
385 83 188 4236
78 388 306 -2654
191 209 198 -4477
1419 9 404 3660
234 408 168 9530
401 342 170 -2501
919 145 352 9356
1419 349 354 1530
272 81 272 -6221
169 386 220 5405
1002 330 312 -1946
1467 193 218 2678
1493 321 112 2721
88 287 460 7960
275 264 476 -5713
102 268 386 7834
139 51 462 -2068
934 426 440 1487
19 348 328 -4931
33 429 188 -7364
343 21 60 -54
246 306 348 2850
1082 226 372 4302
1413 274 458 2545
600 270 116 -4758
901 248 6 6309
280 156 48 -182
559 110 292 2741
774 329 382 2504
432 7 34 -7622
209 232 142 7927
1077 143 38 7630
648 303 276 9513
521 416 382 5260
1226 4 350 1320
1063 201 110 1127
1465 411 150 6924
1212 117 430 110
1445 252 184 1289
510 39 156 5404
953 286 90 2758
1345 159 128 -1155
1338 376 296 -7419
917 372 54 -8597
539 343 310 -7272
1076 316 478 -6252
206 339 372 -9302
230 339 194 3392
489 369 162 406
176 105 32 -5458
1114 329 428 6167
1344 216 472 -2278
415 321 454 7778
1484 410 206 -2764
1208 108 314 -3950
1219 347 146 9090
72 82 44 -5685
1317 55 312 766
168 299 304 -6502
480 95 294 7846
316 398 358 -1273
790 389 336 5013
330 387 388 642
1352 351 204 -79
355 45 230 -1458
1474 323 338 -3921
802 153 282 -1674
1403 305 260 8540
1248 278 406 1506
1173 243 30 1131
192 26 168 4574
1359 4 84 3420
103 247 176 -5425
897 340 448 -6672
1278 174 448 -4985
193 416 268 -3333
700 98 14 -5035
89 147 446 3384
595 412 166 -4880
1026 374 160 -9502
505 386 328 385
1363 353 232 8554
1335 122 88 3239
173 271 158 5755
959 337 292 5087
1040 19 146 6204
280 295 106 -4013
856 28 390 5927
185 285 170 -3840
364 148 434 -6174
597 38 444 -9686
193 390 178 -5815
1423 17 154 -144
1450 50 434 4654
33 405 206 -8757
132 121 234 4984
310 190 342 7256
179 366 426 3692
560 220 174 -3192
1344 205 350 -6763
611 356 18 -483
191 290 140 -6338
841 150 6 997
704 424 32 4609
226 189 390 3668
1481 317 290 -3268
25 308 228 8012
241 421 182 7278
829 379 474 1414
912 385 168 2113
264 402 338 -7357
534 411 182 -975
362 166 322 906
1086 411 132 4457
207 295 62 2442
963 60 406 -6172
100 155 268 -5024
485 105 434 6505
650 357 102 -1366
853 257 134 7471
1047 132 428 -1150
534 3 258 -9681
1377 143 354 3758
432 333 138 1788
1163 77 392 440
96 20 188 3635
958 115 100 -2659
1177 244 210 -8701
1475 226 18 -5570
1405 290 14 -9315
284 298 206 -8191
619 360 6 -4894
475 369 220 3807
1421 170 366 120
999 380 238 -88
390 104 302 9880
1064 6 174 6786
401 65 136 316
1103 215 60 2806
831 127 306 -9220
569 417 72 -9017
1451 60 274 -51
1117 98 52 -1025
933 15 74 7185
403 360 82 -5290
1100 354 330 2285
1059 195 328 373
295 40 306 7972
131 416 56 -5769
1078 285 330 6737
1440 6 102 6484
22 315 116 7234
809 148 34 -6790
1224 196 420 9970
561 426 6 1940
388 326 4 -2616
879 133 252 -3326
844 39 70 6693
908 164 166 3054
907 150 54 4734
579 35 352 -6184
718 178 162 -8551
450 153 116 -7953
315 78 406 6698
1143 292 310 4100
760 114 338 -9096
698 428 384 -7842
1209 182 184 7650
1139 255 172 -1709
1395 213 298 -5272
541 29 102 -4646
952 171 458 6313
579 208 460 -6498
3 274 54 -1579
780 223 84 8416
531 136 168 -1677
589 228 182 8935
1290 163 58 7187
556 378 364 9633
1447 432 306 -473
673 218 378 5309
1056 272 246 7378
838 162 268 -3649
1350 205 400 0
888 255 142 7436
1033 58 462 -5662
633 213 122 -7049
162 379 448 -6324
1103 375 320 -845
836 334 410 -9994
166 54 396 9527
1369 22 204 9092
1410 21 64 -7801
25 116 262 -6335
251 255 374 -7224
184 321 358 5173
1389 360 268 -2963
596 161 142 -3807
1288 240 320 -2565
40 350 192 -5718
767 347 384 -1235
849 337 192 -9459
1002 121 118 9103
427 124 212 3222
926 344 320 2087
789 88 124 2173
976 265 416 -1013
1152 37 380 1891
333 393 162 -9935
194 187 148 6375
819 131 240 -589
751 274 56 9260
1497 316 336 -976
1449 0 156 8109
76 188 422 2742
1128 151 170 3806
793 285 248 -7302
223 229 460 5957
1024 393 334 -131
1067 401 434 2045
998 198 68 -8302
747 38 440 7846
1260 416 434 -7180
937 79 202 -6123
906 104 418 -4729
494 431 196 -9530
927 254 346 7180
711 49 296 8767
857 401 242 8178
1224 200 404 6857
58 391 376 7631
1054 227 98 -8858
1318 379 266 -6032
770 54 476 4090
34 262 192 -4382
457 302 410 -5362
635 41 162 -810
378 421 308 -4719
679 207 306 -1373
1146 250 14 6806
615 304 368 -5724
407 388 348 8370
1252 364 268 -5016
1147 274 322 -6577
427 49 108 1149
35 222 474 -4257
150 392 200 -2258
1482 9 28 -8824
1079 422 462 -1316
237 216 236 133
344 412 214 5125
602 153 316 -3212
1283 274 160 4191
32 154 144 -4369
1258 117 110 6821
509 347 360 -761
1463 21 238 -7686
640 234 230 -7413
1257 319 362 -4604
363 430 392 -7001
807 135 222 335
1345 197 332 -1557
725 422 20 -1564
1427 11 84 9320
661 269 268 -2508
593 138 146 1789
1049 255 346 5218
1380 293 426 -850
367 14 262 6031
185 150 344 -8449
497 90 196 1623
1237 273 292 -186
795 320 318 -4733
1167 281 458 -2177
998 405 232 8567
1490 120 124 -2522
498 16 450 -2669
447 283 470 9684
735 56 10 -1357
1142 118 460 -1084
1337 358 142 -6522
249 200 104 -7847
602 272 392 -2215
1012 19 174 -7205
1187 196 402 -173
1061 180 274 -9913
84 308 384 3968
1245 307 388 -4471
675 196 434 -8906
885 18 272 -9461
165 332 238 -2431
423 244 296 -2210
246 28 24 -1919
1160 63 148 8074
268 310 282 9616
380 370 378 -1603
1350 214 192 678
1031 92 146 2571
1279 404 476 -667
52 12 410 4330
178 423 86 -5407
1400 94 160 9020
702 64 114 -1430
475 44 326 -8020
289 15 62 -7904
1346 244 180 7653
881 47 386 -9082
419 400 80 3568
897 394 412 -7383
905 176 4 -5785
1245 323 460 -9826
388 372 186 -5512
1341 37 36 7414
1218 22 56 1575
1185 171 240 -2806
725 194 270 -9553
146 68 138 -8007
1240 72 426 4591
494 113 142 -53
1236 298 114 -6820
1229 415 298 8230
714 68 156 8858
266 174 198 -8726
986 341 234 -1828
837 180 120 -1040
1334 93 296 -8026
162 167 472 -2434
1106 157 310 1695
910 81 208 -6067
1422 44 364 4445
462 30 344 -2261
1225 319 128 4652
964 293 456 -8297
1333 161 400 8984
1116 145 196 -9501
700 419 236 6394
1052 23 162 -198
310 313 4 1495
749 367 90 -6733
1258 356 106 1090
644 246 208 6948
1204 389 58 -9433
515 90 272 6024
438 203 224 -4083
1376 299 174 -5850
748 151 230 3331
614 219 356 4018
201 100 36 574
323 225 328 9052
1150 271 136 6255
747 339 326 -4146
977 34 54 2817
1181 324 142 4857
1344 156 92 -9689
471 384 152 2311
619 321 412 8969
1319 371 468 6549
41 99 322 -2987
366 32 64 -2256
485 410 472 9494
1138 323 388 7841
155 202 160 4503
1113 294 270 7135
741 201 410 -3985
755 414 466 7995
743 371 320 -8154
730 202 394 1597
856 425 370 -8010
167 192 318 733
1115 198 328 5563
597 416 122 -8710
1258 134 80 -3614
1082 158 328 1505
345 87 88 953
800 327 40 -1535
1492 130 428 -5594
492 203 136 3659
1105 332 360 8271
813 145 392 3166
343 75 66 2138
1349 378 80 2251
868 254 80 987
1448 423 38 9183
264 119 86 -916
406 249 52 -8919
35 417 384 1013
330 34 70 547
572 283 176 7201
1301 384 264 -4219
40 229 150 7130
376 397 20 -4019
125 248 396 -3298
1487 192 268 -3796
182 135 436 -3066
1190 9 182 6620
379 253 256 5993
0 192 84 7498
1278 301 352 4939
922 161 472 -7659
1464 171 302 4712
375 180 206 3468
748 320 376 -5693
1061 301 386 -8890
191 210 384 -220
254 260 112 -40
1039 77 162 -8348
492 109 406 2308
703 104 322 -8781
951 23 72 -4746
720 245 120 -2164
1164 345 192 -2776
1473 166 10 6384
1253 53 132 3695
263 70 398 -3604
121 405 392 2065
54 309 4 -4787
1069 396 44 1632
1400 401 438 8369
109 9 444 -1760
767 363 372 -7260
954 223 218 8308
1001 153 462 -1242
1251 19 372 -3748
196 334 64 6825
259 123 438 -4312
244 124 370 -9481
703 275 154 -5199
1002 188 96 -7130
198 254 398 7948
1044 298 406 1775
620 64 40 768
522 125 348 6220
1363 204 250 -5138
602 380 372 -9164
434 331 400 1659
317 416 8 -6297
476 236 28 9947
1027 114 56 7175
714 238 190 -1616
626 332 100 2133
1314 89 82 865
260 366 268 4806
495 301 68 -5199
1372 362 94 -5530
363 314 298 30
38 404 46 -3138
210 177 424 -4454
65 291 324 3046
615 311 438 2870
443 300 260 -392
703 322 124 9491
46 159 86 -1973
157 410 108 7123
560 353 306 1120
417 1 298 -637
949 265 444 5221
1389 9 394 -4200
1067 51 348 -8986
101 32 424 -1945
1291 52 278 680
188 64 120 -3757
800 357 268 738
1340 393 402 -6831
916 95 10 -2790
1230 103 306 8422
414 27 366 -94
426 359 104 -5763
770 353 420 -6719
443 412 402 7987
958 23 242 -346
1366 165 142 8487
166 300 138 -5409
336 113 4 -8421
1093 280 420 81
999 255 438 -5587
402 122 316 -9574
740 177 2 2885
468 397 38 80
346 205 142 -4039
1319 157 302 8795
1118 421 366 -6655
1175 429 56 9477
512 93 256 5125
609 42 218 -9005
657 86 178 -4890
303 204 230 2151
991 22 280 6975
202 226 22 6743
1178 101 236 -9963
1224 150 234 1549
1272 316 388 -3762
1283 318 214 -7040
77 338 216 -4373
1364 283 276 1289
1302 23 412 -2822
556 71 476 1634
1425 139 198 8492
1328 363 34 -3697
1010 189 32 -5227
983 314 20 -5178
589 171 362 -7744
827 142 144 -5558
1205 424 198 1022
783 243 72 6736
318 340 60 -4728
897 401 192 4997
287 368 160 -728
395 93 88 9159
605 266 64 -6046
1163 212 410 5117
1134 151 362 -1810
846 120 38 4331
806 149 86 -1496
1248 109 40 -7694
190 76 198 -1741
1390 413 178 -1406
990 240 308 3193
511 116 2 2781
490 381 146 -6113
1230 11 56 -99
1039 203 132 114
882 35 308 -7783
481 405 12 -1230
414 358 304 6343
1213 130 16 9196
1342 17 198 -8683
1113 349 2 992
677 115 426 -1857
760 151 450 -3768
574 12 360 -8250
494 241 178 -4204
152 136 368 6898
319 204 432 5077
1221 355 404 -1376
210 271 84 4826
11 312 426 8545
639 209 208 -5708
400 222 64 4038
751 309 294 7911
1447 362 454 -3486
201 164 302 715
1140 214 430 2261
954 370 386 -8268
1443 428 332 1866
323 342 286 1283
475 259 282 -8154
726 381 54 871
147 148 72 -9531
103 54 88 3743
742 134 16 -5960
1475 214 48 411
224 400 18 -5285
140 398 44 6415
804 362 352 6189
285 67 238 5159
482 262 176 1723
670 372 404 5036
392 160 154 3689
715 339 162 1816
1359 136 372 -5886
360 34 478 -6861
62 23 242 5759
1045 220 436 -7138
904 398 216 -7389
1342 69 278 5862
977 239 304 -5491
373 338 362 -4095
1061 264 12 6716
1273 346 248 4616
440 156 278 -7324
697 275 266 4570
616 132 60 -9302
494 432 206 4241
1467 48 152 -9216
356 294 2 9483
1049 165 422 -5318
191 288 18 -75
378 363 266 -2299
103 41 116 1387
465 416 176 -7983
668 392 146 8315
520 420 142 5998
287 422 286 1956
556 284 78 3973
353 145 288 7927
165 162 198 5340
387 266 296 -2417
791 360 310 -7385
203 387 50 -141
1127 281 154 -9311
425 1 406 3191
1401 282 334 9977
752 248 126 2849
279 40 34 3666
244 241 306 802
1428 57 300 993
1341 265 30 -8674
869 398 38 2917
90 318 296 7036
974 126 42 5502
866 116 24 5824
676 142 470 -4992
1253 322 256 -4209
383 328 418 3961
656 97 186 -1531
802 244 440 -5777
1151 276 434 6204
1451 121 142 -1702
1459 313 76 2109
564 74 434 9888
812 350 180 9603
1412 90 130 4038
897 81 262 2046
766 54 454 7204
42 287 406 1364
746 320 290 -7973
573 352 398 -4176
1091 120 464 3163
1130 418 62 7400
1488 262 300 5992
1080 258 398 -4819
523 44 394 -2643
705 228 370 -6833
942 35 76 -8621
115 152 216 4171
509 381 242 9821
558 191 204 -443
1451 416 10 4000
255 35 406 67
719 405 144 7283
1251 54 248 8564
121 50 2 1757
1256 366 220 -4568
1310 309 220 6960
166 325 176 -1987
195 269 348 1441
556 414 196 1658
221 32 448 -8994
1304 221 398 4658
1275 78 350 2617
785 15 458 -8428
773 201 180 2586
810 208 134 -4190
368 24 432 6930
483 312 148 -3218
410 244 434 -8782
1065 146 348 6612
629 349 338 -1608
111 73 146 845
1178 235 358 -8630
81 402 458 9583
1115 293 458 5491
870 9 110 -6379
479 162 32 7328
493 340 86 6165
175 294 14 -6651
121 305 192 -8491
1010 70 118 -3702
161 17 2 -1412
1241 219 354 4638
395 111 224 -3426
892 328 108 -8571
560 337 30 8553
1197 95 82 -1457
649 195 220 639
895 196 290 -5351
326 212 184 7139
252 157 32 2157
117 269 186 -8186
728 227 372 3318
1271 205 368 -2261
391 281 206 896
254 155 232 5014
467 250 308 -7503
107 347 430 -933
407 36 344 7821
8 223 100 -4274
838 40 226 73
1180 96 210 9272
7 128 398 -6580
53 343 380 725
971 391 394 -5150
1224 245 448 -7211
1338 228 198 7553
561 259 432 1465
785 42 242 8721
1085 156 438 8514
695 355 402 7053
1058 9 448 917
14 344 74 -2244
1360 97 112 2313
577 306 256 1402
532 15 178 -8019
1494 185 106 -4114
1043 411 90 -8657
961 420 282 7348
268 144 174 3800
22 235 424 3731
1215 75 408 3142
889 116 434 4822
1397 187 450 4353
181 388 66 -605
382 297 118 6262
1449 61 132 4519
548 288 390 7596
79 150 90 -7931
312 161 378 3656
701 427 216 3715
708 244 90 -8501
1317 347 220 5131
420 319 296 5348
331 407 142 -1222
254 398 316 -2151
1059 402 122 -3921
137 32 6 -2139
102 318 462 3931
183 42 352 -1100
1489 391 394 -6262
643 217 76 9292
922 366 476 4450
350 145 34 2627
1326 40 228 2326
727 102 372 -5621
693 324 346 -7735
454 217 372 6336
657 43 156 -3676
1092 71 342 9391
843 361 246 -3838
508 121 298 -9215
884 260 46 7002
544 51 280 -2386
255 242 312 1421
1025 176 16 9256
943 374 182 1902
839 13 234 4829
743 213 68 6173
253 204 116 2381
1224 378 344 9703
159 24 364 4949
3 214 58 7601
1213 424 350 4081
1364 103 28 2595
1478 338 332 9150
1249 376 118 -680
1428 66 376 6499
545 122 382 4633
366 195 162 -2766
690 106 202 -5426
756 58 438 -2270
1319 420 320 -7601
505 426 382 4104
1487 318 348 8405
328 294 254 -9535
1122 417 282 -317
1055 3 274 -9120
1143 388 470 -3404
157 244 110 -9249
1262 399 376 4325
744 229 84 -86
124 335 190 -5979
368 356 462 1336
415 383 432 9947
1038 359 376 -7811
65 129 24 -8551
1269 141 102 -4265
544 352 230 8512
364 397 432 -5853
899 93 298 -7881
834 351 198 -5061
681 261 466 4033
1333 49 108 3157
1075 232 122 -3935
286 408 160 -6203
822 0 114 2067
48 98 390 -2466
961 261 286 1392
1338 399 340 -3388
803 91 248 7364
322 347 222 8177
46 131 42 -6661
607 360 430 2523
1219 362 212 3923
947 243 228 338
28 401 138 -6475
1334 263 348 -5213
87 336 74 4477
819 70 50 -2825
929 110 162 -8367
1360 246 412 3614
1001 69 252 6243
1389 391 138 9489
1432 353 290 5915
1467 235 16 8930
1027 39 20 -8183
218 281 314 -2594
989 417 66 511
778 196 76 4019
1274 190 68 1381
1272 357 48 7148
1125 340 314 -3775
1483 127 74 -4277
896 18 432 -7600
1237 358 166 6447
923 180 50 -8999
354 294 70 2885
1438 251 170 4648
866 148 228 -3713
671 207 28 -2680
305 266 154 9985
614 36 366 -3837
978 294 330 9902
1462 320 110 -1832
1252 380 50 -7868
635 146 208 2816
26 240 238 6126
1375 101 296 -6065
325 255 48 1990
1298 298 106 1230
907 332 402 7492
335 20 304 -8027
1332 211 264 3134
1419 197 114 -2275
722 276 86 3185
883 347 280 1687
285 162 14 -8962
1101 16 138 8772
315 394 268 -7048
1118 120 332 115
1284 208 32 4259
774 272 104 7091
1435 52 376 7889
630 303 196 8920
1141 398 434 3119
751 210 178 -2349
1496 223 200 -2344
217 331 408 -7397
776 70 122 5327
1020 32 318 -365
569 240 410 -8719
1181 388 348 8735
824 300 56 -7044
858 248 354 -8198
860 357 70 8073
102 68 342 7273
882 152 192 -1561
1414 64 452 -4521
706 297 32 -4152
1129 252 384 8530
748 412 66 2054
874 237 398 -4610
176 96 296 -4142
505 360 70 -7103
641 140 356 -1115
530 318 172 -48
198 215 204 1733
308 24 104 5998
345 293 390 6746
1447 226 206 -3736
326 11 88 -9612
276 196 224 9790
360 181 224 5998
344 195 56 9664
1165 340 90 2151
103 183 434 -8247
756 275 274 -1944
975 384 146 -9152
1378 325 478 -9647
1060 34 60 -3385
1353 151 354 -4835
406 213 246 -8047
430 114 308 9337
56 87 422 4331
1124 26 306 -6506
1302 17 258 -2394
119 133 432 -8158
925 424 412 2774
93 170 232 -4759
417 294 212 1246
255 98 120 7337
257 293 386 4395
694 138 132 3373
114 61 16 9763
293 88 238 -6643
1138 261 158 -3480
1460 26 360 -6459
543 216 412 -1495
774 254 218 4766
395 132 50 9711
530 273 414 -741
35 244 154 4177
10 359 4 -9853
876 156 172 -6352
600 394 410 -9748
1113 73 388 -9711
414 148 462 6724
1174 67 368 8764
697 82 362 -2231
151 274 348 3859
1446 169 110 -8293
1207 230 266 -8724
978 114 172 -4221
223 231 18 -8395
484 300 294 -486
55 255 326 1401
1275 246 168 7071
1017 157 32 2470
1478 359 126 5322
456 389 162 6106
191 217 132 8849
93 20 398 -8737
202 409 294 -7628
1135 180 426 1675
1150 198 158 731
37 25 42 -4104
606 141 364 9713
150 412 86 9835
117 184 330 -9652
119 34 106 8587
284 333 464 9571
1288 211 326 8459
1403 213 452 3376
1164 75 122 -133
1053 366 38 3335
687 0 180 2234
973 77 410 -5906
110 168 418 -6935
367 134 392 -4582
1459 385 446 5221
533 152 264 -1446
1117 94 154 6549
806 130 380 7506
1229 323 302 -5810
1328 293 54 6605
35 388 138 8555
1035 134 152 5981
587 296 330 3279
1153 273 314 -1544
279 9 384 -5647
287 35 20 -8404
370 267 150 -9044
575 96 92 7122
504 25 416 2231
473 83 284 -6107
228 125 38 3744
1446 67 428 -2752
1189 203 456 7747
703 332 264 -9450
513 25 384 -3991
549 22 330 6570
698 10 274 8435
897 95 458 2006
1082 278 402 2624
1235 105 140 2547
1233 359 354 -1530
418 227 242 -7567
1241 64 34 -4791
284 31 314 -8370
1018 217 156 3111
756 276 246 6852
479 359 360 -8327
892 29 374 4498
165 351 46 5249
196 221 78 -627
1136 424 314 -4498
954 121 270 6916
29 259 322 7362
606 275 230 3788
312 46 192 -7261
47 427 410 7094
382 91 210 -8058
1326 137 62 -5430
866 143 288 -671
729 246 26 -9259
1168 428 22 7492
527 342 190 -6561
296 32 118 4005
628 102 442 3823
416 357 42 -1307
1126 72 66 3378
797 106 202 -1795
214 247 66 -3659
944 404 124 4236
56 321 286 3133
1061 194 372 5154
285 16 76 8432
232 314 392 8472
5 238 356 -6411
530 369 412 7441
678 99 98 2004
78 191 326 -5680
150 256 424 4781
482 96 364 8817
210 197 62 -429
661 275 432 -1670
626 172 120 -6458
979 333 212 -8051
773 293 164 -2200
683 423 276 -8369
1396 89 214 489
1422 90 374 -5088
333 1 324 1940
342 83 392 -3639
204 111 328 2222
1205 179 280 -8520
1092 158 38 -8244
1214 49 394 -3670
870 312 152 1204
62 232 50 8746
1122 239 472 171
363 218 58 5388
91 430 6 9108
467 165 196 7139
248 225 186 7175
1143 348 144 -2161
377 360 416 4914
325 390 420 810
818 150 280 1100
842 341 380 -2444
1236 223 242 9797
1014 212 310 1775
529 272 196 8204
1355 109 378 6526
504 212 230 5848
1096 80 8 1911
296 184 188 5023
541 240 30 8394
9 430 250 6189
901 199 232 3183
1414 298 54 -1536
1037 205 354 -2650
1014 139 170 -3999
1085 267 428 8509
357 267 180 -5194
807 210 364 466
191 385 432 9831
872 72 458 1822
869 10 240 3813
1122 14 72 -7884
504 284 302 4779
557 192 408 1177
1147 194 90 6109
228 231 270 -854
446 353 114 8602
237 106 34 -8189
1256 130 302 490
864 227 440 5879
1294 77 14 -6742
330 63 102 5006
1154 138 296 -420
560 324 94 -7673
225 223 212 3880
318 161 454 162
1109 353 118 -6879
50 105 214 1751
545 314 58 2548
1190 182 150 4403
77 139 112 -5878
656 0 436 3711
904 418 114 7538
1045 311 2 1820
980 99 124 237
913 75 384 -1288
904 73 148 -6990
1430 58 200 2794
670 283 150 8647
640 303 42 -249
1144 22 432 -415
304 354 52 -3685
1305 292 58 6518
1155 199 374 -8956
29 302 294 -8220
814 196 234 -618
421 210 330 3644
1144 247 244 8928
1196 414 36 4187
282 14 398 2489
1476 46 424 -1313
1405 389 108 9696
346 397 210 475
1445 263 294 3690
27 259 238 -8578
132 368 470 3053
1141 228 438 2432
1101 145 250 -9926
1429 350 418 662
1385 266 402 7522
1422 202 286 -8777
437 260 242 -1372
35 115 216 7748
1254 294 278 7799
1318 23 280 9684
952 98 298 4795
507 201 324 5179
1088 217 18 8557
473 183 50 -4946
684 97 352 -4132
1476 119 278 -2099
16 91 54 -4303
368 81 258 6763
80 120 216 -5318
1063 96 400 9439
986 26 448 -8703
82 97 454 568
288 93 218 -3554
1069 334 18 -776
459 70 132 -6334
965 273 16 -3498
223 383 152 -7596
835 353 252 285
995 226 18 -3099
1069 198 2 -9126
1130 408 428 -9464
178 37 54 -8432
446 159 464 -9836
473 48 14 1883
795 225 448 3751
1320 137 242 -2238
813 22 92 2385
1188 1 440 -5672
844 179 64 -1487
587 140 60 -8242
808 289 242 -9000
1293 346 188 3557
339 355 250 282
514 232 144 -3936
1285 71 274 3205
1018 116 10 7779
1223 258 252 -5370
404 215 84 8889
743 401 278 -5668
1099 351 366 1389
1058 138 250 4766
404 178 304 -4406
