470 261 480 2798
1192 414 84 670
1319 12 436 6634
1379 460 400 4068
1246 232 432 -8454
487 47 156 1998
615 104 320 4369
12 178 370 4524
1240 344 312 7536
567 146 134 -4006
511 357 478 5793
452 257 160 530
374 114 462 4875
59 61 294 4937
619 194 166 -1338
476 161 82 -7580
156 382 460 9419
707 386 14 8866
1493 244 398 -2685
780 294 130 7033
1466 34 198 -87
1472 283 192 9190
1323 130 104 -5764
1465 364 178 -8264
1177 82 202 5470
878 293 86 -1407
658 5 18 -5926
1117 270 282 3474
1456 286 430 4307
1186 59 180 -3097
259 133 74 7934
1240 178 220 7353
254 229 342 619
1245 343 440 -9149
1291 361 228 -1954
705 235 40 -8934
677 242 254 -1535
810 54 376 -763
871 99 290 765
937 408 210 -6433
860 352 176 -4982
758 351 202 4362
1180 169 402 3466
1259 347 396 -9841
864 342 404 -9113
332 397 410 -3891
585 66 350 1356
127 331 404 -8357
568 12 94 -8493
299 101 376 657
242 79 188 -3835
264 173 112 -3904
1247 269 118 -2133
987 412 228 -33
1174 361 258 -7952
53 348 420 -4833
1122 363 206 994
849 140 64 4097
320 415 176 5044
818 221 418 -1718
64 322 446 -2020
826 132 114 -1770
470 206 56 -5241
188 337 370 -5222
354 304 134 -2088
1003 222 130 -7774
1424 10 366 -8450
98 65 338 5190
7 218 104 -9385
601 462 252 -623
1288 162 186 6478
132 71 258 2303
1285 469 126 -3076
1346 14 84 1209
64 414 330 962
789 220 268 3779
983 75 110 -3156
597 253 82 -6087
517 31 230 3098
586 98 266 3231
1486 295 160 -8385
406 458 278 -5146
482 301 436 6752
1359 157 38 -3223
786 331 182 9669
749 340 42 9311
1473 459 404 1459
410 111 296 4759
573 339 82 -8009
169 259 456 -496
1291 228 368 1062
1323 18 202 5608
1248 178 228 -2747
862 461 410 -4179
165 160 104 -5728
544 9 60 9494
121 13 352 -3815
185 3 348 4397
332 386 140 -4107
1086 273 302 -8005
1446 426 10 6687
1306 447 52 5959
15 384 428 1281
1070 393 162 -292
137 142 200 1190
108 212 298 -149
1396 12 170 -4794
420 407 2 657
118 359 216 -8153
237 455 56 4781
843 424 142 8583
132 136 328 -2130
79 423 212 3573
1108 117 238 -4017
449 423 64 4366
1186 176 92 167
1430 147 376 -6588
1290 71 414 -6508
1323 254 82 -8027
1278 212 370 -125
1107 178 400 -469
404 52 90 4300
1189 264 342 1526
859 442 156 -9035
260 351 202 2465
1340 346 304 -4058
208 206 50 6427
280 298 338 4470
1298 133 378 2356
1494 133 148 8809
1025 414 286 -1284
864 258 230 -7082
203 289 370 9614
81 44 370 -9705
1230 201 292 5667
555 201 98 7431
1398 199 272 -9068
1482 394 416 5784
419 323 240 -8727
218 354 398 -6837
937 77 72 -3251
1245 209 10 -4128
1045 228 82 2207
938 328 216 -8035
949 37 174 -6251
348 268 102 -5642
125 284 248 -862
481 110 444 6653
754 393 476 7895
1490 215 142 8523
1164 41 310 3412
958 389 96 -7617
564 438 478 2282
1468 182 166 -1696
988 47 348 2214
713 441 144 807
851 381 176 8797
117 244 166 52
1411 183 200 -6076
594 188 412 7435
210 459 152 -14
326 280 192 -6754
1003 379 226 -1298
764 167 36 -9329
278 4 78 9879
1257 159 442 7625
798 10 176 -3441
895 389 282 -330
1217 444 82 261
1301 110 148 -2750
524 172 280 7784
885 446 356 -800
1473 283 108 -5548
942 186 66 3597
373 257 146 -4724
267 84 212 -6162
1335 118 360 6517
1340 405 136 3217
938 33 42 3730
1484 339 284 -8362
26 376 156 -4371
802 377 240 5205
1464 48 436 -9104
409 360 476 4238
999 45 140 1826
1287 389 160 -4601
1280 366 270 788
288 154 434 4995
1255 191 446 -1875
924 43 6 -2713
29 319 292 9284
488 162 320 3372
884 256 248 5441
276 245 182 -505
12 255 58 8714
1018 457 164 2167
84 249 250 9270
1380 356 318 -4677
524 58 476 -7602
818 241 182 -771
509 142 380 -9621
1166 456 254 8915
457 124 450 9042
413 97 452 2259
1287 219 398 2571
480 6 418 6124
842 378 462 -4643
928 247 338 934
625 78 46 2041
874 220 336 8783
726 84 278 -2224
845 297 90 -2024
174 389 206 -7993
1087 357 388 -9689
870 177 216 4709
889 160 318 2322
536 123 336 5258
722 283 104 -3950
866 356 260 4886
35 390 308 -949
676 375 42 -9621
230 20 142 -3804
721 357 424 -5478
1121 80 310 9725
781 49 322 -9425
184 51 52 -3768
572 19 8 -1521
908 152 202 -8634
462 86 324 -5718
774 459 274 -5239
932 101 100 8567
285 188 308 -2321
700 297 422 2473
1295 121 238 -1204
1434 80 276 -169
1327 281 58 5291
1406 303 388 7675
973 200 96 8935
1020 296 20 742
207 74 326 -1287
1158 32 280 -9054
79 162 454 7620
1272 25 218 5500
17 354 22 8797
133 332 342 -2056
551 181 320 7470
151 294 288 -1407
857 326 476 348
586 468 342 -4637
1340 81 140 -6202
589 339 292 2423
713 279 434 -6093
1134 212 454 4603
442 307 24 -3786
222 132 332 -9230
202 112 62 5885
746 16 454 -1266
1478 171 434 4993
111 38 282 3534
392 463 254 -337
96 80 246 -8542
784 306 438 6871
287 376 408 5228
1096 65 166 -7090
1107 289 408 5882
1157 145 24 2868
585 465 306 2215
1228 28 476 -62
329 412 320 -9189
1341 181 176 8290
28 10 254 -4039
710 151 416 -1387
889 307 368 -4561
980 32 64 4579
500 400 426 5727
850 421 222 -9207
449 108 30 7205
1393 140 262 -566
1379 42 210 -7748
1152 22 254 9986
780 282 78 -127
1013 204 278 7592
3 124 90 1876
898 185 316 4445
1256 167 296 4274
1123 406 286 9172
252 295 192 -5744
1125 80 466 2987
398 120 114 -3633
803 330 456 -4171
1200 22 374 -4649
1392 467 88 -1584
1099 359 164 266
1094 261 224 964
1494 301 172 -7856
1172 144 250 -161
1206 340 46 6193
764 401 64 -2464
1125 315 236 -6675
667 190 410 -1055
650 318 312 1409
640 36 50 -6959
1382 266 296 -3582
202 381 442 7133
351 29 460 -62
842 215 104 -6114
33 133 272 2461
1424 231 328 -1234
589 287 356 -6747
1429 351 438 5774
1040 127 432 5339
683 420 226 3955
394 393 264 -2818
512 385 240 925
1075 28 114 -831
20 344 276 9266
1146 401 322 -1684
127 289 284 -5181
70 117 334 4722
460 103 258 -7253
320 85 476 -6985
382 245 62 5153
392 223 32 6750
155 258 84 -7148
93 67 160 5742
220 454 140 6826
860 162 254 7796
589 409 38 -3727
432 54 164 -3715
547 263 224 -410
835 126 272 -4504
1382 227 402 2798
1396 363 42 3969
908 11 14 -7234
567 72 208 4711
465 97 412 -9416
1281 256 8 7048
567 135 398 -7549
1468 403 110 9906
646 304 54 -9558
987 286 460 -7265
132 355 410 -8850
1299 96 106 6394
1047 456 234 6753
337 77 334 1835
1001 105 478 -4284
159 15 162 6728
698 331 180 -1081
347 141 92 -6446
629 11 302 -3869
506 150 326 -1941
1064 275 232 -4737
917 264 214 4017
141 154 262 -3953
984 1 120 -822
1398 124 140 -499
818 325 306 -1095
937 165 88 -3310
955 27 308 -4873
819 80 448 -461
873 81 352 9803
761 155 22 -5061
947 236 46 1776
294 105 456 5314
787 467 214 -2511
651 319 276 7242
1163 276 222 5482
1273 142 396 -6696
708 199 234 1859
206 393 418 1158
1055 345 428 -3038
662 442 18 -2360
287 429 272 -7331
327 382 52 8286
249 452 176 -8866
1129 383 164 -5177
1079 411 126 -5329
167 363 218 2725
186 404 252 3480
1415 411 376 9424
937 82 92 5069
512 139 230 3646
397 63 176 9452
132 160 448 7501
688 229 244 -2698
42 199 78 -5820
1412 264 146 9808
204 198 220 -4132
286 391 142 -3631
85 73 196 -2721
683 308 150 -8160
815 106 42 3649
201 142 336 -1524
842 186 432 3797
1040 359 402 7040
817 248 38 5550
56 114 82 1222
1238 330 238 4447
838 259 100 981
1342 234 416 -6425
1349 54 164 -1892
1205 227 448 -7665
622 438 468 -4354
825 443 178 -624
761 444 106 1520
341 303 388 -7036
581 32 468 -5456
544 41 250 8549
753 42 466 -7679
43 320 438 5960
26 296 266 -4165
1224 118 138 7153
202 200 56 -2324
694 301 276 5215
715 177 70 -7721
1422 420 330 8827
683 361 388 4591
1292 233 462 -6035
892 19 64 8980
1340 306 10 -4614
1262 44 188 5145
162 109 194 5912
1268 341 338 -8900
28 11 436 6190
42 345 36 5830
144 63 210 -4748
829 232 42 -9218
68 460 460 -8305
519 195 314 -2013
49 206 258 9639
729 53 206 3083
302 223 382 -7490
6 69 102 1780
110 78 430 479
67 173 382 -5090
582 286 474 4365
390 341 16 2643
358 216 342 -9242
1410 314 88 3037
1217 291 48 500
227 417 200 -6104
379 41 286 -2093
778 67 316 -1002
483 74 190 6107
490 383 134 -7856
444 333 18 -2247
270 138 196 -9343
1431 268 130 84
405 462 136 2084
575 156 90 3373
1402 362 402 -9281
360 45 296 357
530 333 80 -6710
532 184 336 -9669
751 463 252 -9680
64 163 56 -2318
1349 405 204 -9202
1329 274 460 -3599
384 355 324 -2927
1416 139 258 -9511
1450 184 382 -1862
675 234 10 -6072
1040 43 216 6874
1022 447 60 4473
627 186 14 8857
675 80 204 2901
55 174 36 -7729
1226 181 254 1024
845 247 464 -6696
1367 133 434 5570
590 239 400 -7388
641 289 344 5443
788 466 2 -9520
1362 197 478 -2104
1421 320 60 2650
901 410 318 2164
369 230 402 -2302
1077 226 472 1103
847 420 296 -1960
1369 228 170 3120
508 438 62 -1882
377 117 436 7733
420 74 22 9150
596 249 46 -2331
584 14 232 1699
1078 131 148 5227
547 270 96 148
650 160 164 -6016
170 433 360 -5130
753 321 120 -9545
110 422 60 7999
194 360 382 -810
995 364 50 7674
167 139 142 -2728
376 27 140 8419
890 56 322 3588
979 145 6 -7611
55 354 328 -8259
913 397 196 -1633
1178 434 162 -4581
159 178 198 -6313
809 271 328 -3322
1236 168 52 -2048
1416 334 392 8153
151 393 40 7829
20 460 144 6005
269 53 288 8038
1462 106 396 1985
778 398 360 -36
1026 282 380 -142
600 434 12 -1421
1041 437 142 5872
29 210 314 5260
562 352 112 -2793
1069 259 402 -2821
1111 118 368 -4520
567 45 452 9500
824 51 38 5153
1368 31 70 -8190
142 341 472 4225
895 324 126 -6748
1169 359 252 -7446
851 415 380 -3298
1441 296 92 5066
1236 360 124 4231
748 4 60 -4545
888 445 104 8137
332 438 290 -8032
789 236 260 -7134
405 126 306 5594
963 303 390 0
584 393 190 -2108
522 408 184 -9592
1135 266 414 7912
98 141 132 -6858
499 266 94 9582
248 250 98 -2635
1013 406 52 -4351
1454 343 202 -7174
871 394 118 -7655
554 39 140 3397
29 465 150 -519
624 13 46 8194
785 96 84 350
226 37 358 6108
118 116 54 4592
608 183 54 8389
698 278 416 -7686
1267 433 76 241
1277 376 284 6411
785 373 56 -8670
1227 268 368 -2516
489 116 50 5937
1438 214 242 -4069
1270 266 226 3213
1456 462 154 9647
52 15 60 -3617
821 5 300 -8016
410 83 410 -513
239 358 412 -8201
319 110 318 6009
316 227 378 -857
443 434 144 3038
980 326 472 -8213
119 20 312 2749
784 159 386 -9873
634 89 70 9717
706 193 44 -201
24 313 174 9564
779 401 6 6201
223 461 36 -6528
126 458 152 -2872
728 250 18 7186
609 151 242 -3286
63 214 376 -8352
682 362 294 -659
1487 412 404 8728
916 426 474 -4634
1290 195 456 -8195
119 15 30 -1690
232 33 200 -9925
1177 206 132 -94
1276 380 416 -9102
1368 180 454 -1416
1334 333 444 -9224
1069 398 398 3988
186 445 398 9418
1487 442 100 8794
1095 434 30 -5793
876 423 232 -5961
1346 206 310 -7425
242 361 198 -5249
299 197 426 9985
427 423 84 -7811
419 332 282 -289
1166 139 400 -4019
496 233 228 -9197
505 306 382 9143
46 384 96 -1423
609 446 144 -2244
1326 217 240 5146
1036 135 332 9524
1009 283 138 6018
1111 75 342 -5572
829 106 172 779
1172 457 352 -5158
205 359 106 -5126
252 201 240 4831
1217 28 62 6676
102 346 146 -1960
1464 62 290 -8141
1113 157 120 7588
511 187 446 4021
887 58 416 -4083
493 14 142 -4557
175 230 102 8951
1055 41 220 -2371
718 0 158 3312
294 57 66 9656
1235 29 228 -1662
1159 349 148 8328
332 137 436 7114
714 344 118 766
876 258 406 -9187
315 269 188 -482
559 151 184 4653
584 350 386 8238
114 372 472 -452
1000 176 270 -9309
90 196 330 3671
817 320 280 -2151
304 116 256 4188
755 145 432 -6731
501 380 192 -7329
291 54 110 2425
342 392 64 -2059
430 249 142 -2576
1150 279 190 -7042
1291 37 342 -673
1165 433 240 5696
945 180 444 8271
1047 371 62 727
717 218 234 -8978
171 85 434 4234
631 310 28 6084
20 163 250 2106
689 248 242 -3128
815 163 26 -8429
1233 297 242 4174
505 464 266 -2826
118 427 232 6415
1428 26 186 -8159
1411 233 48 9804
1230 12 336 -9612
496 286 158 2564
133 25 258 -1938
613 104 138 -3154
821 434 392 6394
825 368 440 -4570
999 24 346 -5664
579 26 316 100
62 398 14 -529
640 407 310 3504
806 437 80 5491
1030 317 84 -6070
469 313 428 -3238
986 72 288 8602
37 12 122 -9359
350 24 80 3598
852 201 342 -1669
1155 403 158 -1679
1162 5 180 493
63 91 234 1895
475 350 196 7358
1446 298 274 -5430
536 306 290 139
1313 333 150 -1962
1381 222 290 6567
812 59 298 5947
1480 22 62 -263
630 242 22 -1112
153 467 304 4112
1017 424 432 -4919
875 443 430 3052
184 18 382 2611
421 278 380 8760
1429 371 254 -2420
925 357 20 -2185
495 178 248 -8516
1225 290 372 8218
921 176 184 -2329
1378 26 294 4710
1158 4 446 -4863
517 105 74 -2812
1027 419 346 -4004
1072 418 6 6721
834 241 388 8946
90 23 292 1233
543 100 458 -6179
1486 423 80 9236
1156 211 64 -485
206 232 312 669
564 420 148 -3088
84 72 248 -3463
1131 467 378 9209
87 256 66 -81
238 152 36 -1488
704 154 80 9339
1093 334 298 -4503
1094 122 136 4841
1339 136 348 -8460
891 286 366 -2615
1260 423 426 1794
438 373 470 -7813
755 366 170 -1381
286 179 138 -859
1407 461 262 -9254
918 38 396 -9873
1172 181 422 6437
1014 152 306 -6754
784 11 292 -9254
574 37 250 9798
1428 237 408 -8437
66 200 346 3802
951 467 352 -3613
1405 6 474 2058
1467 288 132 6683
312 1 424 9470
1354 409 164 7042
87 274 54 4113
338 456 120 -9227
994 308 466 9524
507 309 206 6008
685 59 12 9703
444 180 68 -6489
1003 194 358 1848
635 373 420 6954
1500 110 444 -5674
233 161 388 4702
1076 147 200 -9771
1128 295 72 -3585
4 335 218 187
1217 155 22 -1565
92 48 342 3162
1066 457 160 -1262
246 44 246 4138
945 212 222 -4026
961 165 438 -6344
1235 442 290 -8297
875 129 158 -823
594 110 178 8164
838 110 420 6882
410 313 210 3430
250 133 118 9275
19 291 432 1120
1065 336 418 -919
925 400 470 4822
358 214 194 -9555
1170 166 388 -4174
1043 107 158 8006
1088 327 388 6997
1144 155 404 -1786
487 221 130 1137
1045 397 420 -1304
1296 272 288 8461
5 62 458 -7096
218 311 30 -6951
420 16 20 6552
699 300 192 -2026
626 188 286 2050
579 427 266 -2686
271 277 340 4778
1119 76 220 5649
733 74 288 -2747
31 401 314 2315
252 360 138 3985
752 302 264 245
877 61 448 5367
1242 430 222 3777
824 337 6 -7369
27 38 400 3479
1498 52 34 -1489
891 135 262 8733
937 16 254 6595
1416 58 40 3327
813 205 386 431
216 83 300 1339
1403 127 366 8766
1392 431 394 -2415
878 171 18 -9993
800 331 300 -8734
1069 390 216 8343
498 419 30 -9034
684 79 82 95
841 369 418 603
1394 281 414 4818
1215 326 46 -7925
200 260 114 7727
1170 238 142 2520
328 14 44 6763
357 109 352 -6449
967 228 122 6629
1369 20 416 -6950
619 51 108 70
377 30 120 -2416
1080 261 56 -4580
1377 14 328 5038
1269 98 156 9624
1319 278 76 3674
943 338 146 -434
62 191 316 -1619
102 425 204 -1082
1015 403 228 -7178
161 404 108 -6616
555 353 408 -2187
342 378 440 -8547
43 271 352 7026
71 91 404 -209
209 93 190 7819
1449 231 158 -3699
393 9 382 3357
104 128 98 6481
987 38 326 -7974
1041 185 354 -8047
1112 123 168 9154
1392 307 178 -6380
649 75 78 5195
674 19 410 -1302
300 334 194 1681
96 380 314 9775
835 16 232 -3517
623 371 180 -65
560 84 270 8639
1170 195 16 5315
935 16 186 -7100
68 83 38 2516
688 229 332 -5990
1452 338 98 5857
1276 129 144 289
1412 151 300 6638
1056 453 446 -1480
274 234 238 -2138
1178 164 342 -1796
378 203 426 4859
325 30 170 145
793 104 104 622
43 128 260 7394
295 150 324 9911
895 419 348 9311
128 125 476 4671
105 191 166 971
1315 16 454 194
1419 11 74 4618
295 314 238 7547
1187 119 184 3668
549 257 10 3551
130 408 82 2638
1373 130 390 9518
836 27 312 3846
371 270 20 -2308
1500 376 106 6741
1108 305 166 1361
708 341 450 7041
442 225 126 4608
1471 467 456 5860
868 273 154 -7211
1142 113 290 -3461
694 294 406 -1141
326 55 316 8503
397 462 366 7055
913 155 368 1718
712 350 28 6122
1086 123 78 -3413
283 133 470 5949
1218 320 260 9948
1178 52 260 7675
1212 266 80 1039
130 423 12 7755
775 377 82 5260
1163 218 84 1743
1057 91 104 286
33 65 30 -2868
1180 44 100 6922
542 145 152 -9750
353 0 188 4400
348 409 258 9995
1365 339 444 -9634
1243 417 190 -3664
764 410 2 9808
1031 301 124 3512
516 300 476 4923
65 208 402 4972
1122 117 424 2887
224 303 298 927
270 7 288 925
292 153 296 -447
406 45 92 -3120
1302 178 328 -4389
150 72 426 -6426
1477 70 142 9376
491 188 374 -4616
1479 187 232 3202
1213 419 152 -432
22 318 300 955
152 54 176 -7133
165 340 58 8872
619 253 240 4753
906 407 426 -3801
1148 233 144 6370
57 447 348 -4765
1061 40 38 3143
288 58 130 2542
380 93 476 -6890
1464 465 106 -3173
488 91 476 4901
724 198 288 -8936
1013 83 436 8263
773 79 32 9999
297 434 404 -1380
70 288 454 -6535
704 268 166 9106
36 11 22 -8512
1385 380 284 7531
1087 44 94 -2137
1450 346 300 2322
1268 403 158 8093
1251 403 268 1002
917 184 216 -9791
1377 202 292 7850
892 406 388 2402
598 48 376 7403
710 367 390 3126
451 324 44 1755
613 98 294 -44
90 14 172 3760
1495 261 200 4377
204 419 120 7363
308 128 120 -749
1458 186 222 -908
1160 397 470 -7593
1081 338 458 -3297
1284 458 174 -6994
1225 336 422 6044
137 352 6 9107
740 156 274 8705
66 98 282 4015
1342 206 22 -2384
1188 255 358 4835
1281 27 288 3246
670 269 324 6689
53 341 376 -1150
338 464 184 -5709
1027 280 344 -1484
90 76 40 8291
11 426 280 5603
647 414 50 5373
1026 76 434 3962
1354 310 406 313
990 236 280 4452
1105 389 322 -844
163 174 398 4683
89 5 296 4969
970 239 268 -2430
306 80 162 4050
859 221 406 -9350
514 245 80 1358
1133 208 114 -8640
1257 45 336 -6622
354 174 388 -6442
337 53 80 9812
1298 219 28 5074
703 43 20 8137
356 138 404 -9341
1282 101 210 -6413
111 464 66 -3262
1348 294 290 -5632
461 372 304 -3256
284 208 322 -4738
847 20 40 8183
1212 219 28 1385
835 20 172 -3622
491 356 216 -5028
613 258 276 8655
1253 99 320 5302
583 371 454 -8860
303 338 326 -278
376 28 252 9682
198 407 146 -3838
1070 352 2 -9768
1234 161 260 8528
241 3 432 -455
1381 195 280 5377
860 66 204 9505
626 328 400 -382
645 446 440 4643
539 388 120 7093
126 191 418 -8028
459 411 280 231
1394 158 196 -8248
829 261 158 -9636
404 405 372 8312
335 86 436 6692
324 398 238 3187
280 306 324 3684
377 342 224 4653
1032 200 270 1178
912 434 410 -173
127 281 292 -9345
1380 333 286 1643
862 78 56 -2980
1130 129 12 -6668
74 342 94 9552
847 343 292 -9401
873 393 102 9768
608 439 378 3454
187 419 130 -1007
1024 178 356 -7116
61 139 248 -8691
901 163 466 2562
819 25 110 2345
509 181 334 2108
589 188 382 2701
944 41 304 7597
1449 342 86 4350
1287 399 184 8058
1097 224 192 5672
405 362 128 6421
853 208 346 -917
39 10 116 4479
1281 249 2 -8954
566 316 140 2774
774 364 214 -6826
1256 188 130 -6985
573 285 100 -1447
127 249 192 -9413
138 404 434 -8696
1221 431 134 -4735
170 424 74 -6371
773 190 294 2441
22 436 38 7534
1159 41 56 -6541
320 455 384 -6
641 66 14 -2246
713 356 38 1242
137 249 122 1453
1206 265 94 -483
899 369 150 -92
648 337 476 -9472
953 172 82 -7674
1325 184 102 -929
949 408 40 -4782
216 449 22 -8783
549 360 252 8147
270 46 450 -2216
1070 54 6 2801
1124 68 460 -3412
914 460 78 -368
1186 99 312 8393
911 267 388 3946
1109 267 96 -2398
1077 400 424 -3125
720 117 408 -5757
1127 301 394 -6193
949 310 24 2826
322 266 348 -4957
44 276 66 -5637
967 171 24 1160
202 58 300 7006
1058 250 410 -4326
1486 333 20 5805
85 372 342 -928
781 427 476 1262
91 21 140 -1023
694 63 2 5317
1202 402 252 -9631
1329 382 468 3933
797 265 224 -1819
1443 4 236 -9441
660 393 276 2338
204 85 466 -9990
1134 279 2 9104
1183 240 436 -4875
159 294 254 -4109
935 360 430 4271
7 416 344 -6316
1100 58 318 -6212
1216 381 372 -9068
544 271 460 3293
1084 30 236 5036
1098 387 72 9348
511 427 74 5063
431 63 450 6663
903 102 148 8414
189 305 360 9293
896 325 174 7138
997 19 432 -5140
1308 188 128 -5453
378 333 250 8462
875 467 274 7779
206 152 312 -9216
977 225 462 3149
1380 101 294 6520
573 39 48 -4347
110 404 128 -9590
1160 192 70 -5756
1315 446 50 -4204
682 417 342 -5368
1210 69 380 -4229
393 395 230 -6026
594 422 62 -2757
332 428 466 9832
1118 214 316 -3248
149 217 374 9187
1058 240 86 -7696
1323 263 346 -986
693 415 382 661
443 422 60 4407
704 228 412 -4248
878 191 96 4692
1022 53 460 -3467
1331 102 438 7820
629 335 100 8144
1270 353 316 -1404
63 7 428 1084
1105 122 466 9017
831 174 336 95
960 428 372 7225
684 269 168 4081
1241 68 224 2749
1399 352 24 9913
832 311 406 -1656
502 159 374 7439
960 423 272 -8074
69 198 260 -4241
72 394 230 -6048
1365 462 44 -2661
1202 290 428 -4047
1394 319 32 1172
839 138 214 -6249
429 148 414 -1271
192 163 352 3434
1439 270 188 1866
338 418 184 3925
996 209 258 7518
470 203 52 -1482
483 266 270 -4184
1498 399 14 477
1325 399 84 3897
614 29 170 -1862
359 260 118 7758
1013 362 246 5843
342 364 332 4563
1283 93 214 -6748
143 466 302 -8455
1011 6 306 -4118
217 432 98 -8097
1423 249 458 -6260
320 396 56 1337
407 197 296 -4832
776 127 422 2169
1245 421 246 -1184
1334 109 212 1913
1016 414 388 -7185
365 344 338 -3719
249 304 304 -5558
838 465 176 -6360
360 378 220 531
89 318 38 4537
916 429 312 -9692
88 107 276 -7769
1038 175 204 2635
790 112 334 -6705
1455 50 416 7015
1198 21 406 -1290
407 375 426 -7735
693 252 442 -1379
821 141 316 -8414
891 190 34 -6616
182 148 82 6286
1123 358 392 -9409
925 439 360 -8430
1352 12 18 -7159
575 382 68 5079
310 118 296 -6365
1268 3 384 -6171
73 188 252 -7857
1130 88 390 4971
1242 331 188 4979
917 254 320 3181
692 317 82 7294
425 449 152 -6084
1487 101 158 7757
874 289 262 -5266
158 286 6 -711
544 286 232 8316
38 72 254 8136
113 21 378 4617
1367 395 170 7372
674 343 270 -6173
672 242 440 -7777
638 438 226 9862
1329 58 400 -7192
126 145 128 7170
145 96 384 -5657
758 352 72 -1108
30 241 376 2260
1169 320 334 5863
587 316 344 -9984
1188 188 430 -8447
1231 258 70 7055
771 127 272 9313
494 300 76 -4311
1338 360 36 6154
748 12 308 -6789
507 388 424 -5606
662 337 418 -4074
988 135 448 -7539
151 193 22 -6097
873 78 380 -6959
684 455 206 -7004
693 331 2 -5575
1093 397 364 7961
665 210 118 -5173
1255 247 162 4670
900 57 360 -674
1163 36 424 6826
811 19 32 6022
270 190 234 7574
1130 417 142 5211
1445 331 62 -750
961 101 468 4125
197 395 258 7106
1458 146 280 6540
884 456 140 -4873
349 185 14 -8250
795 76 154 3384
1029 200 410 2749
1157 304 464 -665
1234 447 410 -2316
83 158 286 -3001
73 55 86 -3158
1497 302 380 -5661
1020 86 20 6325
910 192 34 -8264
1002 414 108 2869
633 146 24 1909
1352 47 98 5572
600 103 378 -9304
1134 335 290 -8542
41 406 222 375
1142 453 152 -2600
1264 442 62 2311
1352 321 304 6356
1062 410 374 9573
285 343 86 3723
876 348 64 9291
1209 304 478 -2089
679 43 334 -4686
1491 405 308 -8903
1320 420 194 9267
1207 352 212 4091
89 82 224 7473
1084 91 72 4220
678 424 278 -6187
131 115 172 -3278
124 94 90 -1465
538 386 130 1959
1180 167 248 -6420
353 438 204 562
1372 273 52 7283
1072 341 290 -7692
132 208 206 -3690
455 166 8 9769
668 91 240 8373
990 47 10 7113
454 338 218 -1731
299 357 306 9799
859 181 38 -1768
1485 319 32 1004
813 210 402 -8031
123 264 408 5536
914 432 396 3831
599 138 134 9855
354 378 156 4267
935 26 126 -3241
59 162 344 8031
1081 236 272 -696
144 293 80 -3003
1279 8 302 -3700
271 206 112 -2363
603 212 418 -3739
1171 52 28 1366
701 460 206 7703
138 45 282 9034
766 89 386 7110
735 436 476 1677
30 112 148 -8102
162 169 332 -5503
705 25 374 -8608
520 465 320 7001
849 188 212 -2615
489 60 288 -9294
1400 119 114 9073
356 396 208 -8986
485 76 16 3096
1215 379 10 -7843
37 271 410 9454
1267 322 118 -6965
1206 224 150 2271
931 304 74 2400
950 171 2 8759
1043 460 138 -1665
556 442 208 3639
1054 118 150 880
1363 146 284 811
314 136 64 -6372
1207 427 256 -436
1468 238 358 3111
1491 273 350 7012
412 284 114 -8041
162 117 162 2328
1367 184 170 -8116
1253 463 292 8752
4 251 54 -3416
740 189 458 7729
1115 293 318 -840
355 19 122 4609
1267 316 354 4356
1297 143 236 -4527
1191 157 68 -3787
1139 263 388 9502
1133 181 428 -2703
938 76 298 5738
450 176 472 -3045
1119 252 68 -5778
1236 122 96 -5444
899 238 120 7821
414 432 316 -4553
427 76 172 -7173
251 131 20 525
1418 347 354 8595
863 279 406 -6649
1093 333 242 -2914
289 265 116 2189
1269 9 172 7673
124 254 60 6256
632 67 126 7754
776 469 318 7680
658 259 358 -3018
289 366 478 -173
1089 264 28 9100
345 223 464 6207
1280 435 278 -6969
40 178 172 3060
159 214 228 5559
836 40 230 -7026
1232 289 174 -5284
851 82 204 -530
216 274 270 -7793
504 141 260 5211
408 283 276 3057
763 134 28 -8462
676 346 330 6749
895 0 420 6490
129 109 418 7242
1177 189 236 1599
944 191 318 2156
14 149 396 -5699
32 13 62 -6692
680 221 312 2141
882 186 272 -585
764 19 282 -9396
755 397 218 -3007
302 441 388 -7865
968 143 202 1795
1430 170 138 -6898
129 172 72 4413
119 232 472 1875
764 233 312 2432
1382 93 216 -8894
1054 196 424 6147
435 248 138 2911
1166 153 240 -9846
1435 406 380 1227
15 123 474 8094
1382 292 402 8298
1109 314 272 3496
1038 276 4 -1357
1249 287 210 1889
531 135 76 -4356
102 85 108 8057
550 467 206 -2747
409 224 438 544
1212 133 268 7322
85 93 200 6013
1281 273 268 2573
1384 82 338 36
223 188 210 -8179
1491 85 276 4494
459 372 432 -495
432 459 404 -762
797 123 232 6414
27 176 470 7242
459 224 270 4404
1451 224 58 5705
274 408 364 681
646 27 48 -5235
172 450 60 4959
1281 112 290 -8311
186 158 136 508
1119 449 42 683
8 388 22 -5438
1468 458 62 -4325
1425 45 114 -6515
828 242 344 3904
713 8 218 -6179
862 403 306 65
1236 206 146 5078
1446 117 470 878
1266 230 278 -1173
1424 80 30 3298
675 151 36 -2795
1334 444 92 -7002
497 294 178 9807
1460 33 312 3251
1058 38 328 644
71 402 462 9592
67 18 426 927
348 151 110 3384
74 276 300 -7187
741 448 24 6444
712 427 76 357
469 57 34 7420
692 398 430 2673
22 399 336 -633
1150 415 304 3506
471 411 226 2417
1209 140 210 4955
1373 1 262 1870
402 82 448 640
962 256 276 9375
273 141 458 -5519
827 171 280 7634
213 58 372 -7445
1278 231 86 -9278
954 187 102 -5622
234 316 148 3197
481 316 148 6367
289 90 38 -7334
41 352 306 -6978
199 99 216 -9760
842 30 382 5018
1179 113 154 7576
21 33 100 534
1224 12 422 -6915
47 112 378 5014
884 427 434 5605
1481 266 266 9135
1186 458 274 -8154
905 401 108 -6092
944 251 466 8723
615 456 138 -196
1409 366 468 -4029
982 118 2 -4841
410 184 176 989
709 128 274 9108
739 248 96 7042
553 268 362 -57
1177 363 62 -3488
62 11 416 -8479
999 39 284 9955
940 57 12 891
1061 80 276 2905
937 361 438 9696
1160 356 336 4526
57 259 216 -5146
397 214 444 -6154
330 95 196 3588
1052 370 212 -7141
62 135 162 -5914
1320 85 120 5998
1114 410 268 2111
206 57 214 1401
173 438 206 8771
125 340 358 1625
38 42 38 -9224
883 91 76 -6533
384 12 126 6669
1384 309 268 -1329
110 56 36 4406
1095 296 444 1106
1225 416 72 5313
731 329 154 5408
966 147 8 -650
6 141 292 -1498
1481 137 278 3626
1044 147 46 -3545
1328 212 80 8458
1427 251 180 6064
529 216 52 -5469
771 218 118 4646
848 155 236 -7007
734 287 400 9267
1400 253 462 -784
718 138 42 2590
214 306 222 8820
23 234 458 -7806
526 443 16 -4542
1268 112 114 7254
1213 217 476 -4859
1494 246 162 -1731
99 458 260 8044
942 58 16 -9228
914 139 84 -9548
1223 349 302 3973
1139 241 22 3546
369 272 308 6544
205 91 64 1803
207 120 392 8696
704 360 396 9030
1287 424 68 3584
1385 215 376 -4237
466 228 226 -3371
1389 67 244 2044
44 129 360 4723
640 311 116 7300
410 60 380 8936
923 366 222 2492
799 310 240 -746
200 177 124 -3556
960 129 44 -1373
258 290 250 -1141
439 167 408 3081
342 388 438 2620
1196 4 156 -6044
873 346 198 -4249
73 181 316 516
879 367 228 3009
1324 414 202 -3576
470 410 242 9621
317 203 18 -3837
1052 80 378 -8444
334 279 98 251
4 234 442 -5696
1448 250 392 2676
1325 250 266 -7214
1480 247 286 9254
160 371 4 -4620
1202 120 162 -8328
759 361 296 -1935
620 419 224 4899
1118 268 416 1448
1211 118 238 6401
877 450 240 9573
222 43 166 3454
755 431 434 -2008
1161 335 338 7715
794 138 40 597
1462 266 106 -2072
584 125 282 -9047
147 60 76 -9616
275 101 214 -383
872 199 132 7004
1219 263 178 4482
611 60 164 6168
710 170 476 -3437
54 431 44 8315
1475 272 294 8793
473 377 296 6171
953 83 414 -1346
819 72 30 -9473
7 335 388 4429
609 12 34 450
177 428 460 -6337
1336 306 278 -9275
143 161 256 9654
277 260 96 4583
284 440 242 -2943
926 37 204 -341
1272 41 462 8171
1285 398 422 -1627
720 58 40 7471
1286 270 238 -5039
500 117 290 4483
793 409 22 -4033
1497 114 36 -3115
824 295 158 7708
784 463 90 -4588
938 182 2 498
909 27 416 16
1120 243 458 942
250 372 138 -1739
1167 3 258 7763
164 2 300 7458
952 160 248 1457
517 416 264 6810
1304 58 268 -8474
880 134 152 1701
1057 355 402 -8466
527 66 314 5655
452 266 414 6748
870 332 294 6823
551 210 218 7230
191 106 430 8839
1218 50 2 9905
512 107 354 -4097
647 263 296 -5412
393 352 14 9730
290 103 428 -634
673 144 160 -7669
317 296 332 2917
6 414 212 -1607
1341 365 406 7258
702 191 166 3191
1182 207 372 -6572
1056 138 232 7997
339 434 84 38
1115 0 354 -3601
922 261 28 3829
948 260 176 -4919
1077 73 48 -9998
1460 247 44 -3271
1229 54 300 9390
1233 159 434 -4178
1480 26 300 839
839 334 148 -9349
973 89 84 -6900
773 434 294 -9261
975 232 244 -6257
208 120 346 -6693
870 29 30 5781
957 82 458 -4216
676 137 110 2150
1349 140 228 -4664
22 234 180 -3801
1150 257 352 -6191
1096 195 36 1790
302 343 444 2780
486 293 114 -5839
503 97 246 9710
1288 365 476 1529
1300 59 430 332
1354 292 178 -9526
209 257 88 -8693
722 428 184 -6160
463 47 72 8860
348 208 180 3342
48 139 96 7931
1243 458 408 -2057
411 402 226 9897
688 421 308 -8775
1403 288 160 -5253
1285 444 304 -9046
124 235 222 1585
1479 379 14 4114
559 146 104 1332
1199 428 326 -4759
1338 62 222 1473
811 195 356 -385
1293 422 132 -6417
1395 304 258 4334
382 285 254 -4651
1061 281 342 -7361
56 181 320 3561
772 206 78 4000
624 357 220 -154
1270 351 100 -9749
954 287 14 4034
324 54 456 -1470
331 410 70 -6153
1319 370 284 -3369
1326 314 214 8020
1097 326 268 -9291
705 85 224 5262
1298 229 470 -9789
884 87 76 1163
983 297 344 -1372
1294 325 64 -6786
29 308 152 2401
1339 401 316 -9047
945 361 156 -8483
149 154 90 -4593
758 226 384 454
696 375 22 5561
324 277 478 2133
128 120 102 -864
948 413 336 7775
884 356 354 2925
653 72 74 -6776
705 326 380 -7855
120 383 148 1544
710 177 146 9043
215 448 68 -9185
1169 322 272 -6176
1296 366 310 5680
799 321 470 -9461
1410 330 54 -3187
977 332 410 342
124 288 230 5804
1216 234 14 2060
95 337 64 8059
1241 210 402 -7311
916 443 268 -5054
909 430 68 724
1161 431 288 -7886
129 344 128 -2810
634 386 356 3357
464 369 60 3131
126 125 72 887
1436 42 324 -6552
834 345 70 3014
1174 447 408 4234
481 418 474 2445
1019 160 342 -7242
1320 177 12 -8092
316 372 398 -490
725 446 76 -4279
803 466 74 -2813
44 408 478 -3598
998 207 296 8185
1205 132 168 -8227
1474 324 38 -5280
1273 430 24 -3796
388 170 444 -6913
1191 80 146 -7361
97 420 202 -4521
666 241 412 -9408
795 458 222 -6000
1072 291 46 116
339 273 92 -5835
762 181 220 4574
1040 34 208 -2522
1403 360 60 -465
1269 30 444 -6240
668 279 414 2188
64 342 40 -1
1030 165 102 -7423
153 147 90 8445
825 466 314 9507
555 65 294 -4547
134 76 164 -3053
430 292 68 6912
1446 347 326 -4920
689 251 298 -3875
538 339 218 2389
441 11 248 -1664
714 84 212 7549
322 377 456 -3841
1042 119 320 -6221
1274 359 92 7190
595 263 196 7310
1477 133 228 9387
979 35 296 3567
384 353 374 8748
663 83 324 5254
843 346 360 6640
873 93 204 -7410
1456 159 150 -4581
746 449 108 9057
588 289 350 1918
674 180 14 9001
1323 139 446 -423
927 443 388 -18
333 243 326 -8820
182 367 348 4483
198 326 144 6517
1085 353 380 2266
159 293 66 -5272
1075 278 232 8312
872 191 32 -455
1375 443 174 1772
401 47 466 2260
1225 431 140 -7740
938 466 82 9834
1389 283 368 9031
503 196 76 7304
1207 159 310 -9376
1187 229 184 -4315
1250 372 148 7894
28 310 326 9020
858 433 148 4077
773 425 240 -1208
1392 60 48 7841
995 374 302 -8695
717 254 224 2820
1205 373 146 -5787
968 427 152 5437
349 134 156 -3870
1228 135 26 4215
620 334 252 -3187
868 320 232 -9149
1220 7 34 7540
845 37 340 -1225
960 233 364 -3418
969 428 292 -6024
1095 171 72 3253
1018 267 384 -7354
1095 18 466 -9373
1243 360 466 6637
1412 123 414 2231
869 285 172 9073
1083 330 428 -5984
318 232 158 8418
338 121 280 8751
259 4 124 9615
342 174 188 6400
119 85 244 -6064
354 346 186 5101
234 331 60 5671
552 92 40 -3735
632 289 378 -8097
949 146 270 -1573
1352 326 80 -4564
1166 98 468 2675
1249 363 60 -9912
394 469 394 4434
785 453 90 7079
731 74 18 -2929
706 408 410 5556
1299 376 330 70
1102 460 434 3572
1184 7 402 -1173
1198 216 130 4409
882 220 462 7252
1337 416 190 5204
571 184 188 6453
595 198 122 -1653
751 217 256 -7963
355 150 154 1051
578 154 310 2891
372 0 422 -6732
802 170 366 -7261
375 216 408 -7588
390 247 292 -2282
1205 37 188 3934
590 200 168 -1179
520 16 450 72
213 270 340 1794
1382 75 154 -3360
80 405 60 5482
322 432 460 5166
360 303 364 -8999
1293 77 310 5301
1497 45 276 8855
1014 220 280 1985
900 267 422 -6501
313 366 218 -4805
388 67 170 7497
365 87 168 -5124
102 379 346 -3281
407 333 366 3880
537 4 194 -5385
339 302 390 -7092
775 373 66 -2898
68 373 356 -6907
1094 454 380 4353
256 256 266 -39
555 360 172 -9460
499 34 76 8192
1060 221 50 9944
1349 152 142 8552
1072 78 408 2051
1400 423 120 -1759
805 366 4 -2574
1168 139 308 -3524
1446 416 280 6167
860 123 414 1055
1339 409 308 -8838
1484 218 158 6428
1463 400 302 -61
1299 409 156 9416
38 435 378 4541
1267 306 348 -9148
777 242 270 1517
919 393 450 945
693 179 326 5482
507 77 50 6758
994 249 292 208
615 213 274 -8939
190 164 252 7248
1136 392 230 -8013
1179 272 420 -1338
341 87 180 -3900
1375 215 458 -5265
1162 229 60 7968
627 415 406 9365
553 425 188 -1258
1267 252 456 -4684
860 72 276 2852
601 320 418 6795
550 365 36 3312
245 280 122 6066
179 292 364 -6260
1208 388 344 -3693
703 350 44 -9226
434 250 164 5319
1286 409 428 -8034
1181 263 136 5012
365 70 236 8680
888 33 90 754
1291 227 268 -4565
62 110 64 -2962
23 226 242 4499
501 311 376 7608
204 412 82 -1661
598 265 366 -7328
557 299 118 -4520
55 84 382 344
980 267 322 9653
1466 417 250 -333
1125 141 56 1422
243 407 90 678
357 250 26 5058
887 305 188 6631
439 303 206 3345
229 245 58 -8958
696 402 284 -935
45 356 456 6037
294 370 362 3637
1449 232 278 -6181
840 280 24 -4021
1232 268 382 -7382
709 197 4 -8219
819 179 422 -2339
563 267 46 8821
1360 392 230 -3679
769 316 120 -2794
968 258 318 8182
474 46 462 -6121
30 134 210 -8882
1140 146 312 5591
978 120 34 2087
740 300 156 -5764
1012 244 312 412
1410 305 112 7895
29 391 474 -4169
950 286 324 -1412
827 308 212 3435
255 394 108 -9076
1362 398 358 4896
2 461 84 -9571
827 23 412 8157
832 298 194 -5835
395 292 208 -7238
362 269 92 -171
1128 346 6 6488
639 47 284 3822
1358 212 466 1746
470 310 18 644
1153 365 384 -6634
322 264 200 -2997
1436 65 70 4630
844 352 124 3470
869 60 70 -9673
500 111 164 3229
35 59 8 -7208
908 17 442 3031
1039 78 312 -2757
202 419 278 -4627
1255 164 140 538
447 26 30 -937
1175 241 386 4564
641 452 10 -1532
362 272 478 2310
1064 172 138 6562
360 424 230 7190
1303 230 262 -8057
34 56 282 326
484 383 134 -3090
538 77 150 6849
950 430 176 -296
1010 124 76 8410
632 422 374 7385
766 354 248 -2234
560 349 274 8153
894 139 284 -3173
905 198 104 5220
268 326 316 1729
253 87 468 -9668
277 123 420 -7215
1429 313 194 4665
211 399 408 8308
154 465 132 1064
1324 226 138 -5112
773 347 148 342
92 6 274 3439
684 317 262 -6434
383 198 84 -9549
1019 380 340 7113
273 22 122 -4336
152 235 422 -2595
1076 347 68 -7186
519 96 438 5611
1409 253 450 -3238
1048 383 32 4707
1488 273 220 6595
753 181 460 1085
891 173 116 639
259 144 320 7527
973 34 400 8327
88 39 274 5830
986 8 290 5579
1467 265 428 9666
176 396 186 -9215
179 161 296 6429
375 278 66 -6791
12 92 82 9624
1408 190 388 -3120
637 46 126 1258
368 78 472 6880
644 160 238 -1645
352 184 112 4028
391 294 24 3465
44 335 72 -2090
1251 364 376 -6945
18 129 412 -3647
193 333 406 -7505
46 247 476 -5788
477 361 470 5373
445 53 128 767
449 93 160 2697
261 466 228 6411
355 14 82 -7493
1164 331 14 1878
1043 376 92 1670
726 151 256 9635
117 453 152 92
33 440 444 1942
1380 8 234 -4009
291 100 318 -6005
396 272 38 -9541
291 271 386 7930
331 345 104 -800
342 457 300 -4802
254 272 178 8185
833 461 342 5173
322 161 476 6474
1493 58 112 2133
368 398 66 2831
1107 319 262 178
404 235 304 -5896
643 304 124 -8683
1122 325 398 7298
1275 211 386 185
1137 297 242 6864
1115 138 208 6133
802 345 154 1339
1475 208 186 -6810
1046 423 184 5828
324 147 226 -107
832 314 2 5302
1082 83 68 -186
1480 68 272 5777
1381 143 404 -3993
577 395 354 -7390
175 240 462 -9584
1331 17 26 7366
149 162 366 8016
1116 232 432 -2435
163 89 254 8810
428 464 172 423
656 333 4 9219
1176 201 222 -6192
1040 124 90 -2108
1281 23 280 4566
107 468 460 -9223
1045 186 366 6125
331 458 326 7731
804 247 148 2154
1052 457 468 -8842
346 80 114 2569
845 335 338 -8900
1093 459 384 -6840
901 351 468 -434
665 109 298 -7835
30 164 360 -7356
120 303 32 9146
844 99 80 -878
749 340 76 -1423
645 157 464 -6306
835 57 14 -1129
9 145 288 -6466
586 432 310 2319
1226 107 306 -2373
369 247 64 4646
499 20 246 3228
448 192 180 -8724
429 289 328 -5990
1122 331 220 -5302
1252 244 404 -7226
403 85 156 -8259
1396 329 202 9229
1157 277 206 -2182
1403 225 4 4705
1206 300 94 -4644
852 421 446 6925
544 437 114 3280
904 68 158 -4814
383 334 276 5203
1116 388 350 2437
319 375 126 8172
101 89 112 2117
1246 379 138 -8572
1117 362 140 -9587
1466 292 20 -3674
642 419 346 -1166
569 319 352 -8265
743 189 470 9223
100 71 258 -2496
783 94 426 5542
929 174 136 437
202 138 412 4572
747 395 156 -8466
373 99 330 4069
1170 288 374 527
1065 126 118 2383
424 421 92 4024
1375 113 440 4758
1329 186 52 -748
1013 66 420 2219
1407 230 284 1310
526 221 52 -4978
822 304 326 3391
149 111 312 2969
639 135 250 8160
261 398 182 5617
1007 220 40 4539
1384 356 398 3667
732 19 84 4465
1268 26 292 7943
24 408 438 1275
1278 275 282 2714
1043 272 298 -5336
1091 456 442 9396
873 288 314 -1243
349 416 108 5021
407 305 460 -2666
818 120 48 3862
694 408 134 2639
997 406 384 -6479
1370 132 466 4980
1067 93 140 6803
237 1 256 -2400
761 167 190 -4041
1469 404 372 -4027
376 164 456 7626
1431 231 156 4097
113 118 136 -6970
317 321 330 -6427
737 361 174 -1504
198 35 208 1380
1340 161 180 6770
350 176 400 2463
1062 342 476 -7719
900 82 396 -4870
1410 99 52 -6260
269 436 130 -8954
1428 123 86 8203
34 283 178 653
596 169 302 8712
474 411 300 1295
1192 175 448 -8268
768 217 324 7698
450 408 328 8572
500 107 22 4431
696 416 150 -2254
1362 81 380 7503
337 464 288 -6500
107 242 118 -6675
506 373 56 318
1313 48 194 -9218
1157 340 68 6660
950 373 126 -4293
863 130 358 4402
1456 435 428 -1313
380 135 264 6998
869 36 154 -5931
1162 210 378 5160
376 247 8 4321
25 366 112 -2680
898 45 342 9898
136 380 460 -7061
893 247 284 264
954 381 360 -6537
309 106 354 -8809
367 401 336 8829
75 261 470 -526
1151 286 326 4639
1241 66 404 -8066
827 383 30 -4565
1215 272 268 2146
921 130 440 -3931
630 238 242 -1028
1031 176 328 -2281
1221 251 468 -5747
935 232 356 2917
132 246 142 350
1337 215 326 3273
161 90 18 -533
195 79 256 9942
285 196 454 -184
365 400 414 4478
1302 69 26 2876
274 254 158 -1726
1000 365 286 8297
1233 85 4 -4551
801 51 382 -117
1340 325 194 3567
405 28 428 -5976
356 432 478 2193
800 173 466 -2498
1312 222 140 -2814
234 283 402 -26
210 253 298 -2075
431 215 274 -8560
467 78 212 -3067
607 89 170 -8289
486 356 330 -7489
1021 120 140 -6900
367 352 260 9683
1406 387 52 -1704
815 188 28 -2310
21 252 372 5941
665 46 422 392
1368 303 274 2973
454 363 66 9395
348 81 380 4935
80 166 248 7617
587 358 172 -1356
1058 204 80 8381
500 86 408 2310
771 397 134 -7409
844 363 252 -1501
505 240 204 6749
207 320 378 7022
711 29 186 -632
220 386 456 -1584
645 338 84 -8158
1341 367 310 3496
1292 365 312 -6033
659 173 448 -8447
947 271 310 3001
156 138 176 3488
1006 297 108 8376
640 72 74 5583
1451 381 136 -9568
268 106 48 -6452
41 74 216 -906
85 67 314 2053
743 193 274 211
158 243 88 722
114 380 332 3964
514 189 186 4424
918 385 190 110
123 118 136 -594
1200 316 446 -3164
542 125 84 4436
804 229 414 -9861
1389 122 22 -8581
298 99 280 -6155
175 451 340 -7121
972 51 64 8582
244 251 106 -1845
70 138 18 -6101
257 269 448 -326
1084 449 424 4486
1399 33 228 1357
122 8 262 4779
1428 249 166 -1458
504 386 292 -2505
58 138 202 878
859 168 38 8979
234 444 402 -6919
701 464 382 4002
1241 124 90 -6997
509 249 256 -822
993 371 168 9935
621 75 376 6105
503 285 198 2646
677 358 432 -539
1110 359 120 6367
1419 14 212 2382
221 397 156 3814
1371 69 60 -9431
230 88 412 5046
1362 187 302 1308
624 110 396 1918
226 374 322 6211
547 219 318 3251
1455 26 34 -717
1362 251 236 5739
1414 99 40 -123
536 65 116 -322
663 117 376 6648
587 191 102 -6339
165 120 460 -1938
839 322 402 -9179
1353 332 66 -7865
594 180 64 3690
785 285 292 4413
245 335 354 -5524
942 423 26 727
43 263 438 2930
376 204 28 -5798
210 164 156 2128
1414 228 362 -2007
871 430 344 3743
601 437 286 9882
868 262 150 3555
1109 27 66 3992
1257 212 28 -284
583 273 82 5570
12 326 440 928
785 271 10 -1989
932 280 478 -1340
1293 54 288 18
1310 49 104 -8297
181 140 156 654
1083 371 426 -3199
1323 176 62 -9537
1481 41 322 6865
1488 294 122 -4349
1271 399 266 -325
612 168 232 -5034
1313 68 382 -1179
1220 316 350 -3849
367 337 430 -1381
1027 50 408 -5698
161 304 144 9293
1132 147 58 4677
849 466 68 -7199
1442 438 82 2579
251 142 50 -1512
665 328 246 9018
0 329 96 6224
1057 44 434 -4165
735 169 328 7820
779 422 290 -1557
171 439 240 -9899
928 43 186 5160
832 111 26 167
918 406 144 9317
912 300 466 9375
550 45 388 -5059
982 423 266 -6343
124 363 236 8283
1169 17 146 -1037
204 77 12 -3989
975 120 330 -8150
701 458 270 -7530
774 2 254 821
870 318 218 6572
199 354 78 2498
762 94 194 -2703
252 33 378 -6446
844 145 424 -6320
326 397 298 9315
75 349 180 -5888
223 278 424 4759
115 409 252 -7410
1404 238 204 4938
1296 374 162 -8349
835 217 386 6585
540 248 222 -5878
761 307 416 -9082
1028 196 166 8461
1011 329 296 -6038
212 199 188 5759
302 135 110 -5717
340 324 330 5307
220 63 138 3290
592 349 28 -3380
693 62 328 8370
1100 166 376 9453
709 202 28 7745
1112 127 84 -6064
1477 315 428 -1740
568 273 60 -1648
555 430 316 3957
1120 310 422 4490
1153 410 118 -7401
1377 149 124 3616
41 1 202 -6472
186 366 370 4192
1000 10 86 -1037
213 265 292 -5692
162 433 390 -8202
1147 329 462 -4751
1142 300 140 7932
267 77 176 2026
612 263 288 -6890
1441 164 88 -4635
203 4 374 185
1112 221 370 -2611
107 207 474 9613
958 231 420 1208
582 40 176 -343
596 388 478 5096
27 374 46 -8809
807 272 236 -1117
845 67 476 728
526 421 60 -3744
920 424 400 2197
984 52 386 8090
274 457 16 6306
1261 258 440 9587
2 71 124 595
1344 34 12 -298
533 24 2 8277
9 321 26 1815
1270 49 276 -954
654 92 340 -2337
502 271 102 -863
1185 39 66 9939
175 93 42 6300
947 467 424 59
1305 59 148 619
1435 128 446 1237
174 84 442 6904
25 208 232 -5088
1428 316 38 -1401
1206 118 236 -6226
1237 390 476 4562
260 300 46 2731
896 91 158 -8064
392 203 24 3333
458 320 182 -1220
299 417 390 4534
191 50 162 1436
317 123 354 1283
1498 362 68 -7843
64 451 372 -1377
693 233 424 9863
1404 237 166 1525
545 98 282 1574
767 409 34 -5371
110 81 334 -3053
146 299 242 1717
749 305 190 -9267
1266 52 236 2717
1360 378 312 -5830
1252 154 96 7728
108 244 246 -6733
698 220 438 -4108
1311 58 78 1608
578 134 272 -9619
1075 430 218 3070
1122 452 300 7211
281 400 360 -8546
1144 386 148 1236
1084 455 192 8930
530 246 264 -2499
745 92 378 -4850
1456 351 306 -4700
1092 21 344 -9138
930 238 346 436
427 390 22 5448
1364 190 380 -8590
1298 437 96 -5072
676 54 182 -5876
1186 369 178 -2785
633 206 464 7590
299 54 464 3752
1499 23 88 -8722
1009 101 386 5657
100 358 170 -329
1025 4 154 -8514
312 111 282 -3152
954 130 256 7292
1216 138 204 -8763
88 335 174 -4846
1251 311 12 2719
510 135 420 -5420
1222 143 438 -9056
1323 223 102 -7926
1359 310 66 -6369
743 183 312 -9852
912 121 364 2981
742 311 380 -2365
892 227 230 -4251
26 221 464 -1445
443 163 24 3383
908 39 174 3299
602 458 330 6248
1412 216 426 -2051
1498 109 134 6639
403 184 166 8212
848 23 426 -8436
1457 168 390 -9604
1248 437 352 7964
742 174 198 6144
1410 307 336 9572
512 246 394 9251
795 422 396 2772
1271 215 366 2785
404 184 78 -7895
1476 443 424 -8707
40 203 348 2977
1262 346 156 3866
1201 355 112 6117
11 194 426 -9694
1260 356 148 1208
851 118 204 7452
1342 322 144 -5025
779 323 234 8250
606 425 92 -8049
1052 75 274 -5445
1216 259 292 -3030
1367 253 262 -6683
1329 289 240 5454
1286 129 16 9520
678 366 96 8236
1141 38 444 1716
864 73 16 7208
408 115 114 -2488
1390 237 258 -3748
1061 353 474 -7894
458 420 120 8884
1223 308 166 8878
901 459 76 -9703
192 314 184 7072
366 330 412 4070
579 331 190 1141
583 310 384 -3951
475 111 20 -5628
312 60 324 -5218
452 247 312 -9955
803 93 272 -8254
1084 86 140 -1656
577 312 314 4007
934 274 186 276
1160 34 344 -4981
827 407 294 6237
627 44 158 2398
510 49 30 4544
757 206 128 -1439
639 307 246 1524
448 391 240 6515
1240 440 124 9178
109 443 160 2417
1378 82 2 -299
1213 167 186 6771
941 468 34 -8777
951 239 392 4478
290 71 428 3731
1329 337 276 2717
1254 363 456 5064
68 180 320 4124
1398 237 90 -709
1500 219 252 5190
36 390 470 17
26 169 78 -7704
1053 181 336 5537
1233 93 32 9651
1272 430 230 -9208
1475 11 88 -9707
596 355 82 -7775
1036 203 176 -9901
722 267 210 -2875
1198 196 352 3599
1290 302 350 -4724
1292 376 96 -801
511 155 410 3280
1191 120 142 6825
455 2 456 -8209
1022 166 178 -5169
30 182 270 -1448
513 40 116 5096
189 208 362 8271
1005 157 206 6752
1230 20 350 4704
250 377 92 1610
1485 312 412 9246
1025 189 250 -9068
920 125 232 -6147
1079 186 320 647
1425 44 250 -3402
707 459 260 3873
101 349 336 3627
351 98 274 2969
598 266 6 9368
384 388 198 -2094
145 381 366 -5859
1456 123 222 -1294
933 17 362 -7314
34 416 322 -8546
1165 358 188 -2915
133 63 192 9486
321 213 36 4883
1187 468 284 -4784
935 78 410 9386
990 206 86 7481
386 140 356 -5642
560 8 134 -4912
94 298 422 -8483
636 393 96 5265
63 224 326 7423
1315 346 318 6425
1021 153 48 7664
240 159 72 5137
1081 357 352 -3476
1090 280 422 8408
152 88 90 -883
596 138 120 -8914
1441 293 164 -6945
1299 16 298 -1425
1379 444 186 -9565
808 441 184 3781
1398 417 344 -1205
1393 440 168 -3169
797 90 310 3672
1158 263 210 1422
587 215 186 3796
787 349 52 -5136
815 163 8 647
1025 371 298 -2368
125 350 428 -9999
1477 89 124 2810
90 4 446 -6701
612 21 458 -5038
424 13 326 -4024
709 165 458 4810
588 28 390 4004
718 290 328 2596
784 383 286 -5050
0 91 404 4884
290 125 222 -7156
54 124 448 -8459
973 468 232 -1862
161 79 84 3278
506 243 186 1703
554 226 300 4415
726 7 302 -2447
407 425 322 7570
996 119 14 2277
1206 274 134 7290
1265 49 370 -8919
1243 147 266 4999
749 95 10 9244
377 179 446 -5332
1149 116 414 -9088
1499 233 398 2441
226 328 180 -1954
733 416 344 -6698
94 52 198 -6544
170 154 158 6925
73 188 80 -8803
980 112 16 4866
1046 400 272 7408
1440 432 238 846
810 376 124 3330
988 313 244 -2706
195 18 338 -9693
106 277 240 -1577
894 132 134 -7859
1334 396 376 -1541
883 19 142 5541
119 303 424 -690
1272 367 426 7592
596 295 318 4109
317 156 332 -243
1360 289 120 2352
748 306 216 -1683
667 7 104 9128
678 462 150 2144
681 355 12 269
11 391 110 -6420
888 163 62 -8557
463 435 276 2253
977 77 414 -5709
1280 385 404 -1421
126 76 12 2045
346 371 430 7255
1015 94 202 9101
724 465 372 4997
708 221 70 -8645
1135 96 164 -5056
1264 35 276 -9209
214 182 406 -5217
743 304 238 -1032
1335 453 114 927
1138 55 376 4489
864 90 24 1996
1347 463 198 -8465
1353 33 52 7604
1109 415 118 9175
329 436 246 -6188
653 322 72 9073
40 373 18 -5949
920 217 320 -3222
235 410 106 -3911
1093 420 22 -4045
189 384 18 -5765
1497 276 436 3482
273 423 266 2032
1152 398 74 4039
511 241 396 -7904
967 404 250 5333
871 284 298 3714
59 189 188 -4700
1085 260 196 7335
347 205 412 5325
1173 250 248 3071
749 326 148 5469
700 195 96 -5846
845 363 180 2950
1441 241 376 4425
462 28 440 -199
1105 208 326 -6692
1484 236 80 8850
149 10 196 7182
463 72 146 -9891
1133 341 318 -3985
782 8 106 1845
54 372 22 8924
1353 233 454 2590
722 7 22 -2187
792 275 274 -1415
1344 378 362 3157
450 256 10 5319
1423 312 332 -6351
256 397 216 -6601
342 340 116 -1030
480 28 292 -9101
582 409 300 2816
1148 306 94 -2702
1337 180 174 6741
196 116 182 8419
722 81 144 -3394
14 171 442 7150
1028 344 84 4697
814 462 390 5923
1135 276 110 -3451
310 41 42 619
680 324 178 -3441
255 466 282 -3279
717 199 360 7309
509 264 314 7718
1362 212 376 7945
1438 323 16 -6791
301 448 46 -389
706 23 122 9408
1104 49 64 2515
1375 300 360 8320
1149 9 406 3253
591 401 404 -8078
1019 294 2 2427
1338 387 226 9448
792 86 408 -9044
518 248 80 -5156
1109 274 112 3365
341 2 84 -6389
63 433 450 -2372
368 199 198 898
504 83 58 -3424
791 342 122 -5404
1450 230 70 9265
1147 325 428 2410
1358 290 304 -172
954 419 92 8336
1477 8 22 -878
1256 222 104 9639
368 347 118 -9886
1488 26 180 -4504
1291 112 300 3871
1319 367 198 -4803
512 125 364 5203
572 222 386 6266
285 30 190 -6098
1287 426 42 3435
789 6 272 4001
1401 24 274 -6448
31 249 124 5752
199 146 354 -4151
610 469 318 3626
758 326 14 -4385
255 126 86 4081
874 418 144 3456
1329 462 252 1740
198 426 362 5813
1258 203 432 3024
187 74 326 8906
707 366 22 -9093
214 44 408 -341
811 356 410 8551
505 162 364 838
677 314 154 -9580
117 199 180 210
689 390 158 6048
1178 77 92 9677
649 125 324 -2778
865 192 246 -2941
1480 328 134 2555
1118 418 248 7097
929 152 302 6204
1317 407 416 346
929 436 338 -2846
411 199 300 -6678
957 232 160 4655
