462 281 424 2573
632 421 424 -3422
83 446 290 8272
846 291 208 -774
812 196 130 7401
303 38 26 -3384
543 351 374 -3948
112 6 112 -2881
1134 333 424 -4493
508 359 114 4232
1067 386 446 4365
1151 104 248 -7209
105 388 318 -1574
663 69 222 752
640 206 430 -3329
1071 306 470 5392
1095 279 108 -2373
471 181 360 1153
1485 238 108 3823
1148 262 188 1116
31 51 312 2794
1133 160 204 -6581
1496 458 118 -6134
1435 279 134 9795
802 256 214 -88
1103 266 354 1036
890 105 256 1876
1388 153 310 -6536
359 430 384 -6759
1348 194 156 4452
365 57 294 -5643
1248 458 196 -2981
677 327 336 2787
77 393 412 938
1030 128 340 7088
1428 167 148 -390
515 53 168 -1809
90 203 226 -7321
877 308 278 -4786
1053 233 326 -3877
549 340 400 1107
716 453 52 -2751
563 230 270 1005
1491 269 406 -2703
752 333 74 -9614
773 338 168 4194
1456 152 348 -3067
1386 455 444 9193
3 312 62 -146
759 8 168 4987
151 358 326 8630
463 273 118 3617
870 25 394 6640
314 242 118 163
168 192 278 -1626
1212 300 148 -5583
1189 254 68 -1154
739 248 172 9261
1315 304 340 -1770
921 47 108 -275
1422 303 218 547
1241 303 380 8631
1351 227 444 5169
207 125 370 2029
458 112 262 4133
855 177 36 -3985
1035 138 212 8504
439 3 258 -5889
1138 408 382 6759
455 461 392 -2783
720 414 430 -6256
464 425 310 -9396
689 204 16 -8196
736 395 316 -7164
675 207 74 3310
1389 162 188 6232
416 318 392 8098
1394 58 236 1613
775 289 360 53
464 275 406 -3322
373 440 420 -1380
871 133 176 5619
1064 5 190 -8564
210 380 206 -9110
434 20 94 3255
1310 143 246 -196
1447 81 258 -5464
818 18 22 4367
174 330 92 7211
1357 125 332 5425
782 326 190 -7896
1321 236 24 7646
77 90 198 -3027
1269 433 148 -1570
705 55 170 3418
385 17 440 -3816
1440 109 102 9010
1299 410 416 1340
798 114 180 6478
739 91 216 3044
1421 399 414 -9942
1485 246 162 -8769
1217 190 284 823
1078 341 258 -1883
480 228 266 4903
1230 333 444 -6003
194 261 214 -8993
200 173 394 -5576
920 190 348 -1180
1131 120 468 8337
25 154 172 -1241
1184 405 388 -2436
1354 2 92 -9584
93 243 20 -3356
720 205 6 -6458
1182 356 192 6730
188 74 102 3270
1440 275 376 4567
1106 370 158 -2631
950 437 412 4787
1310 355 156 -5396
1169 195 268 8987
708 324 362 -6596
1284 7 194 -7502
1246 44 272 6763
939 18 120 2388
1395 162 206 -2195
1331 331 468 9521
343 190 462 -7858
916 397 70 9909
8 46 320 -3797
37 191 276 9065
113 406 114 -1026
1071 361 170 -6266
623 248 412 9028
691 456 238 -7094
64 271 94 9264
1061 448 278 -8052
171 258 200 2443
1005 349 66 -794
694 270 14 -456
963 54 48 -8663
430 381 336 990
276 28 28 -3850
1202 38 314 3570
333 344 446 -4560
260 76 230 1785
893 74 54 -8829
131 343 224 -4849
802 5 246 -572
511 243 272 9786
1371 97 82 -1541
524 366 404 -2899
1155 191 8 -8209
1244 395 208 -2173
92 317 274 -5649
1239 361 456 -1351
757 202 62 -6262
642 328 306 9898
1313 381 32 -9184
1214 154 432 6901
13 7 188 4330
640 35 176 8183
869 0 348 -5546
1215 413 338 -14
677 380 290 6294
1311 284 214 -4051
510 387 264 9845
820 146 378 -1321
224 47 376 6734
949 3 152 -1135
1260 376 110 -7902
1222 238 246 2542
1 132 272 -8922
3 144 168 1407
841 41 396 -6709
1263 385 46 7483
476 306 150 -1932
763 431 298 -4081
1100 453 304 -4125
206 6 58 9165
977 187 478 694
1035 146 436 4975
827 4 362 -6264
807 167 166 6961
166 164 16 -8791
1275 63 34 -5313
987 9 262 -3197
951 452 122 9022
1090 74 14 -1922
1497 377 58 1398
642 292 174 -4994
52 457 116 -3898
739 451 292 -2870
1408 159 22 4388
1355 308 348 -3393
187 57 32 4528
233 1 258 8670
1119 408 32 -9736
278 389 478 -3666
125 164 460 1162
592 48 322 4053
1432 335 176 4067
502 455 92 8169
62 99 238 -4877
814 264 152 1292
411 449 372 -2889
171 111 160 1073
463 374 190 -2060
726 405 374 8323
514 14 164 5616
896 244 266 -5669
209 215 250 -2466
779 130 242 3807
859 144 462 2693
1314 267 372 -350
820 190 214 8322
638 65 280 -2
1084 411 222 -3157
263 68 306 -5733
722 440 74 5470
1405 263 252 5198
698 174 266 4078
59 280 250 5551
1240 376 366 -4993
932 225 160 -8670
1345 395 76 -7899
1199 152 200 -9277
1383 199 74 -5463
964 32 340 -9725
317 140 340 -1803
202 35 176 5260
272 72 50 -1982
910 71 194 6992
882 213 284 -2119
317 207 292 4489
36 300 448 3993
261 16 324 -4906
983 105 220 1988
658 300 340 927
47 337 414 1668
1291 251 262 -9452
834 452 358 -9644
840 429 56 -2166
1130 159 2 2170
1097 271 74 -2486
80 215 142 -8901
1462 141 308 -2640
580 48 176 9718
285 361 456 4941
442 121 6 -7801
1057 31 450 9801
848 441 394 -2555
636 148 298 2597
1157 313 66 9533
1038 149 250 -4170
1462 211 230 -4147
687 220 152 -9670
752 387 400 -2618
567 340 434 5950
532 144 114 2022
1081 268 82 3558
1131 400 198 -5401
1020 403 412 -4475
447 247 268 -5053
1198 257 86 -2472
250 85 162 -1156
1482 388 92 -7426
913 319 460 7939
1416 136 390 9035
1105 0 140 -7384
428 76 282 2967
860 155 94 -6083
1365 141 78 -4906
593 175 16 9385
554 85 296 -9812
2 190 206 2006
66 226 22 -7115
333 164 368 4957
482 69 326 3809
1241 384 2 7502
1134 219 454 -3831
417 226 358 -1830
512 294 408 9273
818 303 268 9321
987 448 26 8419
1000 141 296 -5559
645 249 50 -7620
1287 47 270 -7476
568 205 350 4043
264 4 120 -4331
787 16 172 -2260
949 231 84 5395
647 86 6 282
874 354 256 -1699
194 331 454 -8650
1371 427 406 -8471
520 42 392 9178
68 47 32 -9636
779 232 440 -6002
1487 361 306 5898
485 171 142 -3578
1083 69 472 3262
79 9 136 -1799
1336 107 332 6649
208 147 436 -4979
913 88 408 1443
649 392 152 6954
361 407 364 -5871
217 12 166 -8502
1218 213 34 -1810
1071 394 228 -2917
447 136 320 2454
1430 336 98 -7966
94 132 242 -1140
125 312 462 -5426
494 61 132 4197
835 321 456 -9408
623 390 188 -35
709 70 474 1878
326 459 36 9734
1303 228 318 -4345
125 88 16 -5164
1255 272 128 488
1170 127 346 7036
678 452 402 20
975 341 240 -6002
1354 289 78 2498
1050 398 138 3738
773 223 296 7752
669 165 110 -8843
1100 311 100 -7768
257 28 116 -6976
887 352 408 -3307
870 71 438 -7492
552 389 178 4965
1435 27 56 -8357
1277 283 206 8805
251 125 226 -649
1128 106 156 9661
298 387 394 -9417
1207 46 406 4762
1364 257 216 2465
1010 163 404 -2739
882 77 52 -2439
266 133 266 1967
1228 220 268 9286
514 140 422 -6166
1042 54 446 6833
1137 186 154 -4242
1127 63 156 -3011
957 7 338 8272
945 303 4 9674
1235 161 466 -9446
933 326 284 4755
250 155 136 -5692
479 197 208 -111
2 339 366 -3566
352 410 146 -3082
35 38 64 464
283 132 148 2818
450 22 206 750
574 456 288 6087
446 456 16 5396
40 369 78 -8276
486 285 374 -7070
389 357 192 4408
862 181 44 4493
283 294 344 4228
988 172 158 -7004
1231 1 150 -7230
586 18 98 -8463
808 222 312 -276
397 371 248 162
1323 441 170 9552
524 352 478 6567
1189 243 396 -4710
348 249 382 8825
445 166 72 -4085
1190 146 360 2380
1389 155 372 1316
635 66 442 -3191
1392 212 14 -223
546 56 176 -5212
250 444 28 -5293
812 331 22 -1992
872 246 252 9625
1214 396 290 9740
1451 311 420 3896
1452 66 282 7403
470 421 402 1946
843 63 28 -4670
763 75 438 1775
787 124 290 1676
568 77 430 3307
860 452 200 -3352
571 295 112 4026
320 140 322 5298
1077 156 288 451
1206 20 62 6962
1176 219 28 3284
786 309 296 3630
63 296 190 -5054
118 459 84 -8832
378 118 4 -5971
756 342 144 4679
749 244 178 -1453
965 394 404 7516
208 441 220 -4110
942 177 112 1885
366 11 122 7332
1463 51 18 9973
652 120 82 -8998
794 172 192 -2099
550 316 260 4359
58 459 122 -6335
902 95 2 -9204
1100 170 384 -7469
104 84 88 3366
622 379 340 -10000
690 319 66 -6425
784 231 208 7954
595 370 108 2535
180 430 198 362
94 142 176 -7611
1133 155 238 -9541
916 187 16 8151
487 8 194 -3277
935 276 250 456
1119 431 220 2124
30 360 276 -5423
1197 104 360 -2827
859 2 146 7338
905 401 360 -7488
1104 340 372 -2187
135 395 298 9287
155 5 4 -5624
145 323 332 6290
509 157 192 -9100
155 15 418 -2454
789 352 318 -2245
660 454 394 -6273
930 84 356 3654
618 308 42 2315
724 300 158 -2365
592 438 2 7824
533 194 470 -6821
947 15 336 -8983
689 116 54 -7621
791 199 352 8851
316 7 202 3157
222 437 464 2277
538 388 70 -4803
1027 376 174 3545
365 392 234 -8425
1187 313 88 6715
611 207 452 5134
325 181 36 -6203
46 3 430 6594
303 152 74 9923
1500 213 366 -5903
692 343 356 1804
1407 31 172 4578
322 191 386 -3624
676 318 130 -5739
847 266 442 656
1291 85 58 -3790
838 133 354 23
1117 228 438 105
1260 325 394 6999
1449 85 150 -7313
1122 388 460 -6858
946 381 364 8910
559 112 184 7227
330 108 300 -5964
133 276 308 -8863
490 172 56 -3201
300 434 282 -337
927 386 156 820
515 47 138 2188
667 106 280 -9990
765 76 170 4656
51 163 80 2759
1183 180 270 -3386
464 207 474 -8742
548 154 420 -9915
1090 135 202 -955
1131 366 274 4694
143 21 92 -687
226 217 380 7685
1098 376 132 9673
276 135 180 -3843
650 99 464 4777
352 71 274 -7859
1247 262 294 -1446
1380 342 294 6780
1107 121 50 9649
1379 396 52 -5663
1216 446 96 -7288
264 150 412 -5981
112 431 76 -7079
598 1 284 -6684
772 10 270 4584
108 349 40 6999
382 228 292 -5680
925 305 252 -1689
1302 188 396 5595
475 42 20 -9356
680 76 322 -1579
220 330 440 -1998
263 290 72 3345
512 183 282 7218
476 317 356 905
1328 431 344 -4715
1069 391 412 -3230
434 22 226 8936
1419 315 456 8429
623 382 176 -9264
246 133 146 -1299
128 410 286 -3346
759 322 62 2151
294 201 248 2555
525 131 162 -7664
1388 13 310 -8418
670 416 460 9756
637 58 406 -9697
1005 236 270 -2159
307 454 240 -5980
939 15 448 7626
508 452 234 6528
58 112 242 -949
506 84 226 -238
1116 268 364 5553
1147 9 208 -259
25 279 238 9899
745 272 380 4046
884 287 52 -8947
756 6 246 -8190
17 212 422 7292
335 22 192 8693
1364 116 300 9857
959 131 116 -5318
569 304 42 -2199
554 427 214 2930
1311 31 150 9296
1064 446 138 6385
325 78 76 8835
811 456 386 9925
1150 319 300 2321
249 220 350 -3153
33 452 274 -8132
888 143 10 5126
1221 85 434 -3522
443 458 386 3267
653 192 344 9922
386 16 458 -4171
447 410 304 -4972
1025 211 464 940
726 326 304 -5162
262 446 52 5571
259 139 404 -4693
1162 54 280 718
1450 238 38 8442
367 132 266 -8600
1018 93 66 -9738
1069 79 448 -6203
1471 233 230 -1371
709 371 136 -458
415 39 232 -9028
1113 214 128 5446
1282 50 142 -246
296 387 142 4691
990 441 298 -1415
574 397 126 -6512
1368 223 222 -5233
174 5 144 -1124
747 457 236 -696
92 461 452 -9225
806 206 30 9095
617 378 64 -9733
186 108 194 -729
782 84 312 -6988
337 65 48 -9036
909 265 24 -1968
870 63 228 8230
140 90 114 -6655
664 291 124 704
303 45 66 3560
209 174 30 7426
37 412 284 8052
1251 399 322 1281
697 416 282 -106
560 407 256 5483
957 361 164 -3223
1335 386 204 8944
521 267 54 94
1201 282 226 2562
416 220 464 -2023
329 416 326 -128
900 160 410 4194
458 383 426 5016
354 184 86 6268
352 353 30 4723
159 417 280 7072
696 175 348 6029
1390 127 314 9270
1404 278 382 758
682 67 296 3676
1079 62 6 -7375
1494 126 208 4866
1333 311 388 -6879
1308 265 140 8978
220 250 278 4906
593 174 226 -1183
1492 326 78 -4883
561 365 314 8859
1332 106 96 -1418
1046 215 120 6369
1254 82 124 -2692
366 116 280 -6742
935 412 432 2668
1395 393 264 -5032
152 398 284 3898
395 456 286 1060
573 65 192 -2481
72 277 290 3542
297 282 240 -489
1096 27 376 9254
216 318 422 7008
201 77 118 -5819
777 109 48 5723
1469 286 196 -9592
935 298 98 -8960
258 434 352 6719
1381 56 238 -9704
385 339 216 -3502
1273 435 322 -6801
1447 296 18 -3508
414 443 278 -864
922 192 54 -3748
550 252 402 -5692
149 172 264 -8247
1448 113 116 -4049
148 142 466 -3909
1240 398 282 -323
1106 273 180 102
1411 314 338 7376
729 238 286 -970
90 202 36 -6181
719 112 378 6244
1245 327 154 -2204
748 86 452 1298
236 31 102 -8667
512 436 108 2958
183 376 148 -6692
108 335 120 -3955
320 182 156 -6686
518 324 58 3115
418 139 256 -592
210 277 180 -9633
856 209 230 -6877
112 338 474 1480
454 441 174 -2535
946 270 448 -3144
732 307 114 -2178
566 157 366 7028
1477 422 154 -3745
1056 452 104 9396
933 413 112 -216
115 15 128 4161
497 198 60 578
952 374 372 4560
1184 109 278 9423
1286 345 368 2083
519 238 258 -9862
1451 412 72 2057
1499 200 350 1868
1007 307 34 7897
1320 237 116 9310
598 28 380 -9481
701 154 60 -3602
1099 10 244 -4486
397 237 24 -964
1172 54 326 6704
36 402 364 6051
641 210 210 -9656
203 338 416 9601
987 447 170 -6468
866 138 40 -8171
317 224 278 -128
521 78 322 -4420
1083 269 464 6047
1276 230 132 -9265
930 255 112 -1702
1296 125 248 4783
316 102 88 7940
1258 340 412 4166
512 264 78 -1005
194 391 118 1683
294 107 394 -7720
471 169 442 -9947
1341 60 352 -1796
558 136 242 -5964
864 37 336 2760
660 206 2 -7034
1163 136 294 922
1153 5 302 8150
30 366 18 -56
530 425 378 8734
1256 133 86 6225
538 211 104 9682
1018 40 166 -6726
725 275 72 -4988
268 422 400 -195
926 96 438 7450
948 268 316 6679
737 316 2 6737
907 435 48 -6250
1089 307 298 3172
123 403 258 -3850
1408 380 326 -6713
826 191 50 7089
388 100 146 -6311
1205 271 438 428
935 336 290 777
1250 56 216 -5539
32 167 402 3459
1043 31 268 -4888
1292 284 50 -3286
791 182 50 9300
395 307 434 -6063
138 97 426 8925
202 163 414 5152
1072 252 284 -1317
1397 35 384 -9042
919 222 134 5130
373 288 82 526
1161 300 150 -1021
507 246 394 -9553
842 431 474 2866
1163 39 424 -6156
816 457 100 -9604
431 295 108 1140
67 117 72 3800
58 8 96 -8835
697 356 354 -3037
1125 246 48 8997
717 261 140 5045
818 359 90 -2371
1405 366 478 7815
1380 397 408 -3458
399 102 148 438
389 16 156 -7126
729 13 22 3344
663 118 70 -575
496 126 276 -8121
664 242 2 5703
192 347 206 304
1258 120 292 -1999
99 419 260 -1048
1108 327 386 -8501
734 96 280 8250
1076 404 456 7014
847 429 4 2026
759 205 404 6320
1437 133 12 846
1217 72 172 8989
1093 397 214 7984
92 152 132 -8049
857 444 346 -4130
290 167 96 5060
448 337 452 -8006
622 440 6 -4238
1424 220 388 1774
1111 153 164 2456
539 171 420 2170
316 361 88 5744
520 368 182 -6466
1316 14 302 6826
1343 149 30 8319
276 280 454 7674
325 442 466 5410
793 393 150 7712
694 37 340 -1538
1386 297 240 9555
605 441 154 -6619
51 116 378 305
518 460 450 -5146
507 207 94 5635
1029 369 114 6427
244 226 350 -9007
1027 163 172 2752
885 54 204 -6031
640 5 314 -7379
451 299 260 -3564
1225 156 390 -3004
318 66 358 54
1043 4 426 6432
1185 220 74 933
996 429 198 -2378
1012 104 406 4799
1056 67 458 2494
184 250 452 -8393
944 48 426 -173
1024 373 196 4516
1345 128 412 6302
76 310 202 -3459
719 306 148 -9005
1107 136 78 8667
42 245 130 -5273
654 213 416 -9127
1065 357 476 8511
1004 297 394 -3415
697 289 248 4818
128 381 422 7585
1133 243 430 9492
282 355 336 -986
897 298 70 4172
368 54 82 1463
370 265 436 9933
784 397 250 1552
581 147 226 2560
1208 346 90 3332
702 386 64 7152
274 37 238 2793
42 99 244 -7587
876 336 204 -868
470 373 58 7458
1344 356 28 -7670
409 68 370 5474
546 197 66 6175
895 189 420 4338
641 423 90 -5279
399 143 168 8348
48 212 158 694
320 144 346 7922
577 102 16 -9565
515 397 168 5112
575 416 34 6191
364 19 394 527
349 116 134 -8963
640 91 82 -8853
607 158 232 -8840
298 43 262 5483
966 106 6 -8427
994 434 288 7168
1481 316 232 3419
388 428 190 -1751
1394 325 452 5891
1032 216 174 -5787
1181 78 438 3553
943 41 398 2565
415 6 324 -2816
17 231 206 1202
524 408 268 -8018
1039 274 100 -1627
1363 42 66 -7026
637 22 42 -4435
1064 81 2 6531
637 98 172 -3863
1468 390 464 -1592
663 266 296 8013
527 182 266 -6901
1355 58 406 3921
487 372 182 -85
582 4 188 8691
178 136 306 -7653
1203 116 176 -1503
858 21 382 -6911
382 221 416 -9251
726 240 376 -1609
111 410 366 -1619
840 292 318 2600
39 11 288 -399
435 331 172 8543
871 376 182 -3463
457 226 430 -1948
401 361 424 -2934
668 237 82 -1004
887 343 122 -4302
875 87 226 1915
352 304 474 -2751
186 279 218 -9399
971 436 282 8146
950 95 340 -4973
832 87 244 -4676
155 233 432 -4303
1067 210 248 263
225 138 28 -4137
129 63 92 4059
817 311 78 9091
729 230 26 5213
403 237 36 5107
1315 446 2 -4022
1306 99 6 -5975
259 66 290 5344
984 101 204 -4609
306 415 186 4195
909 287 94 258
100 258 242 2970
278 355 356 3813
1072 210 120 1465
629 233 188 -5831
1025 407 192 -3297
1052 319 148 2197
168 193 478 -2868
987 114 472 8642
1188 284 14 6501
37 380 472 7887
1030 111 436 8277
437 42 444 -8108
756 168 236 -2558
1163 253 376 4422
1099 84 410 3913
238 166 464 -5107
11 163 412 8125
442 347 60 -3863
222 309 270 6344
1472 413 104 -7131
357 238 170 -7998
1126 456 256 2997
844 119 342 3463
381 58 242 3238
810 374 314 3666
991 296 210 9923
712 223 314 7617
1104 329 288 6367
1497 34 24 -4130
1386 182 318 1965
155 337 408 -9005
1356 156 256 641
1205 397 408 9854
185 210 316 1102
688 46 94 -3354
570 358 284 -5385
1062 67 98 -7322
449 54 60 -6739
282 445 320 8620
1450 155 458 -5056
267 44 60 4500
454 145 424 -5113
41 180 58 -4605
745 5 34 8978
1423 102 136 9213
110 171 388 -5924
1138 113 164 1130
1492 66 474 2009
60 104 86 1944
854 93 332 -7032
1456 187 370 -4389
923 400 284 -2889
118 96 94 9323
1490 46 168 5227
1028 99 84 -4031
1028 129 304 7810
1481 189 394 3901
621 269 184 6762
822 265 84 5116
807 420 472 315
877 290 290 4148
349 106 308 -4748
1180 217 406 -2094
62 5 72 -9013
458 272 126 -3536
466 440 104 -8441
1387 460 406 -6533
798 289 456 8850
85 140 112 -5538
1173 340 264 307
881 101 106 -9939
1287 327 48 -9336
739 48 424 -8689
40 279 316 429
742 149 198 2807
587 14 86 -2444
1330 146 316 1172
406 92 242 7967
418 276 296 -3140
302 424 362 5628
1058 240 74 -9521
701 22 466 -2399
311 365 36 5919
253 281 420 -3415
360 107 396 5184
774 258 280 9137
1162 423 436 1688
265 308 380 9994
1311 89 100 -5108
776 273 114 3735
552 456 436 9517
1059 411 12 -4688
848 186 194 -426
182 347 364 3051
276 350 168 7294
1073 232 158 -6333
1065 378 164 7571
309 92 318 -4989
239 375 232 -6773
758 246 18 5982
249 230 44 -5588
108 291 274 567
641 425 302 1967
1363 31 38 3659
948 401 162 3951
200 107 72 -3370
1015 297 422 2405
224 388 128 -2644
748 259 248 671
667 145 228 -5668
582 275 96 2565
525 342 24 875
597 161 8 7411
237 223 282 -518
1192 439 380 9543
774 144 298 -3813
1246 183 470 5582
165 136 464 762
382 447 106 9399
430 275 442 -5690
460 77 434 -7781
1031 403 230 2860
1300 322 224 4021
978 257 230 -434
837 201 392 6491
32 367 46 -7410
1337 433 268 8514
907 57 218 2423
1044 227 126 -9745
1064 49 60 -700
779 20 256 6324
830 99 468 -3308
136 403 252 4580
1291 100 104 -2056
1460 190 400 4867
1294 427 422 1350
250 116 130 -9726
883 342 424 -5505
415 70 432 6092
204 50 178 -5262
303 95 364 3986
791 133 124 3366
1263 450 116 6375
269 412 176 -4111
23 2 356 3038
91 374 398 -1266
1229 220 50 -8548
180 144 148 -4492
66 79 400 -4932
249 260 76 4
965 447 50 8665
147 456 62 2916
943 381 442 -7842
1125 277 434 -7548
1241 107 194 8434
118 150 218 -8202
253 51 458 -3168
53 28 68 1917
588 96 408 9573
282 361 26 -8383
1250 322 410 1865
1009 307 272 3
1091 340 396 -5449
577 329 464 -8743
1298 353 222 -8256
399 324 360 5394
1442 337 48 -3947
816 264 14 5091
443 351 328 6233
517 55 414 -9885
292 113 6 3091
824 49 100 -3204
661 90 118 7678
369 87 352 -6312
1288 315 76 -637
388 130 32 -5975
1012 450 54 2929
1361 319 300 -9512
921 28 74 -85
941 115 406 8125
344 297 108 -1503
831 199 282 -9075
434 30 404 857
483 376 440 -1184
2 32 234 3755
1235 436 190 -5671
964 98 228 8268
682 424 332 3614
1451 16 102 -2991
1216 461 24 -9543
617 300 34 -5328
421 52 128 7052
1232 258 40 -2301
724 302 332 -5843
1189 139 88 2823
616 207 220 4934
980 252 162 -1375
376 24 442 1568
391 9 30 -6177
1340 157 290 -4792
676 45 120 2353
1459 370 466 8467
1245 285 172 -8584
1479 119 216 4473
876 328 166 9658
1025 337 304 6067
443 223 426 7779
335 6 226 8461
363 325 170 -9616
1429 296 126 9344
971 324 366 -6633
1131 280 366 8632
151 102 202 5919
214 100 176 -6883
1103 408 378 -1828
292 97 174 -4210
800 64 474 3502
674 153 80 -2783
633 190 220 -1151
459 375 166 8753
12 455 126 -1967
923 384 176 9980
1378 410 370 3558
909 269 396 -1552
991 435 246 7271
838 385 462 -9186
1438 133 332 4922
198 352 422 -7067
1232 131 226 -9153
1413 382 162 493
1432 87 126 -8421
1370 214 194 -4932
1104 436 276 -1271
1381 385 358 -5727
832 326 454 8802
789 292 250 -9573
32 129 48 -7497
1035 258 342 -2701
459 173 284 -3781
643 36 406 -5546
477 100 306 -3338
817 89 438 -8846
509 458 392 -5546
84 116 242 -3805
345 152 388 2057
1014 106 118 -381
1111 43 164 -3813
823 6 368 -4632
1398 175 108 2778
1419 157 48 258
685 383 384 -8656
1294 197 456 6618
127 73 332 7727
567 203 248 -1052
410 194 374 -315
1305 235 228 1259
148 395 358 3460
426 354 408 -2157
237 444 188 8806
602 179 476 -3656
833 258 164 2533
624 296 258 -6843
521 178 42 -351
802 280 190 -5889
248 83 134 -1781
954 377 182 227
273 309 160 -6946
389 159 426 9522
490 146 398 -6102
1016 257 120 16
143 237 68 270
1133 424 454 -7537
607 222 476 6472
900 448 310 9429
837 127 330 -4972
990 81 34 3354
698 157 84 -4608
1184 82 160 -6469
144 309 16 -5442
857 31 338 -3645
1371 188 348 -9065
136 419 252 4690
1450 140 158 -7443
1409 203 98 8136
279 328 390 2746
745 274 336 5024
878 112 234 -4065
1265 363 184 3230
650 133 164 4546
704 88 324 -6478
1134 184 128 -2703
224 267 474 -7283
1400 356 430 2524
1462 130 302 -617
1036 378 112 -9002
61 71 332 9559
979 151 134 -7854
1391 265 68 6858
622 346 364 7218
1210 436 464 -3856
1373 424 230 116
412 123 436 1570
275 276 112 5119
1489 418 174 -9568
557 275 456 6309
1319 433 152 6445
558 169 258 3338
1302 90 132 -9591
962 214 324 -8806
586 396 48 -9261
1179 164 180 1620
1413 191 40 -5073
1251 429 370 216
667 351 96 -9692
977 26 236 4981
1404 134 104 -6861
1472 82 420 -7243
127 47 148 1325
1329 272 326 -7728
761 15 338 3942
130 335 462 9290
450 309 160 -2958
846 425 44 -5125
519 424 142 -6425
415 313 462 5110
839 48 372 6807
931 177 346 1484
1196 77 126 -5417
991 417 30 -9746
1227 3 154 7193
1346 124 332 8502
138 43 130 2768
1319 73 76 2830
1137 331 112 -3367
647 136 42 6594
558 41 208 3660
318 271 92 -1570
981 252 372 4147
730 215 456 -5964
440 126 74 6190
537 357 368 370
375 342 24 6858
12 75 98 -8142
238 235 258 1596
383 436 326 -9004
396 283 282 95
186 223 362 4518
1355 342 88 7555
358 338 372 9358
1374 410 22 6148
277 325 94 -7587
648 418 50 6813
1146 274 30 -2862
1379 283 420 -1978
1154 305 390 6038
738 369 128 9701
522 217 62 -8165
375 186 324 -9161
271 98 424 -2618
499 206 282 760
953 426 438 -9576
1496 60 168 -1817
920 253 196 -9636
1267 183 390 3066
987 108 258 -5491
1123 337 292 -9620
757 447 166 315
1162 95 428 8405
65 219 106 5990
1217 344 286 3488
127 379 450 9675
680 451 150 2178
1438 86 90 -8091
43 389 350 2119
838 250 184 3546
981 111 352 9823
1473 436 58 -6694
185 449 214 8288
1422 126 330 -1344
1477 337 422 1184
1125 139 324 3756
308 362 122 -7498
893 376 310 -2930
1447 164 220 2402
85 247 478 -9054
483 217 64 520
1433 308 212 -9112
1382 431 270 3975
457 290 372 -8800
1037 360 314 -727
158 355 410 -6691
647 359 132 -473
1085 2 196 -8948
287 432 426 -8459
578 223 172 -4645
68 363 210 -438
1047 162 54 -6898
919 137 302 3125
976 349 414 1374
1448 130 146 1419
842 60 276 8504
242 34 324 8663
360 84 6 -5123
731 292 48 5733
1442 141 202 -7833
800 276 380 4200
559 306 370 -1436
313 28 240 -862
267 254 370 1889
1495 290 80 588
1293 429 294 -9246
1155 104 40 -4287
141 134 138 -5333
454 314 436 2104
212 433 170 -3003
358 112 304 8357
1324 316 394 -1453
1078 189 36 -2913
602 437 318 73
502 145 322 6422
1089 171 214 -8267
183 233 82 3681
962 318 44 4415
1287 400 246 -6966
580 98 436 4768
370 203 458 5687
1426 101 282 5160
29 51 140 9068
1088 167 118 -1450
869 362 68 973
459 62 170 6159
733 132 288 -2678
1150 381 108 -1977
1445 123 360 427
704 50 124 -5162
655 88 148 -5703
308 190 212 3110
1026 350 156 504
1128 12 42 -8801
867 450 90 2164
21 427 196 -1061
624 293 278 1679
605 163 476 1602
1362 9 324 7154
617 32 62 -2179
1111 459 122 -1149
1190 177 24 513
208 81 86 4867
766 276 232 9077
1130 238 392 1656
243 83 288 4408
970 241 366 -4962
1034 173 184 -5693
1338 83 170 6643
1380 290 52 2645
788 152 440 -3501
472 43 360 -2898
661 229 440 -4050
904 168 80 3408
1162 120 16 -5801
1203 422 312 -3429
740 195 20 8595
1218 259 350 -8207
64 209 154 -3152
1168 141 436 -7256
21 6 160 -2339
389 57 144 9691
415 443 294 9666
291 112 448 520
749 435 246 4122
1447 74 298 7725
1082 26 160 -2024
869 3 246 -1041
261 267 128 6376
644 174 148 5690
102 341 258 5608
858 162 34 -5233
125 392 238 7743
1152 422 392 2419
542 402 252 -3036
844 318 322 1248
1478 27 350 -3062
659 146 336 -7686
838 274 202 2380
1061 109 450 -5530
390 4 62 -314
448 238 130 1286
738 256 272 1351
312 304 162 4501
31 311 220 2604
470 335 134 8027
1465 163 134 -9920
448 297 188 5665
1312 109 438 -5504
1446 36 476 1674
1124 75 100 947
256 372 218 -1173
1089 87 476 -3411
52 338 274 -3518
726 442 244 5610
1147 15 70 -6190
390 378 32 -1323
1398 78 380 5829
909 364 318 -354
1447 381 370 -9327
51 55 224 -8778
289 301 252 2533
688 179 396 -3420
1288 359 34 8785
1225 345 132 -8497
141 75 292 9555
210 268 116 4634
703 416 318 7082
465 172 118 -1176
348 428 200 5183
898 0 146 8785
857 345 376 5274
1320 435 434 4952
1168 408 162 3301
1148 276 132 -1578
1239 386 472 -46
92 136 340 -2362
1439 296 442 -6930
407 276 252 6803
1 381 464 -605
413 350 320 -9389
626 62 348 -6325
883 133 24 125
894 424 80 -5014
165 64 388 -9651
566 252 200 -8000
1056 214 166 4810
1207 461 6 2280
745 359 214 -7269
444 370 472 -6626
491 191 52 -1403
353 219 402 -8150
1047 31 444 1562
727 237 290 -4603
1118 167 198 -2684
202 170 182 2832
648 251 156 -2799
893 182 192 3849
437 400 378 7079
1123 219 142 -1540
310 181 226 9724
330 374 134 -6531
1267 274 22 1800
678 78 382 -5978
379 352 300 9040
727 121 244 6936
1298 142 10 4065
1245 40 120 3452
485 379 456 1708
1388 154 214 -5710
447 157 350 7384
273 283 114 -4076
1297 311 420 7692
1139 183 372 2249
200 240 186 5346
1068 156 184 2180
160 223 272 -484
862 197 42 6512
1158 14 446 9106
664 417 362 -5764
763 375 160 -4364
869 418 280 4779
234 11 378 3135
533 136 332 -7930
1108 364 246 6748
1071 38 456 -5883
608 398 196 3948
542 40 352 -8340
1441 349 188 -1506
2 44 454 5628
1398 317 390 -4529
554 29 252 -6654
1062 425 134 -5821
1318 355 154 3407
1390 167 46 9433
13 18 172 -3823
206 122 174 6470
543 18 120 -4367
1152 420 378 -829
5 403 256 -7914
667 219 232 -6530
140 177 96 -2360
1094 288 372 6905
1190 160 426 475
1101 461 36 2654
628 404 178 7162
1168 136 220 9423
153 319 240 -4575
1355 66 240 7505
20 448 4 9456
204 296 144 4462
119 286 124 -4545
1364 95 308 4927
1118 182 32 214
1348 423 188 297
463 436 418 3496
1412 0 382 -1350
197 58 206 -7553
535 44 76 -994
435 363 168 2798
1035 443 156 -1379
1012 54 28 -5784
977 73 10 9991
851 324 234 2360
1191 437 116 -605
688 355 198 -223
734 452 398 8975
499 358 418 -7399
931 262 180 9224
709 261 114 -4768
913 407 466 -4278
925 162 352 -5667
936 145 254 5371
479 392 88 5124
868 68 140 1185
398 314 394 5698
278 386 122 -167
155 434 104 -7031
1485 339 4 -668
949 105 202 2568
338 402 162 4117
226 327 8 5235
655 257 76 7081
925 19 368 -7803
50 131 262 2970
593 436 468 -3866
646 232 208 -2838
1089 124 404 1849
1492 403 38 6668
1088 295 20 4712
1430 412 408 -5298
1059 374 426 -2725
647 1 92 6
358 283 298 -8928
682 81 378 7212
588 95 322 1943
1218 91 28 6902
1418 51 88 -8737
375 216 476 6394
1228 64 4 749
1113 138 262 -1120
1407 187 276 1047
754 414 352 -9544
1096 280 246 -3574
831 213 86 -7276
340 386 460 177
896 165 252 1434
1468 222 306 -8733
529 388 186 6839
90 251 432 -4443
783 266 238 5950
1004 113 472 2305
720 13 78 -3312
1114 49 216 -1804
84 423 44 7847
1383 401 326 2107
269 68 478 6398
1284 23 84 -254
1331 314 212 5003
1214 226 388 8569
72 194 214 -7460
1214 241 406 4990
1219 274 26 -8656
261 274 460 3635
259 293 214 -4274
969 370 228 7585
629 260 110 3349
1296 200 464 5667
492 321 192 -6141
94 136 74 -1691
665 271 4 7989
1178 21 444 7768
570 61 122 9283
1279 253 192 -5956
585 22 60 -1438
1047 129 330 -803
476 50 438 4993
110 437 158 6390
1274 341 142 -3053
661 403 296 -5915
924 69 396 -434
906 43 466 3323
470 270 124 757
183 191 38 -227
1 239 8 3414
52 9 456 2618
1222 337 142 -3456
136 82 178 -3892
354 389 350 486
1002 98 370 -500
572 420 116 8189
1042 149 230 -5089
976 333 346 -2279
800 156 364 -2876
1408 444 40 -8879
671 82 386 -7773
293 36 392 5076
25 233 414 5103
413 298 36 -3352
296 322 398 3869
1271 0 64 837
382 170 198 5128
658 103 150 1451
1082 413 414 5024
540 155 434 -4784
1056 452 220 -5964
185 2 50 9349
788 455 2 -2623
746 16 442 5510
1432 34 378 -1511
1235 398 308 -4247
322 171 268 1441
420 44 228 3340
1113 363 440 -5817
1075 176 196 -5022
874 289 346 9629
306 356 260 6454
344 222 444 -7371
849 315 56 -2951
529 82 78 5561
98 108 258 -8594
1434 283 186 -5901
1116 451 182 9450
732 421 300 1514
1400 109 122 5425
25 402 112 9926
815 357 446 5446
884 280 228 -2962
651 21 348 -2040
1101 395 30 379
260 383 150 3797
267 234 332 -323
318 88 338 2945
391 422 84 2038
658 190 374 565
1387 290 296 475
722 134 320 -9756
618 362 384 9552
57 201 238 8868
728 66 418 8414
1236 92 420 5437
513 37 102 7881
246 278 152 16
236 452 372 4664
238 270 2 -9422
505 459 284 8947
1400 332 368 -4217
1467 215 222 1198
489 395 298 8472
420 170 316 -7954
1414 40 42 -5832
262 330 284 -429
198 87 436 -6233
1460 329 310 332
80 42 420 8260
15 341 208 -2438
588 73 244 -5942
477 434 84 -9507
219 4 380 -9012
397 368 378 -2979
989 185 310 -1045
1202 110 16 1245
1257 426 244 7843
487 430 342 7613
569 439 10 -7098
1117 169 356 -2306
983 111 248 8456
501 233 276 -9581
293 391 152 8702
252 91 322 5785
615 140 224 9794
968 52 6 9948
1007 442 28 -2139
821 315 38 5737
620 407 386 -8153
1250 335 196 6827
58 415 56 8185
1495 191 88 4622
1326 67 160 3090
404 383 90 8188
1068 21 70 7021
966 150 438 5538
866 388 118 -9673
350 270 342 -4272
151 145 254 -3832
1380 345 348 -9544
858 249 272 952
956 220 150 -7690
425 66 284 -1769
1000 90 288 -7460
484 357 242 3480
99 113 440 547
1240 373 468 -5543
1217 132 202 1467
256 32 290 -6114
88 209 354 505
379 168 146 -6997
1111 175 348 5626
1169 164 58 -5323
88 106 452 9556
483 415 16 -3058
1182 452 232 2336
981 154 188 833
1007 15 320 -8397
125 55 400 -3228
870 283 64 -3053
61 42 12 7547
570 190 240 -5012
434 92 130 9443
200 345 232 9351
1412 157 432 -2750
1185 266 40 2402
315 26 100 1317
1475 342 156 5294
283 105 102 3906
265 151 426 -3403
24 411 454 4774
331 175 40 -2000
373 433 64 8378
614 427 184 -8229
733 442 258 -7475
948 96 110 -855
1262 291 106 9152
381 353 408 -2339
486 231 248 -2916
537 46 370 -8304
933 426 92 -9994
1128 332 172 -4545
210 210 136 7846
536 245 208 -3568
1443 281 340 -4790
174 321 330 8770
276 151 224 -3680
710 326 160 5771
1002 370 104 -4577
689 234 272 -1618
955 149 190 1112
1202 299 24 700
1233 149 326 3461
412 7 360 -8846
1087 114 386 -6759
552 296 106 2265
533 307 460 -1971
829 58 412 -8250
468 382 438 9542
109 98 404 7428
796 415 88 -208
484 154 56 437
952 270 460 3319
210 53 444 6411
339 257 208 6323
1191 5 80 -7778
869 397 6 3491
1368 52 278 -3419
573 96 428 9659
1010 217 6 5023
1175 16 314 -4009
1119 368 170 2925
430 258 92 5190
734 422 376 -563
135 146 426 -9642
281 43 56 4457
1148 104 478 -7919
782 404 172 5038
248 68 328 -7513
585 215 18 8025
246 396 156 3339
1415 105 444 6440
544 208 148 9506
672 264 20 3063
310 106 336 7322
122 379 300 8697
1094 434 402 5134
931 67 274 -8161
827 18 244 3214
968 305 80 -4570
564 3 162 -6531
982 243 14 -4391
798 16 264 7938
1378 138 64 3547
906 256 354 -7228
916 393 356 8151
1198 229 64 669
902 355 72 -1092
354 347 90 -8324
1289 36 84 5833
1070 287 344 -8990
777 427 368 -8757
787 378 114 3265
649 56 6 5565
1114 454 140 -5740
742 29 388 -2329
1026 54 20 -3913
1026 232 434 8105
703 30 20 -4744
1205 189 456 8301
928 261 242 -3229
278 344 154 2805
118 105 458 563
696 215 116 -2835
994 381 46 -4643
434 286 412 919
858 150 446 5650
1136 115 426 6933
531 302 6 -66
575 455 442 -6376
582 245 44 -1783
307 80 252 2995
1389 65 44 -413
1274 11 12 710
446 310 182 -8354
1370 428 294 3306
1307 159 394 517
59 5 274 9155
204 163 208 -4276
149 322 240 -3255
963 135 180 8321
1464 169 14 1842
284 366 246 7338
566 244 44 -8576
719 224 32 -8133
1176 368 180 -5169
438 226 412 9376
225 458 322 -5039
259 246 396 2609
74 247 292 5530
340 444 318 -3649
973 214 236 -3033
472 290 296 -7704
632 256 414 -8652
107 91 104 -3181
1333 140 112 4821
554 299 342 -6828
1196 404 198 3836
647 380 152 -1253
1068 354 134 1541
529 169 92 -9599
281 148 108 -3460
904 196 26 -3633
1029 186 12 3290
977 299 266 -7194
1065 438 390 -7084
367 155 196 -2377
663 30 392 -706
23 360 304 9559
1044 124 438 7657
1154 226 148 -8279
931 447 120 1739
1176 411 430 -7740
402 112 128 -9708
904 110 384 5750
1186 301 234 5866
370 351 268 941
634 156 154 -9621
1334 254 156 -7612
927 210 226 -7307
143 432 212 9625
752 363 256 -4848
1408 416 164 -3729
1335 299 236 -5973
1442 79 254 -9256
248 347 358 6941
748 245 304 9513
1353 286 148 6084
1011 275 204 7087
281 183 172 1303
683 207 100 -3718
780 357 414 -9263
709 213 374 -5791
1122 396 378 282
1431 332 192 -359
725 141 130 -4876
1035 3 202 -7329
252 161 206 6057
206 185 66 -2785
996 147 98 -2726
249 211 290 -7844
303 363 474 -8820
1078 215 294 8519
1110 286 208 -5008
463 295 282 7770
135 281 236 -4025
1383 105 222 -2703
695 25 362 3614
587 204 338 -4819
226 132 58 -5338
498 106 352 -4464
713 152 468 -3475
971 27 332 -8437
287 421 226 -143
193 402 288 -8262
683 436 338 -7761
1070 333 330 -800
842 149 72 2988
591 419 344 6505
197 71 144 -988
190 269 102 327
1302 70 324 6937
268 36 294 -1112
1432 305 152 -5834
537 457 78 -847
350 73 218 4190
1275 115 462 -4087
142 117 22 -7234
226 105 46 235
914 437 220 5489
608 179 300 -9729
818 175 268 -1529
823 26 466 7620
1047 61 228 -2948
688 18 118 3202
841 238 2 7618
1316 3 442 -9644
1085 61 220 -6854
231 105 166 -752
261 160 256 4149
92 23 228 9033
175 62 160 8886
976 228 420 -1918
602 340 142 -2893
790 310 54 3464
1289 369 80 -7860
346 374 254 -8350
405 212 414 -5938
1454 11 272 6539
848 181 340 -5619
215 163 290 -9581
258 284 176 -5000
1230 382 392 7758
1095 240 212 -7896
330 227 90 3200
956 216 104 6586
1474 421 156 4808
605 17 460 9267
647 169 250 1274
498 298 98 7437
1084 394 128 -7542
15 229 394 4096
1132 19 286 8967
234 275 174 7689
1278 279 34 7341
1198 187 458 -5259
484 397 46 -9340
1122 126 146 4292
64 242 446 -2558
1439 113 348 -7297
40 351 8 -6913
177 204 228 2937
531 125 298 9120
830 185 50 -5462
1139 404 452 -1938
663 187 318 -7436
257 10 354 8434
342 55 174 -6242
136 368 204 2751
574 453 234 -3795
800 263 48 6785
841 22 254 -7590
815 309 58 -6222
1374 327 260 -4772
946 429 92 -2141
1061 84 156 6874
635 157 20 3937
790 114 298 -3323
609 397 212 -6276
1226 212 292 5857
293 349 144 6558
1018 261 52 -6633
132 254 364 -1469
1259 121 228 -3039
1253 310 188 -3104
866 114 418 -9090
1305 113 444 5171
978 208 38 3300
192 110 192 2872
676 136 446 -5189
1351 458 224 -230
1374 205 184 458
1047 457 144 -7814
983 301 428 8334
1086 104 84 -6021
493 307 384 9460
741 119 134 -9184
1135 123 78 9102
779 363 108 -8101
1436 164 340 -5406
743 376 90 2927
1282 293 42 1226
914 64 388 8804
145 19 294 8369
143 439 248 2052
1044 315 196 4082
965 153 226 -8934
1385 105 448 4293
180 322 356 -7086
902 433 64 8479
450 313 216 6011
1432 167 206 6725
231 116 448 7862
1328 75 76 -5184
915 267 382 8679
642 287 386 -9732
1123 222 208 -5722
1182 180 458 7474
53 397 436 -9382
79 224 100 1758
607 80 72 9711
1068 173 478 8947
1019 376 468 -2340
379 419 210 1632
187 41 154 -8986
339 400 278 -5429
1086 364 26 -8164
1158 354 206 9424
944 217 222 8856
199 229 392 5281
1446 265 150 -5529
1404 231 426 -4934
913 17 240 2076
1483 355 204 7224
1080 113 268 -9395
935 20 140 -4642
105 55 48 -4905
450 332 196 6342
1036 163 320 -7825
876 62 142 -9824
1464 141 168 6555
780 321 158 8470
342 444 322 2552
1251 238 280 -2038
361 166 80 3551
786 152 154 -3322
1314 1 354 -8832
1276 30 294 -3149
291 211 402 -4064
1183 265 354 3761
337 384 286 1201
1395 155 22 -2721
443 198 294 6973
1152 17 448 -7940
1336 203 256 -1713
976 62 218 -442
1106 165 180 -1321
304 297 190 9851
1124 39 302 4889
1452 140 240 -8120
1384 161 428 -6856
420 91 270 4424
992 161 100 8857
210 79 44 -8556
434 332 294 4682
1028 323 398 2025
346 154 340 1431
182 339 390 -4595
656 348 378 3734
494 37 126 -3204
864 321 36 -1938
1046 222 398 -2437
1273 171 120 -8736
1231 254 134 9421
1343 425 432 5801
944 400 30 -7400
274 247 56 6713
772 126 322 -6973
815 68 388 7432
350 71 182 7957
3 214 190 -1393
994 439 224 3316
226 95 376 7968
631 178 396 643
470 1 272 -3276
514 28 130 -8032
1284 286 190 -7410
259 461 400 3102
1467 124 204 5480
877 172 434 8966
777 374 472 -9056
168 301 338 -6362
953 99 370 6527
325 33 188 7040
824 349 28 3631
486 352 176 4702
406 127 142 -9729
34 76 110 148
14 241 124 -4130
881 433 452 -3476
1367 113 220 -400
823 251 472 -2482
486 394 28 5339
1388 297 10 -8094
70 107 418 85
815 294 370 8347
799 392 228 106
530 45 276 -8840
285 86 222 2349
534 91 398 8357
94 210 450 -4728
1434 352 146 -2468
1118 11 248 -326
1058 254 292 -4006
1347 397 22 6428
914 59 334 7304
36 130 96 -7432
365 169 18 5723
406 97 362 3623
752 72 72 8961
1355 82 58 6560
60 174 314 3170
528 164 152 7606
985 29 290 -6580
357 396 248 -6094
1080 449 276 7910
1183 308 144 7556
798 240 158 4043
817 134 288 2885
1191 413 142 2808
483 181 92 -2602
1073 321 48 4975
335 433 356 -9793
1362 297 132 -9606
612 412 362 3992
54 227 222 808
1023 363 96 -30
57 403 294 -6117
192 33 462 -5909
653 314 420 5212
1181 14 468 1790
926 108 176 -1135
952 35 170 4323
1366 118 378 -9074
559 240 332 408
1438 53 404 6556
551 406 154 -53
514 262 320 -6021
531 455 368 9274
563 304 372 -286
428 292 368 -5628
1138 409 336 5755
1340 459 378 7440
760 322 212 -5917
377 435 270 2729
1018 274 220 2147
1036 25 66 -2577
155 144 250 7307
499 26 364 4810
1039 328 202 483
78 145 364 5454
1203 349 82 2721
572 65 72 4232
911 168 146 3445
619 196 92 -8943
369 333 22 -4355
32 61 266 690
362 24 46 -2321
178 62 126 5503
179 385 232 4495
1459 227 428 2918
806 238 478 -705
838 451 16 7610
1226 97 378 6257
1208 156 298 -4151
371 100 394 -5837
956 288 354 485
373 434 44 -3284
461 122 372 -6641
512 396 472 -361
1068 4 62 -3548
763 134 114 2366
801 249 366 -1595
1153 267 356 2359
1181 212 256 1878
497 84 252 2543
137 31 36 6916
578 25 454 819
179 75 214 175
1191 173 42 -5477
1158 441 228 -1067
1281 47 426 -1572
865 259 20 -9484
707 83 168 8472
282 340 204 -6379
725 120 18 5707
1110 297 402 -4087
1321 256 156 4600
375 346 80 -4463
637 170 262 -6003
436 311 476 9954
701 379 362 7135
956 114 382 8425
289 169 268 -5864
1070 325 354 -7861
1205 219 238 -635
165 350 170 -6766
253 444 124 -5647
792 58 276 -8293
677 74 278 7327
408 136 276 9724
436 81 390 -2439
784 150 152 -4251
1198 175 306 740
732 86 190 2735
353 306 64 -9083
1255 39 48 4635
1107 149 210 -4228
189 40 374 3694
201 57 454 6086
457 21 292 -8941
1481 377 158 7957
126 183 46 -7836
900 47 462 -2390
650 328 156 -3616
1248 407 458 -5898
1033 444 110 -4507
6 429 36 2923
597 380 240 7587
382 174 162 -1617
1426 377 236 -6172
1030 51 308 -2957
502 113 142 7966
1194 313 264 -4465
1108 352 344 9495
838 348 130 -8480
1348 156 424 5037
600 210 114 4098
1324 245 102 -5864
361 434 444 2063
886 455 348 856
2 303 158 -5695
267 78 166 4657
1322 170 138 3565
881 342 452 3819
1167 194 290 -8474
488 37 32 -9468
1416 395 80 8763
715 200 194 7659
849 336 32 -9835
62 69 264 -1867
719 259 256 2174
1219 383 464 4135
122 221 84 9555
293 392 218 4121
1274 188 160 -6466
620 435 444 -3818
590 402 52 -9154
1113 153 152 -3556
1426 427 378 8910
241 140 220 -6148
143 46 102 3336
138 141 416 1479
400 282 428 2157
1323 395 358 -875
771 273 180 -1265
1438 6 348 235
780 76 14 6330
1067 448 28 -3175
74 26 426 -277
1069 53 106 8328
394 226 94 8138
205 165 406 1228
633 176 222 -6555
1367 182 228 4244
303 320 394 2403
1442 282 76 -9205
145 5 74 -110
667 140 400 7321
643 442 388 -1569
1020 1 66 -7029
700 394 116 -8989
391 434 450 3654
585 359 320 -4293
1029 45 174 598
307 41 316 -3507
1150 185 276 5925
1084 336 30 2087
952 461 448 4386
1372 16 238 839
1065 29 104 2126
1325 330 344 6325
1175 92 364 556
354 305 164 -1189
1467 1 10 9999
1256 184 190 5949
316 106 212 171
565 262 188 -8183
822 202 340 4707
1104 231 48 3674
135 393 350 -5866
612 368 26 6491
1189 138 184 -1914
630 67 368 9468
101 293 384 -3339
267 449 218 -4452
700 196 96 1174
1317 408 324 -993
856 233 40 -2135
892 276 286 3023
1157 390 180 5106
260 21 388 -2778
893 104 458 -6490
1082 273 94 -8392
1077 70 102 -2784
631 5 128 -5154
906 71 182 2893
629 12 30 -1825
800 299 444 6854
769 208 216 4618
701 309 264 -2940
1217 213 452 2331
741 83 314 9914
703 309 280 2752
1035 70 288 4420
1197 362 222 -3555
1100 134 10 292
1081 91 74 -4627
344 242 384 -3186
1391 374 322 9959
494 232 26 4684
539 35 444 -368
725 283 214 -6211
1351 161 362 -6090
407 300 200 5712
371 449 152 8509
1289 119 432 -6958
1295 144 182 -2922
1491 314 228 -3241
1143 13 180 -5446
1345 318 126 9748
380 235 454 6193
1064 295 78 2825
781 204 20 -9401
690 213 354 -3040
1132 266 248 -4197
1079 454 8 -7895
403 85 326 5368
170 161 230 1782
361 25 148 2300
1444 426 424 8827
1325 33 182 -2202
1108 290 242 -2068
886 185 310 6568
960 378 366 9499
1288 449 226 2084
320 144 372 -6500
539 184 104 -5387
1068 104 288 8202
253 51 54 6431
63 455 8 -1482
827 125 414 8151
265 343 144 2960
468 431 46 -3185
1409 368 90 7961
843 295 164 -9813
1396 116 380 -8055
1416 179 264 -788
109 286 434 -3922
1092 246 136 -8860
1216 157 222 8281
1443 267 120 -1594
34 66 16 6709
1421 382 28 1812
5 17 114 -4208
1241 340 346 -3517
1317 364 478 6512
863 277 470 -4745
86 367 106 7679
1222 237 110 3038
221 22 192 -4110
639 32 24 7708
185 285 274 3115
1063 325 64 -3252
563 379 410 -3936
633 1 436 -3340
1353 284 400 6147
17 352 450 -6794
856 178 444 -6327
397 359 186 -7692
312 415 452 -1243
1020 168 402 9617
1324 245 68 -3260
672 191 176 4111
1092 85 256 -416
1066 272 256 8862
1329 90 252 -1543
273 251 474 6268
1285 203 292 6296
840 453 290 9154
1425 63 240 6403
1441 105 394 7607
267 327 176 2386
1355 359 270 8043
803 26 2 -4688
129 102 34 -2060
856 257 450 8297
287 196 18 -2967
1199 432 462 -1170
936 420 86 -2655
1031 101 320 1463
134 399 240 3983
771 104 346 6394
1195 98 308 4782
807 5 88 -1654
959 245 98 -7204
824 121 212 -6563
991 264 212 -8140
1491 8 116 4872
1482 395 370 7636
526 74 174 -4646
1440 432 250 -8521
1362 101 336 -739
628 276 152 5490
1455 235 84 4730
452 4 104 1647
494 84 84 3155
1083 338 8 -9426
1439 41 110 7091
568 215 438 8517
1170 135 102 -936
1495 218 360 -5045
1471 411 172 4656
1088 134 296 -9372
219 358 302 -5067
489 161 124 4371
735 396 384 7257
535 265 222 -6894
777 258 142 3109
755 170 104 -2392
81 403 86 8504
6 308 336 8302
1410 277 30 -320
1077 119 376 4165
38 346 364 -2745
558 21 382 1923
42 153 200 417
845 320 478 -4049
1148 419 142 -192
832 172 256 -8966
1344 71 20 1710
241 129 256 2048
955 440 320 7777
329 362 28 2537
1391 149 72 -8223
924 200 400 7426
994 99 184 6063
697 3 398 -7427
78 281 154 4817
248 134 340 -1120
1177 158 200 -6808
909 398 470 892
783 183 144 -3383
337 175 68 1292
1353 193 212 9304
1376 209 216 4005
1119 248 14 9914
1343 407 88 6704
706 345 452 4864
1205 189 310 -9681
1354 78 44 71
174 172 404 -1054
1400 99 10 765
623 94 190 2940
1268 0 312 -8254
982 394 288 2256
590 280 122 -7411
1320 268 242 5639
242 426 122 -5382
995 203 382 2512
970 104 198 -9333
1215 310 172 -743
580 300 388 9663
1196 189 354 -9403
1093 247 202 84
494 293 264 -2925
673 329 328 -3807
303 351 270 -6545
835 357 12 -6267
1187 214 192 9259
815 352 296 5752
1127 206 24 -5875
641 121 288 9342
34 241 86 -4590
1077 242 324 -3749
750 30 20 -4670
841 20 100 -5813
634 267 166 -8909
1108 166 190 -9274
1130 149 244 -6635
1460 261 464 -669
648 31 228 9903
1080 254 26 -9171
816 179 56 9364
1199 349 116 -9822
95 115 428 -8723
327 196 74 1500
1091 167 60 3403
535 403 452 6390
724 200 138 2827
445 3 224 -4449
311 144 398 -1525
568 158 58 1295
769 429 322 8790
83 213 324 9201
160 240 208 -743
400 282 14 -5840
50 168 262 -5714
1299 318 432 -8201
793 308 130 -8787
608 243 274 7789
1229 350 322 -6312
1377 239 340 5593
777 304 204 -7715
73 408 232 -3406
186 164 168 9947
1082 146 142 -30
61 123 468 -1223
225 175 248 5521
289 89 80 5183
663 415 474 2828
756 222 168 -1463
399 429 272 8549
203 50 426 3989
755 288 40 -2902
633 35 346 3072
1011 432 420 9253
1276 135 380 5220
179 454 38 96
1034 232 464 5161
1482 44 104 -149
243 413 430 -7087
1332 45 146 -9745
1138 399 226 -330
877 306 168 -5925
181 317 296 -1195
24 7 240 5513
119 225 158 -9305
419 231 372 4192
1211 316 360 7986
1226 174 26 6092
442 429 216 6262
495 403 88 4494
1278 416 56 8759
775 423 224 9145
1424 58 20 -3140
1159 103 458 9985
440 414 150 -6100
956 149 440 -318
1322 97 314 7216
839 460 328 9600
982 93 236 1690
534 62 318 -1449
85 268 440 -7341
1121 152 372 -8508
828 303 380 1032
1172 360 342 -2432
957 333 70 5281
925 420 438 4622
1112 325 168 -5256
1092 389 322 5844
1432 402 130 -4203
1302 266 106 -8809
1194 112 278 9740
1482 192 220 7842
936 14 104 -290
25 358 70 1409
1058 372 420 4943
968 456 150 -603
210 116 210 -696
307 385 252 947
1345 173 284 -4759
1260 378 4 -160
1034 215 72 640
