412 33 436 2602
1119 392 164 -7835
863 305 82 977
1266 69 184 7165
517 355 392 7943
523 21 214 9522
1223 282 416 5450
18 130 72 -5758
1281 238 458 -5139
291 339 74 1938
993 269 392 -3854
399 7 426 8317
1018 352 136 -2869
1404 128 456 -7583
202 77 194 7584
1046 97 74 -1393
800 355 36 6522
193 203 66 5189
235 234 62 -2212
228 149 34 -8942
334 285 104 8111
1140 382 36 -2553
940 72 276 -2303
901 358 384 395
189 160 214 711
948 2 240 -2352
929 399 40 -3487
10 303 286 8470
963 171 274 -742
389 106 374 9584
297 337 298 813
746 233 122 -7041
653 146 86 -2861
1088 201 248 2711
1136 157 296 5102
3 257 448 3534
905 21 110 790
1086 199 326 8929
1495 344 370 -6182
711 385 450 3767
589 57 8 679
848 104 366 2377
788 244 210 9545
60 76 48 2766
457 292 300 3165
450 49 138 -3353
975 186 320 2830
574 348 236 -3182
801 408 442 -4711
1154 377 8 9776
1159 189 250 8089
1108 218 180 3542
891 237 312 4729
1287 327 190 -8934
1156 237 180 4853
1008 150 404 -8696
87 187 264 -7175
286 377 394 -6986
823 308 116 9913
1254 206 296 -1299
437 305 148 7647
179 306 16 -9591
1227 204 448 -7613
1133 64 400 -1148
149 264 312 -8380
111 192 396 7240
1166 227 26 -4160
1228 53 392 -2653
1462 295 58 -4085
268 94 196 -2255
242 187 436 -3774
1058 409 276 8972
300 408 366 3328
607 344 14 -177
467 132 158 5799
1018 37 162 -2688
1379 71 12 -4229
318 100 440 356
1207 264 228 8577
1140 327 354 -4616
823 68 432 9028
1119 5 260 2190
1462 295 424 -3684
1232 277 58 -5458
1005 107 224 -9850
1070 19 420 -3132
476 114 296 -3525
188 216 406 -5827
625 10 478 3870
972 117 388 3506
651 339 406 -1111
777 251 108 -7648
959 284 330 -9494
1191 141 200 6438
527 394 452 -5940
1157 289 44 7681
673 114 296 -7852
609 108 204 -7675
1452 173 394 -9060
1003 238 180 9979
1238 375 352 7545
449 3 234 -6647
1411 323 424 -3089
589 318 54 -7626
1123 158 454 -4354
738 219 14 -3086
1 397 286 2679
1132 143 412 7677
783 376 314 4348
1052 34 58 -7129
738 115 188 5417
456 52 10 -2849
336 40 286 -1661
580 349 72 3777
162 177 396 1167
1268 398 344 114
559 403 58 1509
1321 73 56 6370
1409 358 82 5619
174 278 230 -6881
365 213 394 8345
646 61 166 4759
1390 255 210 -584
622 188 346 1204
793 379 136 7477
300 274 362 -5072
847 69 242 6266
361 170 188 -7384
742 39 336 9673
1221 122 88 4146
1445 357 390 2826
1363 52 64 2757
1464 341 290 -6716
897 52 336 393
8 230 396 -8190
736 166 76 -5218
240 357 38 -2003
259 202 98 4645
310 101 366 -728
520 327 374 5553
1165 138 244 1285
1100 2 38 -400
243 198 432 3681
1295 359 60 -1707
108 296 370 -3439
391 220 110 7566
187 129 328 6738
779 207 292 -1653
703 317 204 -7861
955 281 470 1848
749 246 374 9946
246 189 92 -530
1055 78 252 -9630
118 12 458 -5502
448 297 184 -8334
94 395 454 -4024
565 272 192 9770
594 193 188 -5762
1016 187 110 8181
1487 46 390 3463
170 138 348 -2433
1363 216 300 -5992
667 82 258 9669
670 119 404 -6367
1182 378 236 266
148 166 36 2295
1233 38 200 -5697
307 120 414 3098
360 106 424 -1383
629 267 230 -3725
181 340 324 -2669
258 136 262 1256
7 267 74 -3763
1048 87 294 -9344
47 232 304 -108
236 42 92 8330
1163 65 156 2486
391 160 242 -6231
977 286 360 -5544
65 291 458 4814
698 365 48 -8028
481 298 264 9627
816 198 440 3840
301 99 326 562
1354 398 380 8778
593 10 396 -5738
480 397 414 4146
745 305 32 -3813
347 268 28 6818
174 3 344 6077
675 128 108 -688
945 77 16 -6145
1212 236 434 83
960 78 196 -7468
378 133 378 -5396
1296 153 108 -3454
233 37 18 -6566
300 381 402 -6809
42 62 168 -5658
1455 225 70 8217
1451 246 94 -4130
1389 48 130 -2948
392 312 68 -1411
337 279 200 7986
286 256 98 3311
1369 228 280 -9324
119 267 234 -7083
548 329 20 7194
81 400 78 9117
1310 192 414 6333
801 81 68 -7862
894 243 328 2196
44 400 160 622
1051 85 386 8675
350 150 158 -6317
1480 6 456 1638
431 136 206 7939
1429 270 302 7902
418 336 294 -3605
1167 330 266 2236
1209 396 252 -2313
217 230 124 -1119
139 5 130 9258
142 411 14 9249
165 19 460 -3316
508 140 458 2307
119 235 20 -3917
1251 220 180 -3096
964 203 390 395
379 385 156 3061
317 329 344 3875
3 163 164 -627
192 315 120 -1703
801 194 360 2982
812 86 4 -848
1401 114 162 -4023
187 309 268 -449
1283 391 212 4011
47 172 76 -1091
159 335 178 9811
645 209 440 1135
1284 342 178 9402
1020 163 156 -2132
957 393 290 -8364
1262 215 444 202
87 229 236 9138
204 10 158 -3964
467 91 272 6727
901 32 268 3229
1259 62 370 -3252
348 362 406 1789
1066 325 238 3435
103 252 248 -8289
1056 18 146 -6548
967 191 204 -4729
1118 259 234 -8871
1279 364 216 -7557
1313 290 138 6480
1157 255 204 -2612
1422 34 178 9446
915 73 360 2869
1117 309 282 2308
1005 109 456 -2971
993 394 474 1341
1091 133 10 3850
24 375 392 2883
223 227 390 9706
1452 254 194 45
34 225 298 8378
258 388 8 -7876
1282 148 88 3143
543 101 136 -5296
606 159 476 3814
536 42 396 9698
1256 14 42 1689
1231 73 246 -8696
433 182 464 -1904
1275 248 6 8765
1204 178 8 4123
987 248 170 -8419
21 136 108 8447
1071 94 76 -6328
975 373 382 4724
217 367 52 7644
134 260 250 866
141 55 238 -2382
529 385 442 -4189
798 38 346 -8295
489 355 30 8305
789 344 330 9841
744 155 182 -9598
268 56 368 -4915
803 166 24 2687
769 384 114 -7138
954 382 202 2866
1208 220 322 6591
1431 341 32 7066
793 270 318 7886
205 300 216 8705
820 147 256 9363
295 51 228 1434
1075 374 354 3127
923 346 236 -69
1186 27 128 -836
1433 31 182 -5604
119 53 8 -7168
1392 337 440 525
622 19 158 1816
1155 163 212 -6546
343 213 256 -5953
1145 58 116 5958
300 208 302 -9418
1282 308 330 877
796 204 276 2846
1412 367 356 -2211
1157 63 468 -648
795 359 268 3742
682 246 4 6337
46 393 158 2213
17 186 406 -964
1157 270 204 8672
608 376 372 8221
887 407 10 6304
1018 63 76 -7761
1064 3 48 9680
475 104 382 -5533
1128 197 214 7471
391 10 36 9852
1464 69 300 -8386
579 345 418 8799
1173 109 86 -7574
83 45 344 1897
1096 84 28 6058
116 409 130 -8338
1202 185 438 -2790
707 18 438 -6039
619 281 96 -9224
247 143 252 2957
646 117 200 -781
1210 386 194 -1769
939 230 248 -3396
884 148 182 8758
523 206 444 8759
568 187 334 -5068
408 103 396 -1172
645 150 398 -7003
314 11 210 2034
1418 60 278 -5824
1347 168 362 -5212
445 45 122 -7685
1457 179 168 7836
32 99 332 -4335
727 18 428 -29
1177 251 266 -8439
705 231 346 1581
239 210 312 5990
1108 105 408 -3874
683 73 38 -6142
1293 386 370 -205
695 25 464 6269
58 96 84 7599
750 238 58 -8197
1364 131 324 -2546
750 194 10 -2752
1351 401 178 6880
717 263 184 -6234
1138 35 308 -9859
447 322 318 7799
1324 84 220 2384
385 395 446 -3678
1270 323 376 6327
1059 54 448 3241
315 134 194 5812
564 10 10 -6769
1027 212 422 5151
554 362 36 2760
862 253 100 8604
956 270 28 -5871
425 120 44 2620
505 371 190 1277
158 151 346 1085
1335 22 336 -8638
1358 398 152 -9237
547 124 284 -8524
1409 188 462 -2275
1075 90 348 -4150
314 162 78 4440
374 207 94 5699
72 344 370 4837
363 98 176 -4588
676 301 396 -9768
549 196 338 -9479
816 353 104 -7647
837 103 26 -1230
322 19 190 7850
707 280 408 -5553
1004 84 98 2013
896 245 304 2973
369 72 422 7836
65 319 278 7962
79 116 50 -9648
669 271 26 4535
1406 106 38 7166
429 313 338 -5486
820 306 288 -8993
710 193 80 -2246
1060 92 76 4977
1206 362 30 -2200
664 1 336 -5606
322 303 122 -840
85 220 262 4208
953 225 356 7846
974 68 226 -5660
1187 381 316 8057
808 236 72 2918
1039 315 8 -4254
969 283 148 -7006
1344 243 126 -8693
928 259 176 3336
233 302 176 119
776 76 476 -2199
1173 126 328 -8662
494 262 230 -3164
882 78 116 4032
339 316 430 -7748
935 280 210 8872
1332 287 180 9517
1203 50 148 6461
384 283 280 -1567
390 38 338 -2099
236 216 14 1963
1090 390 146 3613
831 83 328 -5462
1012 55 300 -1501
41 398 8 -2269
1215 176 170 -5988
1445 114 176 -2637
882 96 476 7098
1201 89 12 3778
1453 371 238 -6491
551 160 382 7885
840 317 446 9782
1028 240 358 -4772
227 37 412 -1426
1120 392 98 -1346
996 231 472 -560
766 46 120 -9207
413 353 250 -4250
765 13 68 -2798
528 200 188 6312
571 390 30 7786
841 113 62 -2375
250 73 30 -1688
1484 248 204 -9966
727 258 142 -1864
703 290 164 3810
30 131 232 -4812
772 305 326 -5697
45 378 300 9528
1447 174 26 8984
477 323 288 -5118
977 268 208 1391
390 294 116 -8902
0 329 232 -1359
400 409 324 2443
166 14 196 -2298
568 383 418 1996
533 283 434 6640
460 205 378 5629
1344 232 290 -5364
395 3 364 -1463
891 170 424 -9505
196 260 460 -6614
1177 74 34 -2143
1166 303 418 -9119
916 141 154 5817
476 194 288 -7671
111 230 328 1068
1181 4 248 -8914
351 121 266 3424
1488 330 52 6878
631 155 354 -2183
1491 354 128 375
924 24 472 -7616
1404 351 442 4165
1144 121 418 -7698
862 125 148 1165
1352 139 202 8653
845 178 352 -1651
869 44 444 451
504 179 122 2822
1490 364 250 5576
958 159 448 2140
790 80 274 -5002
1378 246 292 6402
1016 35 180 -7168
1148 271 406 5546
844 153 424 2533
825 117 414 2067
986 384 72 -1928
1474 219 474 -4859
468 380 246 -3546
896 213 130 5897
580 65 220 -9576
642 386 12 5660
1058 285 68 1731
1205 195 412 1351
212 278 22 9681
1223 255 368 -2206
158 149 366 -8213
491 23 4 8936
723 404 156 -5844
996 409 158 -9280
1030 162 38 -9851
670 329 170 -3900
768 93 366 -8701
268 331 462 -5769
902 87 456 7865
760 360 28 -7002
1229 277 44 -4179
145 257 272 -7951
780 93 316 -554
895 135 256 4242
677 260 246 8659
667 239 50 -7943
646 110 30 -2455
1463 41 228 -3673
793 121 58 2501
753 191 384 -803
1151 196 70 8845
7 208 80 -2417
386 69 270 6523
413 389 408 8292
536 78 442 3030
858 122 326 6000
644 228 108 -4389
1175 91 476 6903
55 212 468 -1563
1334 317 32 -8974
965 266 38 2298
405 133 22 5733
8 360 90 3138
1335 43 192 6462
22 174 110 3096
896 111 176 4955
174 322 346 9669
1424 267 450 3328
751 322 212 -8467
1112 266 466 -2543
265 85 68 -3075
279 120 322 -6693
368 298 126 -9867
624 127 184 -1792
1185 273 140 8599
988 172 272 -2924
556 11 450 -2359
208 169 270 -8920
1041 190 218 2048
1162 368 30 -3421
2 339 218 4686
418 372 142 -6292
1326 341 184 1470
212 387 394 -625
304 9 256 3106
946 15 326 -6951
954 246 276 -1372
691 167 352 9943
1144 297 8 -98
871 101 44 7444
116 63 6 8975
307 353 166 1190
530 278 182 3575
1189 166 94 6455
454 105 22 9603
853 237 352 -8309
426 183 212 -7751
1073 21 88 2502
3 116 378 -6580
414 400 382 1207
1103 236 310 1270
920 220 6 2171
84 152 284 9859
866 167 242 -9149
1360 364 166 -7823
1142 175 354 8666
153 314 242 6483
634 169 308 -9757
1127 353 230 3518
967 170 82 8923
96 4 122 -4807
947 149 140 -9510
1151 250 262 6607
356 333 158 288
717 338 8 6968
976 409 460 7899
1328 47 428 -4869
1312 153 184 6370
1083 151 6 8980
744 345 140 -9906
1120 329 134 -1562
1062 153 102 -1550
1369 380 130 5589
323 366 40 4897
1337 82 138 5469
1158 148 174 3469
928 311 144 -100
615 216 440 -4725
470 69 150 4714
986 129 464 9095
907 223 478 9331
1036 153 308 -870
511 165 300 -9395
125 355 320 4638
25 200 422 -5363
294 96 170 4274
227 139 158 -3811
1171 103 350 7258
1408 202 352 -3556
986 19 330 -1842
1004 17 192 232
1419 285 244 5014
1391 205 138 7644
1027 201 142 9837
726 1 446 -2945
318 177 192 -2947
441 200 198 2006
277 24 448 7726
1299 197 48 1231
1337 239 34 -277
712 19 266 4280
582 253 446 -9410
1426 89 456 -3874
326 227 314 -8131
319 281 218 -9579
531 345 66 -1873
238 17 62 -7177
622 64 408 8699
1348 309 340 8238
1347 176 60 4407
237 39 138 8852
1396 164 254 3294
470 27 478 -8144
875 334 192 -8467
842 224 360 3928
22 391 362 -5853
1136 338 56 3110
56 162 342 5698
599 311 420 5503
1185 338 258 -775
1112 102 312 5798
238 152 410 -6047
624 138 22 4211
531 217 370 -1571
792 260 424 4076
493 166 172 2520
759 375 258 7807
361 16 134 -1613
59 262 48 -6424
1264 124 258 3225
1112 0 414 3663
157 331 314 -5397
1216 155 388 5856
349 405 106 9668
695 189 156 663
567 198 348 -7399
829 29 332 -9124
69 153 66 -511
730 242 160 58
256 154 204 -5207
1083 358 290 -1701
443 175 50 -632
1168 10 98 6067
452 287 38 9608
1087 331 472 4088
1361 14 158 -9253
912 316 204 -4074
284 204 176 7506
866 122 122 563
940 284 306 3929
334 188 172 -1716
1421 160 112 -8124
646 355 50 5506
337 324 200 9362
34 189 448 9920
414 27 234 -4423
896 163 372 -320
748 410 478 -6121
647 259 384 -8923
613 365 208 1253
164 19 222 1293
1349 411 410 2659
200 372 136 -5443
1244 176 368 -638
1287 402 22 6090
1096 53 468 -3797
144 261 156 -4391
751 59 70 -628
78 86 228 2788
1438 103 446 -9891
1354 198 178 -94
18 43 410 -9298
537 74 86 -9949
1143 247 158 6470
1407 170 144 3350
1358 190 6 8608
585 348 90 6017
94 255 148 5438
1111 356 4 -63
661 115 210 294
1363 43 82 3842
57 367 422 9250
893 19 172 7727
917 114 204 2761
60 241 188 -9754
968 366 278 -7020
1267 214 474 -2655
454 286 444 954
535 309 104 -3400
413 199 184 -9694
1384 300 310 -7997
1027 377 330 -2730
958 175 78 7299
1040 36 298 8388
643 50 70 -7519
196 128 308 3919
1248 152 348 7949
662 119 18 -7272
1315 405 246 -5313
1367 234 226 4076
419 400 134 9339
293 21 4 7239
62 30 64 -1362
200 30 240 -5261
1278 119 142 8521
1439 93 106 -4745
1398 402 418 2297
518 183 324 -2108
1496 211 240 -3811
1065 182 104 3056
726 200 318 -735
162 93 250 -5068
1329 94 224 -9432
558 51 368 -1672
1500 45 348 285
88 97 320 9647
1268 13 168 -5312
925 362 178 -872
881 87 172 -3895
337 243 120 1395
428 40 428 -8449
665 143 364 8546
362 174 216 357
0 278 476 3176
323 384 334 -9775
1086 245 426 1889
1241 243 152 8283
341 103 426 3871
922 58 94 8810
1424 36 104 -3818
909 308 56 -4572
288 66 6 -7644
382 131 168 -1565
645 372 172 6062
835 218 474 -1823
895 107 456 -7952
892 116 372 2509
1224 346 410 -9058
1020 46 296 5934
1254 73 460 2323
574 139 22 5988
362 130 238 -1266
485 185 68 8983
678 371 204 -5721
904 212 272 9929
278 299 310 -9328
76 118 154 9498
993 266 58 -3452
1398 214 478 -4252
1137 295 290 -3067
1099 41 354 6536
1453 382 358 -2813
363 70 122 -6741
1431 305 334 -2921
11 292 198 -674
1112 210 230 9943
1081 286 68 368
100 327 138 -1392
832 155 216 -7260
58 95 314 9214
274 388 78 6728
960 86 182 -6456
586 138 296 -8264
1391 75 450 9119
951 59 22 8815
860 164 256 -7809
78 302 386 -6111
349 191 32 778
1431 144 430 -4521
1014 179 96 5682
586 382 380 -3984
1009 187 204 5641
1475 371 312 -5774
279 1 180 4287
46 301 318 5934
1441 197 428 -2904
916 152 464 -260
167 193 108 -4192
274 388 86 -3495
660 187 330 544
1474 193 358 -5341
620 142 228 -5942
394 124 116 -1400
977 355 20 -9258
622 12 42 -6065
214 208 108 6581
1340 229 422 -6849
930 55 120 7125
1207 201 4 -7000
501 111 276 -8699
23 312 76 6525
825 0 392 9976
230 183 14 -8245
1315 312 142 1589
254 261 100 -1109
1056 158 150 6857
719 326 36 -7099
56 370 40 9459
1150 358 232 -7222
1085 22 190 7672
1474 287 418 6604
409 66 452 9083
1041 357 114 6419
1186 149 266 -9958
1385 164 282 4343
326 275 248 -1640
1015 179 120 -907
414 183 310 8332
1193 250 86 5361
1303 331 324 5624
109 289 406 2854
1359 137 78 -2645
146 2 216 6799
1195 208 236 6200
812 382 456 -3402
722 370 246 4315
321 113 78 6724
595 114 118 -5538
89 358 112 -4976
961 100 50 5079
572 107 456 3752
1 359 200 -177
1246 335 422 2653
39 39 124 -1394
749 251 432 -3274
1088 226 372 -4533
903 396 232 777
1109 386 6 3563
993 168 356 -7567
928 61 188 1998
700 280 60 9942
914 9 316 6752
59 166 208 -3316
224 39 312 7087
383 1 226 4727
1350 168 108 3362
1124 4 10 -4814
103 151 362 5339
1493 338 162 3461
93 21 62 6991
684 274 306 -18
443 226 382 -8256
197 160 114 466
917 216 196 2413
1373 51 348 -7456
413 172 426 -3793
1468 363 376 6595
709 5 46 2322
1005 43 300 -6896
1338 101 140 -5785
1215 276 74 -2996
607 281 184 2709
1266 390 418 -2268
353 266 152 -9727
1148 276 450 4623
1217 163 204 7037
127 389 148 4339
819 329 190 298
120 369 50 -3820
385 9 6 -8296
975 322 232 1762
1390 249 462 -7892
1033 280 310 5081
1090 58 426 -7406
913 0 368 -9527
1061 43 428 6390
465 360 202 1676
193 302 374 1498
1437 394 172 5835
111 1 44 -1419
1494 10 406 6806
1169 311 228 -1414
1135 134 258 3230
1444 12 232 2914
1207 41 88 -5019
1236 244 200 4286
60 403 368 6046
439 236 54 9895
1261 8 446 5884
1094 180 358 -1633
1064 4 122 8266
80 307 94 5059
166 383 478 -1066
1123 11 52 -8567
297 110 86 -6746
177 142 10 -9277
432 312 416 -8660
993 145 126 6746
167 195 58 -1343
1435 244 32 3338
86 148 92 -8633
351 117 300 -8742
1460 290 384 -5474
1457 76 262 -3355
372 5 162 -9150
1005 388 310 9038
399 17 310 7310
712 363 108 -276
545 191 454 -2973
327 180 306 -3818
1288 118 160 3899
1152 260 336 1800
1450 386 440 7021
378 4 206 519
1270 232 358 -2067
889 85 98 -5468
409 391 104 234
1169 87 268 -7061
54 31 390 440
237 276 422 -3851
668 176 422 -5030
1384 161 30 -1806
533 169 62 6911
504 114 336 102
25 204 124 -9177
1087 375 470 3044
394 125 90 -8780
410 291 444 8567
838 216 132 -5345
613 237 298 9544
1131 13 460 492
786 338 12 7730
388 232 326 2156
546 15 152 8527
1459 167 224 -213
739 98 112 -8340
986 288 300 -1570
73 274 296 -7766
102 115 94 4494
1495 367 120 130
1 370 376 -4042
577 347 172 -3380
1170 121 196 -1159
398 304 114 -6020
601 122 100 -6991
0 353 214 -4254
1487 132 302 1814
1020 107 384 5589
1296 352 226 -7224
1237 36 100 -3038
1319 321 274 -8894
966 310 100 -9278
786 400 192 -8794
1221 361 370 -5930
38 18 174 -409
95 386 14 -984
548 238 276 -1160
1066 4 102 -9343
345 84 362 -9000
1377 263 162 4084
1397 238 336 4622
707 310 178 9844
530 382 184 -5753
444 32 202 3085
784 15 132 5019
940 224 278 -5472
372 111 114 -5612
479 259 394 9605
275 319 452 8046
1435 190 460 6756
314 391 54 9769
712 239 90 -6588
1287 340 68 1031
783 50 246 3129
424 33 208 841
1041 209 200 504
1182 59 314 -161
1089 133 62 -8639
558 201 38 3515
1168 110 460 5922
1076 1 82 -1271
601 180 260 921
637 229 144 -6072
487 364 442 -1548
1183 247 286 -5428
1139 323 436 -2686
893 320 252 -3451
1214 84 460 -2990
603 122 334 5621
100 37 254 -6923
442 263 102 7079
480 65 78 5670
161 292 264 -923
155 256 436 -7170
440 283 326 7056
744 328 306 7336
399 337 174 -7323
43 325 466 2754
1143 14 266 -9306
205 74 180 -8329
401 65 48 -8368
1086 163 194 4227
24 192 118 -7670
893 407 306 2859
376 242 54 -7351
184 80 256 -5720
1482 332 300 4436
386 139 116 2727
1150 215 308 -2222
1018 323 328 -1433
517 319 324 -5178
1098 244 426 4608
830 354 268 6316
1199 58 86 -4072
1181 311 320 6417
777 80 380 8449
620 196 306 7573
1457 316 310 4938
964 291 44 -7752
474 264 174 5495
832 384 390 -6347
576 73 64 7311
1033 63 322 7032
1211 398 128 -4735
461 293 248 6915
767 41 466 -9002
240 289 366 2708
1018 351 450 1980
936 235 206 2909
197 163 192 -3367
1292 114 46 -1487
671 387 428 -8133
3 294 330 5600
131 130 198 -5172
1389 198 118 880
1167 177 204 -562
323 262 62 -3093
278 354 116 5885
876 161 18 7432
1182 231 68 -7634
394 320 332 6131
247 391 132 6929
80 127 398 3676
1009 272 342 -7025
1244 348 88 -5048
35 51 50 3921
176 378 72 2492
264 325 410 4821
1292 225 362 6632
278 197 134 6487
219 285 316 2609
1401 261 374 -2634
412 163 392 -2680
954 101 110 9431
645 408 434 -7631
593 368 344 -4715
84 174 300 5607
1249 94 112 8066
993 363 208 -48
1068 397 402 -2259
13 406 226 2641
1432 141 378 -6017
467 196 4 -9307
835 246 66 -3968
89 32 100 -1307
672 240 444 3028
701 234 298 -5033
601 188 58 -8200
1094 48 96 -2068
365 23 370 8525
762 60 474 1425
243 65 406 2517
1381 91 220 -2938
990 407 476 -1917
733 181 382 -364
1110 274 342 -7319
1238 280 260 7959
97 31 346 9667
730 255 300 -3180
633 15 190 4006
401 238 54 882
1407 360 312 -6763
1085 373 68 -581
735 93 326 9905
850 162 418 -198
941 203 218 5573
1229 337 162 -5523
716 107 186 5114
520 315 220 -237
955 78 438 657
1441 292 132 7797
268 4 78 -2740
258 371 288 2877
1493 183 384 9312
1347 317 414 -7499
491 409 246 8320
109 260 58 8058
1135 122 318 7034
13 231 4 3598
232 260 134 -1098
704 32 2 5523
408 72 60 -2371
820 410 260 2622
912 176 254 3905
984 322 28 -8047
1182 257 438 -5648
97 184 466 593
1026 328 158 -2083
344 268 160 -6062
685 353 402 -9548
515 12 84 7734
1345 352 318 -9960
0 82 72 7088
753 22 136 -7394
747 144 20 -5073
1174 257 60 7712
479 44 460 -8113
628 24 320 -2238
250 333 270 4358
1062 316 184 1010
125 100 422 9732
75 288 278 -3037
776 53 242 -2121
927 266 464 -2230
1148 270 192 -5789
939 214 422 -7158
1144 154 172 -4004
130 145 20 8995
311 229 98 -8202
827 262 78 -2893
109 333 182 -1693
356 16 244 -5465
91 339 386 -4631
704 130 452 6231
1334 79 252 7839
180 52 66 9354
1310 329 150 -8013
1184 318 462 -4214
1452 338 180 3141
884 79 200 -7705
217 203 202 -9819
1409 145 238 -8341
823 387 18 8737
1138 318 44 -1491
1424 45 424 -1041
142 98 208 7611
1332 33 358 315
0 44 70 3397
1166 91 194 -287
649 217 102 -6313
87 231 458 -4929
321 21 296 5523
595 261 196 2919
1183 408 242 -9817
648 410 464 6032
1325 145 134 -2063
523 291 210 -3809
519 241 194 -8142
411 165 448 -2778
600 342 148 5636
1326 325 408 -1253
801 188 452 -4036
518 348 398 -8251
988 305 20 -6843
972 361 274 -5839
1459 268 8 7175
1284 326 42 -6954
253 24 432 2796
924 319 470 -5589
38 117 104 -3467
1363 340 154 -8135
843 120 318 487
62 137 388 -3935
807 18 356 -2121
973 379 366 3717
685 196 350 -7666
700 46 442 -7228
184 200 422 4502
1086 258 388 -9566
237 384 58 9173
126 275 382 -1355
812 353 292 -8371
755 230 402 -3582
690 88 362 -4744
290 72 254 8230
611 156 250 7765
1263 122 90 7014
1106 304 170 8693
1303 209 50 3365
494 28 400 6724
395 14 36 -4777
1209 144 306 5528
1250 230 234 6978
1016 254 220 -5586
1413 28 10 4424
836 185 310 -97
227 233 456 611
1261 133 88 -7565
1207 345 126 3171
665 159 276 6962
73 17 122 8321
941 289 286 -6436
242 156 296 -2526
288 365 134 -4640
84 32 266 -6980
1492 182 452 3221
811 181 58 6572
867 290 422 -8338
701 333 128 -317
877 0 252 9921
549 33 100 3105
1280 174 390 -1207
1349 223 392 -5291
1060 219 176 3291
972 204 144 6449
837 173 64 -9398
986 42 124 -8298
458 20 144 -5232
132 343 380 7225
1346 296 172 5642
105 281 178 9096
1320 409 428 4643
501 5 478 -7637
1393 174 342 9761
364 257 56 -5866
34 250 408 -4195
323 206 184 1442
1479 377 468 -7332
51 308 394 -4438
15 194 348 -8436
1210 286 60 -4064
710 9 32 -6413
834 21 82 -561
1341 305 122 -1769
1125 31 110 2595
1159 285 100 5296
550 72 164 9506
186 139 376 -667
518 62 306 1139
943 308 128 -7328
104 208 274 -5778
1377 157 400 9762
132 392 276 -9654
274 232 308 8767
872 328 468 6955
376 286 340 -4775
1379 367 320 -8665
91 107 344 9351
1205 69 382 8373
1394 353 282 6395
92 191 204 1017
1375 213 42 8680
905 173 340 6707
1262 9 132 5600
681 45 162 -9409
1350 148 322 1192
926 394 76 -7481
453 11 408 4731
1321 402 196 -6875
266 282 196 136
1029 166 316 -1355
339 224 284 8291
1015 272 454 -6562
239 313 346 -697
1021 88 330 5557
545 230 444 -4528
221 209 234 -5597
788 242 288 -8467
1113 10 418 -7851
1201 265 188 9977
1448 136 134 -3147
1414 139 146 4916
152 288 166 5973
1111 403 476 -8665
521 289 312 7852
1259 277 68 -1654
1176 295 28 1263
936 397 48 -8658
700 278 464 6158
823 158 52 735
1440 350 242 5268
1170 122 140 1642
417 72 42 6433
473 122 282 5515
392 192 74 2408
174 393 314 455
374 311 348 9006
1024 321 406 3384
1177 261 198 3227
1001 128 268 -2107
1295 94 422 7099
415 164 392 -4253
1274 203 384 -8641
627 158 428 -3754
937 387 410 4633
770 174 16 -8341
568 122 310 -2346
984 28 130 -5574
483 101 132 -3545
140 59 326 8424
601 38 294 -6947
401 387 136 6275
569 346 306 9018
1038 191 426 -8325
607 377 452 -4897
209 290 214 -5101
1273 362 276 6343
884 234 70 7405
128 396 352 9177
642 31 28 -7509
491 14 340 1997
1231 132 120 5030
1140 336 64 -2028
157 106 466 -3810
528 341 194 -8363
613 160 356 9050
1326 94 128 151
518 63 378 -8294
1495 204 188 -263
985 234 214 3290
1298 180 376 8340
568 354 46 2187
305 66 368 142
1376 197 308 5238
13 77 146 -4294
777 405 400 7288
1221 166 260 6427
211 51 146 -8855
134 298 430 3785
116 138 92 3574
740 23 442 -8501
569 35 174 8851
1418 204 202 -8885
508 46 62 -390
388 361 6 -2114
340 20 426 -3975
402 268 442 9288
844 322 108 -3855
1139 290 224 -4860
65 66 346 -7663
674 392 402 -6017
986 229 40 2187
700 335 372 -3491
1297 102 4 2233
1089 231 30 -3292
1031 22 128 3343
1129 243 368 -2011
948 252 162 5528
759 262 250 8366
1230 374 126 4013
1055 231 140 6949
966 44 478 -1973
38 345 372 -2944
839 96 250 -7174
908 67 212 -7866
40 151 410 -6253
1468 140 350 2273
102 380 374 225
1383 149 228 -6025
1230 276 422 8512
1146 8 92 -8178
232 142 454 -3555
831 354 158 7604
1260 314 256 -6122
1126 63 468 -8356
980 255 96 7226
174 403 372 -7137
958 237 414 -2149
342 275 418 1298
589 5 92 1188
723 173 250 -5246
583 67 250 4925
1482 363 276 2161
221 268 230 8409
1091 37 48 6123
1084 234 222 -7230
34 77 106 3444
106 93 80 -9668
1333 86 392 5534
1258 233 316 -8542
971 119 402 -7721
1116 73 420 -1895
169 326 68 -6564
1442 299 2 -6741
434 229 458 -6063
571 286 146 -1884
771 7 190 -2276
445 64 276 8453
1412 226 10 -8552
810 305 386 6685
44 232 312 -977
1100 147 224 8840
1376 71 330 526
1114 389 98 -2641
1287 120 320 -2560
234 369 238 3351
210 184 80 -3673
268 319 256 7253
41 186 250 1076
1157 165 400 3694
111 78 182 8615
1101 330 360 -6667
295 339 164 869
1457 275 30 673
1179 132 378 3427
1156 133 224 4058
1019 374 406 -3593
500 30 188 1283
34 242 286 9294
95 234 96 8424
885 145 330 6992
688 352 410 1272
565 310 412 1888
503 334 190 48
175 103 126 -2275
793 19 58 5638
1433 221 184 -2571
105 409 180 4806
211 66 334 6727
1178 46 454 -3308
922 295 286 -8287
261 122 436 -6658
920 268 112 5206
687 161 394 1547
936 398 214 -9568
850 392 438 -3554
178 89 392 207
385 359 278 -9736
1263 385 84 -871
862 409 458 -3217
370 39 478 8554
1265 302 242 -6308
969 344 178 9128
137 128 376 7119
1193 248 94 7395
1499 37 98 -1713
723 348 462 6929
678 68 22 -8765
389 76 288 8528
155 400 76 7970
191 323 74 806
1407 208 388 9850
835 411 74 -5557
601 333 154 4386
245 175 144 82
430 12 138 -968
521 281 370 2751
295 68 298 -9372
219 103 208 5250
1118 18 474 9653
728 62 338 2338
1212 64 324 6704
788 64 194 679
1485 217 424 4082
1381 338 60 -1627
946 144 254 6970
1225 47 184 3252
786 90 424 6316
1407 376 122 9219
1343 225 144 -4712
143 228 296 5235
310 112 372 2526
561 56 78 -6698
1309 261 394 -2534
655 213 390 9333
1419 58 196 325
466 290 264 3834
648 207 294 -4285
1161 273 358 6328
173 204 122 3050
975 277 188 8496
82 144 84 -883
401 393 212 8900
243 233 466 875
1473 407 446 -7922
1480 13 140 -9944
703 53 216 -8594
556 52 338 3088
1327 369 364 -1656
1274 300 352 6303
1273 54 92 3861
680 99 304 -4958
185 174 22 -5031
972 195 372 4684
658 347 122 -1552
878 21 476 -5303
382 26 420 -8345
508 180 352 -9411
611 110 462 -5776
359 221 308 -3482
627 146 184 -5919
690 398 168 -6857
82 393 468 -9061
130 131 188 -930
595 233 192 -1925
1356 57 374 -8879
91 331 184 -8874
249 127 460 -9573
1493 120 276 6380
1108 390 28 5660
1199 257 44 9364
571 399 124 -8076
413 328 362 8221
1304 119 286 9296
882 222 74 -1024
650 149 112 2074
1067 52 182 -3575
233 48 26 3099
74 358 220 -9867
1152 255 280 -9543
673 215 390 -2139
899 242 170 -6467
458 372 400 -4821
568 27 242 2130
722 330 242 -2490
1094 195 52 9222
164 94 268 1991
1427 139 462 -1667
706 32 198 3642
888 88 130 7782
358 125 232 955
137 11 416 -7371
185 236 156 8816
1449 377 404 -7607
553 100 240 -4913
707 162 370 77
672 410 6 -7469
751 138 404 -4716
1339 235 452 -7221
718 22 402 3697
2 339 460 3298
1482 198 184 4909
1121 398 196 2351
950 397 86 -7330
561 170 250 -5795
236 264 86 2054
976 83 408 -2009
368 83 470 8633
550 72 90 -633
24 219 398 7138
379 16 332 -9510
125 392 272 -4130
1041 124 244 1645
1464 6 82 8061
301 128 140 -4084
752 320 162 9192
251 200 458 2914
1390 385 452 807
1119 376 450 -3284
1444 331 464 -1006
357 151 304 636
510 20 278 -8831
949 371 104 -6364
123 215 332 9205
1249 91 194 -6347
607 93 366 -482
632 336 102 -6832
603 393 116 -9888
1133 155 142 1655
200 167 114 8119
331 387 164 8458
894 224 42 -6896
1483 179 422 -6094
1396 365 396 3283
1272 173 466 7313
675 258 94 -4853
265 240 236 -2937
445 102 406 -8832
660 384 150 -4864
202 274 4 3822
1191 382 372 3089
1008 167 356 -2538
746 375 126 -3218
1036 392 48 -7213
874 146 284 381
203 40 140 -7726
1267 281 184 2164
834 171 474 -1755
37 327 242 -1487
985 409 70 -5365
1010 362 20 -6110
1120 325 10 -3842
1179 21 270 4442
1054 96 96 1738
1384 279 446 -8616
1255 212 34 6984
1408 105 164 -1452
565 304 328 -9858
733 262 96 -3889
5 283 464 -7433
596 397 366 7236
388 409 200 -2199
32 335 426 -811
1096 5 422 -9095
147 300 146 -3587
1195 209 170 9995
1132 243 242 9854
1019 325 34 -8770
799 89 404 -2015
1153 300 414 -2777
790 231 176 4809
984 407 154 -3470
144 135 296 -4648
1424 181 354 8659
1486 176 268 925
77 74 130 4478
1371 185 12 6028
268 385 62 -5848
863 200 116 1900
1191 104 176 -830
168 266 284 9036
493 195 350 176
979 312 252 -7412
110 242 406 -9241
1203 71 6 6130
123 258 56 -1010
974 23 412 966
1095 142 244 -4132
837 31 70 2796
842 170 14 3578
1196 186 260 992
921 324 52 -2782
662 334 80 7894
1049 19 444 7566
682 273 26 -9216
1446 6 84 7760
606 149 202 5565
1091 66 326 4506
531 282 46 -4325
947 398 120 -8960
149 139 432 -4756
551 10 252 7315
183 184 18 4133
692 24 350 -7366
931 57 302 -9054
1458 138 408 8441
964 55 336 -1130
900 187 8 -1490
1155 2 62 -3481
519 150 340 536
1117 329 470 -5449
92 273 236 -8695
1436 25 180 6458
887 218 476 -554
1080 128 272 7911
1353 367 432 -3784
1365 96 342 5219
1393 111 72 -2312
710 254 70 -1988
920 225 100 -1732
188 404 180 960
1390 109 368 -6396
879 403 8 -2448
1200 234 436 4894
948 249 272 -796
535 12 246 -2230
906 298 152 2387
1368 296 120 -2755
677 265 232 5151
967 381 174 -3619
405 368 248 -111
1497 233 442 5896
964 291 166 1939
1218 394 160 5550
1181 260 478 567
155 161 116 6424
1027 117 6 -595
140 62 370 5844
859 69 202 -9688
761 143 74 -4939
697 27 272 3011
680 240 432 -6029
22 5 36 4319
590 127 348 -5776
1462 319 340 -1844
459 230 462 7288
1108 341 220 5388
827 157 234 4748
728 185 28 -9163
179 384 34 -9500
767 26 324 -7911
600 252 188 -5085
239 201 188 -1877
436 288 244 3729
781 9 120 3460
337 326 168 8772
103 279 122 1313
400 295 214 -9443
1059 337 178 3134
1383 195 398 -9746
1298 19 338 -1832
1062 87 280 -9295
1444 262 254 5546
1069 173 4 -6779
74 39 200 5162
1445 277 352 8845
152 1 462 -5266
785 361 150 -1696
1202 340 66 9312
328 378 214 -3590
735 252 450 3622
599 281 394 1169
189 2 204 8425
583 41 14 7021
607 120 48 -3894
759 49 378 -1623
1335 280 26 8599
299 276 60 -4878
1374 319 108 -1777
431 354 82 -8976
1228 80 140 7462
160 207 112 -1148
1215 76 136 -7069
1003 203 304 -2473
1121 110 166 9981
262 46 198 6428
1174 83 18 2315
34 2 64 5502
770 109 308 4153
1069 371 260 -9927
732 288 252 6389
1283 119 194 6866
260 177 46 6996
1057 100 170 2416
20 274 116 8722
272 262 250 850
797 96 298 -4371
340 286 456 -5094
56 297 350 1484
450 19 440 -425
247 193 54 8656
1098 135 310 -5065
410 30 6 -7153
627 279 172 8278
181 208 168 5467
1437 378 152 -1234
161 377 328 -1129
305 349 258 -6819
1448 86 46 -6183
685 238 42 -3830
858 119 98 5534
697 82 268 -8639
56 6 366 -3548
1168 70 160 5773
833 391 14 6312
1372 390 280 1860
647 274 98 6573
1182 207 36 5443
961 23 204 -1995
2 336 158 -7061
927 246 102 -7955
638 149 226 2896
154 205 284 845
455 212 404 595
667 170 322 -4028
121 256 224 1762
228 317 416 2835
856 147 222 8878
854 27 120 -2728
898 115 452 -7827
109 27 234 -5076
1032 231 460 -9490
1443 44 462 5407
422 92 30 6711
62 186 176 3592
1439 77 32 -6212
29 169 204 6191
1371 216 284 3399
745 191 440 -849
537 46 476 -6537
407 359 78 -3325
736 189 340 -2229
370 386 306 -7107
30 328 410 8178
549 282 346 3082
630 87 452 2515
911 57 154 7691
607 103 288 -8691
355 63 172 -1315
1240 98 384 -6684
584 318 116 -9469
825 113 178 -1483
1479 278 34 2239
558 66 396 9274
1391 139 222 5639
14 48 92 -2714
951 6 314 9265
702 56 310 1146
327 262 196 2686
768 198 400 6831
206 379 268 -2457
463 308 452 -3218
780 324 72 7486
507 351 384 -4364
1059 393 302 4767
736 383 188 2134
1064 78 296 -3507
1336 69 28 3333
1311 390 332 -7682
1329 97 126 1951
439 168 312 2750
754 224 154 -7720
1097 284 198 -7473
1360 35 344 7963
724 366 198 -4350
538 278 210 3585
477 291 366 -1299
254 344 60 -8321
919 116 258 -6661
1092 298 22 5116
1353 232 416 -3563
594 370 350 -1354
61 239 336 -410
779 224 114 9503
1025 273 52 -1988
1293 157 142 9037
879 123 76 8262
1102 374 330 9918
629 9 300 4397
1481 102 388 3286
664 142 34 1172
1404 264 164 -3473
943 166 162 -5979
1115 48 56 -7676
881 166 288 800
1403 251 246 -1669
26 78 220 -1626
945 91 72 6102
1024 275 440 -3092
505 164 360 6122
1300 318 424 8496
555 21 124 -8486
304 376 446 6335
1251 93 348 -4353
1030 247 438 2365
779 237 6 5893
197 379 244 -246
502 163 384 870
162 176 254 2989
1263 330 298 -1270
1297 244 434 -5583
1428 293 472 -9743
74 261 170 647
254 357 40 4690
1236 170 382 6324
1244 338 134 5788
72 202 192 4555
968 95 424 -24
1131 204 82 1230
1372 178 92 -1498
623 348 308 5201
667 48 118 -558
295 112 150 3276
1252 328 76 7496
1224 0 82 9379
970 402 338 4071
43 252 244 8209
343 281 318 -6230
2 148 120 6389
639 352 40 -5948
1067 390 440 5634
540 63 286 -1789
157 113 6 -2392
301 54 64 3271
1411 328 2 -8937
154 378 380 -9792
797 151 274 -5774
946 42 262 -2292
757 114 2 1627
1172 88 162 -2127
205 166 190 -9969
1337 197 210 -3766
671 41 282 -272
1323 12 100 6019
1320 144 176 -3313
1141 111 216 -4654
645 232 28 8012
1302 271 32 -5097
1223 70 266 3735
1040 138 16 1974
563 396 298 6158
124 30 236 -4405
178 292 78 -8795
1249 89 212 -875
490 116 342 -3624
644 214 126 -9571
1458 142 462 -8597
1149 411 202 5841
1078 181 400 -1270
933 36 348 -4125
31 49 62 -3166
1399 153 232 8229
536 265 50 -890
859 239 76 -8140
86 139 106 6631
460 349 142 -6945
1057 143 336 -9833
731 183 210 -2009
1202 37 164 2653
1187 321 96 8562
1019 371 66 8626
700 297 408 3697
1027 226 430 4267
350 347 274 99
433 324 126 6864
998 136 432 -7585
633 255 202 -3068
383 342 88 -9337
375 357 72 5404
1308 49 344 -6652
449 337 330 -5422
312 386 266 5543
703 226 304 -4616
125 347 110 -7463
693 11 102 -8247
1140 368 414 8802
535 38 12 2597
1202 302 96 -4092
629 251 178 8505
713 282 198 -2808
1085 235 190 -4944
604 156 434 6893
112 149 50 9211
647 243 294 1327
1433 71 320 -1811
1092 89 106 2997
16 100 298 -8081
1093 351 164 -4649
23 210 198 9871
1248 308 340 -1490
1026 49 112 5770
1260 78 256 -559
774 278 406 -1668
434 126 66 -7336
1471 341 132 -4797
963 206 72 -1268
168 99 320 -2416
625 256 370 -2319
735 164 270 -3842
244 133 236 -9901
1257 158 348 -4361
183 293 148 5560
510 371 200 -5134
324 360 68 -844
1127 277 434 -7764
1405 111 74 -8390
763 147 140 -9127
149 111 202 8531
922 143 352 7627
317 58 398 -9166
1021 105 80 4110
527 356 356 -7231
311 377 398 -9066
1069 189 282 72
1393 359 4 9969
854 26 422 -5200
319 330 116 -7276
1417 215 194 3647
10 4 430 -8346
138 119 284 9220
736 258 394 5966
213 204 136 -304
476 220 150 7293
231 351 64 -6478
814 318 96 6857
1332 397 142 -447
291 330 358 1260
541 77 440 -6603
1214 290 188 -1148
1206 141 52 -7972
270 298 456 8489
1111 389 242 1425
185 360 298 9337
3 149 146 6100
452 195 216 9803
1049 296 40 4001
931 203 236 -9243
1003 111 250 9597
135 84 198 -8807
273 98 194 6671
873 67 158 -3143
225 317 138 683
1411 373 436 4868
442 183 312 7174
540 88 354 -722
43 394 238 118
1146 406 126 -4579
623 257 124 -6511
1136 205 286 -5697
906 199 320 -4596
1389 88 424 -7967
224 142 348 -3786
882 156 334 723
101 306 378 4012
683 151 160 -6157
1043 31 76 4013
973 325 150 914
1364 230 402 391
331 240 302 -6223
447 375 218 3373
358 231 160 -338
395 252 50 5084
75 206 298 -8303
1435 27 446 -8914
501 31 90 5045
1304 243 84 -1881
914 73 262 1160
232 65 414 4952
1431 92 196 3039
410 228 186 7515
933 183 124 -7543
286 203 340 1239
679 122 52 -6796
451 247 240 -9263
655 93 148 -5926
893 354 426 -3284
632 297 478 403
1474 348 266 9903
72 135 384 -7471
495 350 260 3304
984 95 450 639
1454 215 336 -8431
559 244 252 -8562
603 258 4 5769
1111 45 376 976
1378 400 408 576
849 39 62 -8908
621 283 292 -9968
508 181 342 1710
1266 207 348 1127
700 392 310 2421
380 104 460 2652
1027 281 26 749
890 351 362 5287
1370 93 50 -2565
39 266 322 8209
1402 400 158 1990
578 71 360 2855
1476 352 330 4586
1421 175 398 -7302
598 62 72 2501
1320 174 124 9251
894 163 270 9545
1340 54 138 575
71 4 112 -9103
1279 256 214 -5646
575 82 286 -8689
382 349 264 -4526
252 166 222 4938
1281 55 42 5415
1226 292 306 3817
939 343 56 -315
1108 71 266 771
1182 163 40 2369
452 169 66 7075
342 279 346 -3513
1149 271 432 9576
1219 391 466 -3562
624 180 24 -8206
961 118 80 -6338
1053 330 358 -471
596 68 308 -6458
675 159 190 -7717
20 129 352 -5202
264 121 142 8517
597 334 404 -2096
194 407 64 6756
78 306 278 1793
379 125 462 -50
1308 221 180 -845
525 361 416 -5319
284 161 22 -917
198 267 378 5537
546 248 336 -613
801 127 330 5964
1462 373 6 -4267
750 50 462 8086
496 329 384 -8213
383 291 34 -889
130 404 28 -7184
181 282 248 -991
1372 313 230 7508
592 144 32 -1598
1244 205 418 -9405
1452 278 178 9390
1115 81 244 -2316
1285 403 418 -4736
990 168 472 -6727
706 363 70 -3342
591 127 356 5045
1022 209 408 4645
631 269 342 -3230
666 3 42 -103
1232 73 58 -3578
563 120 136 5658
523 17 240 8794
15 90 46 -4405
238 49 456 -1100
220 389 132 -1349
669 218 22 2532
123 1 210 7664
1271 270 280 -4604
873 99 280 -9366
734 41 190 4830
246 72 22 -8184
144 344 180 -8662
114 273 454 1906
1370 16 338 -7497
585 227 308 2625
1277 93 358 2374
143 114 178 1371
1318 299 22 -2356
999 316 428 2999
326 13 154 3480
565 384 134 -3598
1057 221 20 -5841
336 307 92 -8770
210 242 388 6676
1093 380 270 2348
669 147 102 -2591
1479 105 58 -6966
972 198 18 6393
1440 6 392 4924
679 303 356 1359
342 226 128 745
670 252 82 9007
1475 361 416 7128
1329 368 420 7901
594 307 130 -9879
605 376 202 -1397
882 147 74 -4024
1121 300 280 -8951
1095 217 288 7505
701 234 144 -9151
7 285 26 -8355
1255 10 54 -8648
1353 334 46 -4948
389 40 40 953
741 37 274 -8029
35 189 390 -201
6 33 464 9358
573 242 86 -7215
350 76 70 593
794 299 6 -7417
56 21 270 4080
53 215 420 -4392
901 408 440 -5901
1217 398 218 9086
46 375 416 -4093
1102 357 212 8123
418 104 338 -5172
272 252 320 -9473
710 306 376 7202
137 315 274 -1317
935 92 222 -9360
158 233 88 -1259
573 378 134 7507
877 27 128 -1503
1445 141 394 -7047
181 84 386 7161
742 167 478 2082
816 245 218 -4091
1246 115 92 -3211
794 236 28 -3272
1245 348 10 4766
1244 137 384 7140
450 75 286 4481
536 325 68 -6222
1385 362 22 7039
572 116 10 -7161
303 282 304 2342
698 301 78 -4245
99 153 322 -51
1200 51 344 6742
261 146 378 -3381
1352 148 44 942
614 250 180 6831
370 30 132 -6157
801 32 126 -1996
1215 194 434 7869
398 409 222 -3490
43 24 240 -8931
1196 86 272 9358
52 326 40 923
1023 314 392 -3468
755 130 448 -9109
525 84 52 4003
1391 338 450 1323
837 110 204 8454
76 249 474 1838
547 37 446 2440
1379 131 138 -3379
1171 234 342 4674
287 248 24 -8635
54 289 322 -8152
302 109 306 -7333
1413 371 252 31
1376 409 382 -7203
1130 120 468 1217
197 408 468 -8165
732 97 298 5930
25 84 188 -5748
596 201 476 4505
795 235 204 -2229
851 144 320 3262
29 203 356 2052
1306 268 466 -27
566 89 426 -4015
145 267 346 -6382
800 57 448 9392
1145 289 420 -6295
1117 156 162 -6422
1136 322 318 2868
709 266 416 -6823
993 31 28 4045
602 141 290 2468
778 268 400 9798
518 210 128 -3264
217 158 450 2618
765 106 402 -2918
657 90 10 9479
1467 325 260 4238
1114 395 2 -6531
1252 32 234 -6814
645 290 226 6060
240 294 10 6718
1307 349 114 264
468 216 120 -5402
285 109 20 3022
196 67 180 -843
1247 209 176 -9308
984 56 260 3252
257 43 256 5564
0 267 32 7095
639 221 176 -3328
57 281 378 9894
711 320 178 8978
1104 238 2 -1118
964 372 294 2171
1159 149 444 9767
1008 250 182 -9524
288 162 48 1230
647 14 260 4379
225 210 170 4336
296 36 228 -3709
1016 408 40 -1510
828 277 320 7129
739 174 202 8569
419 198 160 -5553
410 126 250 3984
1189 76 114 -630
948 232 228 -298
800 85 104 -4116
31 186 426 -2839
200 268 470 3643
573 105 316 4825
704 38 258 -8355
1431 318 450 -6694
150 42 48 3508
473 372 98 7766
1309 58 192 -8406
963 257 460 8933
1483 213 184 6251
1239 404 386 9961
1322 407 424 -2695
1176 215 74 8679
134 19 456 -5889
307 208 462 7955
321 257 30 -2657
743 311 464 3557
305 79 198 -5394
1057 47 196 -6727
1140 57 142 -4835
534 273 172 1791
402 7 310 2713
310 344 72 6369
506 148 438 1434
650 220 456 8150
1019 406 90 5542
414 72 338 7417
564 208 114 7794
89 251 70 6433
728 360 300 -9867
896 372 456 2735
611 81 88 -3646
1318 88 104 -3463
1483 390 438 -3485
557 322 274 9792
24 213 300 -4763
1409 129 454 9931
826 46 198 -2582
985 395 42 5481
707 114 242 4897
641 360 456 1726
681 175 144 3155
1462 321 6 -2355
1148 221 456 8083
340 411 434 1539
89 357 104 8736
914 213 246 5518
219 278 182 -143
711 172 156 2796
759 70 98 5751
968 360 416 -6916
1373 40 22 -6072
1326 105 372 -5278
632 267 36 7056
520 140 16 -6472
429 246 28 5662
1137 226 68 7346
61 30 182 9622
949 221 120 1161
1347 385 398 -8695
712 38 336 802
1373 244 278 -408
755 142 54 -4492
1360 393 216 6118
690 181 332 3092
873 58 286 6325
1120 135 424 1985
1112 370 228 -1071
1153 108 276 6982
1264 131 244 -5183
774 157 172 2948
1383 124 70 7462
1422 328 92 -5898
862 5 324 9412
1164 248 474 9225
542 325 214 -3927
1378 54 428 7623
1269 67 44 8568
1268 107 340 9159
682 291 20 -1552
924 304 16 -2432
405 383 172 -2160
870 383 456 -6846
1300 403 156 7257
1293 398 444 -2336
659 344 96 -4020
108 25 310 4876
849 378 406 -4227
542 285 174 7188
1357 139 288 6140
578 203 370 -8851
17 292 344 -3034
1280 312 168 -7696
1443 265 196 6178
227 252 22 8310
1412 290 188 -5104
143 131 8 7789
918 167 382 4541
1366 399 42 4150
1487 172 422 5207
453 368 254 -7942
678 270 146 5161
684 181 142 4592
541 88 230 7688
709 22 256 -1662
484 45 294 5625
91 394 288 4901
874 86 376 -3097
1289 286 60 6826
537 317 204 -3831
1400 146 210 -6465
404 396 322 -1663
32 133 456 -8489
604 81 344 -1518
31 156 334 8977
199 69 112 -838
779 288 210 1311
737 401 132 6986
1057 376 256 3905
1134 67 270 -2623
1351 194 238 2918
264 54 18 -434
1401 285 134 7463
1364 176 26 8955
1252 89 86 1237
1278 111 156 9
998 248 436 -5914
384 225 320 -5142
762 148 454 -6643
1203 39 462 -2303
1086 75 50 -4908
865 305 168 -4044
490 82 458 -4862
934 101 190 -8668
1101 410 214 3791
1332 209 58 4518
903 298 386 -2501
523 348 426 7237
8 210 326 7271
1428 62 394 6285
466 378 112 -7666
901 177 190 572
1075 371 108 8178
716 396 34 5509
744 163 28 8020
1392 260 448 6811
322 286 34 638
138 247 8 -2770
889 33 274 -3470
157 48 288 -7211
1242 51 16 -1012
1375 316 330 -6463
1000 146 368 7680
417 407 268 5279
1245 211 98 8283
1310 148 44 -2309
500 346 190 5671
43 18 262 4262
1289 270 426 -1510
354 146 158 -3243
637 377 216 -7005
668 213 52 5052
793 261 48 7999
1047 250 382 -5187
758 383 404 4216
723 8 226 5611
115 206 410 6330
1160 108 472 -6392
764 337 408 -1166
1146 184 56 -5758
808 342 94 -61
1246 227 104 5477
544 135 472 9463
848 329 16 -9050
1038 283 34 7099
203 153 412 -8751
261 402 312 3845
1134 330 476 -909
849 44 462 -1327
1229 41 430 7893
1497 340 166 447
1317 277 242 -7217
690 275 436 8431
865 163 188 3521
8 69 478 6692
1268 227 284 -4359
1085 292 168 -3164
1173 186 338 -7691
1122 401 344 -8166
885 408 64 2208
1317 164 42 -4830
2 242 352 -6036
90 144 230 -8154
923 274 190 5527
519 237 30 2319
454 107 54 -2028
1000 151 166 4907
1463 135 382 -8634
1397 402 128 -5293
1343 165 352 9574
1202 30 42 1681
625 159 316 4906
1118 299 14 -6548
810 61 188 -8822
1044 36 170 2637
678 193 394 -5946
621 53 430 -9410
473 61 302 9633
259 15 230 8356
905 157 324 -7974
952 231 188 -6100
1095 280 296 3338
1075 201 42 752
540 26 300 -8705
940 162 196 -399
649 14 318 -1607
159 371 444 3365
1016 319 28 1095
1335 270 34 8289
1483 63 82 -1990
1484 225 70 965
50 361 330 -7017
1248 118 80 -6747
438 109 344 2189
12 407 246 -4184
1127 259 370 -1123
89 47 78 6148
1428 31 192 -727
1113 137 348 3906
36 326 232 -1645
1387 104 418 880
179 377 344 -2250
1359 124 134 5613
271 335 106 -136
1068 258 292 -1509
1299 243 348 -3636
691 220 330 7569
400 188 372 -2774
1061 382 340 3334
806 13 242 -7448
380 158 468 7830
1426 239 384 9983
170 340 132 -397
1078 203 452 -2394
641 211 26 1383
280 111 330 5581
1485 277 406 7044
923 266 134 194
1238 328 48 -2339
948 169 112 6365
1341 41 308 910
1056 343 420 -4753
859 251 428 -4832
441 378 354 -368
688 234 402 8257
1254 357 310 6100
1474 77 268 -2334
1051 79 2 3627
868 249 322 7362
153 184 274 5085
1270 75 152 -5401
212 208 78 2686
1051 310 364 7445
426 38 236 -7783
290 349 146 4644
367 333 280 -8672
702 305 300 8584
1229 82 366 -1696
866 249 342 -6575
111 160 334 -3359
947 65 24 3086
707 87 386 7455
1020 185 366 -9349
966 222 400 5815
148 115 226 -4790
798 274 440 704
321 39 154 -9507
156 207 298 141
940 324 228 -1790
690 283 48 -1925
1109 25 174 1959
1247 12 320 6057
726 369 300 -2778
191 304 34 9030
724 282 206 2247
1219 357 90 -3499
215 64 34 -2767
788 286 380 -1527
371 85 232 -7845
470 302 398 -9320
655 205 382 8790
193 276 176 -6670
292 380 106 2789
392 142 82 -9265
1272 127 8 5593
478 325 240 -7319
504 255 478 185
605 204 250 5509
317 79 192 6032
805 326 442 2639
498 45 354 -3823
1139 410 290 8659
728 351 412 -7916
154 140 434 -6432
753 386 472 -6307
251 320 304 8144
1389 148 170 -1449
1014 300 160 -6036
1101 32 216 -9928
1033 409 370 4696
179 94 140 -97
1438 304 462 9960
1103 151 138 -9625
481 19 190 -8819
1160 123 170 -5039
322 183 254 7137
420 98 14 -7972
393 44 118 -7215
1123 27 52 5287
728 239 234 -2400
1334 271 274 9794
1160 232 46 4748
1210 378 468 8738
1081 166 32 -5223
867 289 192 5806
264 137 10 1496
917 76 410 -8596
788 241 466 3904
394 299 36 9477
1038 56 178 -5795
355 331 390 -4275
