462 298 492 2254
1037 417 400 -4927
1037 139 108 -704
68 363 20 -5374
1315 167 118 -1554
1122 303 224 -9111
1342 361 300 2108
1002 223 142 2912
1458 75 474 -4528
444 183 434 2549
222 440 206 -6985
758 66 70 8761
281 357 202 7026
1413 357 32 -8435
62 143 210 -3722
822 161 92 -9296
1335 32 128 -3124
206 119 364 -457
1115 17 162 -116
1205 20 48 2289
439 68 292 -6588
1473 354 418 9410
558 406 30 4777
381 284 266 -7042
852 52 90 -99
1082 352 104 -3808
841 284 402 -2323
1124 252 130 -139
1161 349 138 -1775
525 225 66 -6976
1409 155 158 3457
400 206 276 997
835 281 378 -2884
1363 146 424 6339
1129 229 470 9050
327 216 128 5524
368 341 118 -3326
64 168 382 7180
349 272 426 1261
401 251 422 -5523
3 6 310 -1464
413 315 188 -1847
264 340 82 -3513
449 20 90 6283
411 69 206 -6284
915 405 466 939
50 118 284 8733
298 350 302 -7238
1402 286 152 -2459
913 95 468 -4277
674 172 178 -8651
837 291 374 -846
595 358 4 4318
29 286 236 1027
724 238 352 6493
472 304 150 8229
431 198 98 -536
1184 442 314 7606
577 3 314 -6511
621 101 386 1271
761 429 160 5806
1276 168 426 8483
182 413 120 -3949
813 97 236 764
755 75 418 1141
1382 318 48 344
525 447 302 -1061
482 113 32 -4426
201 287 222 1288
1369 438 118 8849
667 426 252 1228
960 285 140 -5808
968 134 368 3459
848 8 404 -3263
909 171 248 5157
1270 90 208 9803
1140 57 138 -7312
604 266 198 162
1002 332 88 -4702
15 390 94 -8037
49 414 92 4294
48 278 116 -9733
1218 182 248 -2016
331 214 142 -2781
152 230 472 -7808
277 206 378 4251
1138 457 152 -9172
1412 32 322 4066
1054 306 406 -3086
751 247 282 -2621
1078 221 384 -6296
386 384 376 -7892
1141 84 398 3158
660 51 246 -1898
1181 175 82 -8186
444 439 378 -3709
1285 378 52 3656
177 47 216 -2331
429 442 26 5748
970 57 12 -6392
524 345 128 -8355
531 69 224 -3787
581 287 408 5370
892 251 304 -5205
360 436 472 1841
230 246 400 -2682
1416 441 202 -9669
626 386 44 -2913
1273 135 294 -2974
987 45 292 -8761
944 56 328 -4843
454 56 218 633
810 67 128 -5192
520 270 436 1107
349 266 472 1469
342 366 458 4608
321 116 354 5
1332 413 124 -7369
299 403 460 -1136
1001 352 466 -7446
112 57 322 -4355
735 254 478 -8421
448 386 196 2822
1462 193 222 9097
1392 308 454 5183
48 48 372 -3510
404 265 86 -8078
1185 164 278 -6007
240 31 82 -8966
1244 247 386 9651
1291 404 396 1378
1315 67 306 2885
1053 88 102 2560
97 187 158 3290
86 332 424 3624
1279 5 234 -8039
1485 393 58 -7870
327 46 20 4961
1205 33 154 -3305
1209 356 442 6550
1065 452 200 4446
605 220 388 -4298
1482 258 232 8670
142 302 142 2439
424 318 70 8323
1456 383 102 -3117
914 438 134 6599
201 430 286 -7465
29 248 186 7813
842 269 128 -1620
581 356 70 3820
157 44 90 1769
1123 455 206 1896
717 303 78 -4089
783 379 36 -9103
263 118 326 -7846
1165 58 100 2079
810 452 128 670
48 317 396 4279
805 67 348 7253
1357 10 210 -2236
286 378 326 849
406 431 52 7269
666 231 180 9729
866 84 128 5073
735 32 394 -3477
547 238 394 7674
119 372 308 2916
964 363 14 -6712
1123 205 68 -1262
1472 190 320 -4176
780 278 240 -4461
588 140 136 1373
46 17 458 -9590
161 362 24 9133
839 436 54 -3708
959 181 124 -1712
853 103 190 -4264
1493 201 332 -7006
1473 100 100 311
78 19 470 6950
1359 241 248 -2813
1199 285 30 -7522
1319 229 446 -9838
348 58 458 6197
170 87 338 -7462
760 327 456 7590
138 403 340 -1477
1422 258 310 2216
1271 310 34 -6610
89 133 162 8725
1045 382 108 2102
738 128 80 -5078
641 410 464 4614
186 146 272 -838
643 428 72 -545
1023 156 360 9165
662 53 110 -4568
857 30 14 5200
1124 11 290 7416
1231 173 148 -5506
523 355 346 6140
1479 184 92 -3560
1250 343 388 1715
806 180 420 -1719
962 191 80 435
491 65 10 9777
809 162 206 -6749
1152 178 360 -4414
183 32 172 -703
1254 313 314 -139
1293 145 280 -1876
783 27 52 -9107
214 112 102 -9287
868 210 254 666
1367 185 322 6464
1202 10 386 -6157
1369 158 50 4414
936 130 426 6589
838 344 334 2465
50 321 232 -4306
987 412 128 4848
1000 386 4 6311
996 257 316 9230
886 290 362 -2376
234 312 120 -7476
546 152 10 -6939
1024 347 400 -6205
875 41 286 -2427
1027 225 390 -7643
574 80 164 4717
546 303 220 -5583
459 420 146 4686
823 53 102 9722
1395 185 230 4390
986 104 284 7914
675 150 412 7831
630 433 388 -5420
635 332 240 -3810
190 0 314 1569
136 144 188 5599
736 436 360 -961
219 18 288 4416
169 235 72 2628
526 277 104 8805
1112 6 242 -9248
979 90 238 2905
699 75 66 3817
1359 403 124 7907
1051 200 474 2198
95 51 296 -7509
587 40 120 7248
1130 255 358 -3594
294 416 84 -3694
751 400 148 1090
778 222 16 6338
0 131 120 5639
341 319 170 7177
56 373 388 9769
538 364 34 -4760
127 450 108 -5094
1170 384 452 -8135
469 84 108 -9732
1233 159 270 -2197
1038 22 244 -453
264 247 50 -1896
616 37 288 9347
895 31 156 7990
277 161 70 -615
613 158 26 -4206
993 444 368 8527
502 160 8 -1306
391 272 412 2214
125 255 388 -9298
32 100 82 -1141
43 112 294 4544
375 69 24 1073
1452 57 472 2044
542 353 442 -6321
458 10 40 -523
1037 306 450 4568
169 267 352 8247
94 103 342 -4201
33 253 66 -1043
1066 44 400 1079
912 122 186 4614
1228 268 28 -7704
505 164 204 7391
1064 188 412 -1223
945 41 42 4846
1314 406 376 -1602
176 421 258 -5103
1291 53 142 -8176
653 142 240 -125
757 385 98 -9346
592 25 450 4009
1448 386 446 5631
639 439 404 454
8 107 12 -3047
1423 444 362 4711
1074 408 424 6227
1314 152 414 1555
687 438 390 8443
544 148 138 4845
1127 370 184 -2445
185 174 240 3930
575 359 454 -5475
430 359 378 7896
999 359 246 2178
1222 262 446 -8406
920 240 270 1268
1454 394 72 2997
691 279 34 -118
1267 362 8 -6020
418 412 34 578
197 141 160 806
1112 127 38 -9261
1287 357 348 5894
1086 457 318 -6212
1473 4 222 7883
819 278 444 2273
1381 28 410 -1734
727 277 354 9640
376 328 94 1325
346 215 190 -5056
332 409 148 -8473
861 357 208 887
658 152 278 -4330
1393 90 182 1283
39 428 282 2337
303 460 426 244
892 399 464 470
1114 297 62 -4222
602 257 260 -6066
399 109 362 -7591
418 126 458 -4668
1338 206 302 -28
1211 207 96 9124
1117 205 444 -1353
537 438 90 7653
349 42 458 506
333 430 332 -2675
464 431 352 -731
1337 371 64 1234
1358 114 402 -9238
1380 240 252 -366
1488 423 192 7009
668 448 356 -2960
875 449 386 4010
242 415 418 -4822
1192 218 254 5069
915 444 190 -2966
105 60 70 7481
843 127 366 9416
1076 152 306 6356
1069 356 390 -4302
7 74 14 1972
538 103 104 -3121
976 327 316 -8726
364 429 330 9647
637 213 42 -3013
179 179 72 6116
1412 194 50 3748
1017 26 446 -5868
1235 390 256 -5559
729 268 192 3417
1206 439 96 8800
1244 81 190 -7592
1383 280 456 -8569
1365 152 18 -4729
201 321 158 -2634
268 73 78 5304
193 96 396 1891
598 368 230 958
100 167 248 -6515
1343 211 304 8185
659 189 178 -8341
968 293 134 6799
1018 457 384 3657
1161 122 154 -6670
927 69 194 6120
1165 310 356 -1538
521 267 132 -4270
545 387 454 -8803
268 255 376 3386
902 400 178 -7093
109 377 292 -7584
1382 277 362 8405
251 351 464 4200
658 429 18 -1024
568 347 316 -6477
1438 256 34 6953
502 219 214 -7386
886 138 332 -9159
1428 13 408 -2257
392 289 178 4707
1137 261 6 4978
366 244 186 4949
331 354 112 940
1091 4 370 -9069
870 296 466 2965
685 244 338 5473
883 168 470 -9350
113 29 142 -4695
1083 228 426 5092
869 321 436 -433
1209 329 244 -716
97 155 272 5559
610 14 162 -3982
730 359 148 -781
783 65 448 -2477
459 460 276 -8419
1091 282 84 2190
728 341 76 1939
3 273 468 -2688
252 309 156 -8798
1252 21 202 126
516 118 58 -1566
233 198 288 6362
730 381 268 6126
1155 428 310 8803
521 412 142 -2908
627 18 442 1012
691 258 164 96
956 32 36 3847
1203 186 234 -2859
1338 337 402 -8559
511 392 198 -1262
605 343 468 -4949
391 280 170 4441
1130 419 70 5634
669 80 104 9475
620 397 306 -3827
1320 444 224 -674
673 12 432 -6653
1419 138 316 12
1201 442 4 8917
718 15 168 8889
1283 44 334 5855
597 18 356 8949
696 54 36 7107
593 90 114 -9326
1487 209 240 5165
1233 326 198 317
204 181 88 1002
1354 67 98 -9174
581 399 74 -5332
1219 187 176 -5926
253 401 308 -9164
225 370 20 2382
670 280 372 -800
602 163 48 1971
566 416 282 -3669
1044 89 76 2099
115 420 314 -8409
185 333 252 -8465
1243 43 240 -2501
1184 218 304 -9389
303 331 48 7390
1254 337 116 1396
881 446 234 -4360
677 75 268 -4863
812 154 258 -1142
200 39 396 -5480
1035 122 360 5557
1437 347 456 -9934
504 450 308 -162
862 2 96 5341
808 2 24 3183
686 59 474 -1627
855 441 216 1900
1 58 426 -4932
611 257 264 -9669
924 274 254 -2416
284 162 370 7018
595 206 426 -5676
487 318 360 9967
33 217 76 -3214
22 175 88 -5695
1112 221 460 -1436
335 297 374 3077
775 229 350 6153
662 78 164 9578
1423 274 288 8863
940 377 94 4258
68 31 138 8753
147 436 150 -2377
942 175 14 5399
853 78 452 -3302
913 366 172 8760
997 419 152 -2693
924 324 210 -8770
628 287 86 6985
601 75 332 -3407
1484 139 240 -9267
700 254 388 -2057
979 249 410 -5789
254 1 78 987
1264 222 36 -2176
224 56 470 -8893
1482 425 154 -8268
1312 59 100 2495
1437 54 110 5198
915 277 36 507
745 322 78 -2839
243 351 220 9112
321 412 322 -8357
1425 107 116 -1252
299 248 326 -3739
1273 355 66 3215
361 395 4 -6022
129 158 270 1324
810 250 14 7917
845 311 148 3862
18 425 270 6898
707 73 464 6633
1453 133 324 -674
977 278 10 -5159
585 447 356 -3374
861 396 256 -681
337 2 344 9527
883 244 96 5189
676 401 240 -1507
938 293 234 1520
917 18 144 -911
767 198 116 8829
1358 30 2 -5410
866 269 70 6742
816 43 440 -4146
1019 260 378 -2558
1211 217 76 -234
1213 242 164 204
553 306 378 3226
372 349 270 -7096
1138 219 80 -6164
1304 13 134 8792
856 43 138 -6295
719 283 362 8727
859 379 468 -1903
1190 85 300 -6045
390 17 222 -1114
1324 324 344 -4726
445 317 350 4510
798 32 40 2096
153 243 408 -8945
326 356 60 2516
1393 377 136 8164
369 95 422 2675
256 203 304 -9184
533 133 30 993
730 271 282 -2991
232 380 380 8366
150 168 62 6895
256 88 50 -4916
18 279 172 9619
805 129 346 -5185
1085 460 428 -6033
1419 233 280 5305
1105 453 8 -121
301 88 292 -3941
450 247 446 -887
520 171 156 4312
578 195 288 -5291
426 121 330 -5245
1463 370 4 1919
1428 120 264 8851
106 122 290 2796
1218 28 72 1923
598 83 382 8207
232 68 138 -4706
848 457 388 3301
327 78 108 6175
1359 95 434 9047
1233 120 458 -6744
412 411 30 -469
1150 447 118 8210
179 246 236 -5756
386 78 214 -9628
1226 71 372 -8575
532 46 214 1012
1422 348 4 2021
652 427 298 1901
304 220 328 -6
715 260 454 2810
46 278 36 3317
1238 67 200 7796
1154 144 372 6594
1224 3 328 1142
29 197 250 31
1125 344 404 -3784
774 240 6 -8968
730 181 288 -9950
599 384 444 8561
470 31 150 5810
520 75 104 9797
1012 217 356 -9090
1139 220 250 -1790
1272 107 20 -4350
1182 303 332 97
618 13 298 5228
1313 167 298 6443
797 59 308 -5791
146 64 372 9538
1456 169 420 6047
440 105 94 -5283
65 81 172 -4554
225 116 202 -241
480 105 376 7510
360 392 474 6662
1389 223 16 4804
12 193 334 9545
1169 70 208 6977
742 242 420 -364
482 165 422 6687
667 155 40 3082
1462 14 372 -818
1256 323 426 -1000
1382 138 334 -6180
957 108 114 -3626
569 35 186 6744
330 328 442 -2523
1363 294 274 -5149
545 228 358 -1545
958 228 50 -5123
1426 299 120 -81
360 421 444 -1095
1358 16 288 9378
793 52 452 9649
117 182 154 -2571
498 199 104 -2421
1393 403 102 9094
1243 363 286 -4771
761 375 28 5309
1128 265 240 557
91 136 248 9644
1025 244 176 -264
952 381 198 6834
374 121 162 -8157
566 433 466 -7617
1081 241 312 591
258 19 344 6209
869 20 108 7059
397 31 80 -2627
171 295 208 2215
1040 344 270 -8303
956 24 388 5915
1282 132 38 -5064
1189 243 138 8200
1309 196 252 7633
795 174 48 -1160
952 143 50 1069
533 393 164 -1274
1039 202 66 -7256
1144 385 206 -2500
394 317 244 504
671 404 314 3716
1266 394 148 -7856
667 119 228 225
722 372 246 5629
832 109 344 -6564
56 240 152 -5094
1416 69 210 -4619
284 116 96 9699
903 256 274 9594
540 446 360 6774
74 104 370 3573
1429 371 336 1536
870 249 6 -4018
229 250 16 4001
702 206 116 -4992
1413 272 58 8709
1238 255 4 4568
568 219 44 4587
1366 459 62 -2251
1232 83 400 9512
1342 347 456 4631
882 460 70 3037
1068 188 292 -9651
1133 319 430 -8244
220 324 118 -4260
760 370 322 -6545
1186 412 458 1128
579 57 60 -7903
764 363 408 -1652
1169 383 26 -8411
393 262 330 6640
297 66 184 -1490
356 252 310 1605
75 125 316 362
479 331 246 -7441
269 426 262 2496
855 114 196 5957
1020 420 324 73
613 336 164 1937
478 73 304 2566
984 169 232 5732
1059 248 282 -2099
1374 351 434 -22
866 190 228 560
615 255 464 -475
144 60 344 596
1130 20 270 8791
906 268 72 5631
793 260 14 7287
480 93 318 -8447
365 105 374 4091
87 396 30 -2259
662 338 38 3717
73 256 416 -7829
1059 70 364 -1362
431 245 98 7083
1026 40 394 -7241
889 399 44 6033
1058 77 350 -7547
253 92 180 6292
1455 68 270 -1607
539 38 444 -6208
964 415 76 -3991
422 10 168 -366
959 297 124 -5179
337 217 158 3775
99 335 396 2832
1259 426 186 7522
729 433 348 -2457
293 332 198 9994
841 302 410 -9614
10 347 384 -7869
542 117 404 7043
755 6 324 8575
617 3 416 -1357
137 128 460 -8598
735 331 16 7757
487 97 260 -9845
1034 270 342 6088
1355 401 368 590
1099 97 12 3110
1419 196 368 -6800
1126 300 174 4067
1100 272 94 -3199
734 107 32 -8204
117 271 314 -6463
1475 351 452 5726
30 154 130 -6067
1057 45 48 -1698
362 270 446 2899
1181 243 354 -3213
322 83 120 9059
604 267 398 -4192
1463 42 110 1806
650 50 300 -9446
325 252 252 9453
1343 297 374 -1514
355 439 426 -7166
1385 453 266 -6394
534 62 4 9719
906 253 236 9120
544 19 204 9151
677 6 294 -8796
285 414 292 613
1185 232 230 -7081
1328 206 164 -3401
154 197 324 -295
1265 210 74 -8708
1391 48 26 3742
676 313 420 -1172
969 200 86 -2920
1108 330 432 5908
1475 142 256 -7953
1056 439 242 -5421
948 3 428 6236
67 265 118 223
1461 305 468 -8247
370 265 100 -4737
1481 173 236 658
602 192 438 -3358
276 368 80 4460
1057 140 232 -5798
1138 90 108 1497
783 331 218 -2986
698 43 4 -2915
715 75 102 -9532
609 171 440 4080
1420 248 80 -2758
159 147 176 -4489
838 208 246 -7296
1492 256 334 -7972
660 268 124 2973
726 297 104 -4803
447 295 468 6171
976 307 252 -7090
1032 394 22 -7496
776 398 230 -2357
1164 369 474 -6515
18 418 132 7842
606 170 2 7600
924 66 380 -8174
1270 159 132 1790
484 341 204 5639
244 390 196 -7187
1034 443 24 4815
1193 289 416 -6166
547 105 422 -9294
47 434 156 112
29 362 370 7945
1112 226 118 5398
610 50 32 -4606
1207 313 130 -2574
442 219 420 4184
604 357 176 7941
43 88 50 -7438
1209 341 460 3715
825 380 472 -536
580 241 198 -1168
31 354 360 9997
1017 263 194 -9063
722 413 126 -4285
1328 69 58 5668
253 89 214 334
207 116 4 -457
749 116 356 -1225
745 209 448 -3795
1185 284 450 3180
642 215 180 -1804
52 434 136 -1298
80 431 288 4168
202 298 452 4227
412 410 126 -3388
311 41 392 -7165
646 270 60 9956
1384 339 478 7459
1329 181 458 -8065
1139 54 130 3718
143 145 230 -426
336 29 138 -8076
646 212 404 6747
1270 168 104 -1300
1173 220 398 -1006
1417 332 98 -6828
1199 261 2 -7490
877 175 36 -1645
631 105 474 -6727
598 411 50 9533
349 394 396 3909
675 424 120 -757
583 426 424 5334
96 276 374 486
669 390 426 6302
323 367 188 -1649
1139 173 450 -174
361 76 260 -8151
687 279 160 -7030
821 252 70 -3421
1237 297 298 2836
229 416 128 -651
1338 385 324 -6748
352 304 308 4374
348 216 248 1360
365 250 434 -4072
915 141 312 6847
94 456 122 4102
1371 48 122 -7401
450 213 202 -8417
542 133 462 -1023
470 183 18 4471
217 2 8 -6463
470 324 46 -8968
1018 104 420 8687
530 167 228 541
579 224 46 1798
1229 292 28 -9868
685 119 86 4410
774 329 282 1490
602 344 194 6828
1300 224 454 1723
930 362 140 6313
1481 13 28 -7136
370 364 262 7035
289 241 344 1753
436 226 50 1095
494 20 442 -9439
476 307 404 5910
815 184 230 4035
26 34 188 4598
1134 185 390 -2419
144 329 130 -8102
429 185 298 -8085
1138 30 316 7578
182 52 240 2858
707 94 224 4065
1416 187 156 1682
379 135 242 -4213
500 277 250 286
1044 246 412 -2624
229 108 448 -2330
494 203 12 7911
1266 16 338 1218
1443 460 54 -3229
503 89 446 5619
406 180 344 6017
76 121 334 7491
30 48 362 1165
780 429 110 8195
93 175 364 -750
1488 38 298 -4941
1433 50 72 -7351
768 329 100 -6698
969 368 196 -2675
35 81 222 -1107
1021 64 452 4391
1024 190 8 -6435
1316 165 236 3913
588 299 18 -6609
1270 4 162 3666
143 345 338 7408
441 290 40 -1740
635 167 212 3500
99 400 438 9540
830 13 420 9582
837 73 372 -7313
623 459 270 -2919
700 428 218 9505
780 34 444 7376
368 245 234 -605
1346 188 370 -209
734 45 344 -1251
61 196 324 -1777
1332 368 122 -3087
1075 41 28 -3049
450 78 440 6467
729 344 188 -2406
365 118 82 -293
1472 59 268 2535
1089 78 74 4568
1005 108 68 6283
123 211 424 -981
308 412 48 -7868
691 380 72 -2525
876 329 144 3573
930 81 366 -7436
477 404 306 -279
1468 259 180 -9477
1437 407 278 -6550
1225 160 154 5022
12 182 92 6193
528 189 176 -1168
735 329 424 6589
374 265 216 -1276
565 379 58 -5370
1450 128 378 -8029
535 43 150 5288
1466 42 296 3612
806 175 320 -3680
768 172 412 2090
1101 341 364 9456
1038 302 370 -6814
122 218 30 4606
814 112 98 407
1402 77 346 -2794
1248 331 412 737
207 207 194 -4395
308 137 168 -8779
779 437 392 6546
471 360 286 -1570
800 3 226 1990
366 429 138 -9835
819 39 232 8369
290 348 230 345
527 161 38 -4568
86 118 438 -7244
1457 399 192 6748
332 349 98 581
256 390 300 8125
250 265 126 114
873 269 198 7154
76 383 264 -13
365 377 232 8673
1239 16 94 3234
1368 210 264 -7618
1033 148 342 -824
1267 459 16 2239
552 129 92 -4312
401 410 214 -9563
1311 89 302 -6655
45 319 248 -2604
647 157 80 5746
971 7 18 -9458
1017 222 376 -2810
1014 309 454 -2235
547 191 108 -2234
4 377 430 -7561
530 295 108 -1843
196 269 84 -754
974 45 106 5311
985 338 182 9294
46 16 190 3719
884 55 322 8185
219 212 250 1723
1291 320 244 -618
1436 446 352 2741
1161 400 308 -1008
533 448 192 3247
250 158 460 1604
1283 408 144 8784
709 455 122 -172
178 33 174 5210
551 434 354 -2941
472 428 254 -9325
494 349 398 5846
257 437 188 -9347
473 293 246 -502
1304 82 368 1420
625 242 350 -5841
320 418 260 -6034
426 123 34 -6607
590 375 50 -2128
793 253 190 -3452
354 205 454 -2556
161 168 300 5710
396 224 192 1972
1169 165 244 1934
340 41 472 6757
414 387 182 -2639
891 358 298 355
1143 221 398 -8634
117 323 22 6852
824 196 410 -7784
1082 129 166 6299
1440 371 240 2551
255 282 298 1676
705 37 240 4229
1000 165 16 -4645
132 13 442 -3385
1458 190 210 5025
345 214 150 -6238
393 288 184 7975
1289 439 252 3421
1358 351 196 3763
911 451 208 -7523
669 296 84 -2861
1345 91 292 -8031
496 313 396 5364
734 173 262 -3077
68 330 84 1522
1357 362 468 5164
1216 139 220 -4073
1465 13 120 -2087
424 290 312 -1179
55 97 466 758
570 271 414 -9604
765 102 406 5518
1401 30 378 4609
109 424 52 -1995
928 68 204 4342
974 240 98 -508
639 395 58 -1190
929 167 188 -9048
514 78 456 4405
850 27 326 -746
634 309 8 -8320
1021 423 280 5616
466 160 196 3231
428 152 24 9867
299 19 384 6664
149 390 298 1475
1121 194 388 8047
656 205 40 3200
507 336 64 2903
1439 149 70 -8241
919 129 278 -215
1035 380 242 -4396
840 310 66 6412
122 54 466 169
1021 283 36 -4433
556 324 308 1924
992 81 34 -5059
1423 404 98 -6031
617 168 94 -4207
223 38 78 6560
273 453 4 3175
769 71 468 9580
93 312 204 -3492
1149 396 414 8540
459 91 10 8059
813 48 160 7187
1417 131 14 -3506
460 58 36 1947
190 136 44 -6127
1290 181 440 9351
610 148 224 -4842
665 457 260 -7318
607 302 184 -6179
159 63 278 -6543
1277 7 36 -8667
176 74 272 7333
919 157 316 1906
1328 333 458 4283
319 451 10 -8607
360 309 424 5405
717 344 364 1064
1478 411 234 8526
471 387 282 -9111
457 394 218 -3844
1101 64 6 -5045
863 215 316 -6368
1456 23 430 3086
341 290 172 1579
655 162 90 5521
794 152 80 -7695
98 152 74 -251
1091 189 136 9544
1400 171 476 1094
243 453 72 -4098
1003 155 318 -8462
61 204 128 739
1354 345 430 1832
1267 410 164 5581
1477 265 306 9679
825 50 100 -5458
332 319 34 -3580
1341 362 370 -2506
624 145 178 3690
1380 10 262 2759
128 280 198 3901
841 135 376 7825
1462 266 142 4885
684 329 378 930
626 164 252 9068
1345 309 338 -1534
558 231 244 2770
837 285 420 -1775
1358 170 72 -3747
703 187 20 1195
1400 187 328 -6837
845 453 20 7696
526 456 464 3609
1260 331 168 -8537
924 70 438 -1258
478 444 292 2377
1434 138 44 7174
974 100 98 -7415
378 185 142 -4870
487 294 30 -2394
782 389 146 8381
453 341 356 -8003
857 316 222 8664
121 164 284 1422
727 290 234 -5207
1125 183 460 -5910
1294 459 206 4024
83 298 60 4335
1188 359 376 -3477
189 436 304 7125
1266 252 280 -6045
996 133 176 -1347
740 152 22 6269
705 246 268 8195
706 457 412 2941
339 259 24 -7197
113 376 20 8803
354 280 288 855
1474 26 270 -8587
379 451 190 -7362
318 359 284 -3040
263 450 318 -6229
1056 385 132 4457
526 61 234 -2147
1160 409 418 -6932
1354 256 378 -5705
1438 383 192 6159
1214 187 454 1519
925 86 14 3046
361 388 6 -8257
41 294 470 -8173
751 233 220 3622
13 1 74 5553
811 144 250 4118
1101 429 322 -1491
869 287 352 -434
512 198 60 -4440
215 54 190 9764
133 57 462 2248
1096 118 78 -8294
465 213 82 -9484
256 436 182 -957
83 351 242 519
73 57 100 3774
1368 104 104 1737
628 428 152 -572
770 321 474 4612
104 166 362 -7304
283 345 184 -3131
368 389 384 9305
956 254 218 -7543
308 204 352 9280
606 88 444 2754
927 134 364 -568
424 245 28 -5916
1492 155 398 4740
492 418 198 -6826
127 242 296 -9640
1053 247 120 -9700
954 15 416 779
1497 343 100 -8759
220 187 28 -7313
449 436 202 7719
208 388 8 8790
1385 444 196 3433
726 319 266 9652
271 117 122 1442
1472 111 70 -1584
781 378 436 7446
567 108 304 -2230
1083 340 458 -101
206 423 164 8684
267 162 362 -7422
188 372 178 -1026
364 214 90 -7689
1275 403 182 305
305 148 308 5293
1444 444 318 -4568
1421 428 418 5312
345 228 192 -6297
1133 128 6 6192
731 14 170 6189
553 336 252 -931
613 446 458 8463
1108 48 184 -8356
828 340 364 9153
620 459 46 6177
353 72 198 5651
1034 162 132 6492
256 134 422 -1259
1449 151 130 3076
908 40 346 3459
580 457 310 -343
1359 6 212 -5178
956 216 134 -6463
35 134 28 -9610
654 27 234 -4772
765 21 166 8338
985 127 448 -2839
751 57 184 -8148
1091 183 280 -7055
623 290 258 7618
351 417 178 -9922
591 264 460 8832
921 73 100 3753
131 370 102 4919
249 355 304 6452
891 16 238 9073
543 410 350 -5721
343 119 40 -8942
1293 67 90 2848
1168 245 368 -4132
151 182 322 5645
863 389 110 1820
780 336 204 -1935
657 111 398 615
418 246 236 1305
1113 394 220 3944
1116 435 178 -1907
838 106 176 8727
1001 196 344 -4155
1188 215 470 3095
414 266 414 -9739
1474 330 242 1494
114 73 300 3384
1360 423 440 -3314
1270 449 140 -7994
1470 82 196 -426
799 35 120 9354
198 255 424 -2765
923 355 430 5488
1336 229 68 -2460
499 338 100 -6681
1044 3 460 3399
343 353 208 -5336
311 92 80 -2794
370 232 96 6298
440 303 10 6404
887 5 324 -3533
1009 233 478 -4424
544 307 370 3318
709 445 124 -7938
49 288 228 -989
498 72 242 5520
452 356 6 -7584
444 265 14 -1048
83 25 354 -4798
698 445 122 -1295
549 422 266 -6644
1491 103 278 -2466
519 112 246 4392
503 265 474 -9314
295 24 450 4197
799 43 4 332
794 358 210 -620
1331 164 318 -8330
41 64 386 8621
700 21 340 755
308 280 8 5753
872 87 176 -7943
1044 16 236 -4888
236 176 434 5484
1138 338 36 3182
508 402 16 4865
555 439 180 9888
929 109 322 7692
338 53 266 -1982
123 392 156 -4374
496 298 162 -668
598 68 472 8079
777 367 384 9201
1427 345 286 -4738
1495 151 198 840
919 195 210 7707
499 113 382 -2828
27 2 464 1659
353 418 78 1495
1415 255 362 1143
2 319 116 8152
1197 298 186 9876
769 203 52 -8919
21 170 98 355
1152 356 200 -9588
847 243 70 -9603
1300 194 62 3212
1399 446 378 3830
1107 148 46 1068
167 264 108 5922
1341 370 358 560
1095 39 90 1522
1085 131 272 -8957
1014 124 288 4454
610 280 206 4778
54 261 32 -7344
592 338 192 -6370
1084 145 416 9403
1450 281 66 445
532 117 148 9209
302 164 194 -9590
88 379 100 3273
554 330 282 8062
319 348 120 -7545
579 145 106 -2196
291 258 456 -1617
737 20 86 -8948
1376 186 272 -7378
11 248 426 -3517
1370 335 154 -4630
108 249 336 -2342
1357 290 140 -4837
395 120 158 1718
423 423 220 -7383
1259 244 234 -8915
1320 283 468 -6678
1401 71 316 -660
36 192 192 -4106
1388 60 220 7664
901 40 108 4059
1422 271 460 -7319
101 50 450 -1922
797 197 354 -4983
819 341 52 7547
1125 110 408 8070
876 144 92 6912
645 432 362 9608
1220 447 288 3155
66 327 302 -4696
980 355 206 -9182
1180 29 8 -6013
989 18 132 -3641
391 324 10 3961
652 65 288 3125
1150 443 144 -3810
693 312 272 5316
627 4 284 688
820 234 104 -4377
131 188 126 -3469
178 227 218 9091
1245 160 138 -3042
947 37 220 5523
1417 34 476 8565
459 117 388 7876
1382 310 200 6261
675 155 310 8165
150 381 116 6161
1104 252 280 261
81 122 226 1403
61 204 474 -3910
1395 438 256 5558
15 411 52 3225
399 223 422 6609
1361 430 72 200
307 399 66 8630
716 428 44 2896
701 252 50 -3891
656 89 228 3421
1031 219 112 -544
576 245 28 9808
107 265 246 -5250
936 35 210 -4565
260 435 20 -2906
1264 432 278 4943
89 43 324 4056
1077 62 130 8194
492 341 246 7444
307 322 220 -2804
707 159 252 -5361
983 277 128 -8931
1496 341 238 177
510 149 436 -4364
885 362 48 -7100
741 324 408 -6399
10 198 304 -1954
1347 259 284 6899
499 369 316 7190
410 48 300 8050
1226 96 154 -2879
1173 79 24 7040
1214 422 370 -3759
345 43 80 4033
1203 448 58 -6091
446 204 170 2981
1039 342 66 -7710
1361 133 38 -6430
280 356 332 9148
1375 283 230 -2470
1449 124 404 3589
1244 174 288 8756
715 35 34 8539
1353 46 18 8575
1488 254 188 -3712
1110 208 208 -2985
696 140 84 3515
1113 295 100 -6097
1200 194 214 -1770
105 62 92 -8932
308 435 402 5591
1144 102 80 -4359
476 245 42 1176
968 67 198 287
498 209 366 -2240
355 66 314 -7073
1219 458 476 -101
637 81 262 1484
901 434 444 1168
398 178 198 -9726
1339 87 40 3618
375 41 198 5092
837 227 328 5339
110 103 446 44
360 459 374 -6593
305 128 204 -226
159 23 220 -5963
886 134 424 -6181
1460 150 34 5755
1166 196 438 -7719
119 236 180 -3328
1212 306 210 6407
1349 327 334 5351
814 332 422 -3114
570 120 388 7565
339 59 400 5843
554 357 236 2202
560 414 212 -220
706 280 352 -208
701 421 56 -2731
1082 322 158 -7771
724 437 198 154
1307 44 258 -2738
1327 392 62 2540
190 78 326 -611
1273 187 346 -2413
16 372 176 -2644
401 410 24 9804
1085 110 314 617
569 86 320 -9336
416 178 64 -6140
1269 164 90 -6068
720 404 260 53
185 139 362 3968
1417 191 462 9120
138 163 8 823
1423 456 204 9007
1335 236 24 7891
500 154 96 -8195
527 44 344 -1962
145 4 428 607
1124 269 440 6710
786 55 274 -6805
155 441 10 3040
433 218 174 -5917
1222 324 142 -5214
575 350 402 3494
1027 123 96 -95
891 375 284 1533
1498 191 4 -4206
354 96 444 3549
428 332 334 6842
1395 238 160 -4969
234 61 170 5672
145 147 34 7758
308 206 242 -4030
1152 300 276 5338
1310 353 294 -1049
1477 415 440 -8348
726 151 412 1176
640 142 76 806
710 115 222 4433
1128 414 96 -8915
578 70 114 6088
813 377 422 -5
1016 290 50 -9314
1275 139 266 1282
44 90 262 -5487
699 142 88 8132
941 322 260 4283
1147 277 38 -2141
845 381 448 -8567
1263 304 156 4732
1259 441 254 -9835
164 31 24 3554
1116 342 222 3758
173 184 166 -1009
966 336 196 -3260
437 87 318 -4172
719 216 352 2204
1479 441 232 -787
395 54 390 5620
832 241 242 -2783
1468 291 382 -1231
310 142 386 -7044
929 185 176 4991
91 213 444 -5804
969 340 392 -1708
1262 206 136 -5794
1240 360 248 -9676
518 307 280 -6922
621 209 266 -5423
1026 415 60 2083
1084 153 252 -3791
206 338 358 6014
1188 387 320 -3281
960 26 32 8313
390 314 332 561
558 186 96 9045
1319 173 350 -4419
624 432 116 141
861 260 336 -3015
332 421 304 813
753 236 282 5976
469 338 406 2848
33 287 290 -8498
210 210 24 -1609
341 386 100 -8727
328 263 54 2910
197 329 158 5620
710 399 108 9956
1078 349 362 7358
4 394 140 -115
896 78 36 9075
979 363 380 -8801
582 416 254 7469
1436 118 168 -8515
381 121 442 8760
780 70 24 8777
1234 428 48 -326
1471 233 126 -8505
708 378 86 8898
357 430 114 -9123
939 358 158 2764
140 135 378 6263
686 148 396 3849
1415 215 214 7318
137 82 424 406
692 418 274 -4604
746 61 182 3738
490 456 294 2212
1097 223 292 -2817
1305 100 10 -2099
4 406 232 197
1095 319 66 -5634
927 146 188 8248
1318 151 162 -9260
211 279 156 -4664
903 253 66 407
1174 51 454 -3306
15 17 4 9258
1165 312 476 -2212
221 272 258 -5320
1059 181 32 9181
998 44 128 -3080
761 309 446 -4263
63 132 356 8748
514 68 414 1580
320 450 148 9900
710 73 228 -399
958 108 282 7010
751 383 206 966
364 309 76 -1132
945 160 242 9810
930 271 22 7110
417 124 398 2966
1047 18 124 -2437
961 310 436 8805
548 380 284 2772
739 410 90 6612
792 326 12 9202
1097 448 424 2137
1149 29 182 6463
910 66 84 -3442
1153 224 442 -6233
2 50 344 7111
748 18 88 -7492
576 138 278 3191
260 276 440 -9
1259 310 332 6718
674 280 40 -8348
208 166 52 -5968
731 344 264 7542
745 14 448 3415
656 233 28 6172
934 29 66 -5427
864 350 468 -8203
155 209 20 9751
1366 449 172 9614
831 332 262 4298
1125 388 374 672
535 71 478 -395
617 398 254 3780
322 221 64 5553
143 82 164 -585
528 367 384 1566
679 264 250 -3207
1369 122 440 -8711
30 175 296 -5896
772 129 152 -7333
923 393 16 7588
976 9 200 2695
95 53 190 -9495
361 196 226 -1346
258 404 240 718
31 380 164 -6106
688 149 448 5441
1375 14 344 -5710
467 429 88 2044
1431 422 32 3722
130 246 278 5980
1189 297 334 1973
1441 416 338 8633
739 258 220 -6059
347 387 228 -3406
1139 302 324 -9795
1286 4 136 5672
1274 360 460 3424
1071 423 150 -8761
338 88 476 -4257
1241 296 116 -5165
171 413 272 1385
209 416 138 1080
586 51 102 -7954
1265 250 360 8592
1260 294 78 2867
1334 389 426 -7313
640 396 312 371
5 249 84 -1575
935 95 238 9461
223 338 390 360
495 130 394 -8001
1104 244 428 9304
355 173 86 -9025
1439 178 320 4326
254 152 110 2863
531 86 394 5681
1202 119 466 7740
604 179 64 7467
105 57 16 5460
100 254 228 6843
492 431 42 -4329
856 324 114 7404
1392 153 416 9995
110 434 336 5254
1484 406 260 3374
173 375 232 -724
205 433 128 -9633
143 379 156 1729
1427 311 130 -1973
644 419 454 2333
724 452 452 1498
756 98 380 -8897
394 400 352 8484
540 285 270 -7968
1476 385 298 8607
1153 267 382 -8917
1087 344 6 3351
337 398 260 -8125
793 305 440 8993
702 310 314 -3779
92 330 272 -7255
885 321 428 -523
752 172 358 -3497
482 3 334 -6392
75 171 386 -5934
23 432 30 7233
1467 325 200 -3061
1465 362 360 1804
801 84 368 -6042
414 222 242 -8491
1340 205 164 -6173
457 429 28 2368
698 101 260 -1080
1374 361 214 5919
142 88 230 -8906
1132 422 340 1800
370 175 120 -7509
1438 253 214 5919
864 58 380 2949
222 2 294 1584
883 355 436 2036
1248 89 428 1068
183 364 360 3196
190 394 288 2387
252 378 268 -4978
153 30 358 -7868
1218 335 102 -5308
484 457 336 8447
722 316 184 -151
761 256 142 1429
1413 357 296 -9911
1425 93 362 7660
100 286 364 -5093
1107 191 238 7218
341 117 76 -3690
253 299 206 -823
1208 381 432 7841
10 201 4 -2597
423 126 264 -7003
1218 71 74 -7792
609 218 72 7350
649 63 186 3800
468 138 246 7948
998 274 60 -9712
1001 141 340 -8630
1190 249 100 1510
1303 305 412 6480
853 280 106 6644
1135 94 406 -1906
959 61 420 -3135
613 355 22 -2061
1440 430 28 -9159
1182 448 6 4601
692 423 284 9231
581 288 176 1671
1093 215 408 7418
612 362 118 -802
427 214 228 -5880
1393 390 286 -6397
197 303 226 -9368
1341 454 44 -5338
321 186 322 -9575
1115 109 158 9102
1032 374 96 -6320
983 428 122 8851
1377 14 236 8371
1368 97 304 742
920 16 66 -5199
1443 442 64 -9325
263 181 228 -9062
651 433 456 -6231
950 141 426 2449
49 143 132 -209
479 278 136 7269
176 84 204 2448
605 459 182 9631
848 127 68 -3393
441 11 260 5862
1451 439 156 7106
1017 165 418 -9033
112 359 358 3756
757 129 22 5666
1306 181 230 1928
1037 198 76 -2022
903 431 264 6303
285 182 210 -7225
422 379 226 3883
1178 428 98 3070
519 307 332 3900
8 104 330 -8272
767 409 358 -5865
1255 365 174 9954
979 458 94 9835
789 138 166 -7658
270 21 174 2994
1105 77 354 -8930
1224 402 428 6670
877 112 176 6225
619 427 242 -4479
930 297 318 -2738
1118 371 92 7208
291 316 348 1223
311 307 472 8534
206 416 422 140
996 66 100 -3449
1276 170 304 3799
1456 410 392 8865
463 401 64 6472
790 417 104 -6331
464 335 300 9104
1500 370 158 -1043
952 196 204 -6229
1166 336 16 8574
105 245 194 -2515
198 133 346 2787
1088 229 152 8283
212 321 252 2529
1163 416 328 -8706
823 455 478 -6734
1282 437 38 4744
771 101 112 -5619
734 210 108 -267
796 16 284 -2447
493 63 220 -3165
952 401 38 7519
664 132 372 9251
905 430 168 -3360
1251 272 448 311
1110 244 202 7626
1332 421 50 -6634
1140 342 398 -91
84 410 88 -9227
58 46 304 -6358
411 434 406 8547
666 451 116 -1147
804 323 196 -4462
1396 331 256 -3425
911 160 220 -106
401 196 168 -4880
1262 82 122 -2467
831 376 190 165
1190 260 92 9581
1265 128 102 1807
740 216 54 1996
1313 84 104 -1070
1117 31 18 1756
813 1 76 5225
503 283 414 -6093
1003 205 174 4859
815 19 354 4131
357 75 194 2287
1140 338 288 -1487
492 82 476 4908
594 254 374 -2329
1 51 138 -1779
1133 448 110 9407
124 161 134 -8662
1435 402 62 8014
438 348 200 6027
766 142 428 1827
1380 259 284 -6087
242 204 442 5201
597 164 254 -6905
961 262 236 6043
1440 279 186 -4867
1021 158 196 6084
111 185 456 9504
1440 37 322 8116
240 147 222 -1984
853 458 116 -2758
1350 290 114 -839
740 417 64 2918
132 357 130 -8260
412 456 46 2588
1159 336 134 729
1282 230 74 5355
1194 194 266 6671
143 21 2 -2013
540 57 180 -1278
612 267 282 -5825
814 18 74 -7415
303 286 314 -3940
1363 430 184 4778
429 263 46 4889
1345 141 398 -2982
818 424 28 -6088
1388 134 368 -4792
44 377 16 -9702
1443 157 340 5173
919 18 440 -8777
275 275 246 9108
1245 426 84 2860
387 128 158 -2551
1105 45 184 1054
713 177 54 1837
1314 153 272 8870
897 308 426 -9839
374 309 16 -8195
447 161 362 -9415
88 363 170 -1892
206 424 12 -9133
755 226 220 -5380
669 451 100 -1705
323 104 454 -113
68 39 470 8441
600 451 386 -2766
1444 396 352 4736
1472 236 284 8656
720 403 268 2618
392 147 130 -879
51 189 342 -1928
863 459 208 122
1480 445 310 1119
286 340 352 -3123
556 70 368 7165
454 238 214 -3976
1285 80 434 -5019
414 457 222 -2418
1403 23 422 -6355
1151 409 414 1526
1059 68 94 -3988
1229 390 396 -2123
905 49 196 1567
773 172 276 1789
37 190 262 7225
384 210 378 5784
601 314 452 -1764
469 181 198 -8524
127 130 214 -3207
1327 180 64 6723
1441 125 58 6862
995 82 90 -2667
419 256 126 6187
1392 332 236 6890
939 48 390 6028
556 228 294 7182
1440 67 448 5513
1442 23 438 -935
984 292 6 -7432
955 372 420 -6674
434 426 318 595
1381 321 240 -502
169 38 438 4191
167 326 444 7051
797 414 60 2820
86 456 152 -6918
9 374 82 -1711
213 112 442 7743
98 88 376 -9808
572 86 70 -6926
154 319 106 -7527
524 411 350 -6740
1366 390 350 -6779
1051 186 166 3117
1115 112 74 1484
744 217 202 -8491
1234 41 472 -4780
219 297 364 -9273
851 192 382 -7868
871 217 66 1050
1312 431 48 2673
951 285 202 -4343
560 127 462 -560
612 185 290 -710
1462 46 98 -5382
414 447 314 -4060
1031 266 370 -7190
1015 333 264 -7475
1286 206 186 704
663 154 434 4460
921 160 446 9483
584 268 438 -1238
1359 79 312 -9862
1013 242 128 6299
634 297 150 -4250
1494 202 432 7909
794 81 154 5039
294 147 292 1076
430 85 312 839
654 173 304 6901
1025 213 272 1857
1305 234 440 -3797
1194 341 32 -6601
1011 309 292 -9450
378 163 366 -9686
462 233 56 1926
536 279 56 8831
556 423 50 -3972
734 192 372 4122
938 280 440 9564
912 167 294 9675
1253 460 192 -5689
1143 71 154 -4636
207 6 2 -6265
440 400 196 -9671
659 460 424 3017
782 150 360 -1299
533 262 348 -7452
969 447 472 -783
472 129 420 -9240
857 74 134 6935
613 425 126 -5326
840 95 160 -3742
380 249 438 6096
391 320 158 5633
15 180 358 5134
753 279 150 -9368
1125 257 42 -6022
1108 93 106 -3583
1202 257 40 9996
859 444 350 9981
1012 340 266 5073
1087 283 348 7682
805 411 442 -2279
842 321 478 -2312
100 313 422 -9656
1320 49 50 393
1057 419 216 -426
858 368 274 8446
257 416 464 -8749
843 33 68 -1867
695 58 412 2398
212 292 322 -2858
523 71 32 1820
1108 133 242 9897
513 187 442 9031
5 187 144 -4377
104 8 432 7438
1342 218 398 5311
213 411 336 -6940
1182 114 268 -8967
1268 132 392 4988
1398 92 374 2557
1370 354 454 -3521
1094 215 474 9556
219 228 442 2686
1188 378 208 6472
693 91 332 -2719
121 98 136 8489
1151 293 212 9580
848 350 232 -1824
617 95 470 -7602
1286 299 394 68
772 144 414 9272
598 335 214 -8785
1061 311 86 7842
232 289 430 -9180
12 427 26 -8699
615 455 74 7128
121 422 144 -2949
165 265 398 -1082
588 181 434 8054
1200 142 438 -6528
701 156 154 -7615
563 186 286 -8984
607 329 2 8188
962 168 98 9890
1098 88 106 -3400
236 324 368 -1910
375 361 200 704
883 50 384 -4374
203 310 460 -7972
439 243 410 -8707
1153 231 478 -9376
925 314 18 -4387
1291 451 458 2901
597 59 202 -65
1239 220 162 -3943
1417 385 6 -9737
1348 120 294 -3387
945 402 444 -1842
698 29 428 -6682
957 184 380 -6381
866 346 466 7862
366 123 96 -2075
988 430 76 -7529
403 195 248 -102
661 141 270 -8089
1357 121 166 3099
179 412 292 7221
576 356 240 6671
313 327 232 -2906
395 329 70 -6811
1294 206 356 2118
1246 253 102 2234
1189 96 330 7593
1195 326 192 -6752
715 314 452 -6600
557 262 432 -963
1341 291 38 -9492
720 278 382 1874
878 316 300 4382
919 438 460 -244
27 97 332 -3577
394 7 450 -7974
1089 93 448 2998
606 313 366 4555
435 288 402 -4053
303 244 150 -5992
113 235 302 -8622
848 6 78 -2911
914 197 436 -1010
994 175 156 -3199
1219 306 256 7315
1275 146 62 609
1061 236 24 7659
71 309 310 -2040
434 433 78 7846
642 351 248 6470
1031 424 78 -2988
138 380 58 -48
1200 350 348 -650
191 393 236 246
225 308 132 4477
683 431 262 8795
116 78 80 -508
1407 244 188 9421
907 249 388 6242
1468 392 350 -886
837 371 82 -160
453 170 208 -8224
635 403 244 7487
0 449 4 -3888
1 96 446 4047
1453 295 276 -4637
1052 86 286 9451
370 413 374 1743
562 163 206 -8684
594 265 368 5406
154 426 382 -2668
1337 43 364 -162
961 369 134 -1381
1249 147 262 6378
1230 56 234 9347
940 28 302 4775
669 336 146 -1605
918 273 62 -9910
389 306 376 3283
649 310 6 583
683 344 372 -5728
270 138 112 5565
1411 209 240 9422
148 409 260 4255
898 195 450 7475
468 119 286 -2110
709 12 284 -5380
1292 70 448 6171
1314 429 52 4826
248 63 60 -2785
408 341 140 5542
461 189 360 3487
769 321 372 -2299
794 366 282 -7474
248 298 248 -8097
571 390 470 -9361
75 211 368 -520
409 120 344 858
690 227 60 9446
337 43 422 6307
402 67 458 1519
320 162 210 3297
1442 194 226 4604
347 369 422 6734
910 385 340 1906
793 133 454 -3739
1404 455 478 4090
1230 247 196 2335
544 144 440 -8670
1369 386 130 76
677 234 58 -4686
590 92 446 -2472
76 338 62 -3296
1325 192 404 -5849
1055 259 260 6587
292 180 226 8950
826 408 398 993
53 93 158 -3101
1078 385 314 -2106
761 104 326 8197
564 178 42 4063
286 8 374 4495
1418 91 196 7531
1499 164 126 4550
1334 41 176 3350
521 237 184 2095
1424 358 458 -994
254 174 194 5620
1306 377 476 1342
614 131 356 -4992
1123 453 14 -9118
698 356 118 6229
58 241 284 8348
703 13 4 7413
681 296 210 -3864
463 272 356 2573
1375 324 364 2355
1286 321 464 -3547
713 113 6 -3332
1445 298 294 4004
1214 285 440 -5864
1204 170 404 -9142
1251 384 256 3502
1178 402 234 8121
438 110 16 798
1112 394 40 9402
1059 23 348 4526
1450 439 228 -4998
29 174 328 6695
1334 286 104 2623
517 354 2 -1402
1227 239 36 9350
1070 327 248 2300
984 287 46 2300
537 303 354 7247
633 321 96 -6486
496 46 64 -9090
1477 110 72 1805
162 348 88 -1378
1304 425 124 -683
1488 60 210 -6724
1066 120 304 1968
1418 355 56 9503
616 289 140 4370
1116 426 390 8631
708 364 88 -7166
1425 299 122 -6474
1349 396 292 3653
1256 203 20 4382
78 177 300 2370
237 410 358 9347
468 310 372 -8508
1071 457 270 782
1015 348 428 -8714
1123 410 200 9947
775 15 42 -8967
416 198 316 -5462
268 377 396 -5666
344 327 256 4708
363 270 372 -6687
191 421 214 -6781
1498 256 370 -2921
199 114 408 -1201
1356 187 138 9586
1292 157 370 -910
289 16 90 -2568
239 296 14 3664
1361 254 468 5612
608 242 48 191
1361 346 444 -4405
1484 18 260 -8885
691 145 194 9249
1400 193 320 -3315
1185 275 286 -5022
362 16 110 8047
13 132 156 6168
194 348 60 -9049
