419 299 484 2222
1245 205 76 -1633
736 236 110 8675
655 300 40 -9144
356 345 412 -1098
542 101 16 -4638
1440 232 350 -7884
981 258 166 -4432
317 414 340 2053
535 165 8 6168
377 66 44 5680
331 382 334 1038
586 279 324 805
866 309 298 9623
391 383 242 -2140
860 295 432 9661
1467 401 430 3839
927 10 150 9265
917 245 408 1215
688 350 134 -7841
492 22 286 -9016
82 257 222 -5966
1456 241 362 9041
569 226 118 -8570
386 41 204 -1256
678 164 172 2306
1468 268 344 -4018
1016 403 370 4400
1491 376 362 -6964
1329 374 280 -5098
150 303 374 90
1141 328 176 -3497
1342 101 234 -373
874 47 430 7124
208 295 70 32
472 345 162 3883
467 310 448 -2316
562 67 328 9548
1059 7 206 5655
416 31 62 9715
1279 362 382 -4172
375 160 138 8748
331 205 428 -6284
1239 213 290 7192
143 371 104 -3367
1101 294 156 -8737
1311 357 394 6513
792 215 178 5680
470 280 230 5962
825 333 422 6662
546 303 174 91
1356 64 334 6975
121 367 406 -3070
439 197 292 9735
625 84 54 -6058
1370 194 160 -2093
713 256 34 -2312
1309 415 302 -2404
1065 28 72 6360
230 197 160 4093
560 348 224 8556
380 192 102 -7847
858 11 84 -7010
1345 383 48 -9951
1082 120 156 3022
83 165 340 3959
757 184 334 -6856
1488 117 30 -1979
486 352 434 -6183
295 56 312 -208
1159 30 292 2301
1285 408 96 -5633
1438 10 448 8221
769 340 8 -1296
682 404 472 376
381 215 240 -644
298 34 212 -6598
674 78 260 1397
555 222 126 -2796
176 326 316 -270
1126 177 80 -6842
514 378 340 -4618
1347 32 34 -1522
600 141 10 -4763
1435 380 14 -4539
121 41 416 4295
264 2 438 6210
354 239 460 -5214
730 79 38 -9942
514 113 60 -8307
649 364 166 6740
626 96 168 2263
966 307 22 8151
1451 210 430 -5498
1179 247 406 -4355
899 245 422 6647
788 179 38 45
14 302 16 1716
723 400 46 -7593
222 209 106 -5797
728 221 134 2088
717 292 456 -9892
117 199 46 7253
126 95 232 -3712
815 417 214 8625
247 114 108 -3960
486 11 304 -9804
917 191 146 -5545
948 216 412 -650
1368 130 206 -6733
75 258 460 9033
640 49 326 635
490 92 426 -2342
193 269 332 827
129 176 134 -1066
662 178 246 -9060
761 4 412 -4147
204 210 104 -3510
278 35 346 -8743
548 222 196 -2246
228 279 16 8386
452 116 394 2654
157 197 288 -6755
164 352 322 4492
926 286 330 -9601
1 260 206 622
722 26 116 -8442
1429 228 408 8892
1130 48 466 -4201
275 172 84 3074
1438 391 168 3131
94 1 122 -5545
242 335 2 5275
961 395 468 -6293
322 208 6 2618
1321 393 118 -3071
486 359 14 669
124 286 410 -9644
513 95 48 -5498
1113 0 366 -6104
506 44 328 9983
1142 213 72 -4439
48 142 418 -1438
420 23 330 -9849
953 121 34 1921
135 305 320 -6248
482 192 338 5742
512 52 30 -1636
225 75 374 9080
1007 227 388 9868
1068 45 198 -1084
185 225 242 7748
1434 412 58 -2601
1488 175 220 -1391
1265 301 244 -9753
1265 279 386 6866
624 151 192 2958
707 35 182 9411
58 396 104 1989
886 113 104 3018
264 41 170 -528
378 226 284 -5624
729 99 166 -9058
671 194 96 -2751
1092 275 252 -2033
642 17 56 -3453
223 172 230 2672
837 109 310 -3664
471 166 204 -8510
211 309 432 -6215
144 79 370 -1381
854 230 406 -9474
1316 208 240 -796
839 297 44 9750
1146 282 100 2922
1486 11 20 -3546
1450 233 458 8311
741 127 180 1039
1408 195 392 -4144
933 351 310 -9578
455 294 334 -1770
943 40 300 6553
696 358 236 -9086
355 133 352 -6930
930 206 406 6088
980 198 280 1239
135 377 474 -5872
1166 56 26 -5176
1381 34 388 6385
426 75 226 3010
290 194 454 1577
1099 282 28 -9015
835 109 288 -4470
995 163 290 -589
1068 78 458 -5189
28 262 264 6907
387 145 332 5280
1055 271 308 3102
735 206 218 -2929
331 254 266 -6181
146 142 106 6930
875 156 84 8227
1122 32 148 -3773
381 408 236 259
1417 405 66 -1454
1331 239 178 9327
1405 299 240 389
1055 257 106 -5602
411 264 82 412
1099 55 226 3292
1017 218 476 -4506
761 171 394 -4782
1324 315 432 1142
26 145 394 -7221
709 236 134 7389
1108 15 8 -2086
843 25 322 -5922
510 62 56 8550
819 400 218 52
1190 387 370 1046
628 138 194 -8362
424 300 138 8191
732 112 246 4530
1005 154 388 6830
41 201 100 9944
1418 158 92 5029
309 199 196 -605
9 84 316 6912
719 49 28 894
746 2 394 6706
140 46 48 6019
155 277 160 -7897
293 341 282 135
596 248 192 907
1021 127 40 -1005
658 25 118 7814
66 234 424 7428
727 80 56 9758
1346 354 212 4513
148 104 300 -8910
1356 285 416 -636
84 143 374 -5522
369 286 170 3798
1280 32 336 7989
539 8 128 4450
385 84 232 -3820
1009 216 446 -986
750 241 342 -574
1223 267 414 4675
992 342 148 -8749
81 156 248 -4265
1076 34 346 7045
686 108 316 -9555
446 239 114 -8208
574 300 214 -4069
874 397 362 4740
36 52 276 -7801
736 222 248 -3273
1003 124 26 -7874
1254 41 350 8622
149 361 142 -1434
903 183 222 -7410
1174 332 6 -5859
117 174 30 -3566
18 103 284 -3026
986 17 362 -61
678 287 216 1683
914 302 424 6697
229 310 38 -4985
1384 217 16 969
542 135 450 4192
686 295 408 -4736
385 167 476 -884
654 313 90 -9458
949 41 364 -9737
562 411 356 -2962
770 233 332 6666
322 41 192 -8167
486 30 72 2997
326 80 422 5503
1142 368 372 -2605
1156 403 112 5906
360 412 326 -9734
1078 37 246 773
1051 190 412 1771
795 58 180 -8992
178 200 394 5279
317 303 382 -1310
1397 204 274 3457
539 145 356 -1269
1241 377 24 9393
234 79 132 -3967
376 381 268 -3721
589 7 366 2147
1053 358 92 -3083
1110 249 304 -6657
911 339 64 -1740
523 9 306 -537
964 139 174 8093
776 372 366 -3977
164 219 54 -423
541 330 192 6355
882 184 186 3626
578 56 18 2224
897 198 286 -2928
802 411 210 3932
191 7 74 -7477
1083 146 420 -8251
1155 332 236 -545
37 348 106 8815
552 111 132 -4022
448 233 34 9189
639 156 238 -3508
85 355 54 2747
42 43 470 2451
695 48 300 -333
751 267 198 3067
447 174 220 -603
848 124 172 1216
559 298 54 -6912
781 295 296 -7873
1485 148 112 7983
1298 102 50 3561
427 300 64 3023
993 104 132 1807
1181 118 44 6164
265 198 232 -9610
81 174 366 -6599
1035 126 330 2112
750 146 236 8775
1133 99 2 -1163
177 136 50 5724
458 80 300 -1260
738 221 104 761
348 364 344 2663
987 385 474 7104
315 134 358 -3112
136 134 302 -9262
405 339 370 -8460
266 112 46 -9735
534 118 402 6440
1144 323 82 6202
975 323 294 -5503
1363 119 140 -9875
555 105 348 6834
302 260 442 -8388
1433 202 78 1596
792 49 458 1897
1400 265 362 -6604
113 276 176 -9474
1292 411 384 9117
1284 302 100 -9497
282 346 358 -483
596 236 272 7477
255 305 138 -8169
1202 22 478 -4206
343 192 462 -5861
866 293 150 -5115
327 7 452 4901
1186 336 366 4347
219 146 114 2457
1198 361 64 1344
1363 63 202 -213
229 206 136 8011
663 13 182 -9224
111 286 302 2152
1151 130 388 -5137
731 156 150 4313
972 334 240 510
420 80 462 -4974
1424 73 144 9617
1470 406 212 -6653
469 142 332 2
1239 212 472 -2791
841 317 426 10
586 229 452 7636
253 364 460 6678
291 112 406 -1051
8 88 428 -3805
592 136 70 -5619
436 145 222 -6213
668 272 40 -2719
1267 2 448 -2426
183 220 362 -6066
1279 344 400 9699
785 243 214 -4342
831 120 250 -9565
393 77 410 -9546
520 356 40 6705
593 281 324 3928
188 318 322 -6644
1047 289 352 2688
811 322 434 -5021
141 221 416 -6916
1071 2 352 -5
1248 354 94 -2867
787 206 214 2223
1298 258 292 1412
232 124 262 9764
464 393 258 9468
759 99 106 -8422
891 135 148 8157
1247 94 184 5194
26 164 466 -2742
123 260 116 8111
1177 115 282 7047
1179 38 252 -8530
191 193 252 7067
254 205 350 384
8 322 64 2714
353 400 456 -4702
1334 115 408 -5362
457 90 362 1629
383 67 268 -9105
552 399 104 1301
549 254 428 7458
368 312 248 -2523
653 311 448 9777
95 362 312 -6520
630 138 130 -5203
851 252 282 -6421
130 336 218 -1574
720 314 30 8797
218 183 292 -8070
1198 166 278 -2377
879 411 288 8657
192 181 70 2354
269 87 180 2308
802 128 400 -1008
355 240 30 -1866
1093 168 148 4208
65 239 38 -3250
988 192 244 9072
990 293 66 -9553
102 138 222 -7136
557 36 32 6263
36 356 412 7054
549 13 318 6248
572 180 186 8625
96 361 410 3444
1270 75 460 3563
1310 274 268 -1248
513 42 346 5644
930 398 446 8504
1475 51 254 2029
915 43 118 9978
1037 325 210 4713
995 303 116 2681
305 29 172 4345
1312 42 248 4462
505 219 364 -5246
1041 362 120 -7362
1020 255 228 9317
53 296 110 3986
1409 240 326 3213
427 243 290 5270
1408 116 420 -4785
1371 75 310 6795
1199 70 194 -1256
501 222 176 -2947
668 74 52 -1038
755 253 8 2509
1353 95 238 -6739
1096 340 208 5524
830 337 376 -2139
215 256 46 2464
571 236 474 -8100
1403 253 258 102
1401 244 412 -7466
538 1 90 2998
332 249 198 6775
239 179 162 5338
100 337 50 9021
1414 95 346 -1781
562 111 200 -2252
814 197 32 8056
274 26 214 -2312
662 256 292 -1974
472 274 218 6744
452 10 58 -3003
8 390 452 9647
779 107 466 5821
669 66 90 -9972
411 51 138 -2897
653 365 452 -754
1259 83 428 384
919 402 320 4156
99 221 438 8982
852 71 186 5801
204 115 400 -5725
822 169 218 1158
690 184 12 9194
313 171 418 4126
148 69 8 2270
1464 406 444 -1117
1397 131 354 6836
919 297 416 8618
52 395 150 8715
1127 319 130 -1124
92 180 268 1329
797 235 342 -3458
973 311 38 -3914
658 318 154 -3656
1164 144 198 3735
1491 204 378 -3549
1464 92 62 -4881
1301 187 156 4099
613 375 256 -7985
318 328 440 1710
1267 170 286 -5070
868 416 120 888
793 269 384 6208
952 53 84 958
1407 409 302 6023
323 11 132 2010
126 150 422 5349
363 112 134 -3116
695 207 14 9166
1078 415 326 -5262
748 232 232 -8237
390 301 474 8434
256 96 462 368
1467 290 438 4621
1259 369 74 -8909
473 392 324 9514
38 406 196 -2075
319 290 472 5807
496 164 84 4937
1035 409 410 1606
293 251 414 -4666
1163 118 178 7161
1359 39 440 -2732
574 403 420 3253
915 379 434 -173
327 220 398 5403
275 73 76 -1560
369 263 110 349
1176 158 208 949
323 273 90 -3392
768 28 298 -2476
931 224 182 6212
458 176 178 -4574
15 225 28 -5788
1008 366 298 -1968
420 133 248 758
910 29 68 1316
1211 12 90 7699
306 367 338 -8925
294 394 272 9963
897 291 94 5994
1134 278 144 -2331
824 167 354 1514
169 58 10 2724
885 40 100 9288
1429 326 208 -6276
311 389 102 -7497
133 164 462 3385
603 208 270 1222
230 69 4 -6608
336 327 136 -3223
822 370 436 6506
977 182 424 -1485
245 30 338 -2683
947 238 388 9736
164 239 280 -1270
1276 323 284 -9377
1295 231 176 1712
993 229 230 3892
174 238 448 -3397
1002 70 258 -6103
81 75 82 4499
306 125 342 368
1227 384 94 -6208
743 171 70 8327
493 299 418 4939
1279 164 136 392
735 208 454 -7699
1048 376 72 -9851
365 14 108 7020
961 223 378 3728
1034 312 118 934
472 316 212 -7301
485 335 60 5273
1003 310 54 -4054
539 187 182 -5177
792 89 470 3153
1164 81 250 2015
283 302 262 -6413
743 371 302 4397
161 101 238 553
1258 268 278 -4079
1123 262 174 -4852
474 385 302 -1895
1007 155 410 8580
94 217 416 -111
793 12 294 6303
1284 254 158 -2365
1039 334 134 -2679
69 371 38 -1002
370 305 266 4248
1463 326 108 -9609
396 394 468 -661
815 122 188 9864
243 275 10 8757
881 344 238 -6852
1132 26 152 9425
910 327 150 6451
1431 33 192 3530
1477 372 214 -8407
808 138 12 8065
1310 345 254 8817
778 370 112 2180
288 95 60 -2504
613 110 342 -6789
1495 7 266 -3066
287 273 244 2775
1021 150 84 -8310
908 322 138 7155
1082 30 356 -2518
469 54 438 -7508
1102 403 462 -4040
511 315 120 -7016
1013 221 306 -4058
932 206 330 -205
952 358 308 7994
1108 87 330 253
26 106 160 1294
249 297 192 2045
552 201 144 9328
1142 172 14 -7199
1179 343 444 1037
486 112 18 3568
345 63 82 6300
790 310 264 -9547
372 417 402 -3132
1134 65 248 32
36 71 266 7001
351 356 64 5115
788 32 20 6579
536 405 306 5754
321 337 410 -530
690 131 12 -5731
1167 165 4 -1224
213 103 182 7301
858 417 16 5295
225 219 36 3174
1308 256 342 -5057
905 296 440 -9690
1365 395 96 3520
5 263 42 2779
197 183 180 -2909
825 261 414 -6473
1201 30 368 -5198
662 334 94 -6836
352 115 210 352
216 244 106 8651
933 245 226 2811
72 40 220 -759
103 322 232 -9932
27 45 122 -5231
778 127 2 6408
1174 95 22 -6349
1493 292 424 -5998
566 63 12 -8336
246 160 416 -8277
290 223 242 -564
1215 418 252 3582
1105 75 42 4649
527 182 454 3645
353 267 406 1203
262 106 112 -3283
357 132 248 7306
838 259 98 670
549 264 468 -5882
203 138 162 -8651
430 370 188 7700
1323 54 72 -4272
1460 49 456 4006
1164 45 362 -8010
126 328 158 8693
175 317 96 -1339
668 91 316 4434
908 356 390 -4727
749 379 264 -1776
1393 221 86 5833
558 368 386 9808
333 372 24 2490
864 206 218 -9681
1004 54 322 5135
168 316 122 6037
782 209 102 -5807
830 62 282 3096
698 147 252 -3160
156 137 400 1923
175 19 424 9329
1201 0 46 -4741
1150 220 148 3231
1038 279 212 -4221
1336 369 246 -269
899 295 368 9825
1052 324 338 6261
713 58 400 -3376
1038 220 212 -5843
1269 393 140 -7831
230 307 476 9920
990 248 232 7358
1155 408 222 -1384
627 340 442 -1278
1100 228 450 -5055
24 27 144 -6359
115 291 402 8369
1438 102 320 -227
1310 383 254 -5061
48 1 354 8292
901 156 284 4153
1463 324 314 7371
966 410 448 3637
229 127 60 213
926 161 122 2388
177 189 468 3524
160 173 438 -8086
784 413 342 -4202
750 343 442 4626
193 102 300 -9353
57 268 192 -6523
1483 272 312 -5202
1138 146 432 6963
495 414 458 -5643
1349 389 244 3274
1021 268 188 4711
431 75 338 3998
394 215 56 -7312
56 118 80 1885
353 268 30 -1145
905 268 150 -2062
1089 344 298 -3930
1404 141 74 -3403
436 205 54 5400
843 121 82 -7503
613 341 358 -1525
690 119 34 -9602
727 314 82 6906
824 169 92 -6722
444 160 426 -4870
508 391 426 -5570
1325 100 38 4162
1428 378 478 9436
817 21 176 -9423
356 343 14 7411
651 278 16 611
238 161 120 -6364
730 108 100 -9268
139 410 310 8553
34 250 198 106
194 150 232 4480
1365 256 270 -429
94 341 358 -4720
228 225 228 -1745
920 376 266 -8529
697 259 474 -9877
514 348 336 -3836
469 346 46 -9
674 94 474 7930
921 373 128 9989
1169 62 266 4730
14 282 436 -2159
850 284 284 -9987
274 165 26 -5340
814 250 426 4683
471 349 436 -143
1489 282 88 -7937
155 165 64 833
331 332 294 3955
845 413 412 -9006
953 343 292 -8831
429 307 200 -199
333 220 440 -4695
684 13 296 -7294
76 348 292 2119
653 304 458 -2295
448 294 48 5307
408 124 458 2043
1398 186 98 -8971
201 49 156 1761
29 389 214 -5495
247 175 262 -1154
1148 267 124 -3477
572 19 48 -4340
580 392 48 7084
312 44 302 6759
233 294 378 -183
784 386 130 1418
1287 251 74 -1954
433 58 474 234
360 315 204 272
680 181 218 60
786 25 120 -9246
207 52 320 -7317
884 308 320 -8480
847 216 40 9911
1051 208 56 -7457
735 163 470 -6544
1087 244 164 3982
1403 191 406 -2890
1126 260 422 -5417
1062 140 430 -1282
845 384 228 -4811
1318 400 362 -2788
876 172 392 2785
1245 387 398 -531
136 351 316 -8496
580 234 336 4674
55 330 368 -3826
138 173 112 -451
135 31 106 2769
1104 238 58 362
546 23 210 -5205
999 395 404 4660
194 101 22 5965
1092 41 46 -2106
807 79 404 -5861
870 329 96 -4615
1148 325 100 -9087
131 387 146 -2086
1339 374 150 7943
245 266 270 -2001
960 113 334 8450
1397 250 216 -9011
379 41 310 3656
231 410 230 5803
1075 159 344 -309
951 18 42 -9698
488 196 262 -4456
815 62 440 -14
198 134 444 2390
935 153 150 -676
1136 251 58 -4575
683 375 60 -1828
278 79 472 499
1011 216 40 374
1448 55 2 9961
1130 388 402 -6352
1477 7 58 -3365
765 351 304 -8148
688 242 344 1364
308 197 456 4423
514 264 28 -3561
564 235 330 2858
1054 117 170 -1110
1152 286 116 3163
264 288 148 -8490
1493 319 90 -2738
835 153 434 5700
1164 292 306 -4292
1025 33 124 -643
530 233 18 -4262
743 72 218 -7694
223 64 24 2620
1147 226 320 -2746
1296 132 58 -7699
269 249 184 -66
958 374 186 8284
440 12 436 -8472
447 411 92 2577
1130 32 166 8326
1004 238 64 780
443 379 444 -1808
1178 293 334 -5534
1320 406 212 4683
725 372 258 795
1238 255 330 -45
802 227 76 -643
170 117 408 9598
787 313 132 -2445
187 153 126 -3830
755 52 220 -9222
234 57 376 9143
698 366 382 -4391
552 160 300 3724
1120 103 232 4357
360 180 402 -6522
250 167 200 4833
625 65 452 -5284
164 51 448 1683
269 195 100 7356
354 236 266 -8329
1334 324 266 -7596
1224 136 54 -7649
1403 258 292 -6881
1469 239 282 58
998 181 212 7964
808 111 84 -8541
218 138 394 4918
1008 247 402 2644
659 316 172 -3924
476 42 164 -4370
1434 330 268 -9901
909 90 254 -391
65 60 412 -7016
206 293 408 -5151
587 69 296 2953
492 355 426 -3893
1489 41 134 3096
622 402 192 -7155
473 115 88 2529
1091 23 32 2706
21 252 364 2688
1322 253 10 8257
552 143 258 -7554
322 258 70 -6838
1265 352 48 1601
710 320 34 -6550
1157 113 294 -8929
880 233 18 5327
1446 53 374 -5570
157 324 212 -3157
1213 293 196 2221
137 133 88 -2795
1181 266 348 1947
956 111 54 1394
1083 31 262 -3186
1222 279 162 1292
526 142 284 -688
138 212 440 1106
695 382 72 -7978
223 16 426 9477
565 33 276 5650
484 174 66 6138
1123 248 32 2314
1208 155 80 2176
695 58 332 -2263
787 28 260 7297
957 212 136 2787
1061 413 30 6089
153 23 390 4704
1266 143 450 -118
163 313 62 -4662
773 372 178 -969
708 270 428 -259
665 125 428 -276
317 356 142 -8086
971 224 106 4664
418 227 72 6864
279 138 324 4005
1154 404 382 -8281
614 183 448 -1057
207 275 78 4924
891 412 302 -1998
1349 49 22 -701
489 155 168 7313
131 238 304 -396
206 314 180 -6760
1207 260 272 -5228
938 133 142 -2610
193 27 320 -90
335 317 366 -6691
695 243 102 6383
167 375 90 1617
433 391 174 -1561
1032 358 390 1960
1337 93 438 4621
704 189 110 -1547
886 412 346 -2943
322 379 462 7033
446 316 234 -5106
107 228 52 -2405
1400 416 362 -9967
1281 22 418 -7802
792 403 390 -3986
136 330 376 -8195
190 88 136 3209
59 163 90 -8551
1272 85 68 -1054
1204 380 438 -623
291 293 152 -8927
655 268 154 8111
761 236 396 3118
61 169 386 -773
655 142 288 -4698
1467 209 464 7711
358 413 466 3464
922 326 256 -8990
1352 273 144 4281
1196 62 36 6058
971 100 236 -6090
758 14 296 -83
1203 315 374 6458
1095 252 174 -8708
609 204 152 5114
683 28 426 -1650
165 287 140 -186
203 299 296 -597
1328 246 396 7053
1247 97 68 -8455
559 65 90 839
571 239 40 380
1291 129 442 4602
1132 53 420 6014
1213 309 172 -1693
1388 382 226 -1505
38 152 10 -2520
850 170 292 9541
367 340 218 3436
783 236 18 -4791
148 189 396 326
1127 336 230 1635
1268 361 236 3109
727 167 130 -7298
1470 265 180 -4126
535 1 312 2892
546 370 396 5859
872 60 234 -2717
1229 85 180 -8591
968 278 176 7098
528 26 468 2877
409 414 214 1012
336 200 356 628
436 86 26 -8660
692 78 68 3449
968 333 366 -2476
666 107 12 -8326
558 88 18 2158
1357 162 356 -6823
570 199 28 -8294
885 223 256 2170
410 205 366 5341
808 184 264 -5482
980 271 300 5028
314 309 420 -7392
177 143 330 1301
345 93 318 -1243
864 378 438 958
1227 330 408 8370
917 164 64 5647
314 209 58 -762
1165 20 60 -6278
750 83 440 2288
253 71 94 -1629
156 41 102 -2595
535 385 414 3707
194 33 420 -3826
1369 316 322 1265
360 100 410 4779
1027 372 78 -5123
1403 94 36 -3051
1092 192 456 -260
1192 214 300 -3057
1209 184 422 8172
805 115 310 -7449
598 142 362 -944
898 181 290 -9263
192 79 266 -8073
662 411 214 8641
99 249 148 -3617
1192 90 268 2065
641 322 232 7601
314 280 214 3623
1402 118 406 7302
260 352 414 8154
725 17 70 -6238
1458 320 70 -1982
226 349 302 -6817
121 206 144 -6454
1499 328 248 -4683
1331 392 14 8634
1237 294 188 -4996
621 31 194 9213
1473 204 134 8484
36 5 332 -9429
1386 125 208 -1375
325 196 170 -9886
369 93 150 2106
900 82 322 -8958
995 247 412 119
370 155 182 -7158
441 294 404 -2912
1263 164 194 3651
63 338 192 5112
3 148 298 4808
1301 298 46 9907
716 301 36 -1464
1201 273 292 5886
454 257 44 -7235
392 271 232 -7699
1420 176 440 3603
1353 121 246 2298
178 40 212 -2946
160 130 58 -2546
840 129 352 5159
1288 285 118 -9414
1038 390 426 2467
1154 351 240 -557
86 280 320 5608
233 90 134 4307
616 113 148 -9141
1041 63 424 -1693
1 204 478 -9388
1303 294 42 9606
1168 275 268 -3848
156 74 394 6545
901 387 358 91
589 194 244 3934
97 152 380 3971
199 311 160 -4154
975 367 390 770
784 306 276 3408
1173 370 200 -6956
936 266 64 1190
1103 42 298 -5943
181 348 270 2944
1251 91 440 -4792
327 235 404 5722
1086 368 132 -6346
965 405 204 -1731
26 111 390 3122
1282 217 234 9710
1464 319 444 -3522
715 204 386 -3527
552 192 184 -1769
495 226 446 -1963
568 194 214 -9273
891 149 128 -4871
734 197 322 2743
1023 255 148 -1901
699 260 326 -4783
398 172 172 8047
1338 44 360 -4262
896 59 12 6935
679 298 398 -8928
332 269 234 -8622
46 245 446 -9795
495 381 408 -8263
966 195 398 8531
1442 102 398 -2295
66 38 132 -5696
275 272 406 -4065
833 49 472 -5213
1347 102 440 7572
216 63 130 5821
819 399 266 2858
215 363 450 4550
590 119 450 -9440
431 323 54 -4478
1495 236 384 -1261
759 172 412 -3701
1126 404 478 -3666
283 353 300 -3360
390 118 148 -3250
995 91 450 9448
517 269 52 -5713
420 25 12 5959
867 364 124 198
812 293 94 1728
610 297 214 -4296
136 76 198 5613
199 125 354 3354
1062 247 110 4790
1306 341 184 -2435
734 293 260 9735
756 172 276 -2745
914 80 36 -9761
1267 175 242 4407
64 291 254 -7791
691 373 212 -5694
941 319 114 -9809
717 3 324 -5295
451 329 82 -4224
643 95 242 595
253 157 452 5390
1183 101 68 4404
744 106 360 -6189
306 333 212 664
1334 110 72 -1443
334 94 54 7106
164 288 342 2188
242 180 400 1657
315 408 366 9357
1491 9 222 -6985
1057 398 22 -6713
881 218 332 4610
1036 222 186 4369
72 116 274 5365
603 198 406 4276
1275 336 390 280
1400 345 298 4803
836 97 20 -3434
306 371 184 -7211
570 233 268 -4410
570 359 384 -7424
849 99 312 9545
222 74 146 -6832
460 340 458 3546
521 313 44 1710
1461 385 92 919
898 148 282 6306
1116 360 434 5362
52 98 176 5210
145 344 190 -1512
1349 413 384 -5539
386 269 320 -803
113 384 120 8199
231 255 52 -798
297 73 366 9184
687 417 412 1161
798 52 454 -8743
673 325 90 -6850
36 31 364 1740
1478 322 178 -8797
38 387 116 -7596
1279 410 212 -256
609 124 332 2366
20 360 218 -669
82 82 188 7588
850 405 94 9767
149 31 408 -2279
374 250 244 1415
537 66 208 -3087
537 77 158 4194
595 76 142 -4698
1279 307 134 8881
949 25 452 -9183
263 377 284 5135
148 247 464 7357
1007 27 408 2977
267 385 196 -4207
898 33 38 8843
400 81 22 1886
716 268 254 775
487 129 286 259
1212 285 60 -5012
420 249 388 -3769
595 42 78 -5348
1303 36 254 -2768
1028 415 222 3929
1091 135 384 -4768
160 242 140 6043
828 3 306 1617
863 169 266 -2786
360 54 36 -6155
781 305 346 -1287
1092 169 476 -8462
1061 103 278 -3494
139 212 374 2727
1431 384 130 -5018
221 90 306 4087
797 178 96 -9304
192 74 18 -5118
597 314 248 -7913
1214 206 348 4862
183 277 466 8946
453 265 450 1267
363 129 6 -7317
830 37 366 -4699
54 310 222 -7969
179 240 406 -7309
851 109 316 5754
1414 39 164 1824
1037 208 184 -5416
31 124 400 -9926
190 154 222 -5797
1325 173 394 2593
800 338 24 -6261
1100 169 108 895
943 416 446 9701
609 320 168 7530
770 188 148 -203
1149 207 260 -6215
1438 403 432 -8373
1206 297 420 -125
1416 385 476 2322
1492 73 80 -7020
1481 314 306 -6112
672 334 404 8873
169 39 206 -6029
1164 377 66 4584
1366 336 456 -1900
656 132 30 -4401
1265 304 210 -6425
1468 131 12 5469
690 48 206 5151
360 169 446 -7450
1043 286 64 -252
725 51 10 -8720
795 7 358 1748
1350 314 354 1978
1224 414 478 -7257
136 376 426 1064
608 353 224 9169
894 245 186 -1390
522 381 478 1564
66 212 360 8306
312 85 466 3414
1371 69 180 -5873
587 327 76 1934
352 377 96 8342
1127 412 366 -7819
708 383 62 -9359
382 159 200 -6713
769 372 368 -7555
302 196 236 -6627
1451 317 64 1013
793 405 382 -3571
934 285 72 2378
95 383 190 -7875
786 232 476 -6490
826 231 152 5134
1214 214 20 -3084
1226 403 324 8575
792 249 368 9206
215 309 470 -2296
759 398 420 -3850
788 341 116 7112
1349 174 314 5729
43 184 152 -8693
1375 188 464 7994
142 75 156 7486
1279 52 424 9952
817 111 270 -9176
619 219 422 2667
361 417 232 -3468
560 139 188 7473
437 214 306 -6695
1070 246 198 -1667
1476 3 436 4541
545 23 294 -6930
315 187 362 -756
1054 12 476 -4111
1221 44 222 -6572
1240 2 130 -9864
850 125 322 3796
1243 304 370 -8146
1166 97 444 4773
41 379 350 -4744
528 387 360 7040
362 335 2 -2007
396 411 112 4251
925 310 422 541
401 97 456 1692
696 281 218 -7175
1380 240 316 -7186
110 83 274 -9013
766 85 194 -4493
1443 175 386 -7059
826 352 106 8993
867 383 468 -7278
628 329 192 -1851
679 89 428 -2197
1004 386 324 -8255
300 216 124 604
1046 65 366 2484
729 367 196 1296
1455 61 56 9295
635 195 386 4533
968 268 114 1266
1218 235 174 -5799
852 138 284 3374
1113 336 328 4799
423 135 260 -9550
564 119 292 -8146
568 233 366 -3427
549 100 218 9876
1092 225 210 3651
708 325 298 515
360 73 282 6683
925 67 208 -1676
1103 81 320 -3340
1032 44 194 -8080
401 86 288 -2524
347 352 66 5162
1378 237 142 4119
1411 280 208 -9422
1325 373 86 7415
1432 304 466 4705
1328 139 16 -907
871 229 462 1207
1220 26 380 -7975
19 366 120 -6769
1055 230 234 -5626
224 382 300 3360
916 10 354 191
1127 404 216 6096
783 38 160 -7925
905 239 440 2765
967 9 8 888
583 375 282 7636
1024 81 186 -7796
373 207 88 -5860
319 301 52 -4092
549 134 32 -4355
1415 49 116 3665
1179 83 360 8214
1247 41 168 2491
564 332 136 2961
1434 142 164 1481
528 61 424 -9056
392 58 130 -2671
101 286 38 7125
74 347 122 -2915
233 361 164 9531
1371 320 432 -4605
459 273 74 -3581
570 320 92 -4172
883 5 370 7557
388 326 104 -39
1133 233 458 -6443
291 417 94 4492
1086 111 416 1823
205 245 182 -8328
1097 276 58 -8150
16 184 252 4986
365 40 184 5092
1166 79 90 -8721
840 331 14 -1320
827 29 196 1160
1148 288 470 -3430
1426 39 138 -7723
1310 10 154 -2169
766 74 36 -8259
1117 323 136 3316
343 317 30 9749
1312 200 138 2169
39 357 182 7224
80 79 220 -4513
413 356 354 -1471
743 310 388 -5527
1233 73 126 9523
1364 221 100 2173
1442 381 96 9975
757 89 362 -8139
158 376 372 -1366
1115 71 338 -9118
500 24 124 6555
1180 188 344 7177
345 255 106 -2274
880 255 136 -2544
1449 193 154 -3913
1022 175 278 -7027
1146 289 160 5661
8 245 476 3285
146 401 392 -4516
1070 95 24 9730
1231 406 58 4890
1014 256 454 1810
1459 148 68 -8459
211 376 206 -9227
297 344 98 -4222
1239 36 218 8217
1348 401 388 -9398
550 232 270 -3202
140 141 30 -4200
731 157 438 -8750
527 25 130 1801
725 67 254 7185
75 55 392 -4589
926 327 414 -8873
1439 215 40 -8553
259 72 196 -3573
1203 49 106 -9292
379 103 314 5738
97 109 254 -2713
1173 294 202 -4178
1242 262 300 7292
312 274 276 -8670
897 98 456 -3097
1027 54 184 3854
1385 416 186 3589
961 51 102 -9330
101 310 284 -6044
232 258 132 -8876
96 337 464 -9298
1089 146 104 4174
1291 139 334 1848
232 48 236 -8671
252 37 196 -8429
1358 241 108 -8559
1155 354 2 437
312 401 358 6343
1370 109 8 -2682
637 323 32 -2256
261 85 34 -668
1088 203 442 -2868
1167 319 46 -973
358 55 336 -7160
1231 0 150 -2903
238 255 42 8827
238 84 240 -1973
1329 39 82 -7285
595 390 370 111
360 205 340 9467
108 128 310 -9216
746 17 140 3345
1183 329 380 -9762
528 94 458 5649
1408 376 354 1644
585 220 388 2319
1105 43 468 -3656
321 337 38 -6090
742 160 238 -8071
34 406 168 -7886
1073 224 62 -5889
678 247 106 269
604 167 428 -2309
371 298 94 -5238
1322 159 158 9025
1250 375 434 4316
418 197 262 6064
483 80 452 6279
541 284 410 6644
1344 175 402 1858
1043 198 338 8186
1030 26 248 2086
1449 316 324 4325
247 101 360 -9199
1086 335 178 -9172
575 303 398 3288
1021 6 402 750
1500 275 74 -7554
1367 415 408 -4289
881 232 278 4776
39 307 106 -6473
225 87 54 -3482
66 251 92 -8481
5 414 26 2619
978 160 448 5928
1383 308 40 -9625
404 4 358 -2921
1424 344 60 9099
629 28 406 -7539
419 155 206 5305
695 47 276 -5178
236 247 124 8583
1065 224 444 8883
397 372 170 -4052
1398 165 214 -9293
1054 91 258 1103
107 294 198 4940
835 52 26 -2374
1346 293 166 -5155
1435 355 178 -9658
929 215 136 -9772
296 10 236 -8356
266 142 404 -239
133 13 208 -516
1109 358 378 2091
528 341 268 1561
1396 0 420 2365
619 82 272 9420
1460 10 446 2040
950 58 104 -6245
48 179 40 -913
707 56 174 6542
556 191 130 -9665
88 394 196 351
169 133 452 6049
584 184 316 5294
419 99 36 -7950
1382 210 56 -3918
1277 401 240 845
848 139 272 3659
1152 351 46 6995
960 283 290 3592
531 6 444 3997
148 407 212 -6093
746 173 476 -4874
164 102 472 7097
526 369 60 2031
128 184 398 -48
602 372 422 -9107
1091 377 4 9572
414 236 186 6603
691 278 184 868
700 215 6 6368
810 407 38 -3730
1097 168 10 776
142 412 348 3423
1372 233 138 -3696
549 160 114 -6346
1148 70 302 -7809
391 334 216 6376
363 330 18 -8906
859 100 462 -2467
209 247 472 -3738
726 340 456 -7982
1066 201 34 -2663
1324 44 82 -2005
866 323 102 -765
1326 316 146 -6566
294 53 80 3717
1064 117 400 -1997
146 123 254 3923
1013 350 250 3051
1267 237 24 -8345
963 261 268 1709
6 161 234 -1649
1466 6 130 2292
724 115 158 6727
1147 217 256 9448
147 331 54 -6299
443 186 416 52
276 121 258 -9754
178 18 240 -4809
837 363 268 9556
453 207 206 -7310
1479 182 314 476
241 359 48 9511
309 267 238 -3028
4 233 220 934
283 191 352 7798
368 203 228 -6881
981 355 450 2207
1095 347 18 -1974
710 162 166 5492
251 43 454 2121
1129 185 380 -9203
109 334 344 350
585 55 358 3814
833 318 228 5110
227 322 110 2149
142 314 94 -9817
1324 354 436 -162
756 40 186 -5738
928 0 46 -7236
570 13 474 -1488
613 135 146 -8584
1031 45 344 2484
382 130 132 5872
997 36 182 -7080
1456 1 16 -4292
894 388 404 4579
109 313 236 1128
672 308 192 809
183 329 52 5418
43 71 268 -5378
550 118 48 -2817
1331 353 48 -9654
599 385 216 2382
145 373 136 7776
1066 403 84 3475
440 147 240 342
606 309 302 -1809
1448 240 324 4553
79 168 290 8959
313 97 214 -3649
1097 39 86 4384
361 331 306 6813
1466 319 274 -7013
1285 412 84 -6300
632 142 162 -5556
155 337 398 -567
179 218 360 2030
576 78 192 -2042
434 12 450 8785
949 320 136 -6377
25 105 44 6920
1244 119 58 -9437
129 127 358 -5134
905 68 388 9419
280 106 406 5772
917 354 378 -7025
208 388 74 8290
538 57 410 -1697
80 69 72 -5522
679 189 192 1273
55 116 336 -1931
1044 304 382 -3247
618 62 322 -3412
876 319 404 -4712
581 203 434 -916
937 54 396 9123
1292 110 406 1266
661 56 436 -695
551 256 154 -1957
1476 147 436 4841
737 50 182 -2984
423 384 148 -264
1257 294 418 2370
1001 335 276 3190
1028 176 234 6176
320 195 28 8683
6 136 92 249
259 197 442 -4657
1131 140 56 3476
16 124 118 -5491
67 363 280 -5314
1039 8 28 4788
1055 329 202 -4341
155 315 388 -3652
725 20 188 -1741
183 3 94 9266
843 134 454 314
651 363 246 -5687
432 77 58 4378
698 185 444 5773
1154 376 52 -7498
483 164 358 -4303
677 103 166 -4076
1121 212 364 -398
2 289 470 -2732
227 167 336 4930
218 341 282 -7841
1163 368 6 9818
797 338 370 3070
723 396 104 -5729
281 286 218 4472
285 139 456 7656
238 108 244 -8425
997 401 458 8390
1367 378 304 -8728
1300 390 30 -2762
932 305 376 1324
937 153 130 -1286
112 105 424 -1443
430 142 10 -9210
652 203 52 -3073
1127 47 198 942
606 205 300 2537
1131 418 434 -9966
353 353 316 -2073
1423 397 456 2619
511 154 210 -2440
53 240 332 7667
1171 155 144 7170
592 11 76 -9584
326 68 414 9078
755 358 106 4131
345 369 422 -1596
73 114 160 -234
15 399 22 -294
139 202 60 6362
441 72 96 -5667
1292 77 326 -6194
1290 86 254 -562
1309 87 116 527
910 358 228 -290
1104 177 446 2444
1139 97 128 8483
1177 69 310 9365
1082 129 78 -9885
417 252 402 -55
577 171 194 -1623
907 224 246 -4691
313 241 90 9923
868 326 346 -8282
1223 86 6 3347
1263 10 188 9217
1333 410 124 -6961
267 232 114 -2436
736 54 430 -2168
1493 326 464 3820
237 314 300 -4346
123 106 366 -6416
290 401 162 -5880
639 317 110 -6138
1311 48 176 2847
11 167 234 -7650
585 6 34 5633
761 124 4 -4896
387 24 134 8720
1366 164 470 -5492
432 56 318 1064
991 13 160 2106
56 108 140 -1033
184 122 410 -7862
723 278 216 7395
1283 48 142 9563
453 104 450 9410
1394 304 56 -1412
607 23 292 7166
16 302 66 7708
626 254 200 -1307
1268 208 192 -1973
1275 46 438 7828
1387 338 62 -1450
1163 137 130 5168
1202 402 38 -5825
1148 317 448 -8558
746 153 10 -7997
1430 133 34 8291
1315 37 172 -3221
898 78 380 -4443
417 0 12 -2497
916 353 340 -6998
1046 396 68 6466
1472 45 186 -7198
209 16 300 9580
166 311 332 4420
265 146 268 -4057
335 30 336 -2244
1181 95 412 -6859
457 246 232 8041
969 134 78 2356
131 398 206 5780
203 351 478 4737
731 265 120 8640
1287 144 436 4819
837 45 350 851
267 255 362 -6829
177 53 206 6228
1149 325 18 4587
1045 333 180 1837
228 94 46 4261
858 116 340 7744
1200 163 280 6529
1095 336 304 -9315
861 373 368 4397
792 306 178 2225
1345 71 430 -5993
881 46 354 -1496
550 168 160 -1439
967 232 210 2810
1368 209 342 7662
382 315 212 -3586
689 177 94 -8706
257 319 292 -7908
424 300 176 -3003
842 307 376 135
1421 162 32 9173
1320 341 308 5763
659 182 44 -62
1080 39 288 -7278
932 30 330 7518
20 138 64 -3657
585 91 418 -9093
677 308 210 -2872
598 269 134 2914
1288 139 32 -5489
962 52 190 -5745
753 322 144 8548
1282 217 172 5226
540 239 108 -3080
1236 229 116 -6832
55 207 102 3154
1276 130 366 7916
190 328 190 -9467
15 241 406 -9634
980 354 246 -8273
934 112 108 -5747
42 91 334 -9842
1463 15 390 5010
1069 413 390 -6766
163 247 130 9194
1370 29 224 -8936
81 80 468 4441
422 353 26 592
1450 132 420 9933
215 155 306 6429
44 142 250 6195
609 31 290 -9474
965 414 86 2222
919 177 338 1445
874 220 256 8584
248 374 154 7237
1028 334 254 1368
49 225 24 8363
480 304 204 9637
314 114 424 7851
1058 58 358 -7940
352 411 22 -9505
282 220 314 4208
730 247 444 -7227
938 97 46 171
252 248 144 9365
648 356 156 -7228
1421 25 192 -9086
436 120 106 6726
897 243 86 2516
1257 238 46 178
1144 26 438 -2918
1327 51 292 9117
880 140 278 -525
533 49 388 -616
384 41 208 -7929
248 322 84 5775
967 244 276 3561
888 364 70 8888
284 379 370 -1386
479 405 378 3989
654 46 76 4620
1186 186 36 -6492
1479 384 122 -4977
280 83 412 -3871
481 401 262 4369
128 321 6 1065
1253 410 442 -8364
1225 360 442 1424
376 120 372 -7382
649 347 320 9268
1018 277 114 -7895
1455 310 382 6338
414 163 154 1480
1443 277 84 5231
351 73 184 -7641
464 284 316 4580
1248 160 328 -176
787 272 312 -2201
242 314 114 4797
72 398 202 -7592
971 259 472 2433
64 197 448 -9178
714 257 80 388
1145 238 172 4071
345 327 396 125
413 119 48 7676
1294 244 212 4832
1059 295 414 -5792
588 325 136 -5758
172 185 2 -483
1238 15 116 -9124
469 60 314 -256
1188 35 376 -9450
1171 0 164 9457
1252 265 308 -7511
879 416 346 9554
776 213 166 -2011
404 21 122 4741
1008 173 294 -3490
38 401 452 -9307
1461 396 40 1250
1203 171 74 8676
1466 141 462 4633
1039 338 226 -8315
475 156 252 4246
59 217 246 -3700
1126 93 34 -5173
134 269 194 -7108
337 99 58 8614
1085 51 124 2071
1429 88 188 -7150
180 273 228 -9938
534 214 368 -9743
857 366 36 3397
840 12 114 -1715
395 397 476 9727
480 142 320 -9546
1450 321 306 -1088
1224 357 128 6012
667 131 374 3544
882 321 342 -2720
166 116 276 -3775
222 395 124 3177
1113 91 316 1402
1315 319 474 7865
1117 277 380 -559
32 377 108 297
1025 263 348 -1190
732 282 428 -9398
1112 399 46 2726
1217 66 264 -2187
777 199 466 8635
1493 418 288 3596
844 317 160 -8364
963 13 354 2623
237 207 28 1458
41 304 78 -164
875 301 78 -4108
1367 58 120 4840
1033 66 148 2665
650 375 116 -6876
301 22 268 2290
1089 29 78 3377
1500 278 378 4789
1446 311 362 7813
900 271 310 4727
340 340 146 -4771
80 270 106 -5930
1213 417 296 2246
699 164 158 5994
1482 321 178 -1972
876 229 266 2818
689 117 88 3656
145 203 42 -9442
1297 93 244 5505
875 135 92 9705
1476 314 108 -4705
157 391 170 -8997
1248 240 178 -8302
555 154 222 4955
604 34 304 4019
1402 286 226 -9121
1315 160 94 296
853 409 140 6796
1179 58 38 6304
484 21 198 -4612
972 240 440 2192
1352 29 234 5176
1046 367 334 -3162
756 84 16 -2546
396 340 336 1022
1112 55 72 3291
133 103 350 4597
1222 172 202 -5915
1328 393 358 -7275
271 85 240 3425
801 94 330 8929
1136 43 110 -7533
927 39 88 -6337
840 251 192 -4684
1465 365 426 3222
438 52 200 -7966
179 277 18 -5330
1025 383 258 7590
1104 158 126 -3378
1418 190 234 5488
1036 345 338 -9518
1324 349 290 689
1475 244 448 -8808
211 254 50 -6400
406 322 54 5459
1494 279 94 3372
971 78 442 -9568
811 28 376 -102
327 238 430 828
837 127 316 -7355
1477 394 170 -4453
25 278 302 -9695
412 346 442 7597
59 223 2 4758
98 374 376 8366
474 262 110 5300
87 70 162 -7782
1028 258 152 7329
1209 381 334 -5938
1008 4 74 7069
412 237 180 6407
605 180 238 -8076
682 223 422 8487
1271 325 92 9205
13 311 304 6548
344 95 152 1842
165 116 78 2703
892 105 466 -929
824 410 156 -667
41 271 468 2194
1276 90 104 1252
1141 192 432 -8207
522 102 290 -2348
1004 232 46 -8244
430 407 52 2864
346 281 326 -3162
52 284 262 -7836
999 275 296 7107
702 289 360 -2771
798 284 24 -7829
705 347 262 9706
361 195 68 -3589
16 169 346 8304
1105 205 224 -676
604 407 194 -1451
477 17 436 -4203
77 298 396 7806
93 349 414 9215
872 295 452 -6193
755 161 20 609
650 138 444 5084
413 347 222 -9258
1416 302 66 9693
1326 304 308 4395
413 110 210 3035
1407 234 322 6702
1430 295 450 -9595
579 378 6 649
81 312 146 7101
807 322 196 2453
1440 203 146 3851
96 270 14 -3452
1286 67 208 4551
498 100 288 -4822
1054 407 448 -8794
634 279 250 -4806
962 110 286 2009
551 282 230 -3987
746 199 202 -7092
1284 331 390 4487
1002 314 202 5185
102 52 396 -3153
1445 275 2 2428
1488 18 440 3071
1143 370 56 9366
1432 41 114 -9994
204 53 26 7721
1427 340 210 2177
316 73 98 709
1379 134 464 2214
1279 304 88 -8425
1259 276 452 4037
947 176 342 -5105
1104 100 308 1065
537 252 46 -8349
1000 10 380 -690
1025 360 40 -3727
718 50 332 9139
877 374 400 -3095
141 127 296 2317
162 79 102 -7063
1389 338 276 -5743
829 41 300 3401
187 48 350 2058
1347 340 16 9512
1187 225 460 4585
860 188 234 8363
1135 301 222 -5960
753 106 106 4647
750 107 80 -1537
1376 251 472 1095
1153 238 388 -1337
434 330 26 5951
1300 170 134 -4795
1055 338 264 -4749
254 140 36 -7337
84 40 300 -8862
344 410 162 -4867
1290 81 464 -3775
460 343 18 2674
1410 209 310 -1629
110 402 324 1516
301 354 162 -2158
330 177 56 7055
585 384 20 9680
609 100 416 -679
113 290 222 8892
1387 274 212 -8412
1055 36 274 4043
85 343 244 2647
1039 313 390 -7264
1396 389 42 -6104
1299 308 48 1195
1346 54 438 5574
1423 175 394 -8000
1327 391 56 5389
1092 246 18 8022
1062 2 136 686
1452 394 398 8758
1447 176 252 -7741
426 1 264 4883
407 386 154 -4554
106 163 246 -7264
1078 284 262 1325
1247 19 232 -606
1092 254 224 -7856
1370 311 230 8490
1397 348 46 -3411
342 30 330 -8102
386 83 148 -191
1316 11 336 -4691
977 39 154 5992
1125 92 118 -8603
1269 75 434 -6125
1244 128 248 -5171
1444 122 270 -4929
26 82 50 -1366
711 245 182 6537
1246 173 100 -9038
605 103 458 136
382 110 432 -3680
1327 319 78 6447
676 352 474 -2655
34 269 302 -3704
490 154 320 5125
480 163 462 1014
1123 183 454 9200
898 407 472 -4657
618 341 346 -8176
1291 180 168 -353
1340 62 58 253
1069 175 14 -8692
650 399 94 8473
222 270 54 7032
688 348 434 8452
1255 64 182 -1509
559 398 76 -4780
1176 120 262 5674
347 120 280 -1826
423 271 230 2483
676 95 214 5824
369 206 462 6271
752 266 236 -6522
384 260 446 2892
1291 114 152 -8246
1204 202 10 -5999
174 391 50 4882
459 206 282 1963
1209 186 56 5113
883 389 32 -4700
872 403 54 -931
1025 2 432 8537
1473 338 82 -1286
473 393 28 -1814
1417 129 58 -1020
896 248 82 -7158
388 303 426 4305
50 204 78 -7837
1128 273 202 -9625
838 368 358 -8168
429 23 220 -9842
1295 310 354 6373
18 191 56 -2737
1007 137 460 213
1381 404 124 -7023
172 204 244 6380
1270 353 138 -4403
27 366 232 -7327
832 26 268 -3298
922 176 408 6243
1054 201 330 -1795
962 31 108 1230
812 415 398 4078
141 199 196 7338
408 238 396 844
60 244 146 4057
529 375 296 477
100 208 350 -8724
1006 250 252 -3496
1237 326 122 6915
341 290 386 7447
1074 14 202 -2932
41 198 174 3630
1322 359 184 -9671
549 89 74 9046
342 189 308 -7231
500 244 462 -6286
655 388 374 2575
117 279 326 7966
325 352 306 -719
