100
1 17 1825
1 71 54506
2 7 38810
2 17 90708
2 33 76619
3 32 15130
3 62 37189
3 75 66764
4 12 37942
4 49 89493
5 36 78532
5 95 9528
6 31 60391
6 33 69757
6 45 89281
6 48 41224
6 63 13221
6 91 42609
7 5 12230
7 18 92297
7 59 43238
7 86 14582
8 42 87260
8 45 8215
8 56 15084
9 37 94043
9 40 99576
9 83 4803
10 45 90880
10 53 30999
10 63 96296
10 74 35812
11 47 62032
11 65 89524
11 66 10508
11 92 70294
12 40 99706
12 48 84611
12 91 69771
13 15 84455
13 45 77345
13 63 21093
14 11 57713
14 44 81919
14 86 55955
14 90 89737
15 48 86220
15 100 3361
16 71 67421
16 83 15827
17 21 89689
17 54 27147
18 16 17562
18 22 24308
18 33 10695
18 64 67683
19 3 9118
19 23 35852
19 41 85357
19 44 98451
19 70 85833
20 1 6818
20 19 72496
20 71 48288
20 89 22397
20 91 25009
21 8 45937
21 16 97508
21 65 7256
21 85 31821
21 96 49666
21 98 1343
22 7 38901
22 59 52744
22 64 44904
22 75 18090
22 83 61504
22 84 16733
22 96 44731
23 47 6198
24 27 36200
24 58 79957
24 83 82010
24 86 30520
24 94 41857
25 36 9332
27 25 88553
27 26 4611
27 83 74486
29 48 87094
29 50 449
29 65 93541
29 75 40604
30 15 40752
30 34 59140
30 56 77309
30 61 37103
31 7 74719
31 61 32483
31 96 15680
32 5 1512
32 37 20695
32 54 74942
32 80 15393
32 100 55843
33 41 93814
33 69 96077
34 56 71211
34 86 55054
35 23 99078
35 56 58082
35 58 97887
35 68 36390
35 69 27021
35 85 2491
35 100 58055
36 20 88112
36 41 60148
36 51 19367
36 67 30403
36 90 77880
36 100 38006
37 1 36596
37 52 31598
37 67 12499
38 7 17285
38 12 26219
38 13 7008
38 27 9418
38 45 25392
38 51 14102
38 66 98488
40 27 62421
40 35 66698
40 51 41316
40 69 81995
40 74 11477
40 77 55434
41 28 33906
41 40 41815
41 90 87176
42 2 41489
42 32 8306
42 38 4947
43 32 78351
43 41 99612
44 55 30960
44 62 40491
44 68 11002
45 22 64034
45 23 30618
45 39 43522
45 47 84375
45 90 93497
46 10 44176
46 45 15575
48 10 98775
48 49 94422
48 76 62429
48 84 42680
49 2 9962
49 6 69974
50 13 17606
50 67 67602
50 91 91665
51 16 7078
51 46 62620
51 50 51183
52 1 96608
52 23 32817
52 75 17643
52 78 99735
52 86 67928
52 88 80484
53 6 22786
53 29 61847
53 58 53805
53 73 1317
54 74 36441
56 10 37332
57 30 67152
57 32 32386
57 36 78313
57 45 52803
57 80 37850
57 96 59413
58 8 9666
58 25 18813
58 42 48649
58 45 57601
58 57 49439
58 68 77414
58 85 15648
58 90 27314
58 99 21255
59 2 54818
59 9 77208
59 11 55952
59 52 54464
59 76 82099
59 81 61541
59 96 45341
60 3 55006
60 34 66707
60 68 55225
60 92 42746
60 96 89665
61 1 39376
61 25 67569
61 27 68264
61 28 9051
61 34 51155
62 27 56768
62 67 54852
62 71 58682
62 85 45411
62 88 61004
62 97 12949
63 6 97895
63 53 30306
63 65 39627
63 72 90920
63 100 65798
64 5 27322
64 18 61625
64 35 89157
64 75 5278
64 78 91354
65 17 14341
65 31 45213
65 35 64563
65 92 47919
66 4 89207
66 5 15878
66 82 31969
66 89 5760
66 93 2097
66 97 28822
67 42 93491
67 79 13319
68 14 24445
68 16 87835
70 1 68438
70 42 7491
70 50 51871
70 79 17538
71 9 22477
71 13 93984
71 31 70729
71 35 34626
71 46 19018
71 60 22699
72 3 73855
72 6 11515
72 35 50613
72 60 63756
72 88 6023
74 94 9273
75 18 24925
75 20 60785
75 29 21375
75 30 9623
75 41 64508
75 66 69763
75 89 11026
76 17 77847
76 21 25990
76 57 10291
76 93 4189
77 10 74771
77 30 84516
78 36 44912
78 51 40260
78 66 39242
79 45 56550
79 55 61490
79 60 79864
79 82 15498
80 14 5250
80 30 1739
80 33 82951
80 42 32749
80 51 50577
80 96 2750
81 34 80528
81 36 29774
81 76 84219
81 97 76689
82 28 61930
82 87 48718
83 44 54488
83 65 13989
83 84 63718
83 91 42433
84 11 81884
84 48 50711
85 23 63538
85 70 49818
86 6 25183
86 45 89123
86 89 5397
86 96 27966
87 6 42349
87 19 68247
87 47 39036
88 13 59130
88 27 32344
88 30 77158
88 74 13431
88 75 51350
88 81 32549
88 90 82606
89 68 4517
89 97 63562
90 51 9281
90 89 60327
90 95 81523
91 22 46343
91 24 69054
91 76 77195
91 99 14693
92 34 35739
92 56 5487
92 81 64435
92 82 80965
92 93 32815
93 22 48043
93 52 60102
93 57 51041
94 32 81079
94 37 28201
94 52 57224
94 88 33566
95 23 63583
95 93 25153
95 94 90932
96 7 27421
96 47 80311
97 2 81770
97 64 79684
97 68 83890
98 5 16838
98 21 80837
99 34 61328
99 81 19960
100 4 79281
100 16 592
100 33 35544
0 0 0
