100
1 2 66177
1 15 11305
1 16 85692
1 17 72333
1 58 18105
2 77 99110
3 9 26734
3 12 78762
3 65 69214
3 68 52405
3 69 48230
3 92 94611
4 55 27573
5 20 21114
5 71 79668
5 78 37889
6 11 92357
6 44 63720
6 92 15024
7 1 10106
7 90 81705
7 91 44233
8 42 88427
8 74 34066
8 88 1258
9 17 4073
9 20 27099
9 27 90503
9 49 74550
9 67 39852
10 40 54986
11 35 44680
11 58 52713
11 60 67266
12 32 29167
12 65 36921
12 67 82047
13 4 74130
13 8 17489
13 49 6759
13 57 14981
13 75 20229
14 31 18953
14 40 89294
14 43 71628
14 82 16440
14 87 78174
14 88 98056
15 3 72533
15 34 77424
15 65 1029
16 7 4846
16 25 44885
16 35 78590
16 42 2145
16 59 37589
16 61 54925
16 77 19425
16 96 86764
17 22 25916
17 93 77347
18 22 14535
18 33 22854
18 66 93724
18 76 33609
18 77 25506
18 82 35700
19 3 17201
19 30 5842
19 37 36171
19 47 53200
19 54 87482
20 18 61624
20 70 41389
20 77 54920
20 85 13776
21 31 80286
21 45 34177
21 57 34915
21 96 23401
21 99 56307
22 25 3316
22 60 61254
22 70 32700
23 7 3434
23 37 14842
23 71 10084
23 76 1247
23 84 7754
24 18 48128
24 56 38350
24 70 29886
25 1 59563
25 22 18527
26 6 60148
26 47 62944
26 60 95316
26 79 5825
27 10 5007
27 37 55464
27 76 27821
27 85 99261
28 11 80378
28 52 49034
28 81 12676
29 42 53001
29 56 39511
29 74 28345
29 84 13156
30 58 36047
30 67 70045
30 86 33254
31 5 27316
31 48 6157
31 68 96035
31 72 11526
31 97 51758
32 5 94014
32 7 41478
32 36 26319
32 51 98424
32 74 24553
32 99 76320
33 52 52201
33 61 32099
33 92 7134
34 12 61572
34 95 99347
35 4 96609
35 9 49513
35 10 11119
35 21 72313
35 37 48002
35 41 95252
35 52 58588
35 60 39805
35 67 31239
35 92 6065
36 12 32128
36 55 91565
37 12 1471
37 27 9997
38 72 55567
38 91 39511
39 23 9232
39 100 96531
40 7 43748
40 11 90301
40 29 58746
40 44 67966
40 48 41270
40 86 77887
41 29 94155
41 98 78600
42 95 63334
43 14 35421
43 56 16498
44 3 68768
44 13 77500
44 83 73046
44 99 71424
45 19 52760
45 41 19227
45 59 6864
45 74 64205
45 78 20606
46 24 4693
46 26 37947
46 76 75413
46 77 69520
47 18 83940
47 41 50458
47 74 36020
47 76 98153
48 98 79255
49 5 84220
49 10 94836
49 37 98560
49 60 40754
50 76 89083
50 85 48721
51 40 37338
51 47 40126
51 57 52369
51 97 71313
52 2 32890
52 20 76083
52 24 64664
52 26 77852
52 31 34024
53 3 96495
53 10 55463
53 42 7459
53 77 20759
54 78 38285
54 81 69732
54 90 83545
55 22 70915
55 41 71641
55 72 68831
55 75 51843
55 91 35931
56 20 9168
56 31 91441
56 32 83845
56 50 53858
56 65 78149
56 80 76285
58 5 34573
58 52 20649
58 72 39097
58 82 42143
59 2 55085
59 11 62975
59 71 39187
59 95 58799
60 20 33829
60 50 25549
60 52 52910
60 55 5312
61 33 78341
61 71 46966
62 11 37152
63 7 78251
63 18 6875
63 27 1361
63 53 24061
63 69 18832
64 2 17189
64 4 69636
64 18 20343
64 19 65519
64 65 90856
65 33 93264
65 52 67115
65 76 36502
65 84 63143
66 48 3726
66 75 26842
66 90 32006
67 73 9431
68 24 28726
69 54 82167
69 55 8123
70 4 20146
70 26 93782
71 4 83088
71 21 76567
71 28 32645
71 29 67388
71 48 40733
71 52 44273
71 53 65111
71 57 61027
71 73 80773
71 88 29900
71 96 97521
72 44 84912
72 95 56073
72 99 89814
73 63 37061
74 9 70831
74 17 97822
74 37 85258
74 65 83555
74 97 90204
75 39 93737
75 53 50836
76 14 64122
76 61 42318
76 77 96538
76 99 8399
77 26 94297
77 34 77555
77 49 31816
77 53 19357
77 71 63677
77 73 71867
77 81 45981
77 83 41305
77 89 89062
78 14 51434
78 26 30563
78 27 63896
79 14 15058
79 90 43523
80 3 62662
80 45 44286
80 56 18398
80 92 44479
81 79 54184
81 90 26375
82 31 9420
82 81 62936
83 30 73245
83 60 77554
83 81 24351
84 4 71323
84 14 19181
84 35 4928
84 36 84667
84 42 60522
85 15 11038
85 91 72527
86 27 47857
86 38 36134
86 83 17099
86 100 86113
88 14 16450
88 29 56763
88 59 21871
89 17 13560
90 14 12285
90 28 73511
90 36 36203
91 10 52613
91 57 72989
91 81 33608
91 92 35084
91 95 54995
92 12 44604
92 16 82940
92 26 54115
92 28 66274
92 57 73279
92 58 53152
92 75 7698
92 78 24548
92 98 27619
93 34 20432
93 74 62289
93 83 81689
94 54 53588
94 70 23812
94 79 28997
94 83 36259
95 46 7620
95 65 53957
96 48 94948
97 23 54882
97 59 31122
98 25 32657
98 61 34186
98 74 80181
98 91 27417
99 40 8208
99 47 51957
99 71 17531
99 96 71458
100 1 78292
100 43 11687
0 0 0
