100
44 45 0
37 0
6 33 71 75 0
12 0
46 0
3 87 0
27 30 0
0
76 0
58 0
64 0
4 16 20 64 75 76 91 0
19 0
26 30 38 63 0
98 99 0
12 45 93 98 0
72 0
83 0
13 20 53 0
12 19 35 58 0
22 95 0
21 62 73 0
88 0
40 100 0
64 0
14 89 0
7 0
0
69 79 0
7 14 33 76 0
43 73 0
50 0
3 30 52 82 97 0
0
20 83 0
48 0
2 0
14 51 0
0
24 41 52 57 0
40 71 81 0
90 0
31 0
1 0
1 16 0
5 0
0
36 49 0
48 0
32 89 0
38 89 0
33 40 89 0
19 0
75 0
0
0
40 83 96 0
10 20 62 69 0
91 0
0
0
22 58 0
14 78 0
11 12 25 0
86 0
97 0
0
89 92 0
29 58 0
0
3 41 0
17 83 87 0
22 31 0
85 100 0
3 12 54 0
9 12 30 0
83 0
63 93 0
29 0
95 0
41 0
33 0
18 35 57 72 77 0
93 0
74 0
65 90 94 0
6 72 0
23 0
26 50 51 52 68 0
42 86 0
12 59 0
68 0
16 78 84 0
86 0
21 80 0
57 0
33 66 0
15 16 0
15 100 0
24 74 99 0
