300
061030020050008107000007034009006078003209500570300900190700000802400060040010250
761934825354628197928157634219546378483279516576381942195762483832495761647813259
100830002570001000000509064704008590003010400051400306360704000000600079800052003
149836752576241938238579164724368591683915427951427386362794815415683279897152643
030007004602041000050030967040003006087000350900700020718020040000160809400500030
839657214672941583154832967541283796287496351963715428718329645325164879496578132
085000210094012003000300704503409000040206030000103907608005000100840360027000890
385764219794512683216398754573489126941276538862153947638925471159847362427631895
007000900200507006080104070040010030601000809090080060050809010100603002006000300
467238951213597486589164273842916735631475829795382164354829617178643592926751348
070103060050000070300050001500304008407000102900702004200070003030000040060509020
872193465651248379349657281526314798487965132913782654298476513735821946164539827
000013400080006950650000000960201000100070002000304016000000079025800040009760000
297513468381426957654987123968251734143678592572394816836145279725839641419762385
001090270009002050200003000300014002080000040100280005000900007010300900046070500
531498276479162358268753419357614892682539741194287635823945167715326984946871523
000409000080020700020507106300800060760000031010006002205908040009070010000605000
157469328986123754423587196392851467768294531514736982275918643649372815831645279
000000945006000000520103807090310000003080100000046020705208019000000300861000000
318627945976854231524193867492315678653782194187946523735268419249571386861439752
200700050000048006000002309900600240070020080025001003804900000600480000090003008
261739854359148726748562319983657241176324985425891673814976532632485197597213468
065000300200067900040300001006050004000402000700080100600004010008570006001000830
165948372283167945947325681816753294539412768724689153672834519398571426451296837
027900000050002084008000207070030006000817000300040020106000800240600010000005640
427983561951762384638451297874239156562817439319546728196324875245678913783195642
900278100001030249003000000030800000007000500000004030000000300578040900004516007
945278163781635249263491785136859472427163598859724631612987354578342916394516827
006007009800030100900605030003000018000901000210000600060703001009020004700800500
136487259875239146942615837693572418584961372217348695468753921359126784721894563
470108029000000000006927100090601030300000004040709080004875300000000000580403097
473168529129354876856927143298641735317582964645739281964875312731296458582413697
050801090730000054800030001008302100000000000006704500100050009380000012040608030
652841397731926854894537261578392146423165978916784523167253489385479612249618735
653000700000009000804050003900017300005030800007290005400070206000800000006000157
653482791712369548894751623948517362125634879367298415439175286571826934286943157
010000060300000009250400300470310000020070040000046078003008057800000004060000010
719283465384165729256497381478312596625879143931546278143628957892751634567934812
024861000170020005000000000701003080900050004080900501000000000300080017000692450
524861379173429865698735142751243986936158724482976531245317698369584217817692453
001309700700000006560000018040693070000050000070482050630000081200000009004901300
481369725792518436563274918145693872328157694976482153639745281217836549854921367
008600002390002000004370000003000810602010304015000200000063700000500049200008100
178659432396482571524371986743296815682715394915834267459163728831527649267948153
100900670000400013090020000000572030300000005020394000000040020260005000085003009
154938672872456913693127854918572436347861295526394187731649528269785341485213769
000000004028750030031002000650237000000090000000681059000900860090024310500000000
765319284428756931931842576659237148187495623342681759214973865896524317573168492
000050000060409010170000094086000540400703008021000670240000087010904030000030000
934851762862479315175326894786192543459763128321548679243615987517984236698237451
645900003700000000030006804000050039100307002420090000204800090000000005500009416
645918723782543961931726854867452139159387642423691578214865397396174285578239416
005000006400209000370060008040006007080050020100300090500080032000907001600000700
915738246468219375372465918243896157789154623156372894597681432834927561621543789
000090030000860120000342860007000205008000600201000400035276000016084000020050000
682791534473865129159342867347618295598427613261539478835276941716984352924153786
052083940000000000140007320008009000039000760000700500067500091000000000014670830
752183946893426157146957328578269413439815762621734589367548291285391674914672835
000000003000590400820004605006005200500106009001200300108900047007083000200000000
415627893673598421829314675396875214542136789781249356138962547957483162264751938
000100260700030000302080400000408001035000940200305000006050709000040008057009000
598174263764932185312586497679428531835617942241395876486253719923741658157869324
008090000070000280064100309000805900500000001009304000802007560097000010000060700
358792146971436285264158379726815934543679821189324657812947563697583412435261798
000702000100040007650000094470801062000000000580209013860000075900060008000908000
348792651192645837657183294479831562213456789586279413861324975934567128725918346
007238000060700050000400002900000867100000003648000005700003000020005030000174900
517238649264719358389456172932541867175862493648397215791623584426985731853174926
507000009080002170010060004090030000001709300000040060800050020076200090400000608
567418239384592176912367854298635741641729385753841962839156427176284593425973618
009700000500002709800010006001600405000040000706008200400090008602300004000007900
319764852564832719827519346281673495935241687746958231473196528692385174158427963
009000064400000000100360072004600009000903000200005400920057008000000005340000600
739521864462879153158364972514682739687943521293715486926157348871436295345298617
030008005005000807000040900000390400059070210002065000007050000501000700600900020
934728165215639847768541932176392458359874216842165379497253681521486793683917524
302700009008000045004001300000059000090030060000260000001400200260000100400002503
352748619918326745674591328126859437597134862843267951731485296265973184489612573
095008000002006700040000005050020007060050020400070080200000040006100300000300250
795438162812596734643217895358624917967851423421973586239785641586142379174369258
003000400007208500800030007200703004005000800700501009100040002006809700004000900
963157428417298563852436197291783654635924871748561239179645382326819745584372916
000009752090000000140800009009502006000308000700104500600003025000000010524600000
863419752295736148147825369319572486456398271782164593671943825938257614524681937
120000008006009040000005006050070310000504000072030060600700000040600500900000037
124367958586129743793845126859276314361584279472931865635718492247693581918452637
200000007007610000009007260004060070050409030020070500086700900000084300400000008
265943187837612495149857263394165872758429631621378549586731924972584316413296758
000000000500009062870050030100040520300906001084020003010060047740800009000000000
462137895531489762879652134197348526325976481684521973918265347746813259253794618
480600130000800007200905600100007800000000000002300001004209005900001000023006018
485672139691843257237915684149567823378124596562398471814239765956781342723456918
600090180030006700700000020500024000000603000000980007020000008009100070087050009
642597183831246795795831426568724931974613852213985647426379518359168274187452369
850100300300000007040000020010080700900305008005020090030000070500000001001002064
852176349369254187147893625213489756974365218685721493436918572528647931791532864
501030007080000060000006004003961000800503009000728600100300000020000030900070801
561234987384197562792856314253961478876543129419728653147385296628419735935672841
700010054090000001005800060400680000100040003000039002020006100300000020570020008
763912854894365271215874369432681795159247683687539412928456137341798526576123948
180000400000800000009034500040960000520080076000053010002510700000002000007000092
185726439374895621269134587841967253523481976796253814432519768918672345657348192
930000076500470002000093000009000060067000180020000300000540000200068003140000025
932851476518476932674293518859314267367925184421687359783542691295168743146739825
060030000045900028008000730000090050900806007080050000036000900420009380000020010
167238594345971628298645731612497853953816247784352169536184972421769385879523416
400000005103000400000003060300590208000807000809061007020400000001000506500000009
468172935193685472752943861376594218215837694849261357627459183931728546584316729
506400108000800000709300204000000379000000000213000000805004702000005000301002906
536427198124869537789351264458216379967543821213978645895634712672195483341782956
870000021000682000090000030006704300009000200008203400060000090000419000920000048
874935621135682974692147835216754389349861257758293416467528193583419762921376548
000403000040010060270000049900501003007000500800206004760000032030020090000304000
685493271349712865271865349926541783417938526853276914768159432534627198192384657
300000008000241000706000902050406030008000700090108050902000403000324000400000007
324967518589241376716853942257496831148532769693178254962715483871324695435689127
000006200300020890010700030053000060002000100080000940030001080027030006009800000
598316274376524891214798635953142768462987153781653942635271489827439516149865327
350200006000030002000106000001070509080604070607010200000405000100060000700001038
359248716816739452274156893431872569582694371697513284963485127128367945745921638
007065000008000040060700830600000020970203061050000008023007080090000200000120900
437865192518392746269741835681574329974283561352619478123957684895436217746128953
390200800000700029700300050000000930000412000056000000070004002410006000003007084
394265817685741329721389456247658931839412765156973248578134692412896573963527184
200906001010000040004000800300207004029000350800503006007000600030000080100702003
278946531613825749954371862365287914729614358841593276497138625532469187186752493
000000000260000071010509080003402100000308000001607900030205040850000062000000000
578126493269834571314579286683492157795318624421657938136285749857941362942763815
050096000000000004001083500908000000206050109000000406004160200100000000000270060
453796812879521634621483597918642375246357189537819426794168253162935748385274961
000918006386700000002000000004300070060070050010004800000000700000007649900436000
475918326386742195192653487854369271263871954719524863648195732531287649927436518
060201090009000500120000068700403002000000000300806004490000086008000200010708040
564281793879634521123957468781493652946512837352876914497325186638149275215768349
002578000000001800060000002150206009800000001300107084200000070005900000000714200
412578396539621847768349152154286739897453621326197584241865973675932418983714265
570000000000013000400007580600000030000984000020000007081200009000130000000000054
576428913298513746413697582649752831137984625825361497781245369954136278362879154
050060000120800000009700600070003000590000072000400050003001500000006017000020030
457162893126839745389745621871253469594618372632497158263971584945386217718524936
042000180000080043000510000000007400930000052007100000000042000170050000029000360
642739185715286943893514627258397416931468752467125839386942571174653298529871364
400103009002806300100000008010050030200070005070060020600000003001605900500702004
487123659952846317136597248819254736264371895375968421628419573741635982593782164
900200000800300004035906000000000870060000030057000000000803640300002005000001002
941285763826317954735946218293154876468729531157638429512893647379462185684571392
020000500806700024005060000002400070000605000090008100000020700570003209001000030
723814596816759324945362817352491678187635942694278153439526781578143269261987435
000008007817002000000050014702090105000000000508070302370080000000400973400500000
654918237817342569923756814742693185139825746568174392376289451285461973491537628
010008407950000000008010000082000000700406008000000620000050700000000082503200010
216938457954762831378514269682195374735426198491873625829651743167349582543287916
750090046901000302000000000200601007080000020100308005000000000309000204840030079
758293146961874352432516798295641837683957421174328965527489613319765284846132579
000890020009005007050000300093500100000107000001006840008000060900600400010028000
167893524349215687852764319493582176286147953571936842738459261925671438614328795
080790000000002090003008450008000001096000370300000200032500900040800000000064020
485793612761452893923618457278936541196245378354187269632571984547829136819364725
000400002004012009070008000020090170000080000061050040000900050600120300100003000
516439782384712569279568413823694175457281936961357248732946851648125397195873624
100034009740000000000080200090720150000000000017093020003050000000000096600970005
185234679742169538369587241496728153238415967517693824973856412851342796624971385
060000027000510000700800009540070000000408000000030082300002001000063000690000030
865349127429517863713826549548271396236498715971635482354982671182763954697154238
000340000200000407070008005003001002009060800700200300500600010102000009000014000
956347128281956437374128965863471592429563871715289346538692714142735689697814253
080000020001000600200050003006501200700604009004709300600010005007000900040000030
483196527571342698269857413396581274712634859854729361628913745137465982945278136
019200500700080300040500000300000000020107080000000001000004050005010006002006790
819263547756489312243571869361842975524197683978635421637924158495718236182356794
090568020000000000056000790300409007000000000400201008074000510000000000020134070
197568324243917856856342791382459167719683245465271938974826513631795482528134679
100000004245000708030500000900003100000807000007600002000009040402000653300000009
169782534245931768738546921984253176623817495517694382851369247492178653376425819
001400000000078601000050900080000023013000560950000070005040000309180000000007300
891436257524978631637251984486795123713824569952613478275349816369182745148567392
100000009060807050007000200210050093000408000430020087001000900050609040600000008
145263879362897154987145236218756493579438621436921587721384965853619742694572318
000080020400007900803400000000005001940010052500300000000009703009800004030060000
791583426456127938823496175362975841947618352518342697684259713279831564135764289
400000100002600400670000092020004000010709060000300020130000079007005300008000001
453972186892651437671843592726584913314729865589316724135468279267195348948237651
009000002000310800208600000050020001000408000600090040000006403007085000100000200
319847562546312879278659134854723691791468325623591748982176453437285916165934287
000002900008040070000607030040000050053809260010000090030204000070050600005700000
167532948328941576594687132942376851753819264816425397631294785479158623285763419
050030000001600908340701000000007005090000080700200000000309061604008300000060070
956832147271654938348791526863947215492516783715283694587329461624178359139465872
800040103000500700130000000000206080500000004020407000000000031002004000604070005
867942153249531768135768942471256389586193274923487516798625431352814697614379825
007300200300000001800620000073400005000000000500008490000067004200000006009004300
657341289324879651891625743973412865482596137516738492138967524245183976769254318
030000740000000080000485620200009000060104030000800009096731000020000000017000060
538296741642317985971485623283579416769124538154863279496731852325648197817952364
100000000002300074000200085600870050000906000090024003580002000940007800000000006
159748362862395174437261985614873259325916748798524613586132497943657821271489536
300100004000000090002009030100200700003000800008006001010400200050000000400007008
395172684781364592642859137164238759923715846578946321817493265259681473436527918
460001000002096000030000068000000037000607000510000000840000050000710900000300024
465831279782496315139572468694125837328647591517983642841269753253714986976358124
460001000002096000030000068000000037000607000510000000840000050000710900000300024
460001000002096000030000068000000037000607000510000000840000050000710900000300024
460001000002096000030000068000000037000607000510000000840000050000710900000300024
460001000002096000030000068000000037000607000510000000840000050000710900000300024
460001000002096000030000068000000037000607000510000000840000050000710900000300024
460001000002096000030000068000000037000607000510000000840000050000710900000300024
460001000002096000030000068000000037000607000510000000840000050000710900000300024
460001000002096000030000068000000037000607000510000000840000050000710900000300024
460001000002096000030000068000000037000607000510000000840000050000710900000300024
460001000002096000030000068000000037000607000510000000840000050000710900000300024
460001000002096000030000068000000037000607000510000000840000050000710900000300024
460001000002096000030000068000000037000607000510000000840000050000710900000300024
460001000002096000030000068000000037000607000510000000840000050000710900000300024
460001000002096000030000068000000037000607000510000000840000050000710900000300024
460001000002096000030000068000000037000607000510000000840000050000710900000300024
100000000002300074000200085600870050000906000090024003580002000940007800000000006
159748362862395174437261985614873259325916748798524613586132497943657821271489536
300100004000000090002009030100200700003000800008006001010400200050000000400007008
395172684781364592642859137164238759923715846578946321817493265259681473436527918
460001000002096000030000068000000037000607000510000000840000050000710900000300024
100000000002300074000200085600870050000906000090024003580002000940007800000000006
159748362862395174437261985614873259325916748798524613586132497943657821271489536
300100004000000090002009030100200700003000800008006001010400200050000000400007008
395172684781364592642859137164238759923715846578946321817493265259681473436527918
460001000002096000030000068000000037000607000510000000840000050000710900000300024
100000000002300074000200085600870050000906000090024003580002000940007800000000006
159748362862395174437261985614873259325916748798524613586132497943657821271489536
300100004000000090002009030100200700003000800008006001010400200050000000400007008
395172684781364592642859137164238759923715846578946321817493265259681473436527918
460001000002096000030000068000000037000607000510000000840000050000710900000300024
100000000002300074000200085600870050000906000090024003580002000940007800000000006
159748362862395174437261985614873259325916748798524613586132497943657821271489536
300100004000000090002009030100200700003000800008006001010400200050000000400007008
395172684781364592642859137164238759923715846578946321817493265259681473436527918
460001000002096000030000068000000037000607000510000000840000050000710900000300024
100000000002300074000200085600870050000906000090024003580002000940007800000000006
159748362862395174437261985614873259325916748798524613586132497943657821271489536
300100004000000090002009030100200700003000800008006001010400200050000000400007008
395172684781364592642859137164238759923715846578946321817493265259681473436527918
460001000002096000030000068000000037000607000510000000840000050000710900000300024
100000000002300074000200085600870050000906000090024003580002000940007800000000006
159748362862395174437261985614873259325916748798524613586132497943657821271489536
300100004000000090002009030100200700003000800008006001010400200050000000400007008
395172684781364592642859137164238759923715846578946321817493265259681473436527918
460001000002096000030000068000000037000607000510000000840000050000710900000300024
100000000002300074000200085600870050000906000090024003580002000940007800000000006
159748362862395174437261985614873259325916748798524613586132497943657821271489536
300100004000000090002009030100200700003000800008006001010400200050000000400007008
395172684781364592642859137164238759923715846578946321817493265259681473436527918
460001000002096000030000068000000037000607000510000000840000050000710900000300024
100000000002300074000200085600870050000906000090024003580002000940007800000000006
159748362862395174437261985614873259325916748798524613586132497943657821271489536
300100004000000090002009030100200700003000800008006001010400200050000000400007008
395172684781364592642859137164238759923715846578946321817493265259681473436527918
460001000002096000030000068000000037000607000510000000840000050000710900000300024
100000000002300074000200085600870050000906000090024003580002000940007800000000006
159748362862395174437261985614873259325916748798524613586132497943657821271489536
300100004000000090002009030100200700003000800008006001010400200050000000400007008
395172684781364592642859137164238759923715846578946321817493265259681473436527918
460001000002096000030000068000000037000607000510000000840000050000710900000300024
100000000002300074000200085600870050000906000090024003580002000940007800000000006
159748362862395174437261985614873259325916748798524613586132497943657821271489536
300100004000000090002009030100200700003000800008006001010400200050000000400007008
395172684781364592642859137164238759923715846578946321817493265259681473436527918
460001000002096000030000068000000037000607000510000000840000050000710900000300024
100000000002300074000200085600870050000906000090024003580002000940007800000000006
159748362862395174437261985614873259325916748798524613586132497943657821271489536
300100004000000090002009030100200700003000800008006001010400200050000000400007008
395172684781364592642859137164238759923715846578946321817493265259681473436527918
460001000002096000030000068000000037000607000510000000840000050000710900000300024
100000000002300074000200085600870050000906000090024003580002000940007800000000006
159748362862395174437261985614873259325916748798524613586132497943657821271489536
300100004000000090002009030100200700003000800008006001010400200050000000400007008
395172684781364592642859137164238759923715846578946321817493265259681473436527918
460001000002096000030000068000000037000607000510000000840000050000710900000300024
100000000002300074000200085600870050000906000090024003580002000940007800000000006
159748362862395174437261985614873259325916748798524613586132497943657821271489536
300100004000000090002009030100200700003000800008006001010400200050000000400007008
395172684781364592642859137164238759923715846578946321817493265259681473436527918
460001000002096000030000068000000037000607000510000000840000050000710900000300024
100000000002300074000200085600870050000906000090024003580002000940007800000000006
159748362862395174437261985614873259325916748798524613586132497943657821271489536
300100004000000090002009030100200700003000800008006001010400200050000000400007008
395172684781364592642859137164238759923715846578946321817493265259681473436527918
460001000002096000030000068000000037000607000510000000840000050000710900000300024
100000000002300074000200085600870050000906000090024003580002000940007800000000006
159748362862395174437261985614873259325916748798524613586132497943657821271489536
300100004000000090002009030100200700003000800008006001010400200050000000400007008
395172684781364592642859137164238759923715846578946321817493265259681473436527918
460001000002096000030000068000000037000607000510000000840000050000710900000300024
100000000002300074000200085600870050000906000090024003580002000940007800000000006
159748362862395174437261985614873259325916748798524613586132497943657821271489536
300100004000000090002009030100200700003000800008006001010400200050000000400007008
395172684781364592642859137164238759923715846578946321817493265259681473436527918
460001000002096000030000068000000037000607000510000000840000050000710900000300024
100000000002300074000200085600870050000906000090024003580002000940007800000000006
159748362862395174437261985614873259325916748798524613586132497943657821271489536
300100004000000090002009030100200700003000800008006001010400200050000000400007008
395172684781364592642859137164238759923715846578946321817493265259681473436527918
200700050000048006000002309900600240070020080025001003804900000600480000090003008


