90 131
1592 3157 1834 5938 4072 6680 4936 7745 2425 6985 80 5258 5289 6998 8204 5971 753 6613 5984 8502 5725 691 6164 5298 9261 8854 1522 8276 7765 98 6872 6793 3030 8188 9425 5045 9999 5412 5461 9763 31 723 368 3286 2284 4700 6196 2666 1108 6819 8753 4133 9979 6163 9603 3957 4730 157 7242 6006 7898 707 7656 3555 8527 1605 2193 9016 5024 6166 5849 5653 3122 5825 4430 926 224 5752 9189 3228 5660 5171 985 6510 247 187 7587 1655 716 2007 9075 1080 9205 8788 425 3372 998 8243 8574 3170 5149 446 4534 5035 2785 2267 2828 4267 6836 6822 9025 1590 2760 4392 9938 8935 1375 8785 1194 3522 4509 6524 7459 6595 3827 6221 2797 1983 242 1011 4769 
2748 4978 4501 3875 4392 4611 5455 8664 2378 5599 4497 8333 7442 7991 6853 9425 3438 1285 5509 473 7343 2266 3175 9931 7085 2780 1645 5591 5687 6007 4883 7711 8553 4343 6429 8951 9534 4651 9579 3121 1001 7475 6094 3793 6869 4579 7902 2437 7298 8932 2246 7059 5430 7278 5483 9840 7095 1067 8930 2410 6055 571 8639 200 9884 1571 4514 8544 4117 9614 5607 5155 4514 808 9150 9787 5770 9628 3908 818 9465 2298 8311 8690 9846 5667 7193 1464 1206 681 2044 9700 9980 5243 1362 4594 5355 9852 4807 3408 4107 5393 3035 7788 5612 5300 4208 5514 5904 7888 2214 1672 3637 4098 489 4741 4178 2820 1159 7427 2029 1334 3208 8869 1439 3001 5934 956 4711 4107 5406 
1665 6172 9706 9658 5744 2594 5280 1049 1333 2810 9572 4026 6603 5135 7318 8506 6293 7321 3542 6644 1240 6518 6926 1186 9554 719 4646 1699 8554 8779 5227 937 2401 8325 4873 7767 5552 5968 7714 8336 9248 4148 211 1510 5925 8647 4012 8017 2006 2362 5728 5196 3167 5382 4405 6322 4060 2954 561 660 6948 207 7442 6796 3146 3187 301 2246 1098 7579 6462 5840 2476 9386 7117 5111 7375 2874 7303 7614 8750 6104 7465 8159 6800 9667 4758 2434 8492 1291 411 1892 5583 4744 7068 6235 7724 2118 5321 7110 7934 1487 2665 3636 623 8460 8004 2002 9967 4894 4455 7578 7916 2307 9406 243 1025 7547 3222 2581 3758 719 9849 8501 3084 2492 2658 9000 6449 3588 480 
9715 3419 3927 1262 8026 1316 2062 3580 1939 952 9537 7272 7881 8524 8999 8949 4575 4879 1307 21 2375 8196 6462 4719 1250 4410 8079 7251 7296 5827 2736 7180 4214 4444 3299 7017 7376 6575 6640 6144 4326 2835 1350 3165 185 7648 152 390 4660 1119 8278 8401 236 8025 3774 4557 7306 6483 3301 8598 8207 4332 1119 5175 4957 120 6611 7448 2761 416 1479 9427 101 7077 378 608 612 2734 9425 2541 4257 8716 4672 601 3607 8772 7290 5371 989 9341 3798 4029 8692 9546 6033 8525 5772 367 4150 9051 757 8292 9392 3955 7377 1311 6217 6344 2965 8063 5309 1761 6165 5523 7002 5657 5755 2453 5471 3480 5860 3881 1050 7294 2974 3705 3241 3738 2173 9283 4840 
7169 4291 2736 7459 2649 9998 816 5647 2482 1357 5829 8627 7540 4639 1492 5485 7336 2387 7580 2105 3557 8720 7893 381 86 8248 7356 570 7447 238 1600 1652 3643 6391 2084 2447 7584 4662 6002 1224 2207 6815 2622 10 3550 155 2444 9087 293 3582 3991 8942 5961 4949 7277 7740 5804 1191 9316 864 9908 5049 3001 9677 3410 2388 1391 7929 5211 4063 5428 5233 3555 4916 104 9585 4027 3383 2531 8274 3924 4025 6061 1567 1277 4503 7408 1924 4540 8206 2567 4086 6485 5366 7835 9912 3531 9257 5410 1500 6041 6425 8688 2172 4603 9734 6745 2214 4133 8846 3011 672 3214 6308 5879 513 8755 9977 9579 7060 7732 4150 9460 7181 2526 4674 8357 543 7000 3521 811 
1770 3431 9030 9917 8989 8629 8209 7924 3931 7692 2091 1841 1858 2412 7457 7897 6370 5222 4476 9802 5212 1885 8815 5461 8010 3309 662 998 2487 4679 5652 438 2595 3356 2488 1042 8200 6184 5522 2177 9821 9894 9004 27 6687 6982 6524 5090 2325 2381 637 2385 2109 4304 6632 2709 7121 3234 4484 273 5841 2603 283 8357 4841 3063 6084 7132 1626 6637 2957 6847 197 2439 5294 3011 3200 7668 8045 4094 1283 8471 5850 2459 5098 3563 6822 6227 3068 5478 709 1386 7406 1889 4004 9179 7646 6245 4705 5494 9989 7981 8252 7903 1047 4616 4643 2273 321 5543 4095 2529 1887 158 716 4274 1518 214 8445 5080 7321 6196 3037 6561 1138 1225 3943 3653 9396 6585 8146 
3425 2777 61 9600 8325 9672 7966 8615 8469 1540 5783 2903 5061 8876 6316 4689 8991 6512 4007 3545 7930 3383 9355 8880 3657 6706 416 6275 6558 5072 6794 2967 1148 5690 5989 9814 6381 4636 7271 6801 995 746 7341 1076 6411 1649 361 177 403 5175 750 2909 5993 1321 2722 8584 2892 4132 181 454 9667 574 2378 9416 8866 6314 937 7201 5662 6206 5669 2002 5796 1079 7683 5304 8104 8436 4532 3347 8190 3671 8186 8985 8309 6610 1327 6583 6845 8664 5926 2878 5503 3460 8768 2800 6676 3879 4888 4249 2938 3543 6172 9355 6088 9119 6468 9674 7536 3198 664 3038 767 6862 4524 5431 3735 1033 9043 3184 886 2574 7729 8941 1157 2072 9452 1681 8417 2871 9574 
8462 7821 979 3199 5565 7084 3972 1296 8454 7338 5516 8397 3340 1009 8562 2414 6667 6369 4174 8974 3488 7543 3517 2449 4424 5658 7615 5700 3362 8759 6600 3763 124 1036 4338 4801 2775 219 2660 8286 3574 8877 7275 7726 7702 9435 8158 3462 1602 4748 9604 9782 5535 8766 888 5977 1696 538 1465 3547 5127 9470 8211 4874 3412 5040 6072 2144 4447 9324 4406 6637 9145 6473 4480 1125 4458 3325 1685 8132 9875 3625 7290 7481 1976 2402 108 5172 1699 9289 4559 9524 5995 8202 427 6639 608 7464 9990 170 1411 47 9161 4457 9402 5019 9591 7786 4985 396 5974 1974 4918 2999 2318 9621 1017 3410 6985 6629 1948 8973 1708 6111 1735 8395 6741 6650 8776 6435 739 
7253 6983 9998 9765 5865 7393 9514 705 3674 6113 175 2842 52 1757 9508 788 3537 2014 5362 6332 6941 9487 9034 3569 7611 8673 9894 4094 4318 8616 9890 3005 3987 7209 1152 2463 5757 9076 7824 5874 8825 7002 4129 5930 8314 9488 9186 8424 1375 5142 8138 3885 4569 5934 3694 1870 9308 5701 4642 5428 9899 2558 2320 9395 2618 3497 9208 7999 3964 5866 5958 31 2774 774 1557 3385 5911 8597 7044 932 4057 3218 9703 6066 1445 7676 7948 5984 9693 4248 2939 323 8341 916 4216 8659 8701 4260 217 3406 750 4652 5689 2425 8940 3369 6202 6587 2869 3200 7843 5718 8303 1456 6812 2216 6081 5869 4542 1067 1974 8219 6801 255 308 5874 4958 7942 8526 9935 3901 
4003 7767 3684 6359 5007 5775 8564 6475 3078 5531 9774 154 7782 4786 6494 4824 2381 2569 4190 2416 457 3003 2329 7088 2910 272 5715 3820 6581 2246 5681 504 8753 9026 7295 3881 3677 8675 7999 198 4630 8633 1952 7915 5510 5779 8366 908 8597 4185 4669 9793 624 1906 6327 4917 4102 954 1812 3758 1819 9777 932 7224 399 7007 2609 8326 3189 8781 5003 4478 4480 3463 5323 9392 4769 8233 1066 3855 1914 4542 7179 6743 8700 408 9509 5277 5421 9050 1421 2846 5455 5421 7624 1284 9950 6714 7932 5817 438 4011 3615 6596 5712 8133 2793 9076 6012 3743 4147 625 4867 3539 6563 2148 496 5829 2177 6588 1030 2035 8294 2020 9646 8988 9804 387 2384 9591 9350 
19 4587 3559 1431 2634 6265 8695 3010 4100 5339 8894 7191 6792 2451 7764 9635 9763 6351 2852 9715 70 4912 3347 7753 1133 5115 7238 1680 7904 746 3343 257 9380 8716 576 3401 4187 4997 2077 4002 4013 6436 5133 6750 4870 3252 3370 3835 6973 9041 691 3197 1682 8237 7017 558 7898 9399 6685 3985 9359 5849 1035 1748 2009 5993 304 988 1438 6889 8729 3178 6726 4200 4130 2748 3857 6641 6637 3261 8570 8620 5282 4852 5580 1359 82 3922 3925 4899 7584 9136 3979 5992 3432 6094 9278 1300 6552 5716 1513 3064 5589 8324 3382 1148 8965 594 1886 5270 7240 2232 9563 744 2923 371 9596 1527 1242 9957 2520 7873 5038 7523 1027 2105 7091 8165 6031 4239 6066 
3900 3092 7908 6976 345 7438 5656 336 5581 9636 662 1544 9136 8759 9848 6345 9378 373 4237 3900 326 9533 5930 1539 8922 6844 8841 2536 174 5601 906 2923 3596 3971 4745 9487 1934 6523 9043 6307 3532 2889 7684 6130 395 408 7828 5912 2789 4622 1085 9737 5785 8519 3504 7179 1557 7299 8955 9059 6893 803 3754 5913 1257 5358 1425 5392 2102 8888 7550 7514 5683 3882 1195 1587 1026 558 2829 8141 5455 9984 5812 8970 1767 9018 8043 3294 357 3638 5716 5585 2808 362 3924 7116 9607 9139 3879 401 9640 2050 6354 7383 748 7812 1142 1828 5840 9718 1768 8104 3610 4149 4419 6266 1785 5186 4375 7957 7161 8925 7424 3998 9381 102 5730 1296 5537 3493 7153 
5342 832 6007 3708 7545 455 3591 3861 5350 1588 5117 8970 6444 6444 8083 8755 2910 8994 5328 8137 1912 9686 392 411 840 4676 9780 7906 5279 5791 9874 6460 6872 3337 3044 1757 5946 7609 2423 3816 9148 8085 5085 4234 2827 3140 8746 6907 5870 1243 2447 8092 5072 3373 8013 1145 1832 8635 1715 2563 2717 2925 7712 1064 2267 7772 3173 1278 7979 2627 9486 4474 2731 6362 8544 4990 7426 8813 2782 4870 862 811 4450 8486 8131 7665 1473 2789 9130 1624 8889 5662 6798 1570 1339 2119 5335 9790 5173 8905 5300 3268 3623 5676 7144 9482 3538 9621 4145 585 6461 4645 7678 8715 5935 774 8165 1501 9857 3547 8669 4011 2311 7965 6230 6177 9894 4813 8182 3201 6570 
2886 4043 8343 1785 3687 3076 8128 9208 9750 6566 9919 7454 6879 5563 2695 3338 8537 3150 7692 8413 8803 1864 2204 8446 1766 4401 7921 64 1497 7277 1313 6053 5460 8171 2374 8391 3293 8891 1890 963 8208 141 4237 2889 4467 74 6279 9569 9081 631 4110 1212 6727 5469 6016 4997 7621 7500 7403 496 8492 6523 9943 8625 9872 6853 8049 2253 4363 1776 3042 600 1763 2771 2245 9167 4108 8649 4016 7118 5439 9317 2091 7098 8277 2417 7348 9680 2985 5896 314 8085 691 7851 5231 9898 3135 5689 403 8525 4057 4638 6930 5881 6641 4206 9091 468 3649 6756 3607 4691 9533 7851 5103 21 9913 3711 9871 2978 6610 4840 9618 3982 8719 658 5652 6056 6934 5033 7409 
4946 1653 7704 4354 2842 1908 2518 1874 4008 1994 4590 8518 3850 5196 905 8299 8528 7902 4957 5574 7901 4445 677 1575 489 1751 6430 6058 3601 6893 9905 6054 9852 2729 3956 8155 9706 1417 1293 6512 3822 2049 3582 8822 8711 3547 9914 4001 7707 2019 6397 9418 4864 3590 628 1292 8256 80 4855 1571 7201 8062 3147 371 367 1446 6523 2674 8483 9735 3674 9203 4309 1963 1630 5071 1247 885 2341 4679 5186 4604 2778 44 3036 8894 5368 2282 7566 5416 745 7906 6046 3550 2348 6293 8111 9955 4910 5235 2958 6578 2310 8187 3596 9114 6714 9183 5427 6118 2711 3934 9138 2242 5301 1816 456 2035 7191 3923 9122 7000 2586 4855 5692 531 1825 121 4239 7012 8309 
4433 1665 557 2697 2398 4873 9720 4987 7074 263 8108 5108 2010 9697 4015 2626 4394 4457 1161 5987 5024 1830 7335 8655 1494 462 4752 3871 5040 3472 7601 7596 9931 4551 4620 7594 6099 2896 6907 8516 2508 2174 8677 4104 7633 5091 7414 3517 7176 236 1247 986 8777 9543 1701 7956 6749 3336 9110 7313 747 3462 8679 9295 392 4340 9219 1952 1342 8471 6451 9039 394 981 6609 9318 7664 4604 6884 9567 7863 4273 8279 4110 5385 4290 6252 8572 7349 3119 2974 9155 2947 4872 4578 8304 7336 3120 3082 5771 2139 1572 5730 5591 732 9828 7653 1467 8060 5401 1181 5961 4489 9495 3237 9567 8252 9234 2869 2706 3856 6435 4411 399 5464 5723 7859 4755 6790 6090 2636 
7601 3106 6100 5629 9098 1526 6157 4184 2817 3392 3806 4967 7028 3130 637 968 4630 4752 9249 7048 2804 5338 7425 4287 5540 7353 6700 9399 6615 934 1055 9899 3755 8721 6143 3010 236 4135 2949 2044 9739 4651 1433 2814 3262 4457 6263 8824 4646 3674 2140 1213 4558 4816 5398 2651 2142 2995 7233 6065 7835 1567 5078 8026 5469 2226 118 3389 8389 7071 3913 6412 2135 148 4861 8356 5056 4018 5157 2540 6539 9835 6856 4625 3575 1668 4884 6424 2699 6009 3321 1231 1297 9264 9701 6754 9715 9945 4779 8289 585 5057 4213 2994 3652 8230 4655 8227 6088 9584 7144 2683 1587 5870 9540 7634 1717 8915 4664 3478 6263 585 3214 4464 1494 7898 1035 2265 8427 1155 4849 
6234 9366 3542 8373 5452 6604 1480 3352 3939 7355 6842 8743 9819 2342 4569 4463 315 5042 8931 9239 4123 5668 6428 3339 5057 2574 7269 906 2208 5786 7973 6593 8075 6699 2957 9872 3777 5606 4802 4864 4880 2880 9742 5114 5824 6044 6868 1987 9922 5792 1262 5094 9784 1915 9020 8554 7748 2400 7706 9985 5500 1461 6746 3313 492 559 1526 7580 3779 1089 5978 9829 585 7063 1131 5756 4563 817 5912 940 5556 7844 8097 6166 683 4784 7481 6411 2740 51 7571 9135 4553 4587 9243 6863 6469 102 283 9089 7286 9571 1789 2968 8840 3322 4092 7228 5900 8923 8130 423 2256 5702 3286 1046 8779 747 7492 385 6203 9662 3837 5442 3804 8028 3010 7621 1519 8959 5712 
4376 4601 2431 793 4321 5943 1553 2064 7211 3244 9625 5852 648 4687 1554 5008 8657 6160 9351 7846 9956 2089 3064 8229 5623 3945 5100 9048 9390 166 6315 2732 1723 2028 5920 8947 4754 4340 6348 6567 2444 4276 3049 871 1712 1374 9611 7902 7777 3794 7846 4051 5966 8233 8589 3573 4232 691 2625 9242 7514 1222 1183 1340 3887 7716 7254 4145 5571 3786 9788 8720 2420 6392 6541 2155 1092 1812 9678 8221 9558 3455 6373 7172 5361 5436 3210 6468 7454 398 3819 1442 6081 4857 6939 5349 9755 5725 2525 4167 6260 8969 1233 6674 1517 9905 572 6514 5094 4858 1233 57 6515 7195 6876 4560 3676 4939 2817 9684 2676 5343 5960 4808 1626 170 8830 9605 2606 8242 9088 
9597 5754 2863 1035 3484 3037 8220 6240 6955 2015 2946 1623 3290 5352 632 4189 4911 4564 3671 7181 2087 8906 7965 905 7047 1589 9139 9166 1967 1875 8348 6254 2946 4346 1901 1208 3795 5033 722 2866 6113 8196 5574 8516 5015 2136 4327 6920 5463 6822 4947 7185 2043 301 5371 3037 4153 2681 7883 2909 7869 2547 7931 4187 1345 5865 7810 3518 1913 6485 3255 1041 7912 3977 9102 2154 6440 8404 7437 1746 5468 1858 9557 8777 5426 9170 903 3105 2133 1208 7369 7421 7191 3780 8157 6424 1148 4937 3372 6094 3605 6636 3708 9583 4313 1338 401 3308 5316 709 95 9330 862 8634 671 6205 3054 4502 3965 9436 5756 8518 944 8029 9385 2124 492 8453 2076 8885 8713 
5448 6267 3846 1893 9080 955 3061 6076 6218 175 9067 8363 2396 4437 4917 486 5965 638 7215 8967 5053 9948 4055 5676 4540 7576 7280 2469 9820 4409 6752 2776 1099 9263 3196 7073 582 2689 6650 6212 4567 2828 2474 1553 5134 8618 4367 838 8472 9082 2956 6275 3494 8933 8790 423 6271 6887 8944 7967 9446 7932 4218 8820 2531 63 8917 5977 5798 9367 9702 8141 3373 124 9970 5159 8395 9955 1891 8141 6920 2139 7513 1726 3215 6164 365 7786 5472 9062 6542 1766 126 8122 5741 8459 9693 6829 8948 7135 7766 7009 7396 6008 458 5469 2671 5943 1490 654 2737 1562 1468 2935 6049 7062 3865 5402 5516 8966 6491 6120 5002 7715 1618 2523 5114 5928 9419 4920 7860 
5118 2406 8774 8244 6933 1839 8981 7260 2019 6471 5163 388 1273 45 2897 2555 2527 1743 1928 4258 9331 8858 5811 5038 793 5788 8293 7282 9074 9815 4811 8956 9375 4750 2918 555 8706 2918 8252 1180 7667 7004 6090 9814 6008 1549 1151 3114 6357 7292 7405 3894 1211 4133 8153 9817 8109 4225 5288 7665 2193 4210 3130 4260 6632 2868 1753 4830 798 133 3163 7660 4457 1195 8505 7698 138 383 4258 399 1133 6464 7337 5138 5234 2453 3027 5137 9982 2034 8278 6369 1221 4950 1563 8347 9712 5549 8513 6203 6346 7484 575 9693 783 2912 9485 5395 6522 5781 377 2683 5727 2864 2506 1169 8876 8464 6377 617 6428 1960 3522 2940 5248 5012 3663 7070 5869 3117 8244 
3660 2839 2121 1208 1542 6083 8028 9864 3821 116 7330 7062 1264 3542 7624 4736 3756 7317 2136 8128 9239 7972 6627 9030 9024 5516 2062 8381 6040 2540 580 5645 8230 3049 7156 2641 7813 2329 6503 5517 8728 3299 7893 8938 1143 9055 671 4064 3503 1209 181 8308 9338 6927 1999 2416 3889 4329 2892 3063 8401 8422 4426 4525 4936 5309 4893 6283 4740 6936 5310 837 9856 1412 9089 983 1754 9536 1866 8342 9514 8328 4038 3324 8794 9396 2895 7954 3790 6121 374 1106 1183 3072 6200 8845 7077 7304 5423 4072 5689 5208 9681 2009 1054 5498 5004 3225 9497 7706 5997 4551 9285 7742 2404 8828 355 5237 2663 6191 5430 2113 3881 773 3197 3174 6858 322 2990 1159 9465 
7049 2909 2679 1814 6342 1996 8866 3466 5805 9562 6146 4549 3476 3736 244 6243 1565 6451 6911 6383 283 7354 6028 2190 9404 475 7266 9771 4868 9819 4019 752 3754 4970 328 9933 7709 3549 5531 8991 4005 6971 216 6090 168 4695 7007 6375 1128 633 607 1803 4846 8695 5717 6605 1904 2501 4277 4893 9665 7595 5996 8280 9389 2163 3058 7353 7857 8690 4271 6778 4054 5193 561 5624 6663 1050 1894 4511 5023 6028 8486 4069 7031 4116 5127 7144 6348 1843 9632 5060 5321 1915 8197 3626 1257 9313 597 739 878 4738 3147 5991 2940 2204 3216 4966 843 7578 9770 8791 1454 7796 2992 9507 5519 6506 4516 5424 2673 8926 505 2314 5132 6060 2965 743 9969 5737 4373 
2028 2401 1323 7315 3861 618 2630 6592 6459 8492 8556 4488 1619 2664 8026 654 1382 3744 1723 8322 3478 900 8404 5412 4962 3656 8601 4744 682 1438 5066 7084 2898 6594 789 7207 2158 8666 388 6128 5755 9110 7982 5743 8411 9016 1498 5506 4825 4730 3735 661 4266 9627 5798 3605 9305 9742 3281 983 3112 5580 3931 2208 37 5702 8398 7954 8844 6268 7909 8285 3768 1130 4036 7949 9080 216 2648 8942 4221 5854 5640 9575 2126 6766 3123 6688 7163 8161 1872 1551 2437 2143 8279 645 5991 8403 6538 1857 661 409 2322 7178 4401 1562 5570 938 2524 9688 2282 9118 5557 3694 1306 3168 3031 3767 3424 2152 2776 4166 8857 3209 465 7866 410 8038 7064 48 4040 
4954 2052 965 6647 9052 8413 3771 2142 2259 6927 5679 251 3070 6462 5624 5629 6323 2465 2181 7088 9813 1729 4778 4631 2507 1118 4245 8022 2137 9384 9475 9905 6656 5411 9278 3818 775 5037 4826 9257 7784 4499 6017 7783 6460 5046 9826 4231 8765 429 8952 9516 5946 4434 6879 6100 1094 1534 7591 5961 9900 3088 1309 396 7901 7580 2993 9349 3427 8613 8726 9756 477 5801 734 8434 5457 7505 8316 5091 2199 2845 8796 5750 5245 4702 4066 3661 6438 5913 3333 9327 3360 2760 1563 6207 4484 8213 9338 6844 1531 9421 7515 6581 4938 5363 5142 8007 308 4660 1001 8317 499 1783 8780 4289 6992 9844 9695 4338 4406 9882 6675 8598 2791 807 2811 1388 9211 5075 8781 
5996 810 6596 3743 5631 9095 2237 8399 5610 5706 5965 4173 4231 5254 3973 5335 5120 1190 5671 6926 9145 1969 1879 5023 922 9983 1200 3457 7110 9794 5195 65 1754 5915 4893 5368 9857 7283 3758 3284 4677 7888 2693 7142 665 1471 4473 4404 9199 2969 5879 3209 9111 4881 3308 5460 9968 5920 669 5824 9649 3356 386 5786 5399 3829 5887 4748 4390 2883 9655 919 3260 8325 342 8558 1822 4782 645 92 3896 4307 2337 416 1180 5727 4382 4819 5249 6423 9859 7610 605 951 1949 845 5509 9725 58 3849 6037 7455 1012 1292 3816 5528 6682 3237 8172 2439 2231 9573 6196 7442 3916 1550 792 676 3089 3570 2719 8680 3616 5882 9609 8686 120 355 889 8173 7295 
2823 5020 6667 248 8950 741 9151 8377 3401 4575 1871 4131 9019 3145 6917 5175 9866 7798 4984 7952 7294 2244 4866 1617 7878 7866 1585 5335 6986 6168 6281 7750 1702 8347 6296 8184 6375 7520 9909 7515 2747 2495 4981 7311 5875 5677 9770 8463 4263 8655 4554 3516 6725 4232 6540 8522 1022 2295 5358 1193 7339 1384 7441 9939 732 143 171 5747 8774 7908 1573 9343 4231 9537 6686 2145 443 5007 5601 6715 4113 8774 6091 4371 6166 3422 5037 5859 3865 8973 3451 5523 7835 6196 7216 407 4263 4343 4499 8807 1633 3780 4079 1438 3472 6610 2856 1106 107 9676 4145 2150 7046 7702 440 2717 290 7670 4238 9181 3973 4723 2459 5449 9653 856 9064 4834 3289 1107 8440 
2683 1947 6113 5099 6963 8502 7504 9417 6142 196 8930 1898 1425 3859 1529 7958 7559 21 2525 5210 8935 8210 6248 5956 4671 8891 2829 5788 2983 7274 5871 9596 2138 5174 491 970 2524 3225 5642 7744 6442 7857 1288 6711 137 7438 6359 4209 7201 4319 7376 4351 7023 6835 1424 9854 9673 4917 2516 7272 2452 9486 6120 3597 7464 3082 1182 9748 8677 3126 5981 306 987 3397 8477 8285 9342 931 9233 5318 9410 8692 4455 0 4983 7478 986 2942 5450 7810 5765 1849 3368 5031 7140 7821 2038 9253 5429 3563 8246 3334 8031 6645 980 7277 9961 7330 7053 3410 6682 739 9394 61 3631 6085 5819 5574 7737 1263 2221 9168 5565 7688 7191 8680 6421 9130 4399 3084 3680 
957 8042 3118 6955 4167 759 4962 8208 2757 8546 8778 4551 2066 4449 398 1213 4482 3118 5764 2809 5949 7174 1500 494 379 8679 1479 3025 6156 4088 188 2324 2447 1223 552 9383 5811 1639 7767 3902 9163 3205 5028 9235 1612 623 9295 5619 2822 5538 8128 3201 3366 2233 5491 5010 8191 5151 4785 6493 7202 6088 4525 202 5182 1122 293 8721 7855 5672 7872 5899 7503 5142 476 4945 4979 2853 4211 8427 2325 9078 7897 7988 8835 9618 6209 4043 9950 6307 392 2646 3843 2327 8909 929 8835 4057 5172 5324 7237 279 2590 9894 4775 3438 5025 8350 1659 82 3975 3905 5696 7282 9193 9690 2556 3766 4919 8909 134 5242 2618 4665 8335 6983 8446 9970 1068 8150 6712 
7208 6894 2613 4105 2461 9680 3246 866 355 1679 6555 3449 1164 6573 6705 7109 7766 6206 973 1513 655 6345 6903 755 422 2798 7076 1527 9670 4274 9568 8838 1255 108 1712 4027 5728 4239 2434 8153 8250 9337 112 8063 7219 1344 5292 8752 4381 1913 864 6176 5322 1102 4049 5592 8183 2567 5805 4715 5408 2753 9272 8277 7486 1693 2869 9036 6660 3198 6618 9758 5583 7943 3769 5486 7822 1513 9262 9539 8393 6254 4879 9972 7971 3600 2669 5062 7194 7979 4485 8982 9211 906 3993 3783 813 5727 5755 4206 1621 2694 5605 2563 6153 2892 6107 1970 7818 765 6960 4581 206 1510 6039 9269 3326 3206 184 6768 4858 3261 2401 242 5924 8173 800 4552 8123 6758 1611 
7281 5773 227 1779 9075 5324 8939 542 972 609 5257 9373 3716 3140 98 3887 5142 7432 1955 7230 6434 2987 6111 7314 1448 9538 5782 1877 1854 8997 4192 8915 199 4317 688 4072 1107 9956 5464 4723 5818 3107 5439 1514 5285 4545 9737 5567 4687 6868 4392 4214 3234 8920 1272 6554 4649 3549 7153 5967 5200 2917 9004 2553 6662 3970 8511 3349 8947 8002 4521 1897 5078 1492 1366 4303 8810 7815 9456 6186 947 5751 5642 8251 8660 8888 3684 1423 385 7702 7958 8493 8254 5799 8627 5816 9296 8838 1648 6945 2755 9916 2330 9628 766 959 3004 6424 5910 1264 252 7663 3398 1387 1552 7661 3315 3009 4920 7370 3948 9037 6152 898 2904 4769 5063 3859 9519 3696 276 
1257 5166 793 7211 3501 3745 7424 4159 4342 756 2598 9298 8095 6389 4976 4287 7073 749 2796 1521 1965 5682 3897 610 7052 3129 8141 8180 6459 8690 4098 4096 1741 823 7153 4131 6742 9783 9331 4605 8143 570 7708 8288 1489 5390 3269 6837 1279 6657 932 1185 5612 3350 4118 421 2059 2144 8848 5393 8851 5763 1937 4653 2915 7677 243 2856 6022 1650 2511 5420 1888 5642 6514 865 3225 1504 4795 5456 4621 861 5960 1179 9728 1131 8191 1530 4663 6803 4532 7233 4777 873 7414 5619 955 8905 4100 2209 7576 4921 1283 285 6154 8318 4884 9447 2403 2869 8368 930 516 2115 4043 2334 4182 7367 4235 1602 1873 256 8177 1888 8379 9706 7878 3375 7769 5839 8113 
7130 1769 6755 9750 5226 223 8796 1543 8383 7483 3704 1372 5598 9598 8312 1716 262 2626 4366 111 4742 1312 8533 1932 9188 5622 2424 2290 8144 3686 3548 9949 7406 7638 9484 4905 7601 9459 5829 7292 5521 10000 7493 5951 10 9904 1941 4550 1695 9521 6205 1369 5597 6633 5584 7215 62 2379 7358 2713 6514 2342 1522 1474 1276 7379 8263 2829 8864 1677 9884 3975 7063 3818 6664 9660 756 5523 7728 4266 5258 8952 9149 5543 9701 4419 5881 199 3470 462 5131 4688 3319 3544 5235 6021 2550 7845 1210 3959 7323 5718 418 172 3434 9980 4933 3767 9366 7092 1917 327 5496 2797 5277 707 67 6114 5107 9590 6107 8305 5120 4402 2755 199 1279 6033 3127 830 7626 
4666 8659 6390 780 8918 8608 3291 1283 8405 5348 5734 2697 1705 4020 3560 2507 9971 3038 4979 9217 9626 9086 2217 4102 2796 2865 4403 2475 2166 9436 491 1783 6605 4864 1428 2466 9140 86 6789 9623 1473 4699 1443 791 6272 2300 2441 7376 2789 9008 671 3718 526 1759 2888 8077 6451 9981 6281 1230 9500 4417 3934 704 2542 5492 6831 9851 8836 5206 9117 422 1805 5071 1492 2386 6807 530 1436 6342 1495 3572 6668 4071 3880 2253 6559 1249 1812 7925 8615 9793 9186 2902 8843 9345 1519 7630 6686 9782 4173 8258 4446 5518 9922 6715 3497 4912 7298 6640 4398 4539 8483 950 4281 1612 1024 5516 9377 6111 4569 8752 4037 5532 508 947 9837 5788 6900 2642 9075 
8880 8407 4794 667 4320 9901 8041 4074 5492 5968 3318 3973 6223 7184 5957 9546 5837 876 4857 6678 9045 4434 6465 9833 4707 8984 6408 5405 7979 5582 6239 7454 8557 7088 1266 6608 1171 5464 7763 17 9794 8622 8460 2398 9138 4337 6404 8876 496 6107 6407 3908 9376 5127 8734 1579 2193 9438 9636 6070 8107 3080 5881 8482 3681 5366 508 8883 4670 9423 2182 4386 8846 3460 6596 5181 5817 5318 2444 6127 7715 6324 8947 364 8500 6364 9797 2757 6158 4501 7141 3433 4731 8082 8487 2937 6632 2530 9710 5841 1431 7570 2036 6265 875 181 8761 3216 7252 8480 7165 341 4171 6516 1786 3302 9856 5706 9127 9371 3131 8035 5366 9394 4571 7033 3287 5355 5765 3325 4626 
9732 7097 255 3992 8515 9262 9164 8994 1808 4518 2450 6277 2858 7639 4768 3085 7946 4928 1820 7482 8931 6004 4909 7280 6102 7363 5503 3082 3795 9000 7711 770 3380 756 3919 1735 3040 8275 809 3156 5953 7271 7971 5596 6473 8017 7640 3688 8176 9651 1023 5715 6260 9058 2681 3255 2808 2807 2422 8717 3343 8723 3374 7401 2627 9289 1891 9196 6793 3873 6813 183 9027 8955 8690 4085 5022 6030 8928 306 9220 6777 7383 9679 1412 1986 495 6795 1092 9082 3021 8067 6912 9719 538 9300 4411 3040 3476 7798 6370 9004 2322 1030 1209 4577 3579 1247 6705 8272 8610 2453 9462 5564 3507 9945 4049 4236 7081 5193 3978 7069 7056 429 1959 4596 6188 7120 4987 6610 1954 
9736 3999 6710 9154 1299 8521 3229 8067 6248 7540 1798 4847 1580 3485 5788 7929 5210 3766 5676 513 6963 1729 2449 8968 2910 6419 6581 8019 5911 7201 3901 4272 117 6813 3776 852 4845 9092 7090 7279 3201 5349 821 3531 220 8018 9663 4690 2660 9581 4237 4544 395 7151 5823 5022 7070 4732 9716 3381 1260 2022 1109 3893 7156 9793 9534 7514 7876 8554 5206 201 1395 1037 2181 4432 1215 5525 2272 4062 6635 6598 3585 5369 286 2279 323 1723 8451 2244 6265 1342 1232 6740 5996 2924 5540 6196 4058 5122 2533 6161 7517 934 9868 6740 2256 1573 634 4072 9479 3751 7710 2941 4928 3591 860 1729 4295 714 1625 2827 8128 46 2038 8287 2968 8474 5884 9180 6542 
3315 5475 5749 9930 5894 7950 9207 2699 6234 1763 4652 2076 5680 536 6102 7481 4560 7374 247 2426 5502 1328 4205 9846 8711 1339 5542 8324 1460 610 8424 731 8848 625 4344 8018 2504 6386 943 2334 3975 4821 2004 4009 9203 9549 7797 9024 6076 5040 5062 9998 6643 5648 2705 1138 357 2654 7563 2867 7567 8674 2449 5254 5088 9539 6750 1817 8216 8373 8892 2351 1003 9483 9597 6269 6621 8705 3257 6986 2534 8600 8816 5843 1229 7183 6012 3241 9522 4459 6379 3610 9784 3194 9019 5995 9498 5356 4329 88 1746 535 9758 7351 7671 2503 5911 3344 7930 1933 4409 1343 4268 2626 8453 9876 2466 905 4545 9046 169 1613 6682 7884 1941 9596 4025 9766 3613 435 7226 
8753 9623 8493 7236 1395 7805 4174 4540 6204 1250 1379 3060 4357 6794 3833 9285 627 7062 5126 694 7846 1469 7179 4631 7155 2103 97 830 1642 4018 7828 780 6876 7112 1518 4658 3605 8603 9993 4465 2081 27 8790 1470 8636 5686 1037 5258 1938 7558 3434 7740 3837 9117 4897 8427 6470 8238 2585 556 467 9708 8227 5576 5382 7402 4544 3249 8869 1293 1624 616 4549 9117 6235 9030 6278 3352 3703 9243 7383 4478 4623 5758 3723 7129 9091 7141 2607 1550 26 3259 6381 2342 7609 2530 9121 7805 7536 1005 397 4520 8479 8521 1875 9921 7743 1336 4731 5369 8341 8853 2291 7625 8579 549 1991 745 8985 6531 3208 3975 846 5860 1092 9933 3370 3765 6532 4970 3035 
3932 4733 5439 7197 1319 8866 865 787 979 2978 771 9094 1501 3682 1734 7858 4103 9193 84 4919 3078 431 9945 8627 3194 322 7025 9454 8228 6004 5492 9720 9663 5929 5719 7842 1140 1014 1151 8351 47 9207 432 1835 4402 2086 772 2838 5333 7633 4291 859 8967 2404 1688 6268 534 1727 1089 9655 2160 5328 2219 4346 5331 5498 7149 1604 9563 2741 3678 8056 7930 2183 1652 3015 8226 983 3822 1778 7359 8215 4781 5764 1343 2496 3500 8959 143 3508 5700 5150 6731 7965 7710 9618 6353 4179 1195 6142 6853 9462 6336 8120 4850 9506 4351 4966 4927 8020 7006 6544 9311 2796 3094 6224 5047 1527 4571 7841 308 4158 7342 7584 2705 1298 6473 2977 6472 6095 3821 
3051 8006 7061 1159 1863 9044 2585 9439 4230 853 2872 5929 4720 3947 1418 6722 3381 6960 7061 7568 1740 4761 2512 3356 3178 8873 3513 6246 9748 4402 4098 6686 6100 1218 5814 2096 1262 4881 8884 3530 4353 2322 1484 7827 2143 9337 6437 6154 1658 9037 7228 9328 9435 8653 7659 6886 1252 6657 4109 7217 7692 4214 4897 9036 3905 441 1236 3333 66 2808 5552 1190 4564 5135 993 5176 6007 5634 3877 6074 3434 7791 5510 1402 2457 5356 6138 957 5122 2512 4100 3873 5793 2070 5586 9679 776 9230 3182 3842 1852 8780 8837 3341 8591 3809 703 7856 7094 1162 9852 4434 6366 4828 1370 4191 7265 4657 8359 5216 5928 1027 1029 673 8027 5408 753 7219 6686 3316 6148 
5304 5747 5970 9124 2495 8957 3568 8721 1709 43 7282 5685 642 6707 4655 4805 3916 3432 3478 935 8343 1218 348 8878 3539 6660 2781 1034 8828 4361 170 6771 7130 1053 2586 1429 9750 3751 2220 8612 8808 7071 3771 2386 4099 8305 4442 7044 4971 8419 8642 2065 142 350 8240 5325 9227 4628 2956 5905 7748 1022 2158 3241 8584 4403 8176 9746 4336 990 6120 1167 8589 1216 3518 1359 7317 8027 3090 2459 3581 9277 5651 3374 5564 3823 5663 8171 5233 4169 8105 4376 109 7588 9241 5820 5604 2903 7108 7093 154 2760 8853 849 4425 391 9699 247 3110 7508 2352 251 3856 3607 4216 5174 9387 5735 9381 7736 4982 9797 8326 1576 6117 3721 9373 9863 6955 5490 4508 
8573 715 9964 4456 1651 8272 4647 8197 548 3014 6956 7720 8666 5357 6978 6056 4680 9264 4642 8988 4469 1782 943 8267 3756 3589 9096 6485 1688 3239 8580 528 2645 1779 3542 8726 7420 2352 6181 7212 3083 1378 5592 4342 8637 2615 6234 2024 2484 4085 5589 3089 5557 3170 5367 9461 4745 9330 1758 7222 5931 5912 5260 541 1386 7855 3981 1951 776 4880 7241 5299 9540 7366 5826 6534 4611 926 9102 1327 1355 4540 3257 7958 1130 5085 6485 1952 1693 4205 9206 5588 2360 4679 6758 6216 676 2859 9727 1188 4562 5639 2971 4801 3614 4717 5642 5198 4933 2168 7425 6486 8911 4546 780 7809 6073 7048 5947 5031 2878 9170 3625 4894 7645 6382 5794 7181 4386 6072 3533 
4158 4801 9787 2545 4158 8123 3176 4357 2650 3000 580 2500 2467 2745 6457 4869 8830 6051 9078 7368 5819 7865 4578 8282 560 4082 533 2816 420 9728 3243 7141 7096 6445 5106 2937 9134 6659 4031 4255 2284 5058 9116 2899 1517 6420 128 1511 5759 7270 2434 7026 6324 5670 5829 2030 4283 881 3139 9627 553 5926 1024 4195 4136 7965 9249 2803 9103 4152 9829 771 9093 4448 3024 2516 2828 4905 2320 4839 2597 6429 5779 3490 9355 969 6735 4638 6051 1328 708 6580 6486 5051 6694 5918 10000 4098 7537 3699 1999 1140 4674 2290 3755 1108 4769 5107 8193 9337 6774 7083 6755 7058 5172 7837 2381 7005 3586 5058 5170 1972 4524 7159 9235 1190 163 1063 210 7059 825 
7722 902 3794 8424 740 5005 3477 5545 2273 3928 6626 8788 6346 5886 9648 2873 6971 7274 5885 5957 8659 9310 6222 8947 6173 7675 3654 1108 3324 6706 7955 6141 9452 5106 8561 7750 4910 3813 9144 1253 2314 1010 7369 7880 9438 3686 8582 5014 3485 4537 1304 2273 9346 6060 7824 8417 3546 4703 5383 489 2255 3819 9064 1987 5668 9676 9374 2629 3728 1007 7559 9664 4819 1499 1707 7635 5083 6406 488 2026 9005 2920 7474 9429 724 7759 420 2458 737 5614 7336 816 7087 1640 6943 2173 2793 6759 7855 9617 307 4275 5445 3275 4108 9284 1058 3933 5105 2579 2827 2390 5528 2026 3879 8354 2702 2235 1767 2902 2929 5981 5118 1804 1088 7994 6043 2043 9091 7179 9904 
2918 9536 7675 6435 9696 2401 2917 755 6742 1346 3643 2063 8568 8933 8277 3316 6887 8035 6777 6996 318 1531 3310 7135 4085 3247 8204 9515 6016 3992 8687 1170 4148 4860 5374 7487 9061 1202 9994 4064 9398 5891 4574 3661 6203 955 443 1094 5011 2916 1519 3447 9992 5271 2780 9053 6208 9371 7889 2110 4319 3824 7961 4398 9263 8760 1318 2402 5654 6652 763 8702 3176 3324 6185 8874 1860 1244 2931 6290 5917 5653 4347 6872 6801 3788 344 6966 7488 472 2474 2011 9422 8265 201 7714 9615 1632 7980 8110 9551 2778 7805 3153 2906 7667 7842 2622 7860 7530 1473 3639 1617 283 3639 3664 5336 3885 7499 3889 244 3674 8196 3782 2612 226 4123 2534 3195 3295 2667 
222 4202 4475 1567 3467 6875 9158 1339 6512 224 8460 8755 2316 4116 2140 3038 9334 4593 2912 3388 7826 3058 3852 947 2322 3465 9500 958 3815 3144 3442 7190 781 7758 8427 916 7190 2338 4510 9983 2047 1024 7259 2812 5049 1840 3618 1785 5417 1572 8576 3180 4145 1025 1779 3151 519 2632 6995 2297 9020 546 4068 9320 203 499 9995 7440 4000 5873 4670 4302 6308 2944 6978 3022 4957 3101 2413 2283 3511 5537 2674 312 5252 9637 1221 6109 7684 1888 1351 8520 3337 4149 9869 4855 4803 2906 3208 2330 5721 7400 9409 695 4138 8191 7770 9304 8522 9129 2694 6829 5550 2138 8645 5925 6505 6505 8006 4242 6475 9767 6435 9006 4367 8686 2015 4387 701 2338 6588 
5016 5112 1035 2812 6747 3213 3878 5253 9525 4432 6626 5022 1932 8011 2836 1392 9727 1815 7151 4067 4547 4925 3953 5824 7461 8953 6034 7990 7935 1782 1926 8032 9291 9488 7047 5394 3313 779 2466 5438 5045 3137 2082 5551 2552 9686 8193 5318 2398 8532 3083 3623 5142 8508 1049 3764 6415 5023 7721 4857 105 6982 4961 3937 8886 7619 2427 7731 934 7700 8860 8045 4646 5818 7352 3263 1935 6612 6121 5472 3516 4862 4092 5953 5911 9577 3688 1081 1626 278 272 3122 9586 3863 3406 9964 5824 8742 7298 3613 7715 597 6068 5117 6054 8624 100 7616 9675 8198 1877 84 4516 9391 3063 3655 4871 5913 2447 8860 2151 1222 6717 5837 7131 6102 8191 2324 8172 3085 5058 
2842 874 4370 4340 4748 8097 1160 8738 1253 1418 8247 73 9828 9072 9561 3789 4433 9179 4626 3337 1874 2684 2366 855 9312 7409 8721 8608 1728 179 1533 5177 9566 5409 4969 2460 3187 2914 8476 8363 4195 4282 5681 9512 2125 2402 1090 8126 1477 7056 6495 7254 6806 5984 6467 9844 9582 9509 9731 7996 8299 9566 7208 4492 5844 7087 9898 2040 1514 9879 6951 6067 2701 9491 1721 1184 6788 9910 1774 8257 7786 9907 8891 8055 5688 2705 5510 3057 1938 6726 700 3888 4907 2958 6758 5249 3611 2493 9234 6007 1743 1737 345 7234 9353 4842 761 576 9556 6406 35 636 8633 9538 1498 7208 4207 8684 7474 3527 4244 7574 5882 4977 5793 9740 3905 7091 6815 8524 9693 
1876 1503 5622 1476 5983 8938 3571 3554 5554 6240 7503 1435 1896 8734 8135 5835 6124 6529 4742 6458 8362 7339 172 6566 2946 3017 9614 655 9706 6747 4322 7153 7763 925 2949 8444 8871 3146 6596 2458 3442 9032 2386 257 6539 2668 1622 5373 7960 22 3997 4994 1838 9496 1613 6999 3516 5582 1671 4362 311 8575 3916 5268 1075 2256 9920 9870 1673 7972 7684 6693 5716 8990 6857 6937 7385 3471 160 7147 2465 3516 9485 7192 49 7709 7365 1313 2110 1774 1815 2918 907 1458 1168 9970 3577 7759 4712 1312 17 3346 6467 9872 8428 9852 6155 7909 5330 4151 7104 1226 2617 5561 9473 4906 5070 5580 1412 6980 4478 4052 3258 6130 5785 485 5588 9050 759 8022 641 
570 7752 6576 6526 1365 8988 9707 2588 5180 3537 7442 5963 7822 3029 2587 3655 3406 2541 3765 3693 8765 2875 8210 4990 2227 4680 46 9334 1239 3481 6228 1407 1505 6404 8307 7584 9085 2167 544 794 5548 108 4600 4330 5738 3555 3292 1335 1403 5700 3693 9935 601 6357 4906 7205 3206 6039 4687 9319 3738 6161 4725 2091 7855 1229 1242 5765 2058 3392 5957 2240 7058 3843 7484 1184 3962 3106 1841 1702 67 9049 1946 5424 1614 6887 4835 2666 1435 8735 4698 3805 1003 8126 6605 1613 5322 5532 2960 8916 7451 6092 5130 3403 2772 2100 5613 5470 7731 6196 1501 151 6230 6509 5825 7988 8028 9604 1807 568 474 3787 542 4771 7676 2288 786 2886 160 9145 8005 
6 1627 9387 4691 6241 1377 9912 5084 7714 3724 9948 9474 2941 4363 404 9269 8452 2790 8245 806 3431 7455 8865 9286 7645 8979 4041 840 9337 7170 4438 7824 7080 849 2212 7425 8858 4214 9383 5195 9879 9748 6981 7901 6192 2176 7936 470 5609 299 518 5994 8534 9907 3822 2440 3476 4297 4775 5070 5104 6246 5032 2461 3147 2259 4879 707 1656 5366 5800 9418 5286 7080 1561 6717 3230 5697 6417 8515 5553 6152 2796 6019 7938 7514 5263 9673 8303 3196 9878 3944 1378 7273 4625 5212 3172 1436 1892 310 3632 5055 7427 8146 7664 2103 7554 3972 53 8995 8707 4739 6912 4212 4370 132 2571 2006 8907 1618 3747 577 2607 8208 9601 1366 1766 9901 5426 1740 8458 
2981 6880 8152 2495 7002 4043 7939 7320 7577 4546 5546 6251 3068 5387 1555 71 3952 6066 504 9989 2487 9165 3782 8405 9682 4864 5080 3661 9147 4397 1623 8583 2708 9752 9573 6709 4436 847 7595 136 4287 5193 9425 3600 3822 8493 5787 4699 3254 5345 2615 6566 6303 3736 8140 7485 9332 8858 9730 2956 4098 9605 822 4777 4930 5546 7232 8337 7364 1318 1920 8452 8625 5142 8473 9348 6565 2101 3742 7343 5220 7671 1368 5132 7989 8660 5944 5489 9144 4077 7760 4223 7547 2153 4182 840 8988 6146 3897 2648 8528 2969 7623 5676 3033 7197 1989 1133 8186 2487 9665 5508 2553 2707 4796 1485 9433 1624 6840 3378 8531 844 3420 6592 4037 2418 6831 130 4977 9103 2780 
9128 1238 6303 6859 5843 4731 6691 619 8140 6986 6171 278 5253 1338 1473 7503 8425 9860 1568 5949 7900 2654 3815 7408 810 3112 2767 2745 9399 3543 6280 5659 2738 7589 1406 1611 3815 9403 430 5259 8599 9486 5427 5290 1766 1954 7646 6547 1274 6772 3330 5484 8110 6493 3880 7130 2147 4455 6649 4616 4391 802 4026 4671 2565 9287 3758 3106 4895 6716 2016 7733 4250 3158 3977 2975 7996 9540 7990 8495 1219 4673 3641 7681 7730 9497 5869 411 3819 4038 5043 8693 1055 3638 9409 3674 627 1455 8477 6699 9324 532 3386 6330 5119 8510 4133 540 8135 7108 323 1554 4397 8271 803 8354 8758 6648 6155 5917 210 5182 5958 1088 7629 2792 8534 2444 1952 5632 9614 
8456 9620 2284 7648 6521 6778 1138 6794 6543 7305 1368 4087 994 2521 4261 3467 8728 2026 796 3052 1647 1961 4965 409 5272 5489 6546 5337 3376 2153 4986 3205 4308 4684 2836 1956 774 5518 6586 5852 6601 2468 889 197 6453 8705 6197 1745 8907 2415 8156 9590 8800 4091 9369 3248 4254 7554 7440 7363 4937 312 8852 4218 2905 25 3884 1448 5956 5153 8707 8751 7399 8926 341 9455 7449 3138 228 200 7409 260 4901 257 8047 4277 719 3676 8344 4363 5917 235 1286 6737 6300 870 3275 5270 815 4529 4800 7062 8589 3120 5200 5109 4318 9164 4681 3587 9487 7514 6219 4119 6343 6809 1668 8407 1912 470 9917 1169 9098 8881 1560 9621 6363 5881 1489 1647 1037 
9740 9188 4179 686 5603 4544 1568 2363 8779 2457 6932 2588 180 8682 5596 4699 9320 2010 8757 3350 9073 5735 8144 7117 3808 8983 8585 2492 7350 2697 493 1063 751 406 7861 3142 6316 1522 5422 1592 5804 5479 6762 2021 8502 6538 544 7734 4253 6097 6230 9839 2256 1132 3796 1745 8752 4785 4357 4556 9789 7232 9399 7198 235 2803 8160 1262 4325 1748 5046 3020 4236 5025 4645 2779 4861 954 7700 9587 3766 9960 8275 8541 2626 9483 1382 8558 1129 2977 5200 6994 2563 6346 2297 6314 6621 1730 1896 6257 4437 442 7656 2573 6984 6039 396 7336 8709 9072 2354 4427 4271 886 6958 6069 4652 2778 2928 4322 5914 1084 7240 6203 1352 2764 9658 922 2783 3550 3206 
428 7318 6853 2373 1727 7224 7917 5037 8247 4041 5513 8575 7294 7498 153 8672 122 8848 928 6050 8350 7459 8872 6112 1230 4378 4759 9616 2824 9047 925 3509 7705 7877 4206 5872 4434 4367 8080 6617 3853 8184 2751 4658 8634 9904 3157 7202 186 127 9818 1337 8728 1265 5445 1971 8921 5661 626 3594 7611 6747 6746 1292 4202 4374 9980 1237 9942 3642 4219 7249 752 8817 3062 9204 9915 2602 8666 5765 6225 362 2007 692 3146 2768 240 6960 5628 2755 8517 5774 2124 857 2973 4040 7564 3773 6179 5589 5540 8753 8803 3729 2147 7126 1966 6438 2948 2463 6899 1424 1133 6914 9799 3047 9647 8163 4844 3512 7511 2872 1199 2986 955 4438 6937 1749 2370 8369 4314 
7959 3432 634 4253 5426 962 3948 4081 2326 7943 2505 1596 9409 8472 6356 1849 2799 1441 3230 5079 3496 1157 9211 5410 4505 7480 8200 2132 1666 4860 10 310 8534 7222 5859 6197 2110 9800 853 5828 6666 4346 3996 4004 9807 4963 4271 184 8372 8284 1950 6472 319 4889 3823 7571 1285 8712 4892 3857 6194 7063 3635 3726 277 4584 2933 4280 1842 9724 84 3742 6163 4437 7496 6559 2405 7682 8033 5881 4224 7028 9588 5692 4436 1976 9481 6318 5467 639 6055 1824 7296 4120 9885 4523 3727 683 3690 4938 1113 1518 5591 3244 6138 459 8536 2469 8220 2572 862 2104 2870 0 4860 3288 7740 5471 1912 7189 8358 9089 1957 4409 6347 2210 882 1042 5902 625 1888 
2123 9567 5321 1220 2801 7835 8253 8087 520 5690 2811 3518 1484 7992 207 5081 4864 1808 6351 43 1090 1265 4703 7127 1820 2544 1806 9843 6351 3799 9766 597 4684 243 4899 5307 2182 9534 3381 8615 2601 85 2232 9671 4365 7828 8430 4756 9358 309 8733 2893 8773 9111 790 8580 3576 6334 3324 3358 7148 260 3505 9329 5193 269 2621 5857 5837 2960 6307 1307 964 9907 3849 3386 1096 5107 8757 4123 5516 3509 2764 440 673 7127 6602 1190 1312 19 8969 4543 570 5145 6380 9570 6877 2820 6561 4107 4217 5894 822 4684 3658 2559 8288 7486 4155 1234 7360 1860 6051 307 745 7506 6582 6311 6555 9873 6399 9575 7116 6949 291 8619 684 7417 8537 6747 9694 
3556 8808 2791 4118 497 2903 5713 9203 7635 2333 5802 8625 1202 2310 7281 3382 7378 3709 8837 485 3464 8626 515 3270 8524 6840 9621 9886 2777 9551 7044 9957 3280 8990 9117 1860 9948 2473 858 1951 7686 7839 367 8115 3439 7353 8516 243 4211 2762 4374 2858 7997 3568 9432 555 6686 5500 9375 582 6637 9595 5262 553 6836 3620 7481 7370 3937 8612 5846 4659 3652 7275 9792 7650 6472 9105 923 2883 4278 3382 3943 3325 2084 8643 8130 6843 3213 8303 8226 2893 2851 8241 1506 7821 4787 8641 8893 4058 3481 1877 321 2749 5771 5568 3384 5892 8509 9230 3087 9968 2651 3519 1855 1225 8033 6868 251 4645 7254 6446 1956 5188 9435 9626 1536 9154 9898 1326 9839 
7012 9367 3066 8273 7800 313 7602 6512 3804 3560 7179 3170 2503 1545 1954 7541 4418 712 9541 8419 5234 228 8449 8704 6565 1258 7841 972 6372 8498 1120 3839 905 7142 5092 8630 1489 4043 2716 5797 9787 1846 6636 7696 2873 6264 4398 3205 7955 6567 4203 9986 8439 9021 6750 7999 6793 5018 8805 6068 340 909 7979 1730 1205 720 9901 2222 5898 3710 2290 3114 1892 4872 1441 8614 94 4862 8735 4778 2017 4492 5877 9625 5459 9636 915 1091 4293 6482 1444 6277 7311 6108 8622 2030 6390 1397 6323 7454 4102 6961 2492 5552 6691 7367 8669 2701 3673 5402 2283 286 4205 3538 3968 2498 4470 268 1967 6982 6842 852 4532 523 562 378 4098 569 7376 1729 5756 
9999 8760 6738 1381 619 934 1682 9910 7901 5833 3514 1517 4439 1992 5056 1126 8089 768 2612 2304 7690 1859 9932 4171 2721 4527 5275 9691 4968 4664 6819 4211 6260 8196 6642 9614 9726 7514 3933 6893 2319 8771 7619 2590 9045 4531 8173 972 4434 4152 5745 7717 868 9941 5045 9291 2968 3836 5657 9397 2169 4865 6058 4455 5056 7214 1449 2367 6414 4964 1674 7547 6403 1158 5499 8389 39 1119 9624 6615 8736 8290 3208 1862 8761 5709 3551 1439 8645 5179 4140 9627 7657 6707 3344 3682 575 7885 6293 8266 7450 9143 830 1735 4463 7264 7114 5511 6492 1006 755 2869 2588 5849 5398 791 6927 1459 7071 384 2690 2900 9174 3234 1696 7653 6971 1351 7731 3753 6013 
3158 4060 1918 1310 4809 2548 7024 9922 3104 9545 1060 4766 346 9577 4480 7121 6551 5664 1994 7564 399 3606 6825 740 1045 9861 9297 9129 2288 9177 9081 5203 1842 1453 1208 9849 195 1052 9936 8747 2966 7371 6554 558 4915 2795 3310 1445 4804 5274 7461 1427 6762 2160 1186 2551 2690 6354 1986 4289 6434 27 106 7859 641 6386 4151 6255 3907 3196 6721 3568 8515 77 8495 9132 2743 9252 4449 502 3776 3856 5347 8405 7787 4420 738 5075 2598 7622 1520 7086 4751 1506 2241 1642 776 4916 5835 9267 596 6181 6102 8662 8244 3754 5215 5590 8712 4068 5866 4339 8998 6751 8857 517 4281 9876 4730 840 5493 500 7152 4025 8287 7289 963 163 8086 9069 5861 
8355 7941 964 1507 7617 7376 6922 7548 3800 3500 2223 1940 401 3375 9501 6397 6761 8643 7611 1716 5094 8101 4657 5495 9852 5440 8468 6483 4672 5691 4293 8816 2475 61 5525 7688 7062 80 2518 9988 1652 4839 2604 2204 4081 6260 4133 7516 9261 5681 9760 9725 1382 7588 5397 9814 8895 8161 6125 9290 4853 3664 9886 2027 6181 8837 8004 4618 3322 4935 8160 4582 4657 4852 3065 5907 8538 6154 5916 3981 9499 6024 9066 7898 4254 6603 1772 7588 9421 4675 1415 6213 6165 6833 6438 8143 2396 6552 6319 7903 9236 5113 8467 4544 9385 6017 5295 1273 1629 6892 9046 9282 5007 9555 4267 4479 8299 784 2786 4165 2069 1708 247 6584 6622 1085 4669 922 48 5332 9729 
7648 9319 4891 6408 8816 1059 2710 3980 3229 3987 9183 3786 3469 5995 4266 6081 6150 6702 9458 2255 5767 3292 8614 3787 4857 6824 9605 6573 6287 4419 9404 6516 1346 1562 3959 5227 7138 8993 4146 4827 907 2230 7123 5423 8135 7268 6076 5266 5065 4840 1883 47 7469 1508 2051 281 5121 2978 8896 1688 7070 7782 5804 7243 2576 8091 2924 4347 3796 4960 8849 5177 4679 1252 7578 6493 2385 2959 1299 2071 6916 1129 5631 1599 3257 1058 6660 1096 8261 9922 6992 3440 5926 4531 5547 9061 1645 7230 4067 6462 1453 9181 6336 8952 2789 9160 4650 7917 5205 1452 6690 7066 4629 1533 99 8071 2127 8118 6615 5573 957 5318 5655 1174 8661 7894 1332 2140 3131 5055 1956 
933 1133 4597 9271 5207 8340 3254 9392 5164 6436 1937 4322 9842 7937 7810 1423 5154 8202 1669 3567 7485 5664 7523 9206 8840 134 9068 2835 1828 1027 9340 5081 8397 2720 90 3746 7614 7462 9980 4475 4481 5043 4199 5583 5832 9986 2969 9702 8108 1862 5105 7511 6802 8966 1528 1711 1552 6948 3291 829 9352 178 3204 3619 7108 5469 6126 3806 4264 3962 3039 6287 1118 6024 1340 5567 8263 1525 8752 7950 5526 8793 5626 5949 960 9368 9187 9853 3197 9606 8236 1313 4918 1474 5494 8364 4686 2582 161 4459 3302 270 4381 8938 2036 4445 672 220 7227 7890 286 9029 9907 7057 9549 3074 6775 439 1799 8765 9120 1864 2734 7518 9071 8942 1703 8330 8431 577 5168 
7775 9323 6007 3718 492 231 160 4487 4640 5084 2279 3401 7162 5065 4697 5188 3915 1929 4358 4488 5814 3955 1290 7944 2655 4913 3138 4575 8420 6671 7612 4921 1216 2363 1689 9803 5243 951 3706 3332 5240 9511 5056 5512 2915 9927 4263 4735 5035 6205 9768 8552 1226 1323 8199 4480 1954 8347 368 997 7537 3668 4771 7816 1627 4595 1760 6577 2676 9159 5673 3863 8706 5529 6036 304 7611 4422 5930 8792 7101 9520 4497 2944 9748 3472 3184 6695 6489 3052 927 2203 9838 9969 782 2544 9576 5711 8559 7071 9215 9568 6556 134 9344 8228 8318 47 1909 9724 7302 2848 790 4756 7446 2555 6606 4728 4453 7716 5086 6335 5663 3016 1870 24 2077 5409 9965 4022 8448 
1623 4798 1664 1345 8169 498 9250 6178 5245 7834 1714 2819 8747 8238 4394 4289 4705 6347 5839 4591 8792 820 9424 7214 3588 4980 5834 8877 1385 3353 977 9334 4650 6567 2342 3170 9026 4566 8639 6321 1721 4249 108 7536 4002 5172 3160 1014 1913 1502 5630 6877 3501 2778 3282 929 5895 1053 403 2811 7937 3687 7245 6641 8024 4236 7155 5971 3451 9838 8674 5323 3885 2509 7677 6591 7739 1330 7834 6685 1126 2851 4001 116 3784 734 3493 4751 2008 970 7153 1307 1356 9144 6190 1039 7078 6002 1539 5392 3270 8811 8858 2311 1577 6871 3166 7256 5396 7231 3128 4174 9011 8403 8644 7548 5940 8571 7637 1081 143 3882 9797 3202 1987 5715 4061 4301 8106 318 1179 
8373 3934 6391 8853 234 4478 5886 6875 2633 302 2207 7264 4625 8746 3702 8375 3916 1444 480 6968 5639 5663 8756 7278 1592 6199 2094 6382 7971 7957 3895 8852 1828 4697 8932 3966 4734 7259 4614 9555 3414 2954 7562 4395 9989 9028 6367 6635 1252 2828 519 8431 9409 7960 4315 4793 5059 1871 9785 4712 6379 2723 538 8024 1915 2214 6155 911 8346 2337 2669 7469 334 4939 9396 8316 9015 4685 8247 6640 2613 4001 5364 7779 3947 3233 9078 3347 280 4111 6549 3027 7432 9135 7946 8722 4509 3811 3748 1324 8763 5338 5796 7857 8268 8611 2557 3033 55 1675 6423 5829 8474 9426 8587 5574 2372 7900 4615 7278 6125 3631 5287 4190 4920 9616 745 2119 6809 2594 8563 
3035 5573 9745 1381 729 4558 1080 3127 1179 1394 5033 1539 1146 8715 1010 4316 3182 3730 3902 8790 1717 436 9565 2677 7143 3409 6471 9676 7034 3118 5462 5442 7788 3691 8398 4003 8621 8782 7008 6124 9507 6282 1349 3343 9084 6047 7013 4376 9120 3914 8653 2404 8008 8592 6369 3630 8846 7324 4059 6489 3104 7676 4473 1483 8065 773 9633 5215 4061 8049 6252 378 3823 5871 3634 7484 1271 7743 2680 5275 2215 5184 958 4548 4536 9029 9657 6466 8048 6977 4152 9430 5014 5586 9454 580 601 9393 6360 1916 4740 1407 3253 5900 1013 5536 4333 8813 2396 6423 3903 1929 5626 1226 8770 3916 8244 4339 3652 8716 589 4491 311 8947 7458 4673 9188 7154 8915 8504 7928 
7644 9521 2440 3682 3446 1721 3223 3696 5402 6516 5890 2059 1159 5611 6923 1187 7216 9578 5292 6178 1914 7522 7072 6287 2955 9255 9459 8533 2548 2542 8927 1844 3412 2114 6448 2402 6614 2314 3940 9076 8545 4966 3294 2508 993 9145 6699 8424 7628 5618 9145 4040 5196 3060 2083 9122 386 8481 4824 2950 2199 7099 1645 5016 447 185 7679 129 713 364 7745 6721 6506 6449 8481 305 9970 7638 7014 6707 9997 9519 8062 5778 3850 5586 4311 785 5980 5052 7794 2895 4934 5193 9288 5330 6509 3840 7856 36 23 9848 2567 3351 1480 6565 6942 9414 5888 9320 5247 7906 8012 6447 4291 3430 6697 4784 5592 4111 4917 4700 976 289 3377 6601 2688 201 1973 1979 1756 
1614 2322 7603 6824 5684 6911 1162 3540 100 8783 7680 3957 1382 8843 9002 1354 4748 8978 4045 7969 9310 8629 6503 1140 3623 8073 5896 965 2513 9521 7482 5817 5882 4081 3431 5440 5084 235 5868 709 4522 5992 4200 3073 6743 9315 5768 3335 5344 9938 9803 3049 7812 9651 1169 7022 8374 5724 4606 1350 1941 839 7348 6248 324 6478 6805 8056 5865 5229 2547 6094 5033 6996 6379 4566 9798 9238 2448 4597 9104 2335 8134 4826 4754 820 3290 7628 4123 9130 2305 315 8651 6474 9932 7052 2096 3242 1992 7552 1268 3625 4689 9681 7294 3265 8468 8665 8458 5835 6836 2900 6621 2480 8851 2858 1053 8054 2952 4893 6398 4883 7497 9096 736 3205 113 1875 7359 5100 6464 
1693 33 6746 3897 4580 9247 7991 6294 9943 9210 8115 5317 7825 205 5969 7256 4134 3233 4268 8973 434 5357 7992 4997 2084 4390 8660 9987 2812 9955 3231 4735 8690 4713 5108 219 817 5993 8269 2585 5627 2280 8540 8178 9798 1705 916 1011 10000 3234 64 4742 1589 3061 3674 4144 6970 3171 1427 2325 5613 123 9032 297 131 4491 5733 7623 1567 9530 9938 9196 2107 9522 8682 4795 2350 7310 1985 3289 5390 1255 5591 1084 1448 7006 5801 5687 2459 9073 4307 8460 4298 50 8012 4951 7477 8425 3388 3287 9501 1251 8295 1825 2927 3526 6941 7803 1900 8690 1396 5353 9356 4976 7320 555 6644 8152 1517 9097 4945 5075 4609 2718 8746 6761 372 917 4595 9551 4694 
8716 2654 2820 349 1558 2930 8920 2915 2048 6475 7956 9925 773 5658 1283 9073 3703 253 8449 3817 1446 608 5120 1882 6167 8837 4459 7652 6612 3589 4477 1801 1811 6774 2913 2773 6474 9470 6539 2810 4381 1932 4208 351 8234 4833 6674 2031 3657 1122 6964 7020 9306 2803 5924 9639 7375 39 9570 9100 7855 2972 5962 7462 5781 9906 1436 477 9425 6817 4506 1045 9304 1654 3145 9019 4299 7986 8928 2561 894 9406 9029 6103 5872 1978 5197 8535 8745 1861 4889 5922 6696 5502 6702 8293 6769 6565 7056 3654 4345 7001 9815 412 3826 4364 6250 3832 6508 7338 4654 3328 8727 1541 6193 6651 2958 519 5855 5562 9451 5614 8215 829 5713 6427 4075 461 2751 9992 3521 
6917 407 873 906 6061 9569 3394 6932 7782 4057 2479 9050 8480 4103 6181 3151 6435 4797 3099 8323 9780 1370 6701 3102 2709 4439 6116 2048 7666 4544 8782 9480 6164 8011 7666 9339 8552 6263 403 4586 8496 4170 5991 9780 3777 4612 3204 2437 3728 7147 36 7405 8575 3662 667 3456 7570 7936 3361 6158 401 6294 9904 2429 2871 9389 4868 6094 280 2542 4637 5600 2209 4881 8235 6214 4324 2329 9603 4398 9884 5523 2798 7886 9469 8201 3819 968 1847 2420 2493 7118 7279 2321 2826 4247 2707 4149 2953 8949 3783 6333 8765 912 2552 9549 849 6374 9094 3745 1749 7063 9603 2989 7540 7306 996 5968 6067 812 8163 3782 9354 2752 7124 2087 130 9746 1749 3271 1636 
6737 6179 2450 8030 8901 4099 5957 7413 1567 9978 5345 3554 7392 8105 2314 7959 6748 7022 1259 4446 7179 913 4115 1832 5859 4124 1830 1447 8667 7968 3278 7311 3835 2300 2750 8080 3978 8784 9848 8094 8546 1741 3238 4974 5427 8585 6726 2072 1351 3720 5939 1614 3317 861 5522 6357 129 1018 5730 6489 5456 9044 7565 6658 1948 2162 8944 2588 3588 9822 453 8095 3269 4660 3223 565 3311 660 6264 148 6584 4279 4160 9067 8699 9744 5401 3656 5059 1947 5054 7617 226 6234 9660 5715 1048 523 2394 8266 1023 5491 9926 3421 7255 6827 5552 5729 4371 5247 6505 9854 7386 3371 4767 92 8782 6705 9117 5451 8132 5909 5795 9417 9696 6844 3021 5566 1285 9067 6797 
8966 138 8132 1156 683 6954 9563 129 2426 753 5687 7894 4165 3047 8597 8311 6587 7793 984 7154 6895 5551 771 1956 2066 6178 9241 1034 9588 1375 8871 4222 686 1620 9604 4222 864 5901 1821 8829 9577 2304 8575 9991 3798 2764 2907 2931 7408 1094 6736 2424 6176 1338 9917 277 8038 9001 6020 867 1740 6694 9550 6619 2705 4850 387 4159 2092 7566 2758 8563 6002 6715 2090 9696 2180 1888 6025 330 2100 649 887 8934 1062 2274 6713 7961 8268 6847 415 6351 4772 864 8084 274 1690 7827 4130 953 1254 8829 4121 747 7053 6300 5100 6912 8166 4881 6162 3017 6777 6557 5067 4789 3512 6066 7270 4962 2961 316 764 5051 1971 2601 179 9819 6694 6606 7823 
150 7036 2022 5130 4660 6000 1632 2356 7365 7668 4959 2688 7220 8553 4309 3803 6993 4861 8004 3256 4247 6471 259 9650 116 5225 5403 5087 9857 4717 7603 676 3130 210 2313 2679 3807 4921 7980 7823 1878 2667 8534 1095 7821 8529 1794 9730 5577 682 5183 9862 4956 1132 6293 7787 573 3466 2051 1089 4961 4850 5070 284 5241 1827 2187 6007 3919 404 5408 3334 977 5364 9492 5350 4465 8534 4207 3604 2468 9229 3086 5611 6256 155 9428 4826 3213 4019 3615 8287 900 8527 6407 5000 9570 7428 246 3292 5691 7113 5484 2766 4953 6129 6391 824 7516 547 9017 5112 2345 8432 7984 1677 4272 2269 9494 2432 1551 6836 2902 5128 7470 3959 3168 8302 5142 5267 7256 
6477 744 6014 3565 524 7225 409 642 6781 4570 5650 6946 7462 4861 1921 5404 9948 1056 7753 5055 2865 4168 2137 2726 6867 8481 9196 829 6953 3285 2276 7199 7480 373 1317 9138 8923 5057 1083 15 2857 3405 7769 708 89 7241 9594 4831 8830 5482 69 8078 4367 3338 9797 1080 5334 679 4143 1944 1268 8285 6095 8772 8776 3691 8714 1590 9518 4451 594 4541 4418 2754 2287 4740 4887 798 2550 365 3384 6494 8245 4679 5122 6408 9324 6671 538 5625 9224 3197 8105 163 4886 8750 1880 1979 5064 3454 2562 219 213 7812 3486 9356 4277 3914 8616 1161 4082 2869 2683 180 4119 1364 4387 392 833 5386 5964 7998 5842 8357 5720 7869 6772 1207 3241 6098 3540 
2126 2921 2327 8725 6455 1567 118 7535 5392 8180 9683 835 3949 938 3104 4671 9388 4639 5275 1844 1562 2968 8605 7260 1301 5003 7694 3717 4899 4659 4458 8139 2477 260 6478 1983 2066 404 5973 5080 8535 9169 9086 9006 5827 9489 8776 4446 6507 1640 3672 9537 283 5411 8830 8999 393 360 9618 7475 2549 5777 5197 8785 4077 6628 300 4633 3773 3289 9682 221 485 5513 379 526 2331 2206 5917 1120 9765 3635 7837 5692 2527 9330 5652 4002 9941 9309 9162 6884 4393 4673 7804 913 4327 3189 3485 5947 4458 7562 1946 2500 1602 8534 9781 4676 1327 9447 2837 1824 4689 9939 1335 4552 1045 8631 3936 537 6000 9983 6823 9586 1206 3264 6500 1427 5710 9054 6411 
776 8979 20 1009 5890 6384 7149 6471 8956 707 3677 3128 5699 4201 7331 4995 6895 7041 155 5031 3881 2739 6768 177 6259 3551 9622 4595 1022 3261 5302 9953 5790 5947 4684 2265 4856 7868 8046 2616 6821 7909 9771 1672 3527 535 123 1528 7255 9481 5502 7572 6301 2807 9010 7958 5123 8177 4280 725 7716 199 7762 7804 943 7924 2066 6005 9499 7997 1564 7433 2090 1637 4162 6609 9780 7499 5736 1134 1225 3319 7450 4755 8780 1211 1205 8484 8627 3411 3991 4965 8761 3818 4095 9045 8730 9693 3051 7889 839 3275 5053 1078 6669 3793 430 2114 9242 1234 4924 8031 3236 3228 710 5851 7927 7438 324 1603 2772 4262 4590 4543 8752 4174 6879 6385 5867 4380 8909 
769 4757 8019 7851 5639 5830 2914 545 789 9462 3674 4888 8336 9434 7651 8253 3915 9653 1255 6993 8458 3174 4318 9166 9659 2701 9636 1534 7724 2431 1054 8451 5105 5593 4730 1759 9565 2438 7071 9441 1326 658 5546 6002 1043 7122 5535 1097 1733 6052 8934 2903 7209 2582 4269 2080 5516 2747 8638 7193 5298 407 6911 3155 5947 721 1973 2616 7395 8110 9259 5704 42 1160 7169 7707 6053 2199 7992 5381 8725 7262 3792 9334 9677 5335 9772 2425 9375 3163 3148 8931 7949 5578 6837 4763 1272 444 2485 1969 8441 3557 3373 9171 3403 3457 4794 9833 3833 1884 2670 3181 827 8263 4861 1852 7553 669 2902 2803 728 6797 2203 5336 5605 8648 1551 3020 7003 2780 3128 
5284 2119 6905 7852 5159 9696 161 4616 2511 7016 5854 2887 1217 9318 5628 1736 5044 2338 5391 1211 8659 9672 2039 5615 7827 4571 4543 7317 2910 571 5331 2757 6374 6415 4870 2396 7920 3385 7052 6164 8895 8650 1033 1474 2817 3331 4145 6897 4112 5473 5998 6873 9373 3329 9329 941 614 1669 4088 8569 8619 68 4163 4501 1280 2500 5828 2929 2303 439 9818 9897 3639 4466 992 3468 9733 4010 6017 1503 9024 8576 2881 1697 1849 2747 5638 7141 1887 5650 5812 3219 6458 7220 1349 8006 9583 6219 2266 4306 8312 6528 5958 6919 1387 6494 227 3040 2414 3170 662 9137 8272 6586 48 9605 2226 9495 739 7458 807 3246 2389 3023 9583 7620 5592 1810 4518 2119 5458 
2674 1743 8088 4110 9235 9700 2193 7249 215 3204 6024 4974 2136 4250 7623 3920 4300 2292 8842 5286 7752 9120 1788 5059 6570 3303 2827 3665 2498 3592 3666 7822 6236 9442 3460 1802 3053 1879 3136 5939 7914 9950 8790 2155 3397 201 2117 4592 5679 1760 8487 9406 6982 6047 7018 8775 2327 1949 3364 9907 8069 6277 3762 1563 8787 3893 5344 880 1962 5808 9844 3996 6048 8244 7211 3335 8345 4862 5881 4715 5611 8459 1976 9152 4478 6656 3191 5347 2760 4472 6795 8569 6762 8195 6705 2545 8334 5674 1110 7078 4733 4067 9486 1461 470 2825 5121 4244 5665 3220 2260 7698 32 8998 8078 85 3877 6123 6302 3082 7788 2723 3034 8621 9484 4444 5149 6453 1084 5516 3 
8997 6957 290 411 183 3935 7121 3886 8317 4414 5095 3785 8413 8145 9090 1015 9506 3249 7745 8748 3203 3869 4463 5586 1738 133 6350 8588 9997 3354 1233 4341 2319 7915 7917 2532 4122 4718 934 1832 7225 3123 730 3051 6593 7329 8699 2605 7413 1033 5373 7276 8005 3878 6888 8795 1685 2303 3201 1694 6016 9200 8594 9229 536 6801 1658 1980 6663 5148 2325 8865 3775 1318 55 2727 2308 6674 1442 9819 8730 682 9130 2760 4377 7308 8031 914 841 7796 9746 2598 7364 1602 2741 6420 3816 8940 4983 4786 5577 1985 436 867 3702 4640 7367 3368 3674 7463 113 2958 159 7989 1173 5203 707 4245 9372 6899 8224 8967 8866 6546 8777 8804 4870 2362 3195 1751 2189 
2256 2687 8217 4073 7655 7669 9533 6384 3968 6188 4890 1042 274 6860 3374 4518 33 1158 692 6036 6411 8372 1859 2803 1377 2172 9824 3871 3449 9771 5753 7128 1287 7384 6117 6199 5975 3074 4449 5618 289 6356 5426 8998 2239 1802 5586 9690 8490 9759 3706 9429 4142 9807 4317 4717 3841 8716 5853 9133 8854 5012 9993 1743 7173 4774 6885 7701 443 848 5344 223 8738 8079 2975 888 7288 273 7795 6829 9542 3616 1422 2140 1478 2482 7637 2459 6704 4278 4271 8582 553 8832 8948 4145 5131 4450 5412 8524 2540 9083 8714 5150 9326 7807 2805 2568 5497 7787 128 4037 9706 7784 6277 260 3385 4766 5993 7581 5285 1170 6890 9333 7672 446 3119 3396 2132 4965 4241 
8780 9011 5427 9651 3345 827 9170 2594 7996 8589 9542 1940 4646 8092 6205 666 7486 9576 5305 7451 9569 2723 9037 404 8291 9414 7116 6737 6631 1308 4157 3101 1423 7603 574 1268 1958 9855 277 687 9418 8625 8025 5909 6975 1985 4509 4766 3027 1790 3275 9568 7246 4811 3700 6784 4482 101 5469 3252 1324 3871 9148 1373 559 3477 4495 5337 5574 2986 6954 4585 3097 3806 3465 4491 4332 5077 1926 8112 4828 822 491 6797 3212 4926 7186 1919 1296 623 9159 7237 5811 4005 5194 3698 3725 5738 5169 777 6933 3445 5512 4917 5819 8790 4450 5531 8596 6434 9953 9041 343 2699 4166 1667 7638 3675 2535 2672 681 5608 5 6171 9370 9108 5403 1694 1276 5117 4515 
5894 722 2756 2715 5439 9411 3031 8226 7155 758 7971 8385 4129 1249 5744 85 2743 4369 4374 838 2190 839 8583 2906 8039 5519 4876 2080 6768 7140 7650 578 8733 6864 8984 4923 8917 9719 3802 3825 7413 53 9488 5332 386 7569 9636 7657 9943 1509 5581 7307 1772 2547 6851 2383 4250 1957 4864 2238 768 48 3494 5985 567 6623 6403 1063 4323 1318 81 4019 961 5861 9370 1939 9984 7703 2922 8205 2473 894 8145 1460 4338 1806 3602 6651 2073 4345 1056 6924 9857 5401 3655 5807 400 9988 4837 4154 3779 475 5220 1667 1520 6150 7455 550 7200 8658 5519 9632 5426 789 1804 4134 4044 5712 6521 2438 2329 8081 6578 1711 5295 9561 3332 2750 725 5225 2540 
2563 6266 4718 6090 7825 3739 9570 6088 3155 2627 1424 8289 8824 557 4228 951 9661 9964 3100 8484 6115 5864 1111 4649 9294 5554 1857 9496 5215 7702 2824 9426 5859 9668 3799 4010 6497 8278 9424 1605 9393 474 1373 3178 3385 9179 6701 7826 2445 3062 2923 5023 2833 4659 44 9941 5063 4606 4767 1565 6253 7412 2329 5513 7810 1167 6970 9448 2848 6394 98 272 6940 2347 6344 4715 2520 4662 2821 6933 8061 5646 250 7879 6303 1075 8546 9722 8878 7437 3085 955 3863 5529 176 5658 4293 1091 8345 6982 5152 9582 9354 3987 1765 108 7083 2351 2353 5184 1562 8561 4373 2561 7281 6996 8986 802 9729 4987 4182 5318 7913 2111 5821 4762 9143 9001 328 4075 7171 
