100 100 64
0101010111011011110110110101100010100111111011010010000001111101001111100000101010100110100100001010
0010111110010100001011111001011000011111001000001111001010110001010111101000010011101111011000011011
1010011101000101011100100000010111111001000000000001100101100101010110100100110011110001011111100110
0000011000111100100111101000100000101011001111010110001111010000000001011110101000101101111100001111
1000110010000000011111001111111100001101000100101101010110100111111110010011001000010011000000011011
1011110011100000000000101101101001110110110000010001011001111000001101100100001000101111010011011011
1010011100001011111111001100010111010001111110100001101001010011110011011001110111110001011010011011
1010010011110100100111011001111000001000110011101010001001111001010100110011101011000110010001000011
0101000101100001111000000110010010101100010111101110111111110101100111110001110011111001010011101000
1011111110011101000001110010110001011111011011001011101111111000011001010001101001011000011000101100
0001101000111000101101110000111011110001111110111010111110111000011011101110001010001000011101000001
0010100110110111010101110100111001010110010000001100101111101110110010001011110111101110111011110000
1000101000001011010010001011111110000001100101110011101011100011110001011110100011111111010000101011
0000000110001001000101101000000000110010110111111010101010001011011100100111011000100001110111111010
0111011111001101000011010110110000111011001001111111111101101000101001011100101010100101111110011100
0101100001010001101111011011001100111101101000000111001000111011000101000011011011110110010110000101
1001100111100110000001110101000111110100111011101100011100100000111000000001001011110111100000000100
0111111110010010100111100101100101000100010111011100000011010001001111101010010001100110000010101100
1011000011101100101111000010101001110011101001011000000101010001010101110100101100010000110010110001
0110010110001011101011110000111000110011010010001101100111101111110001001011010010000101110001001011
1100100001011111010001110001001011111100010111101011110111110001000111110100001101100011011101001100
0110011101011100111100011001011111111000001001001111111011111100000011100001100001111110010010101011
0010001111110101111100111010111011101100110100101011000110100000011010011110100011101010111000010000
1101100000000100110010010100111011111000001101110110101011101101110000000101101100110101011111000010
1111100100011111101111111001000000100010000101010110000011011110100100011111000111101100010001000001
1001101111010001010000101000111111100001100101111110110101001110000100011111010000110100000011011010
0111100101101101010110001100101111101111001000111001000011100110111001100010001111001111000100110001
0000101100110111001101011000111101101000110000000001100010010100011101111000111110100100100011100001
1100001010110110110101101011101011001000011110011011000101111111000010010111011001001011010001010000
1111111001000011000000111110001101000000110101101110110011110001110101111000001100011110100001101111
1011010101100111011010010100100011101010110111110011110011010101101010011110011111101011000100101011
0100000110010111100001101010100100111001010000010111011111110110011100010100110101111000100100110110
0101110111111110010011101100010100100001111011110110111100011101101011011010100101100100101010001111
0011110111000100100111110010100100110100110001010101000110110101100001110110111010100011101101011110
1011101111111010001101011000001100100101000100110110000101111001001110111000010100101011110010101110
1011100011001001100000110011100101110011000011011100011001010010010110110000001000010011110000011101
1110111010100111101000010111001110001000101111111101011011110001110001100110110100111101110111010000
1110001110110000100000001000000100101000011010100011111001001110101011110100011110110101110100011000
0000111110110010110111011010111001011111000011011010000000101101110010001110101101010100011010011000
0011100110000100110110100110001011110010101100100100101100001110100000111101110011011101100110111011
0110001111100010101010100101001010110100011001010010110000001101100011000010110000110011010011000111
1000111001111111001001010001100011100100101000101011001000100000101000000111100110101001101110111100
1101010000101101110101110100101011111100010100100011000000011010111001010100100111111010001101101010
1011010110100101110100001000110101100000110000010111010110010101011001110001111111000110011101001101
0101111011100110111001001011100111111110110010000001010000101101001100111001110111100011001000111010
0101110011010101000111101011001010010111111111101100100010011111001000111111001110110010111110010000
1111000100101110000100111010101001010011001011110100101110111100010010100010110111011001110001101000
1010010000101101010111001110110011101101011000000010011011100110001110111001111011000110001000000011
0010000001010100100001101110101010100101110111110000111110101010001111101000000000101101001011110101
1110010001001111110001101011101101110101011111100010100110101111010100100110110101010011011110000100
1101011111111101010011101001100011101011100001101010001110101010011111101000101111111000001100110010
0111001101111111001100000011111111010111011010001000110101010100000010011111110001110111100100101101
1011111001101000111010111101111001001001001000001010000111110100101100101111101101000001111111111110
0101001001100110010010110000101110111011101000000100110111101010100011100001011001000111110010011101
0000010110111101010001110111111100000001101110111010010100011110001011010100111100100011111101100111
1010100100000010000100100011001100000010100111110000111001011000101011110101100010001101011111100010
1000100000110110001101010001111011010101000010100000100010111100010111000100000101111100101111000011
0111110110110010101001111111110110001100001111101010001010011110110101011101111010001001110101101110
1111011000000111111010101001111100000110111000110001000001111110110001010100101101001101111000001000
1011110000111101001000000101010011101001101010011100011011010101100101000110011011011100011000111010
0111011111010110110110101101111000011110101000111000011111110001011001100100011001010001011101001000
1111000101010110100100111101110101100001011010010001111111100101000101111111011011110100100011111011
0001100010100010001101010111011000101101011100001100001011001001110111001111101110001011100101010100
1110111011111111111110100100110000111100101111011000001111110100011111110111110001001100110010110000
1011111101101101100111101100000010100110010011111011100111110100001010101010111100011011110111111111
0111001100101101000010001111100011111011101001001110110000111011111011111000110000010111111100000111
0001001000111011000101011101001100110100011100011110101110001010000000000100110101001101110001110101
0000010110010101010111100000110000010000111110011010100000111100100101001111111100000011110001111101
1000100101111000000101011111110010100011010111011100010100101010010001111101010101000100110011011110
1111101100001111101110010101111001100010010011011110010101000011001001111001011101100101100100100111
1000100000011101001100011011001100100011010000010100110000010010010101010101110111110011011000111001
1000010010101110010001100111111001111111001000110101111100101110011011011110111001101011010110011010
0011011001010011011100101111110110111100001101110101001111011010000010101100000010100100001110010110
0000100000010101000110111011101111001111000100000000001101001001001011010110010110111011001011101100
1100010001000101010111011010110101100011011110100011011101010001010110011001010100000100010100001011
0101111001110011001010111100001110000011100001101010010101011011001011001010000001101110010111010110
0110000010010100010110000001101000111111111100000000101100111110110110010000110000110000000100001111
0001101010001001100001011110100101011010000011001011110010011000111101100000001100001100000100000011
0001011100000010011001110010110110001011100011011100100011100011101110011101011000110000000001110110
0010000110111100011111000010010101110000000010011101001000101100010111110000010110000111011110000110
1000010101000010101110110111010100000011001000011001111011011101001100100100000011110110101100000110
0110110011111000010101111101100101001110111001100010000000101000010100100011001111100011000101100111
1100110010101101011011001010000101010111000101100000101001000101001110001011011100110111100101011101
1010000000001000111000011111100100010111010101011101001001111100100001100100110001010000100011000110
1111111001010000001100101101101100100011101010100101001001111011010111101101001001001010010100010101
0100111010111100111110010100110001111110010101001011001000100011110110110001011011101011110010101010
1111001101011111110001000010011001100001110000110001100011011110000001010010010000100010101111001111
1001011000110011101010010101011111110110001001010100101100010100011100010001110101101110101110010101
0110110011011011101000111110001011011001011011110010000101101110110101101100001101000110010001000010
1101001110101010101010000111100010001101001000000000101001110001111010001111000000100011100010100011
0100101011010011010000111101101101101000100111011001011111111000001010110011111000111000111110000101
1010011100100100101110110001110001011010110110001000101001111111001010000110110101010001111100101001
0001111111011100001111011100000001001000100001011101101001001101100100101111101001010110001000001011
0101110000101100011011010010010101000110111110001101100110111001110010100000010110011100101011101101
0010101001111111110011001111011010101101010010011101000110010111010011110000100101110001110110110010
1100100100100100101001110000010111101001010010011110000000000001000001010001001010101100100101010100
1011001110101100000011110001110000010000110011001000101010000111101110010000011011011010111011111111
0111001000000010100000010001011110000010010000010100110000100111100101000100000100000011101000001010
1101011001000100010100101111011111011010110101100001111011000010011011011100010010110011011000011100
1011011010101000001100110011001110101100111001111010111100001101100000110100011100101101111110000111
