100 100 1
0011010101101000001111000111011100110101101000010010000110110110100101010110001011100010001111110110
0001110101110001100101011001111101110000101010011000011011100110010101011100111111111011110100101111
0111011100111110010011111101011101100001011110111000000011011001001001100011000000100111100000110101
1001001111101111010111100010010100110011000110000011101110101100000100011010101101000010111100110000
1000100000111010111110111010110001100011111011000001111000100110101101011010011010111110011001100111
1011100111000101001110001110010000000101010000010100101010101100001010001000110100111001110010011010
0010100011010011110011101111111010110000101000001111110010100100111110001100111101010101111111000011
0111011110001000001101101110000110110101011001100001100110000111110110001101110100001110010000010110
0100100001010010110111011101001011111111100011010100110111000101100100111100100010011101000110100110
1010110001101101000010101000010110001010110111000000011000010100110111010000101011011011010000000001
0110111111110000110110010100011101111010110110001000001011101110101010110100000101000001100011000111
1000100001100111100001111010110011110101110110111111111001000010100011111000100110111111011001011100
0101101101011010011111000111110100010010101110010110100001101000101100110111010111000110001000101011
1001110100001111100101011011111110000001111000111001011111110000010101110111001000011100000100111111
1110001110110100001010001000110011010001111000001010011011000110000010010000000100101100010100010100
0111101000000110110001010101011101011000100010000100100001011001000101000111101000101110011001101101
0101100010001110010110101100101101001001110001000101111001000011010110101101011000111000000001010011
0111010111111011100011010111001000101101101110001010111011101100000101110011000101001001100001010010
1000111011100001111000111101001101011010011110110011011101101101100000111101000100100000111010001100
0011100111001110011111010000110111000011000000010111000000111011111100100101101111000101011111011010
0000110101010011110110100111000101110110001111001101110001110010111110010110000111110100101110011100
0100111100000111101001110000001000101000110110100001110010011111100101001010000010010010000001000110
0101011010001101010001110011101110101111110001110010111111010110011111000011001001110110100101101010
0010000101000111100011011101001101010110001001000001110110001100101100000010011001011110110010010000
0100100111001110100110110000101011000111001010100110101000100100001110101011111010000110111100001110
0000001010000101010010110001010100110111100010010101100000111001101010000110101000010110011110111100
1011110001000111100100010010011110000100011111110011011000011110110010000001101110100110010001011100
1010000110111111011000101100010001100001110100100010100101011111000110001011000001111001101001111111
0111010100100111010010011010011000000001000001101000101101001100101111111100011000010110100100111011
0100110110110111011111010111011110000000001110001011110101000011011111110010101100001011010100000001
0101100110101100110001000110000010101110111000000111100100010010110010111000000101101000011101011001
0100000110111011010110100000000111110110000101110010001000110110000010011111110100111001000010011011
0101001100111110000000111010000000010011010011011011111001001000100110010000011111110011110000111010
1001011101000101001001001010001011110101001101011001110011100011010101001101001111000010110011010000
0110111101101000010011011101111011010100110100111111110111011101001100100100101111010001010001011011
0100001000100001011011111010001100101011110001111100010010000111001110110000011001100111010110011111
0100100110001010101000101011110100001011011101101111110110011100100110111100000010100101110110101011
0101010110011001011011001000111111110001001111111011010001000011011111111101110011101111001100101111
1111000101100000010101011101000111000010101110111010010100100101110110000011010001000110100101100011
0001100010111001100000010100001111100010110111011101010101001111010000010110110001101101101100000001
1110110010111101110010011010111011111111110011011110010001011111101010010100101010010011000110100011
1011011001110001000101101001000010001011111000001100110010101011101001101101110011111001001101001100
1101101100010110011101001100100000110110101001110100010101111000010001011101000011110000000000000001
1100001100110010011011011110010011000111011010111111111101000100101101111000001010111000111101011111
0011000111011000110111110110111000001100101110001010010111010100011101100001100000000010000110001000
0111000101111101011010100100010011111110001100100101001110011001100010001011100101100100101100010100
1001101100101110100100011100110001111001011110011010011110101111100001111110111010110011100100110000
0101111111011101001010010101101111011010110011010010111110111110011011000001010111101111001100011000
0101010011101010010100110000010001111111010011110001010100110101101001101011111111111000011011010110
0111010111100011001011011100111100011000001001010000110010001001011011010111100101010010010101110101
1110101011011111111001000111011110100110111011000100111101000001110011111000010010111001000111100100
0000111101111111010001101000011001111011000000101111111100001010111001001101001011101000000101000101
1100101101100110010101111100000001100010100000011011111100100100110001111011111011100011010100110111
0000000101010111001100010010000011111101011101000100010001101001111101011000111010100100100110000100
1101111011010100010101111101000100110001001001000111010010101101010110110011111111001110000000101010
0100001110010001011010100011111010101000110010101011110010111011111000011110001000010101110101101110
1110110101000001010111000111110010110100100010011010100010001100010000101010110111001010011100000001
0011101100010111011010110000000101101100100101000000010011000111001111011010000111110010100000011010
0101001011010110111011110010111111100100110100101100001110101100010011110011100011100100011111011011
0111110110001000111011111101010101000111011000001011011000101000001011111101001011011100010111001111
1010000111001010101011111111000001111110000110010000110010100010010010001011000100011010110101110010
0001010011000100010001001000010110110000000111010111011111011111010011011010111010111010010011101011
1101100101011111010111110010101010000000101010011100000011000011011001100010010100101111010010100100
1011101100110101100110110101111000100111110100010010111010100011000000011101010011111001100110100101
0001100101000101100000000011100000111011011111001111010111000110011111100111100010100001101011100110
0000110001001000011001000011111010100000011101100110000010010011001110000001101010110101100111001100
0000001101111101100101110111011000010011111110011000110111001011101010110000100001101001000101001000
0101010010001001110100001000101010010111001001011011000000011100001101100100100110110110101011011001
0011011010011101000001010110000000110110000011101111000011111100101101100011111010010110000101001001
1010000010000100011110101001001111100111101110000010011001011101011111101111001111011000110010011101
1111000001011001110010010000010100111111101100001111101100011010111011111001101010011000000011000101
0100100000111111110100101101100000111101111100010110000110101110010010001101010101010101101000110001
0011010010011110110011110011000001001100010111110000111001111101101100101100111010000111100100100111
1110011101110010111010101110010011000110000110010001001111111010011000001000011010101100110010110110
1001100101111101010000100101001001011111011000111110010100101011011001100011000001110011111000010010
0010010001010100001010010011111010001110111110110010110101000000110101000110111111000111100010010001
0000111010101000110101110000111110010001011000000010010010011111100111010101101111011010101000010000
0111100101111000111110010011001011000100100011110010101000111101001010101110010110111111011110001100
0111011010011000100001111111001001111110111101110110100100110010111100101100001011111110000100101101
1111010010011001100011011110111111111001000010101001001110111001011000011001011010111011101100011110
1000011111110100000110110000001100100010111100000100100011011010010010111111101110000110001010101100
0001100100101010010110100001111101011110001111001111001101101010000010010110101111100101001100010110
0100011100011011110001000100011010010010000001101100010110100111010101011101000010111000011010011111
0100001010110111101111000101010110011000111001011001010101110110101000111001110110001001110100000000
0000110000111011111000001001001101011100101100111100110001010101010001110001011011110000011000100001
1100100111001001000000000000011001111011010110001001111110110110100101100111000011010001010110111010
0001100111000000100110110100000001001111001010000001010110010110100001001001100110010101000110011011
0110000000001011100111100011010100101111010010011011100000011010111011100101101101111010110101011010
1110000011111101100010001000000111010111101011111101011010001011111011000110001111011111000101010001
1011111101000101000100101000010100101000101001111011000110101010101110110011110111110110000101000011
0110000100111111111100011101110011111110011111101110011010101001111110101110101000101100010110011110
0001111001111101000100111010100110101100001101110110011111101110001111001010110101110011001010001100
1001101010111010011001010100100010111111001100011101110111000001001000100011001011111001010010111111
0001010010110101100111110100111010101000110010011011010110011000101110010101100011010011101001111100
0010100101001111000100101010000101111110000110111000101110011000111001111011011101000100100010111111
0011110010110011100010111100010010001000101000011000101000100101000001010110111100110000110110001000
0001011000010111001111111110011010010011110000111110000011110011011100100001111101110010011100111100
0010100011000111000001000011001111111011011011100111111000010111110011000000010000010101111100111110
1011110000101001101111011011111111110101011011010110010101001100101101010011011101110110001100110011
1001111110111110000000000100110011011111110111001100101010001000000000010011111011010111000110011000
