80 100 11
00010000010001100001000101111100101001000101011000101000101000111010101000010001
00111010010101011011010101111001010011111100001011000101111111000001001010100000
01011101100001101011110010000010010110000100001010011111100011011000110010011110
01010001110110010111110100000101110000101101000111001100010100010100001001001011
01110000101011110011011001100111001000111001100111110001100110011111000011101101
11001001000111111011000110001000110111011001011110010010010110101000011111011110
01111011011001101100101101000010010010101011000001001101001111001110010101010111
10100010010011111011111011100111010001100011010100111111011001001110100010101000
10000001000110100110101010110010101000001000111110111111011110110000110010110100
10100011101110100110101110011111101101100001001100111011111111011001111010000110
00100110010110001110010111100010001101000101100111101010111101011000110010011100
01110111111101110011111000011011101101011011100001001001101010000111111011011101
01000101101101101101010111101000111101010110010100101000011010010001111101001110
01010100100010110101111001011100100001010100001001111000000110011001111011100110
00011010011011011100101100111101010111101110111001111111010001010010000110110100
00011100011101011010111101001010111111010111101011010010100101010011010100101110
00101100000110111110001100100100100101110101101101100110000101101010101010110111
10110110100100100111010010010101110101000100111001101011111011011110110011101000
01100010101100110111100001110000001010010110000010001000001100100100010001101100
10001010111101010111000110111010101010001101100111110110010101010110011010111010
00100101111011011000001011010000111000110110110001001000010100010111111000110000
10100011010101111001101110110101111110111001110011110011101111100010010001100001
11111000100101000001011011100110110000001110110101111011011101001001111001010010
10000101000110111110110101000101110011100000001011110111100111101011001100000011
00001101000001110011000001111010110100111011101010011011001111000011111110010110
00110100000101011110111101100101000011011001100011100101010011001111010001101110
01010001010101001110000110110111011101110001101111111110000000110100100101100111
10101110110110000010000011000110110110111011000010110010101111000111100010101001
10110101010110010101100010010111001010011001110110110001110000111001001000010011
00101111110000110010000001001011101000111111000110111001101110011101101001010001
11001110100111110011000010101111000100011111001100001100000011010001100110111011
00110010100001010111101001101011011011001100010100010111011001100010110000010000
10100010101000101010110000101100001010000100110001000010010111000101101111110101
10100110001001011111100001111111000011011011010101100111001100001000011110100000
01000001101111110101001100100101101010101010011100000000100101001000000010000110
00110011001011101001111111100111011100111001000111000001010010000010000011111100
11010111010011110000011111100111011011001000011010011011111111101100001000001101
01000100110001111010100010110000101101011100100000100000100011010011000011010110
00110100011110111100011101101101111111000101000010010000101101001010001001001111
01100001011010001000110000000001011110111111010110110011011111100000011000001111
11110011110111001101101101111011111010011011011011110101010011000110111001010111
00000100011000100010001010000011110110000011010011001001000100010000101100111110
01111010010000011000001100000100010000101011100101011111101011001001010110000101
00111100010100001000111011111011100100001111000010000001101000011001011001100010
11110100011110110100100000110000100011010111001001000000111001101011100010001100
01001100110000110001001101000110111001111010010111001010110101110100011111101110
00000011011101011010000101000010101111010010101001100011010111010110111011101111
00010110110000100011100010101001111110000111001000011011100010101111111111011001
00001101111111111101011101101100010100100100000011100100000010010000000001010101
00100011000110100011110010001100001111100001100111011000000011111110110000100000
00111111111010000111010100010111110110111000010111010100011000110100111101110010
11100011100000100010101101111010000111010100000110111010010011110000010010001101
11010110001011010001011100001000101011000111010001000010111011101110100011011000
00111110100011110001011111101111100100011011101101010101000011111010000010000001
11110100100000010111110011010001011100100000101111001010111111101010000101001001
01100111111001000101110010100011011111110100101000111010100001011101110110110100
11111111101000011011010100000011110111101110001111010011100110111000111101110001
10001001110101011111001001111001110000010010111101000111100011000110000100110110
01001000011011001010110101000000100100011101100111001011000110110001010101111101
11000001111101111000101000100100011000101011100010111101111001001011001000110110
01000111111110011111110110000111010001001000000011001011001011000110011011111101
10110010100110110010100001110010110011001101011000001011010101011110011111101001
11000011100001000110100001001000001000110101011110101001110101010110010111100110
01010000111100101100100100000111111100011000010111011011011000000101011001110111
00010001011000000111110110100100011000010111000110101010011110110100010100110110
10110111111011010111011101100110111101110001001100010110010100100001001001111000
00001100111010010001000101011010100010110010010111000001110101001100111110011001
00101000001000010010000000000011111011100100100110001110011101100110101001011011
10100111101010001001100110111111011010001001111011101011010000010110010110000011
01010101110001110110110111101111011100110111111001010110111011011010010100101110
01111001011000011011010111011010000111001001011010100101110101101101111001111000
00001001101101110010111111000000101011011110110111001110011000110101010000011010
01000001101111001000111001001011101001011110100010010110111010111101110011010011
00011001011010101111011010011000001010111100001101111011111100100011001001111110
10110111011111110110100100110011111100010101111011000101001011001101100010010011
11001000101011110111000001111100000011010011000011011110111101101001010000000111
00010010000110010111100101111000100000000110101000010110100100001100101001100001
11011001010100110001111001111011111010101001101000111010001101001111000000011110
01001111011010101101001111110101000011010100100111010010100111011101011111110011
01110100101001011001100000100101010001010010101000010100100100111000110111101110
11111111000111000001001010101100010111100111010010001110101111101011011010111000
10000100010110101111001110010010001011111011011000111010100010100101000100110000
00110111111101010001011110001000010000001110011101100001111010110000001101101011
00010001001011011000111010011101100001110000000110100101011100100111110001101010
01110100110010100000110000001000111101010110000100110000110010010101101110111111
10001000101001110101111011111010010111110000110010100110110010010011100110011001
10101101100110110010110001110110101000011100101001001100100001111110110001110101
00111101110000111010101001100000001110001001100000000010100110011010110101010010
11101110011000100110111111001011100101011111110110111100111001000010110100010001
00011101100011010011101101000010101100100110000011110001011010111101111010111110
10001100011010110101111101100111001000000010110001010100111110110001110001000000
00011011000000001111110001000001111101010110000011100001111110111101101001000000
01110001001111110010100111001111000011001011101000100111000110111100010000111110
10010001010100110110010101101100101111100100100101101000100101100110000010100001
10001000101000000000011001011111100000011001010010111110110111011010100011111100
10011010010111011011101111100101010000000001111110010100010110010101100011000000
11100011100011010110001011111100001111100110101011111100100011011110011111011010
00001000111101010011101101011001100111000010110010100000101001110010100101110000
01000001111100000111100111111101001101011100100111110100011011000111001010100001
11000000100101101001001011000000111010010100000101010110011011111001100100100100
