20 190
18 12 147521
1 3 2914
11 20 35512
1 6 27398
12 8 170213
4 19 24832
13 15 61163
7 5 112985
15 5 82058
1 9 170680
15 6 60028
2 16 170331
6 13 68386
13 14 18220
15 4 8432
1 11 34407
4 14 19037
2 4 13782
15 8 181438
8 11 149589
4 5 78736
6 2 105408
10 16 25422
10 4 195937
20 6 157350
18 8 62604
18 9 97233
6 17 149380
17 14 118438
13 18 146554
13 16 101960
3 9 82026
14 5 80228
5 18 135002
13 20 181041
4 12 125338
8 4 158794
8 2 82076
7 14 87757
20 7 180955
4 11 104558
12 9 18179
3 16 41445
19 8 115992
19 1 64230
15 19 196600
1 14 142617
18 17 2480
5 8 62912
20 9 192298
8 7 156113
13 9 132851
10 6 131492
6 3 56033
16 14 159888
6 7 177137
13 1 128730
13 10 56663
5 1 33362
2 5 68115
2 3 13234
8 16 88036
20 12 163667
6 16 193374
18 19 157813
9 5 121851
11 13 56784
13 7 145207
20 1 148812
5 19 14885
3 15 146741
11 3 152439
14 3 26201
6 11 152627
1 17 181522
13 8 121738
19 10 107511
14 19 110366
7 9 199123
14 18 133642
3 7 192134
20 19 114909
1 8 152972
11 5 82303
5 10 38336
20 3 191150
10 7 129052
15 1 9023
15 12 31777
14 2 29162
12 19 96430
8 20 170202
2 1 188959
17 7 58430
16 20 86730
10 8 192638
19 7 91147
12 11 73059
18 11 168800
16 1 88859
8 9 88409
13 4 198259
18 2 87963
16 5 9838
4 9 147629
3 18 101984
2 15 26922
11 9 47102
8 17 29493
14 9 125936
11 17 61396
5 12 163836
10 15 110933
3 8 107820
6 12 11244
6 8 170060
3 13 36408
15 9 196468
4 7 46225
5 6 61014
5 17 35234
2 7 45910
17 10 92859
18 20 141332
9 10 102493
11 7 178031
2 11 71665
3 5 94723
6 19 110905
12 17 16331
7 12 132268
5 20 39102
14 8 9117
4 16 149185
10 18 68216
4 3 164599
7 16 91068
11 15 159491
19 2 166942
19 13 165244
1 10 18684
2 12 112424
17 20 193975
20 2 149143
16 11 114639
17 2 116544
16 15 175588
16 9 71405
9 6 176002
12 1 104208
3 19 109245
4 17 28195
10 11 29559
10 2 109464
15 17 71450
7 18 86335
14 20 43532
10 3 95014
16 12 117463
10 14 90377
4 20 33312
1 7 77669
16 19 146003
15 20 117628
4 1 79690
12 13 195682
10 20 53337
13 5 82414
3 17 114023
14 6 112155
9 19 20553
2 9 156640
16 17 163384
14 15 163234
14 11 116923
9 17 4681
18 15 190740
3 12 143342
6 18 23925
7 15 99064
17 13 106648
14 12 160589
18 4 42566
4 6 134554
2 13 110363
1 18 187254
19 17 19427
12 10 48201
19 11 160473
18 16 163267
