500 2500
204 463 578575
316 311 529027
257 13 1667257
238 52 2541461
163 3 1106450
160 432 4570236
62 75 4610538
125 128 3821253
18 92 2394591
177 154 4277744
250 238 696002
492 147 706171
466 219 1466368
139 101 1957085
171 393 4768779
34 351 2187039
367 247 4639627
142 357 1486158
400 165 2640499
286 320 2559043
307 153 1944705
418 282 682952
496 499 2527698
462 498 1880832
141 72 1867363
25 23 4601116
443 411 2613314
448 469 982142
308 70 157208
118 206 1871704
3 166 4717353
145 261 3470373
172 453 2762210
480 292 4485364
398 321 1831292
25 281 4690966
13 116 726546
117 40 2149534
139 378 94031
316 344 2206809
258 129 3864314
14 68 2252689
66 97 3414389
43 187 2416066
311 492 2943690
290 422 3022666
85 220 2021055
225 144 546966
256 419 1806377
88 434 3070151
194 85 184220
440 113 4463652
198 62 1289717
459 45 3877735
301 275 45344
338 336 1206941
51 403 4315909
400 93 2269693
333 453 3229749
153 21 4907745
315 298 4004952
217 111 1592799
301 307 654419
258 488 2366220
78 493 528596
144 439 2695526
459 344 2157372
397 346 4831731
135 57 886716
280 68 239010
405 319 1076070
384 141 4375103
237 20 3628581
314 56 2019375
144 277 2128926
449 450 1842471
217 439 4089736
167 263 2109013
308 276 4988450
394 221 4244447
325 354 2089449
468 271 969378
230 12 2961524
55 15 2909873
223 7 3313710
438 82 2196068
173 324 1071616
163 253 2960380
376 431 1165926
392 469 3397459
261 283 226461
206 401 4284595
53 125 3049159
222 349 3532560
86 483 377480
111 456 668367
492 434 3671335
117 105 433953
175 497 114789
120 470 878333
248 209 3502024
462 80 1938421
371 394 2648911
8 397 4167367
341 219 1216451
76 267 4025217
243 199 149355
493 47 1585103
361 268 2188491
477 196 1431631
67 445 4215622
67 217 4434915
448 6 665498
493 86 2879865
340 112 454403
500 50 4274090
484 465 332714
102 60 1127688
197 190 4548989
326 117 3609577
243 20 2910135
241 431 1953238
249 474 293931
111 192 4833992
449 36 2869229
324 164 1116488
31 389 3949994
324 427 2159627
361 98 4787598
33 407 581026
225 291 2842908
357 420 2854206
487 240 2196778
444 145 513282
361 266 4421190
478 126 4675610
492 341 2658900
133 404 3904918
70 358 2886969
369 351 3706940
433 154 4765737
328 295 604148
352 323 3282533
274 314 3861509
326 181 548553
42 305 1535129
215 365 4952797
382 340 3424874
341 230 1042369
297 17 3326828
97 90 1879194
91 301 362208
233 59 2082564
165 493 2157738
122 215 731931
367 389 1831309
457 488 614664
458 387 64255
83 367 3936786
247 274 2284808
262 226 2304195
328 369 4966240
370 42 1836941
459 170 3583229
479 209 461478
158 355 957613
355 320 1714902
461 323 1985378
192 248 2351088
85 483 985890
279 102 1582638
392 351 247515
271 414 2371614
23 133 1352902
157 113 1734676
326 434 3571925
473 68 4548292
272 369 4401953
421 136 4763577
319 259 2166267
192 442 2996658
297 278 4462801
329 278 1081569
449 78 4092610
396 372 589066
177 414 922548
260 229 4348817
369 115 2646426
285 39 65600
211 140 1445945
213 171 3120713
272 475 323646
320 188 4566674
155 407 212884
459 404 905638
35 145 154521
439 454 384920
181 240 694257
495 140 2663129
413 184 4357187
455 366 2358815
469 394 2469688
314 162 3135684
71 222 1405981
490 39 2428823
35 158 4896200
430 197 3683339
177 482 2131052
241 275 3820183
131 439 2092801
352 415 472280
197 463 3528365
316 374 4590472
129 162 1167412
348 34 1443604
143 404 925946
365 19 4985620
251 89 3135828
124 293 1601632
368 43 4580529
319 264 4384026
435 298 143500
84 484 1375260
284 211 1360856
246 291 960364
490 440 2749289
243 327 3547422
136 387 2806853
66 12 2763298
111 358 1681868
11 86 602906
500 443 736103
196 202 4514959
116 431 3454349
306 219 1608862
34 113 2286467
15 253 4951467
319 299 1861391
393 377 1319468
317 345 3898092
426 185 466548
119 302 859753
447 241 4550545
73 178 2195607
123 487 2476332
135 8 1092202
325 499 2369638
469 292 4359671
389 174 1768813
248 334 405665
154 358 3509685
24 115 2372936
437 372 2954521
445 88 2013376
415 200 3360291
196 75 1041634
54 341 4321789
169 74 1138227
416 132 4279160
55 431 2558420
258 305 282104
126 314 3056640
314 311 4125077
120 379 2830906
211 116 2240035
262 463 4708178
157 436 2912321
339 197 2483190
291 20 2386481
192 423 4572402
293 344 2251668
57 198 3910247
329 148 4449
492 141 2493408
7 85 677356
121 116 2223280
20 22 3722232
189 39 2687692
1 431 2646689
8 292 108519
153 322 1257729
51 45 1998409
368 311 2313769
63 243 2039429
6 127 3632715
414 252 1126819
124 6 3185243
295 432 3148556
434 173 3672238
478 380 2406109
352 110 1034927
471 330 1771529
435 231 2772568
329 224 1370499
431 496 292622
87 74 762137
396 58 2585187
325 321 796837
342 227 220191
346 238 3351572
325 11 4909342
318 68 132718
446 486 1377368
496 187 2738616
491 196 3482093
291 67 585835
457 476 1086570
500 24 488598
17 491 4922650
420 128 397144
433 177 2651404
199 37 4082390
368 235 1498027
59 227 4446812
133 319 2394802
357 22 2400852
414 488 179220
56 355 2079425
376 48 403818
175 432 46955
56 375 4461011
186 207 613403
170 179 2342095
146 393 1552158
458 266 3278445
6 400 2234019
314 489 2533307
179 383 1939373
297 379 2924853
213 341 2312008
208 111 78452
6 160 4885620
339 335 1477218
134 103 3835260
274 485 3075889
110 255 1759772
390 427 723636
88 128 1176911
196 407 4820516
288 436 622277
162 22 3738117
144 422 879575
258 64 2877215
357 392 3548815
219 473 1780673
10 19 2953334
415 187 277764
51 216 4688306
116 44 226774
431 267 4361097
114 155 1445771
177 220 2678
366 246 4221414
113 388 593227
422 437 2386953
269 220 4795239
136 133 2174960
42 270 1025909
249 204 2602797
404 327 2726292
323 132 716102
289 308 25352
461 308 646343
223 451 3824022
257 353 279323
482 101 4286948
379 96 1457843
303 50 3135500
164 100 3572955
391 345 1400186
93 431 865703
368 485 136053
91 277 3719535
77 110 2346136
255 105 4263406
36 180 1003995
188 25 4388913
407 399 4520163
281 79 1942993
232 70 3489852
242 137 4699192
205 248 2389260
475 255 2483124
268 51 4030631
424 213 3217433
266 208 3384418
91 119 1878487
441 466 2350164
277 8 1292042
219 493 1767570
418 380 2556147
295 344 589111
87 170 3473222
395 142 696587
417 295 4783626
67 380 3035068
347 422 2669887
46 415 4512374
41 490 2656681
436 321 3492404
381 458 3012568
114 390 4903816
249 194 4054502
277 367 2938043
391 3 517942
122 346 1953660
107 198 3117606
125 296 3278328
109 359 4611196
460 240 2593300
352 158 4348970
149 55 4683386
233 441 4125215
234 452 2293134
323 353 4537453
481 346 3945320
326 316 3669842
106 34 2581495
81 397 717579
245 454 592367
158 373 1285385
60 482 3089999
45 439 3670628
149 29 2764996
78 93 313648
278 238 1647681
258 37 536271
358 324 4149576
414 421 1719078
359 181 2444086
346 428 561566
459 178 2078156
268 16 2332051
353 441 1758639
379 436 1874477
57 154 4971003
313 4 927293
454 463 4650543
64 54 2438967
497 453 2747293
419 473 379038
183 488 2063379
183 275 378298
223 36 1929807
134 337 4034053
419 232 2220585
197 138 3603823
283 25 658302
5 338 4123531
180 49 4999014
230 64 402695
245 70 4718195
104 412 1342056
89 194 2385950
174 398 13235
360 72 99351
146 387 3440935
374 109 3552292
484 9 2474883
87 189 431196
141 434 4101256
364 58 2577037
314 5 1352301
228 439 1690294
315 18 4946903
273 202 2333101
401 338 1478024
43 304 50470
214 153 1752693
355 465 863340
222 472 4789950
485 248 1905142
139 205 3654652
257 488 3905551
498 52 2774470
342 232 3914034
271 247 361383
353 244 4981514
253 332 4622694
465 30 4436225
357 291 968255
423 25 1122730
240 115 3623709
88 331 4795570
325 41 3665290
287 335 4637786
305 115 2524023
318 107 4005126
213 395 2548707
219 429 3823498
340 153 3581128
254 102 572102
173 275 2774776
490 149 2698326
212 81 1839893
123 326 1306684
305 482 2553073
430 443 4541794
101 405 3822958
146 304 1978644
250 177 1869384
317 57 337648
174 207 595054
83 167 1631574
56 231 4839727
37 366 2897922
401 329 2183552
442 454 3237422
491 478 734536
155 39 4224354
209 267 2021646
277 236 1167085
323 367 2238491
259 460 765261
232 255 4910256
253 395 4352309
136 190 3467928
429 221 3747693
37 141 2365115
287 32 4991324
71 363 3247908
496 368 4589653
329 33 298932
35 431 852955
136 486 3883315
274 390 2024595
416 53 1515722
380 59 221043
285 47 636364
319 185 752218
489 135 42318
362 248 2283570
32 307 4444827
327 431 2576639
147 404 192595
378 31 2563961
358 340 1099433
97 177 730924
147 116 4974781
59 140 3910142
119 102 3505267
479 92 4269295
272 79 1833035
156 300 2816192
219 289 2897213
321 93 2032981
403 82 2312553
271 322 953621
151 458 4246491
281 383 2801187
436 14 1777321
319 228 746732
350 472 2419805
477 500 1753993
472 309 1155533
249 24 1248942
320 336 813178
134 199 2890024
144 148 4159370
2 425 4275996
172 428 4435795
435 250 4563414
314 45 4905243
251 242 3962110
109 492 2498470
234 151 719796
456 54 2467934
154 477 2822093
119 156 4706745
244 146 3862163
375 393 816502
147 214 1401977
187 480 1577084
1 335 2635673
357 94 4334306
262 208 1075092
288 307 4790442
371 441 992898
356 195 2074925
60 351 3334045
329 87 1757910
12 162 1805983
372 395 1712778
357 242 3369674
142 438 2611173
250 454 108902
338 7 2918967
258 267 2196935
260 323 3025885
19 443 2629679
268 199 535846
279 410 2245585
160 78 3826553
267 395 2291882
209 377 3621039
266 38 2129247
314 367 3230002
438 390 765008
419 267 3550734
254 104 2666184
245 16 647931
329 414 690678
495 447 3026298
459 260 4849748
122 3 2809862
106 67 1749561
142 272 3804385
444 122 1454898
353 63 4675950
382 323 4338669
457 5 2428880
187 74 4871734
56 495 2912453
339 132 4343573
341 251 3942201
395 13 1835806
407 287 277657
71 275 311949
63 480 2140951
106 293 4839809
205 134 292640
124 88 4042468
141 91 610289
207 458 4709144
470 387 12947
451 321 2247099
291 247 1418272
105 447 4099848
140 327 3517320
354 360 1773374
97 196 1622776
487 455 2810696
322 7 4709513
167 124 4186242
223 399 355057
254 288 3034863
10 323 1502912
206 221 547715
103 168 1817656
278 489 2112701
283 81 4897041
473 142 802878
357 222 4180627
348 137 824102
475 251 3691436
165 166 736107
393 56 950753
339 273 1108429
149 443 1322576
389 117 3116363
197 419 647193
328 183 568293
361 447 3094035
122 113 191369
395 58 4083237
231 204 913024
193 37 3866484
188 330 1883545
281 117 4736390
179 405 4670257
210 167 1971938
113 246 4796872
306 442 680473
88 170 4148327
177 119 2886187
32 71 2046891
138 375 3915817
427 345 4433613
459 446 3961693
175 180 3839875
397 221 2541685
498 327 3164436
359 234 3369397
343 134 4685809
143 92 1253719
65 261 778818
131 208 4411750
398 74 3650578
112 297 258559
70 472 1649141
258 169 4996487
20 143 1875621
245 113 1607209
183 179 804138
311 281 3045701
7 299 1991081
429 381 3430059
29 430 4809521
332 63 2820964
164 466 448074
311 354 3867279
89 159 4067963
355 362 3855941
333 208 3279086
204 2 1297683
188 480 1820619
44 214 524638
382 236 3912376
278 143 1448429
151 63 2207125
401 212 4035677
86 412 1413428
280 252 141665
175 414 800939
313 454 1360450
205 326 3385678
192 17 578395
1 309 1020981
335 268 1739187
51 46 2348360
476 300 1761357
377 273 2216674
184 419 3412671
159 158 2645808
325 23 533870
281 220 1815164
352 217 4268500
181 117 1217299
229 371 944798
374 4 4181768
81 299 4986446
84 72 2339592
323 428 1191953
98 423 3295072
60 247 3296588
446 50 508142
156 290 3120831
331 70 1733741
28 35 49638
345 236 2190033
437 231 2553501
63 320 1206203
50 115 1833966
70 3 1181282
479 123 4346182
40 359 2926061
215 121 1731903
183 193 1256557
257 292 4994128
157 356 4220526
354 116 2872503
438 257 2766424
320 461 4748145
386 37 4122543
436 359 1437409
272 123 4897641
348 90 2904478
142 410 4005298
328 30 3851277
90 335 3344525
171 33 2701543
31 43 3699280
204 149 3639019
159 149 2525464
489 376 836633
473 485 4009568
18 169 3823257
80 88 1530488
273 387 3528738
83 354 2397506
200 85 3973063
461 315 4901069
319 476 3596241
413 261 1092114
240 136 2323633
238 311 4369528
278 54 2052399
288 226 4627924
287 127 160599
436 42 176599
449 177 2297563
327 262 1947349
54 4 4183496
318 168 3753556
105 290 4936644
314 72 1677120
500 272 1010250
222 221 3288615
18 443 131293
225 64 1890903
46 99 4202877
478 122 4467377
59 58 3550620
6 278 397584
466 411 3767756
272 77 1954483
243 10 201080
169 210 424988
234 488 488596
386 12 774557
28 193 887426
495 179 487304
96 332 4147350
460 227 635020
211 474 3629879
35 270 239332
154 332 383136
281 368 567376
103 477 892258
147 235 611687
236 309 2360946
429 449 2612389
283 481 1467175
387 126 4347256
63 281 4407746
56 257 1896031
295 411 4369088
393 460 1856726
188 241 2582694
95 440 2462245
445 391 1264635
59 400 3619989
128 300 3141898
256 102 3410904
255 199 4525626
298 433 3839064
450 398 455158
283 152 1063443
100 349 2312342
483 188 2192884
479 288 4888434
369 130 2507051
228 9 2032744
449 103 2226854
286 336 133850
165 426 4855016
382 29 1765501
248 204 373783
147 369 335499
365 96 3524077
291 387 4853607
418 254 824219
205 51 3641876
401 33 1879015
399 52 257616
431 115 2474357
30 211 3152715
186 150 487827
139 228 1486723
18 122 31223
36 297 707142
346 290 3970015
339 158 4345223
318 128 1135064
74 384 1226825
368 280 2171254
383 104 2633979
284 301 3831669
33 267 84585
202 244 1271979
458 12 806072
493 289 2793943
25 416 3254913
376 132 804308
420 103 4336324
314 278 3043437
150 82 3851638
434 105 4358181
496 335 3352922
362 411 4500292
313 144 882794
359 444 3459838
99 90 264480
162 146 1621544
196 429 2052691
484 90 1328489
300 285 230224
233 279 937157
203 112 3398386
286 130 821324
132 357 4427649
485 443 957810
34 388 4379930
482 416 4227611
112 58 3132553
225 378 1381219
119 281 2297544
186 18 3701532
475 192 2687345
207 42 3783385
358 112 3464056
410 485 2764147
363 489 2672605
38 211 518161
224 176 828583
330 118 3283124
76 152 3260973
281 422 544899
122 25 3975354
274 432 2293372
181 100 2778227
167 97 3590468
470 276 3986837
203 405 2176471
214 41 4530701
404 451 3523074
58 29 4664112
48 117 3091524
71 24 4729571
7 401 1181122
317 470 166920
201 169 2046060
493 494 205016
350 331 1279837
279 218 2806613
400 114 4932043
46 104 1177451
377 370 4967628
104 145 3972849
187 365 3846927
96 335 283380
155 88 3205137
269 233 941634
377 382 3351726
262 3 1127226
419 434 70502
34 318 1801130
371 57 1869884
86 177 4768149
162 386 559064
19 41 3522760
75 199 2319722
381 58 3113616
437 328 1807061
17 112 4032871
251 174 4577767
303 411 2287367
260 458 1318129
111 6 3493160
125 335 4178159
331 309 4720505
156 109 4812176
496 461 2111599
455 105 3988336
421 180 3702946
146 317 1735622
419 468 524152
30 165 1921022
7 66 4138727
437 55 2188645
27 393 4677788
224 280 2391784
469 247 3967927
141 18 781619
48 316 3407203
186 456 115308
97 170 3837584
331 289 570668
394 238 1962538
6 171 1208558
207 27 2664324
95 279 72524
355 262 684066
119 402 1983471
266 173 2905844
230 307 4595666
420 105 1096152
358 153 783411
278 427 3155424
149 205 2959395
106 46 96710
13 349 2010540
133 225 788354
450 97 518431
382 498 2098908
387 147 1891610
60 378 2293563
192 28 1982105
493 236 3882126
290 372 820928
79 403 3582910
34 54 546554
76 83 4009124
90 102 1483964
201 306 2299056
385 73 1512934
172 214 3767832
460 195 3205392
44 16 4269334
313 152 403038
140 202 3891953
386 71 4414856
463 209 863821
80 166 1287947
141 59 945341
439 35 2427393
195 229 4742442
201 284 1076616
426 182 1348296
242 136 2544733
10 215 2949782
256 273 4512915
487 476 2005307
314 438 570329
373 83 1880753
39 159 1889449
382 229 4678629
5 472 4396465
245 176 4853025
29 126 4630725
280 300 867217
289 198 3189508
377 4 1144741
63 260 2261611
360 299 901066
122 91 4858304
492 86 2487313
355 136 1836152
277 363 4917433
228 124 3230561
429 158 521355
386 216 2668378
235 197 1992087
425 478 4109289
176 267 1898570
450 166 1272701
229 469 4528075
93 49 3026287
197 199 2933763
276 442 561454
264 390 4829413
215 209 1612186
14 24 2623043
85 293 1187209
182 270 2645912
98 319 2170873
359 261 927488
253 250 1528580
120 293 2031227
447 438 4904893
419 27 2028875
255 250 1772673
93 46 465930
292 408 2513725
287 148 679260
242 334 4869677
149 260 4474004
118 152 4554202
329 73 788535
209 207 1758141
153 16 1203836
343 12 2147277
190 12 4528231
281 266 1336115
57 474 2996727
387 269 1293505
28 447 1773715
19 378 2072715
382 172 3439616
84 11 3180010
462 274 2985011
273 13 3147051
174 87 799504
485 128 919101
136 302 1438982
70 11 3487810
378 475 1503566
233 216 4314782
450 317 3976041
182 468 2926092
215 228 3200313
332 92 4755262
96 126 4411249
170 234 3304095
75 168 2374421
370 79 4001787
75 143 1994490
276 257 2770081
7 301 1875476
47 62 4554192
191 107 1440340
240 18 1041330
286 19 1274580
43 327 3890745
233 429 819133
276 361 1069522
460 6 1934803
362 45 2757919
289 452 2789856
26 174 4338221
392 151 2945491
454 293 2782189
187 356 2265607
174 300 879985
464 252 635365
316 220 3717232
482 42 2479773
269 120 932810
170 264 4149642
430 159 2932662
83 386 2884436
349 122 322097
38 253 395912
219 186 2603385
273 123 2314354
192 338 1450624
443 420 1542146
30 313 4816312
362 454 1735111
402 257 3839736
80 95 649131
11 346 4167636
178 182 100240
113 262 4087936
483 474 3657406
372 222 256047
162 437 953385
165 302 193826
156 202 2455785
236 445 4830041
237 102 24566
126 448 2928407
357 406 54812
407 417 3986979
198 460 2959968
42 440 4820064
387 315 2306801
190 49 4772754
314 265 4903505
30 235 2754313
108 148 133758
30 9 2237573
430 310 4335353
290 162 3955030
165 6 2424136
462 231 155167
51 247 4544826
493 148 3390730
50 360 3253792
364 205 1779289
414 391 2320618
168 77 3698801
187 229 4625323
319 272 3256000
348 199 1406025
374 139 1716155
476 466 3845288
493 477 4588277
333 298 2282798
399 147 3071091
78 359 797175
155 170 2136437
77 225 2636144
61 248 2716215
386 223 57956
67 100 4227075
23 212 4365274
345 43 576128
263 82 1652501
167 458 2735123
137 389 2079569
300 210 4453377
273 257 4032062
3 351 4993175
334 200 4101086
374 197 4499979
435 164 3446450
176 201 1707261
152 418 298537
134 256 4158270
136 48 554301
201 331 1528562
357 436 2836593
52 254 2962552
248 123 2400123
152 62 4642867
180 359 1514525
221 81 3043522
165 335 1745016
79 27 4322367
270 347 2279118
352 294 2375231
303 58 2430841
197 158 2477998
20 203 207207
55 441 301961
258 341 1925740
356 90 2827742
240 135 3705355
135 150 320555
447 450 593676
79 229 3658777
165 417 4226567
265 8 2148148
219 153 930964
119 60 3858551
489 415 3061100
8 109 306668
254 193 54064
307 336 143963
28 437 2282448
89 3 2136741
450 309 2416774
141 242 666245
241 353 797602
355 108 2974223
35 388 1933284
378 204 3770275
343 105 822099
264 177 2758606
157 496 3610590
218 448 2642673
323 425 4924689
17 311 4552431
329 460 52380
386 27 4546723
500 323 1551042
33 257 2841949
447 331 4271488
42 339 4730393
191 148 4049923
285 465 3527302
385 223 3477101
10 478 970524
471 198 995717
195 145 2679650
450 163 1746903
483 223 3552296
117 199 306531
378 27 363809
73 204 1234291
251 340 2533593
214 114 2474468
493 6 4560922
246 134 2187508
444 128 2446610
201 211 3492076
394 478 2530257
385 465 4583289
200 107 4016958
180 482 162393
158 15 3240388
132 404 2306230
15 464 3809917
353 45 982897
278 154 1400759
401 202 3152654
394 48 4776687
450 126 858232
265 80 2132806
286 324 4927838
45 448 2812611
156 273 969881
447 336 1466926
80 289 2709517
310 295 3714821
81 428 882658
331 58 2179357
477 343 3166394
446 114 2458672
246 477 3945838
492 25 408475
259 128 1197322
13 28 3743504
302 477 1705415
494 54 2590140
324 468 4643432
29 213 2419428
14 406 3118972
277 402 4591962
127 237 4125458
92 68 2079919
141 358 2135693
211 341 2334435
155 458 1654194
330 497 249523
448 447 4386022
115 90 1129878
130 412 1841928
60 299 4844870
99 98 1498884
244 431 3868891
243 274 4613546
378 17 4057315
386 134 4259441
277 300 4929997
3 26 740010
34 211 2779026
91 183 4961293
134 186 2844830
32 453 4619345
315 121 1015047
255 466 1517177
202 262 386152
58 198 1010446
433 155 2992105
428 390 2040959
355 491 2034488
83 63 3570964
435 89 193081
375 316 2382255
416 280 2743764
303 450 3133819
202 260 4159216
279 197 3936847
461 109 1287098
427 45 4591835
155 214 502566
313 434 1597231
201 309 1741485
100 155 3469655
405 481 4150265
264 394 1002915
13 437 1533816
68 415 4261476
479 196 3286718
479 312 4021884
388 479 4254443
267 427 1416781
280 390 1647877
247 181 4014526
453 21 2019174
460 404 3867426
165 276 619494
267 474 4448999
117 273 3889444
277 23 4586434
29 23 4922176
356 109 379243
252 323 2315986
327 6 4172589
324 296 1355265
500 486 27019
6 379 3272480
79 237 4918919
180 8 1045986
488 433 41494
16 255 2525696
378 116 997132
479 445 2847348
488 227 1360217
210 176 2156663
317 183 1362322
239 413 1784911
284 472 4636662
166 35 2934556
289 424 3803647
76 296 3916180
269 360 3308604
116 284 4958773
213 487 3107695
125 148 4112623
454 62 231573
440 144 25754
140 60 630075
61 77 2386802
454 343 1895451
403 357 3778237
427 389 3659178
228 166 1954626
62 112 4886796
14 45 2217376
223 313 3668885
373 234 3106851
500 190 2196987
216 114 558983
293 219 4869671
290 294 2356726
23 217 1555630
493 197 1102352
443 50 4177729
12 139 3737345
215 386 2517983
136 444 2678564
138 101 2191404
375 291 320189
388 76 1003817
457 356 3621030
110 108 3138909
29 164 1426258
6 52 156075
467 35 1837641
363 386 4893825
42 405 4231546
288 205 3491294
120 8 617580
345 84 2943206
200 86 2954308
414 9 822220
109 284 4540156
162 63 444548
403 328 700316
246 230 4162793
146 65 4380703
265 188 2008423
354 394 2983197
305 260 1703472
374 345 3863304
424 265 2553659
6 276 3377123
316 68 1038477
67 92 4335870
22 478 4820353
27 321 1219930
145 203 3364231
339 202 4890600
434 351 2469922
311 94 4463584
28 342 4294052
249 143 4803240
279 163 2865513
57 455 1215110
123 449 1700636
243 29 2742188
274 36 3544892
259 34 3736152
442 381 202783
129 307 3261363
429 97 3199624
24 147 353784
159 80 1833378
320 212 1132281
151 354 4953903
253 316 1175608
219 280 2591615
288 468 2414720
351 498 4683608
79 51 1235238
25 484 3952613
9 18 1893844
301 57 4277746
325 398 1141410
298 85 4345710
124 423 764984
460 344 250788
60 375 4562301
4 385 3618900
282 313 477001
420 148 3766268
286 410 329325
153 481 1939857
488 118 1562669
421 65 391340
186 206 4409391
256 108 1388424
208 163 2920978
273 83 3875590
38 354 253529
493 147 3476610
84 231 1574042
184 114 4165340
31 23 3712388
360 219 532795
191 454 830263
253 258 1917623
107 348 1182972
339 16 4513187
237 178 4610853
40 238 2497845
322 352 467424
318 152 1703271
82 275 3423790
267 189 82184
4 452 4728791
458 121 175126
403 231 396134
469 145 3207777
74 480 4726762
363 333 4001622
447 407 986532
402 325 4252864
218 308 3184632
275 489 4496987
60 472 1139290
180 1 2063353
232 335 1738173
118 88 4842437
237 342 1940616
282 49 2553277
15 302 4102244
314 328 1887328
191 279 828684
267 162 4019430
282 220 501561
13 388 2802014
228 117 2590547
376 338 3576386
129 55 481497
294 9 1126663
278 361 1058674
446 441 937950
358 190 2667484
104 25 1154808
165 127 4049503
383 394 1796242
288 422 580287
90 95 4242371
494 96 3781545
353 6 2930493
290 461 1689720
453 476 1504404
441 105 848108
120 83 593475
355 473 506671
472 148 2683664
305 154 2795559
325 61 2968972
291 455 4409758
188 199 3671546
440 148 838340
66 389 1015527
187 465 390079
474 160 3087542
250 118 1422172
341 336 1637095
278 46 3314581
30 369 1412154
32 7 3719185
199 386 4361831
224 459 532370
478 375 3288227
373 131 1213274
451 37 671378
158 2 1709
304 241 2789684
49 260 3480614
108 328 2626054
97 342 1185261
399 176 420034
126 50 1841465
116 367 424194
428 215 1999374
18 86 1079947
344 233 41412
19 487 3788113
2 237 4011044
311 128 2275039
191 182 1827616
130 56 3297848
160 355 2871010
346 255 2982288
253 148 2023549
404 54 2932787
135 379 3007471
94 152 4533308
192 25 3190799
9 225 2983985
257 230 3270186
333 411 3758366
155 428 4739975
465 69 3177897
198 136 57934
380 75 4215710
480 337 2391479
397 448 107115
254 351 3762015
107 410 3396469
389 70 2339627
141 246 3638686
313 453 4593685
45 337 4142407
227 331 4244637
263 280 3577034
317 486 3495871
312 496 2448425
486 26 4702673
308 89 2224461
193 326 2592593
494 347 1581136
344 364 4645233
332 222 3673099
331 174 2398569
1 218 1027941
408 388 1748895
233 351 2197509
62 249 2261390
127 28 1255897
480 496 587301
347 324 1731128
30 47 4481989
248 4 2766597
199 88 1056404
68 30 3852153
82 91 3136801
408 416 2626908
154 144 4126793
488 438 545843
294 142 331008
231 483 2352168
145 134 3840846
370 457 2864737
364 272 4461798
436 282 2140053
298 116 2039900
426 256 3936408
84 319 4087007
101 144 2702263
45 305 4421451
244 488 4825141
261 491 93693
22 410 345538
287 92 1464025
385 312 2766370
363 144 1997289
84 496 3545577
289 474 2115202
218 380 1921933
441 201 3153445
499 382 790276
1 397 1685688
473 392 2440070
130 498 2508643
231 71 2779333
13 181 4595554
245 378 1214265
121 479 3634650
427 93 3067743
476 492 958999
5 317 3456851
319 218 677960
66 341 4149756
367 341 2169581
244 339 30374
103 146 4863040
235 179 3624110
206 261 2333907
324 469 1476056
332 448 2587555
107 158 4276978
456 353 4096022
92 119 237862
432 56 4946718
115 296 3575569
497 195 898684
331 110 4452308
90 13 4766788
141 232 3032636
337 383 2410793
128 34 2684502
108 263 139187
434 246 2270124
461 23 3097431
108 236 1007611
497 390 3419243
354 403 1167769
205 311 1772464
41 150 3922110
353 215 2868049
382 3 1363504
333 345 4248843
107 125 4001383
33 242 3521219
144 296 3906749
217 325 4469833
274 378 1237963
481 364 1275040
259 404 2574153
72 13 3986766
397 442 377788
172 487 2017095
50 197 2473755
125 64 3791046
455 444 4976482
197 73 3511214
23 284 1369007
117 92 809256
437 220 3036002
221 362 140176
460 59 4138768
417 64 2606470
329 101 4867461
304 417 2397390
101 402 1763487
29 172 1845900
27 210 4689347
163 463 1754950
332 67 709158
330 229 2388036
89 161 3073372
171 382 1669695
140 395 3734705
13 221 1342771
293 462 4386173
215 19 3771818
211 468 3592980
452 36 763679
357 397 2441097
115 283 1697455
222 163 249277
9 97 2086106
47 483 4770500
299 180 4028380
179 462 1235542
403 396 617759
248 296 292882
132 31 4425737
131 155 2399492
245 175 1849842
23 468 3611469
43 71 2534196
168 289 760933
178 76 890627
290 460 2061340
492 471 4263903
222 284 1809432
62 182 4208351
229 127 1542751
465 189 2863427
453 287 4271071
380 238 635005
446 239 2125781
484 417 2372809
446 410 2902499
475 172 2084524
180 138 1903776
115 226 4177142
443 22 4446082
335 205 4622241
302 295 2297679
356 484 1838934
477 337 2293167
476 214 542678
63 11 3353179
137 479 3113381
230 59 4933234
161 139 3416915
174 341 4593791
246 476 4003254
233 229 2757491
184 54 1523168
334 16 4688987
343 424 3926039
349 431 2476277
21 63 1616111
367 333 1750025
144 57 4175781
497 289 2567551
424 436 3005023
244 242 3492514
247 326 3573248
186 203 1413893
114 178 4729126
462 491 774244
372 255 3091810
119 8 392029
239 167 1129858
110 17 4114355
47 227 1982774
490 239 1168795
225 465 1104928
248 91 927878
496 105 1899565
333 166 158030
255 48 1697781
376 371 1642312
224 351 796262
187 221 2598361
430 307 4308054
330 441 3598757
322 395 1656995
77 427 4519596
123 491 666234
464 158 2986690
394 232 1953121
417 435 1218786
12 211 3852558
40 428 3292245
331 121 252164
22 271 531140
398 160 2679358
152 57 415359
241 380 4847272
429 305 1742590
333 122 4569988
228 221 4198874
412 119 1483756
403 420 2800362
471 428 4048533
459 6 558793
407 487 4695848
326 351 911579
313 325 162704
29 75 4981623
196 428 4675399
102 434 3396274
423 49 4913660
362 169 4382481
158 308 1581686
309 320 2661911
477 85 2552975
272 70 351589
42 161 291742
108 140 2632298
154 288 1254471
18 132 688723
397 250 2830129
208 255 3191037
417 479 1856079
480 51 767216
392 217 3311965
375 422 3839765
379 23 4894392
158 390 1973055
308 73 3258356
172 485 791789
395 60 423675
403 307 621312
40 222 3399770
63 209 939709
261 246 3035050
1 112 2866651
148 199 3202198
348 208 2464821
217 269 3412929
78 386 3787833
413 456 781117
136 156 171130
433 240 702449
69 305 3780591
53 140 4646169
42 95 412415
64 373 1300393
58 224 2937131
65 306 3549811
123 433 2567146
9 474 1380207
183 121 4717018
40 492 3496125
74 3 955035
95 325 3024836
493 324 2956361
493 194 4278121
241 385 747301
22 175 1842676
122 273 4441072
352 484 3662088
230 198 3035383
456 68 1944579
438 496 3842176
242 19 2308857
113 28 3103995
23 176 3511898
68 71 322690
315 177 39199
493 191 1181992
407 351 3214479
197 468 4673768
172 327 3519803
168 361 2375162
50 236 1461748
214 322 1954310
497 218 1408533
164 327 850837
194 439 4001424
366 469 2003576
411 90 554911
192 303 468355
439 257 3833336
240 220 3851664
179 370 1917361
86 181 3786571
214 386 2016237
181 98 3440817
447 246 3176875
163 499 4998135
497 472 3068499
110 163 4432644
40 400 692963
357 400 2678936
9 32 517488
32 288 2532471
35 361 4979901
57 143 952676
446 236 439435
148 341 1192341
315 230 159449
89 330 2004552
289 472 1952598
273 64 478528
412 415 2855364
285 494 1637139
69 448 3328713
290 373 3352571
419 187 4083224
398 384 4727112
489 438 4195326
90 127 892757
163 133 697362
116 150 992026
479 144 1050423
461 384 1910827
248 322 1854531
183 101 1602348
54 294 4859462
133 126 2057173
384 253 942105
23 352 2569891
142 226 1140987
400 33 2453855
16 317 2687226
423 320 3141799
337 86 790819
288 34 3462286
33 213 1875231
402 489 1085271
51 393 355933
303 86 2531080
306 485 1213633
76 274 2890188
405 413 4142644
468 69 2288006
257 192 2628267
278 362 32172
368 90 4501015
410 158 3745816
36 471 198476
475 21 504257
27 206 1255587
81 426 4560160
477 210 1638968
201 473 110466
236 356 4945988
91 135 3432361
264 120 4675204
187 57 1356777
499 350 707744
299 446 4180980
441 3 2682269
77 232 483666
112 167 1251751
90 394 4371504
289 142 3215842
123 300 552307
40 499 3984529
120 480 955720
323 374 4899795
116 123 552987
265 292 2761885
63 358 4168375
284 350 1283075
103 100 3586931
69 162 2584032
187 200 2868197
228 428 3114557
32 91 2742437
157 196 840856
398 112 476402
221 421 3232590
132 485 734893
345 311 4191660
141 462 4384931
205 394 2974015
148 189 3754867
452 237 2787295
151 294 4575340
420 79 4092103
487 180 1185289
334 111 4231844
346 205 3390962
55 69 2006903
282 195 2623078
287 305 3941964
30 243 2300563
55 350 707273
1 474 3663557
7 197 859455
315 275 1672121
262 15 2312264
401 61 4681547
193 156 3396237
316 137 4772475
255 128 4445252
44 459 1892021
157 152 2268828
119 27 3455638
166 119 2365992
70 390 4384688
404 214 2959508
416 454 1635163
121 303 2225641
103 2 3041015
87 73 134653
200 142 1924549
441 88 3170613
262 259 1278437
162 393 3584742
4 305 1949700
30 286 3138120
18 287 290231
481 45 757436
48 458 3510613
233 139 2823532
71 81 1733662
397 89 1417561
301 104 2100577
317 34 4985318
139 384 406057
341 218 3572211
366 40 18798
81 231 2576058
98 122 2568029
346 30 3721597
288 99 1737362
102 430 3086444
84 236 4910422
197 338 1258186
322 224 363728
98 69 3928019
422 457 1616849
282 170 2353721
425 85 3983510
41 499 1187357
15 250 2380282
477 38 2344385
259 81 2251201
381 15 4198521
465 443 1653829
143 7 2625373
500 271 2883154
158 128 4331939
387 300 3431110
289 70 218097
455 60 323749
376 168 1564841
260 376 3941401
24 183 620476
25 454 2695575
334 491 3922518
328 58 4136804
86 339 3131572
187 450 264127
212 220 3078163
74 148 3205250
105 180 4042887
97 354 1450728
411 369 4550767
381 265 1325349
67 160 630894
211 482 1015319
432 455 2996927
178 157 2559652
36 1 1382258
122 266 4246746
380 255 1779787
18 363 3547012
158 367 1977782
83 189 2845661
289 153 3119802
284 143 1806276
175 426 1977414
365 485 538814
453 269 4392737
187 161 4949950
148 281 3952285
252 234 1199099
392 398 4933749
433 181 409295
297 323 4378780
197 84 2622460
83 304 3578417
285 330 519976
42 277 1156992
365 397 3572792
62 367 4324928
432 248 4139529
156 117 4496071
473 391 739391
65 491 974459
410 477 3260816
231 383 1712827
59 245 952272
253 75 2989541
486 115 3676017
32 39 4784142
138 181 662296
379 486 2274795
322 83 1628748
85 258 442246
280 120 863757
168 66 409202
470 347 4008555
204 440 3005848
383 374 2302757
21 450 1124532
345 485 316510
352 144 2235439
237 224 4254674
323 386 1720608
426 349 2977451
244 384 4138826
117 395 2940923
220 291 3980646
461 292 3828079
34 338 1047928
19 349 1809032
190 316 2857146
340 454 2514151
341 14 2879687
133 12 3293924
274 178 2167218
114 456 1846227
218 366 4014976
401 234 4904310
168 118 911234
304 117 3318133
194 398 4004531
220 53 3713189
454 179 1833967
397 73 2429980
59 284 3129725
215 250 1799325
167 430 1065678
449 225 287329
43 276 807286
353 349 4911292
34 182 900758
93 313 563033
38 226 1242690
448 85 1938490
350 72 2544578
107 229 2226429
143 103 3304693
486 164 4411528
264 156 4251193
49 169 3472995
242 442 548634
18 293 1329552
448 407 1138166
24 474 2281235
8 406 2645286
415 191 2770900
375 320 3683310
471 441 2555668
488 195 4724960
57 436 4402312
477 144 4413466
240 214 3311232
226 15 4180113
365 82 1206887
67 444 4273225
276 280 3312660
490 355 3204690
302 393 2952641
155 321 4414047
303 254 2516169
125 223 3047034
235 199 811724
272 423 456268
433 36 2038649
343 28 1002733
315 165 4531738
77 208 3936661
247 284 133651
402 398 2410385
476 206 1806297
264 413 1670420
186 231 2508633
172 5 288509
340 144 2090261
392 205 4891542
163 34 381310
375 1 3686143
202 90 27743
97 419 212550
412 296 993864
54 12 4067292
399 248 395334
21 473 2797871
73 186 599698
317 254 2800580
188 23 1460527
69 268 3155797
304 35 2457001
189 360 2946406
298 425 4149291
434 391 2263905
456 297 1782068
159 34 1565250
1 453 2929589
75 186 4293366
234 270 3702920
336 396 2149367
89 299 1336650
163 280 2992059
83 96 4163092
187 460 3711097
19 325 4668839
432 445 4895700
28 39 2724133
233 185 2300961
52 492 637115
225 130 1889260
253 261 2887017
444 147 4473083
400 178 4588634
131 254 2925986
164 151 2842825
281 228 2073040
35 255 2401935
20 453 2350207
183 290 2367978
264 396 4087439
341 146 882248
249 27 3768315
112 339 1646692
197 137 4862039
18 289 4930956
431 313 1966417
210 120 4018008
423 500 1174784
199 379 3144575
315 317 7267
437 414 4520831
247 397 888697
493 341 2232679
109 242 1751836
420 60 987328
73 11 2206936
485 327 543088
271 142 97708
402 414 2463025
208 312 1178242
76 269 1034848
416 234 2038015
167 46 2677965
348 22 2989947
46 197 4193832
387 432 2358837
151 382 2492008
212 488 2199892
337 272 3332875
136 405 792522
71 245 4654814
149 81 4468889
163 331 4664015
144 264 2775199
209 375 1846753
221 389 4567083
146 324 1038922
75 436 3926216
483 358 213292
68 430 3868286
464 94 2605763
102 484 2969799
126 81 2603614
373 256 2027338
367 362 2726534
35 21 2724983
454 263 3061485
44 477 989549
436 443 2634122
439 224 1154352
379 33 6771
275 368 689618
441 304 3490821
292 308 876343
152 177 2120241
499 257 4634537
408 191 3131775
409 63 1684004
351 59 333150
31 38 4850761
84 48 839908
484 322 3104961
364 330 3474476
384 197 1611980
406 380 4500075
223 236 4661505
233 104 2010497
211 492 229242
455 450 1565380
443 462 2282956
97 178 4630556
414 112 1190473
291 162 2953124
190 257 608011
152 361 4353070
388 310 4981067
5 284 2543632
164 94 4138669
471 340 2784073
303 424 2419777
277 442 3130037
464 159 3530994
203 471 1531746
42 271 178394
255 125 2021297
295 401 2020023
483 153 778915
393 65 4661188
128 455 1409661
92 103 2766619
289 44 4284941
269 101 4935415
349 435 4991750
199 275 3027129
410 408 197479
198 389 1019092
497 429 2013633
173 491 3146675
485 231 3761089
88 446 1676448
416 478 1729492
166 91 2549920
440 369 4106124
325 143 688172
137 287 1482364
385 69 788293
111 105 4084448
122 410 3963754
131 183 4061777
493 56 3751016
368 38 2341118
195 27 1496688
428 100 4454848
483 193 3724712
10 430 3632352
353 203 2591777
221 225 3723356
270 273 4566153
309 115 2818034
128 467 213485
453 356 3863907
299 244 3042456
221 299 4463147
358 199 4552869
26 194 4362189
371 43 3650378
48 353 896870
364 169 1652669
43 207 3221544
66 352 2820222
260 162 1951362
111 205 4215602
422 2 2641846
185 97 3187451
125 433 1374335
10 15 295192
223 80 3682670
88 224 3838316
34 473 7196
164 272 435953
468 90 4032372
185 4 4745293
172 138 3383453
264 42 3843113
227 85 624721
54 142 1149423
154 54 1993606
408 28 3096896
448 109 2968370
327 362 833247
432 190 4688579
304 173 441158
289 334 2991862
251 240 2779759
167 320 3678781
408 160 3470437
45 273 4661185
481 76 1902177
500 98 3877078
179 69 4207938
195 153 2570302
471 365 534266
91 479 2287568
283 498 1817332
437 227 1750067
285 278 3828683
234 142 3298030
27 336 1949600
89 368 2980841
94 397 4608598
223 316 1603242
339 323 126933
41 219 239429
243 87 4798666
162 457 1922520
43 166 1625448
482 262 1998151
108 160 17084
378 237 2815996
30 22 869799
278 447 1135699
245 244 4938240
216 300 2827575
381 30 1562382
330 265 3194081
318 451 872888
443 484 2250644
161 456 3444966
464 374 3577863
237 119 4502676
131 283 4926535
267 439 4159915
158 175 2127746
304 77 1470960
370 381 92211
463 171 4853571
101 82 1470738
306 329 3524363
352 283 6457
489 203 4343683
429 106 277248
477 441 88149
263 367 3905350
73 423 49856
475 41 1038438
462 334 3290235
254 386 2685187
386 227 2742650
195 32 4124652
326 437 2085538
61 221 1535838
430 419 3295888
46 166 2201682
130 331 1092231
32 92 4774956
132 389 272877
49 377 309362
92 445 4153486
109 354 3294571
198 269 3766696
477 13 4516921
366 247 3889266
1 269 3364516
183 315 1087619
269 324 3751218
254 237 1872180
498 436 1058751
183 128 4211604
308 168 3969455
487 345 1841255
18 248 4737028
326 355 526168
76 268 4497211
216 82 510551
453 304 281244
287 201 3750148
14 208 3344090
458 252 4212091
6 282 382800
77 499 4431653
220 253 571913
172 205 2513173
312 256 2504085
81 451 4821979
318 28 3430537
361 116 2279876
235 496 3121927
193 442 598690
156 247 2101469
449 326 4333609
361 21 2006579
460 325 1798685
78 205 2154095
497 494 3208666
485 376 2502043
222 52 2225742
207 298 1822748
437 308 969598
73 179 2459623
344 285 4671966
178 360 4159617
125 315 2853327
144 170 4901273
82 431 3385595
386 173 216801
423 273 3891020
88 428 1451865
202 187 111275
40 329 4758662
361 97 854419
349 482 4680134
212 358 1597571
6 206 4638136
79 78 858786
328 307 509119
341 387 2735350
437 282 4089566
400 141 4591525
127 21 2309759
475 64 287735
294 74 2396498
304 216 4670296
27 285 1964940
378 428 2846151
423 84 763844
379 457 4984515
373 420 1002914
325 277 1948570
444 252 4824319
421 131 3801707
239 363 1693154
284 467 1539654
330 446 2616397
292 452 2390150
400 496 4093625
301 332 2630848
407 473 1335100
278 388 600298
312 151 1618332
440 96 4539963
114 145 3264385
264 133 3754388
11 451 1682019
288 271 4694374
175 1 1035391
273 177 3331423
483 36 202429
239 495 4548118
