2002
20 200 2000
21 22 20
23 22 20
20 24 23
24 25 20
26 25 20
20 27 26
27 28 20
29 28 20
20 30 29
30 31 20
32 31 20
20 33 32
33 34 20
35 34 20
20 36 35
36 37 20
38 37 20
20 39 38
39 40 20
41 40 20
20 42 41
42 43 20
44 43 20
20 45 44
45 46 20
47 46 20
20 48 47
48 49 20
50 49 20
20 51 50
51 52 20
53 52 20
20 54 53
54 55 20
56 55 20
20 57 56
57 58 20
59 58 20
20 60 59
60 61 20
62 61 20
20 63 62
63 64 20
65 64 20
20 66 65
66 67 20
68 67 20
20 69 68
69 70 20
71 70 20
20 72 71
72 73 20
74 73 20
20 75 74
75 76 20
77 76 20
20 78 77
78 79 20
80 79 20
20 81 80
81 82 20
83 82 20
20 84 83
84 85 20
86 85 20
20 87 86
87 88 20
89 88 20
20 90 89
90 91 20
92 91 20
20 93 92
93 94 20
95 94 20
20 96 95
96 97 20
98 97 20
20 99 98
99 100 20
101 100 20
20 102 101
102 103 20
104 103 20
20 105 104
105 106 20
107 106 20
20 108 107
108 109 20
110 109 20
20 111 110
111 112 20
113 112 20
20 114 113
114 115 20
116 115 20
20 117 116
117 118 20
119 118 20
20 120 119
120 121 20
122 121 20
20 123 122
123 124 20
125 124 20
20 126 125
126 127 20
128 127 20
20 129 128
129 130 20
131 130 20
20 132 131
132 133 20
134 133 20
20 135 134
135 136 20
137 136 20
20 138 137
138 139 20
140 139 20
20 141 140
141 142 20
143 142 20
20 144 143
144 145 20
146 145 20
20 147 146
147 148 20
149 148 20
20 150 149
150 151 20
152 151 20
20 153 152
153 154 20
155 154 20
20 156 155
156 157 20
158 157 20
20 159 158
159 160 20
161 160 20
20 162 161
162 163 20
164 163 20
20 165 164
165 166 20
167 166 20
20 168 167
168 169 20
170 169 20
20 171 170
171 172 20
173 172 20
20 174 173
174 175 20
176 175 20
20 177 176
177 178 20
179 178 20
20 180 179
180 181 20
182 181 20
20 183 182
183 184 20
185 184 20
20 186 185
186 187 20
188 187 20
20 189 188
189 190 20
191 190 20
20 192 191
192 193 20
194 193 20
20 195 194
195 196 20
197 196 20
20 198 197
198 199 20
200 199 20
201 202 200
203 202 200
200 204 203
204 205 200
206 205 200
200 207 206
207 208 200
209 208 200
200 210 209
210 211 200
212 211 200
200 213 212
213 214 200
215 214 200
200 216 215
216 217 200
218 217 200
200 219 218
219 220 200
221 220 200
200 222 221
222 223 200
224 223 200
200 225 224
225 226 200
227 226 200
200 228 227
228 229 200
230 229 200
200 231 230
231 232 200
233 232 200
200 234 233
234 235 200
236 235 200
200 237 236
237 238 200
239 238 200
200 240 239
240 241 200
242 241 200
200 243 242
243 244 200
245 244 200
200 246 245
246 247 200
248 247 200
200 249 248
249 250 200
251 250 200
200 252 251
252 253 200
254 253 200
200 255 254
255 256 200
257 256 200
200 258 257
258 259 200
260 259 200
200 261 260
261 262 200
263 262 200
200 264 263
264 265 200
266 265 200
200 267 266
267 268 200
269 268 200
200 270 269
270 271 200
272 271 200
200 273 272
273 274 200
275 274 200
200 276 275
276 277 200
278 277 200
200 279 278
279 280 200
281 280 200
200 282 281
282 283 200
284 283 200
200 285 284
285 286 200
287 286 200
200 288 287
288 289 200
290 289 200
200 291 290
291 292 200
293 292 200
200 294 293
294 295 200
296 295 200
200 297 296
297 298 200
299 298 200
200 300 299
300 301 200
302 301 200
200 303 302
303 304 200
305 304 200
200 306 305
306 307 200
308 307 200
200 309 308
309 310 200
311 310 200
200 312 311
312 313 200
314 313 200
200 315 314
315 316 200
317 316 200
200 318 317
318 319 200
320 319 200
200 321 320
321 322 200
323 322 200
200 324 323
324 325 200
326 325 200
200 327 326
327 328 200
329 328 200
200 330 329
330 331 200
332 331 200
200 333 332
333 334 200
335 334 200
200 336 335
336 337 200
338 337 200
200 339 338
339 340 200
341 340 200
200 342 341
342 343 200
344 343 200
200 345 344
345 346 200
347 346 200
200 348 347
348 349 200
350 349 200
200 351 350
351 352 200
353 352 200
200 354 353
354 355 200
356 355 200
200 357 356
357 358 200
359 358 200
200 360 359
360 361 200
362 361 200
200 363 362
363 364 200
365 364 200
200 366 365
366 367 200
368 367 200
200 369 368
369 370 200
371 370 200
200 372 371
372 373 200
374 373 200
200 375 374
375 376 200
377 376 200
200 378 377
378 379 200
380 379 200
200 381 380
381 382 200
383 382 200
200 384 383
384 385 200
386 385 200
200 387 386
387 388 200
389 388 200
200 390 389
390 391 200
392 391 200
200 393 392
393 394 200
395 394 200
200 396 395
396 397 200
398 397 200
200 399 398
399 400 200
401 400 200
200 402 401
402 403 200
404 403 200
200 405 404
405 406 200
407 406 200
200 408 407
408 409 200
410 409 200
200 411 410
411 412 200
413 412 200
200 414 413
414 415 200
416 415 200
200 417 416
417 418 200
419 418 200
200 420 419
420 421 200
422 421 200
200 423 422
423 424 200
425 424 200
200 426 425
426 427 200
428 427 200
200 429 428
429 430 200
431 430 200
200 432 431
432 433 200
434 433 200
200 435 434
435 436 200
437 436 200
200 438 437
438 439 200
440 439 200
200 441 440
441 442 200
443 442 200
200 444 443
444 445 200
446 445 200
200 447 446
447 448 200
449 448 200
200 450 449
450 451 200
452 451 200
200 453 452
453 454 200
455 454 200
200 456 455
456 457 200
458 457 200
200 459 458
459 460 200
461 460 200
200 462 461
462 463 200
464 463 200
200 465 464
465 466 200
467 466 200
200 468 467
468 469 200
470 469 200
200 471 470
471 472 200
473 472 200
200 474 473
474 475 200
476 475 200
200 477 476
477 478 200
479 478 200
200 480 479
480 481 200
482 481 200
200 483 482
483 484 200
485 484 200
200 486 485
486 487 200
488 487 200
200 489 488
489 490 200
491 490 200
200 492 491
492 493 200
494 493 200
200 495 494
495 496 200
497 496 200
200 498 497
498 499 200
500 499 200
200 501 500
501 502 200
503 502 200
200 504 503
504 505 200
506 505 200
200 507 506
507 508 200
509 508 200
200 510 509
510 511 200
512 511 200
200 513 512
513 514 200
515 514 200
200 516 515
516 517 200
518 517 200
200 519 518
519 520 200
521 520 200
200 522 521
522 523 200
524 523 200
200 525 524
525 526 200
527 526 200
200 528 527
528 529 200
530 529 200
200 531 530
531 532 200
533 532 200
200 534 533
534 535 200
536 535 200
200 537 536
537 538 200
539 538 200
200 540 539
540 541 200
542 541 200
200 543 542
543 544 200
545 544 200
200 546 545
546 547 200
548 547 200
200 549 548
549 550 200
551 550 200
200 552 551
552 553 200
554 553 200
200 555 554
555 556 200
557 556 200
200 558 557
558 559 200
560 559 200
200 561 560
561 562 200
563 562 200
200 564 563
564 565 200
566 565 200
200 567 566
567 568 200
569 568 200
200 570 569
570 571 200
572 571 200
200 573 572
573 574 200
575 574 200
200 576 575
576 577 200
578 577 200
200 579 578
579 580 200
581 580 200
200 582 581
582 583 200
584 583 200
200 585 584
585 586 200
587 586 200
200 588 587
588 589 200
590 589 200
200 591 590
591 592 200
593 592 200
200 594 593
594 595 200
596 595 200
200 597 596
597 598 200
599 598 200
200 600 599
600 601 200
602 601 200
200 603 602
603 604 200
605 604 200
200 606 605
606 607 200
608 607 200
200 609 608
609 610 200
611 610 200
200 612 611
612 613 200
614 613 200
200 615 614
615 616 200
617 616 200
200 618 617
618 619 200
620 619 200
200 621 620
621 622 200
623 622 200
200 624 623
624 625 200
626 625 200
200 627 626
627 628 200
629 628 200
200 630 629
630 631 200
632 631 200
200 633 632
633 634 200
635 634 200
200 636 635
636 637 200
638 637 200
200 639 638
639 640 200
641 640 200
200 642 641
642 643 200
644 643 200
200 645 644
645 646 200
647 646 200
200 648 647
648 649 200
650 649 200
200 651 650
651 652 200
653 652 200
200 654 653
654 655 200
656 655 200
200 657 656
657 658 200
659 658 200
200 660 659
660 661 200
662 661 200
200 663 662
663 664 200
665 664 200
200 666 665
666 667 200
668 667 200
200 669 668
669 670 200
671 670 200
200 672 671
672 673 200
674 673 200
200 675 674
675 676 200
677 676 200
200 678 677
678 679 200
680 679 200
200 681 680
681 682 200
683 682 200
200 684 683
684 685 200
686 685 200
200 687 686
687 688 200
689 688 200
200 690 689
690 691 200
692 691 200
200 693 692
693 694 200
695 694 200
200 696 695
696 697 200
698 697 200
200 699 698
699 700 200
701 700 200
200 702 701
702 703 200
704 703 200
200 705 704
705 706 200
707 706 200
200 708 707
708 709 200
710 709 200
200 711 710
711 712 200
713 712 200
200 714 713
714 715 200
716 715 200
200 717 716
717 718 200
719 718 200
200 720 719
720 721 200
722 721 200
200 723 722
723 724 200
725 724 200
200 726 725
726 727 200
728 727 200
200 729 728
729 730 200
731 730 200
200 732 731
732 733 200
734 733 200
200 735 734
735 736 200
737 736 200
200 738 737
738 739 200
740 739 200
200 741 740
741 742 200
743 742 200
200 744 743
744 745 200
746 745 200
200 747 746
747 748 200
749 748 200
200 750 749
750 751 200
752 751 200
200 753 752
753 754 200
755 754 200
200 756 755
756 757 200
758 757 200
200 759 758
759 760 200
761 760 200
200 762 761
762 763 200
764 763 200
200 765 764
765 766 200
767 766 200
200 768 767
768 769 200
770 769 200
200 771 770
771 772 200
773 772 200
200 774 773
774 775 200
776 775 200
200 777 776
777 778 200
779 778 200
200 780 779
780 781 200
782 781 200
200 783 782
783 784 200
785 784 200
200 786 785
786 787 200
788 787 200
200 789 788
789 790 200
791 790 200
200 792 791
792 793 200
794 793 200
200 795 794
795 796 200
797 796 200
200 798 797
798 799 200
800 799 200
200 801 800
801 802 200
803 802 200
200 804 803
804 805 200
806 805 200
200 807 806
807 808 200
809 808 200
200 810 809
810 811 200
812 811 200
200 813 812
813 814 200
815 814 200
200 816 815
816 817 200
818 817 200
200 819 818
819 820 200
821 820 200
200 822 821
822 823 200
824 823 200
200 825 824
825 826 200
827 826 200
200 828 827
828 829 200
830 829 200
200 831 830
831 832 200
833 832 200
200 834 833
834 835 200
836 835 200
200 837 836
837 838 200
839 838 200
200 840 839
840 841 200
842 841 200
200 843 842
843 844 200
845 844 200
200 846 845
846 847 200
848 847 200
200 849 848
849 850 200
851 850 200
200 852 851
852 853 200
854 853 200
200 855 854
855 856 200
857 856 200
200 858 857
858 859 200
860 859 200
200 861 860
861 862 200
863 862 200
200 864 863
864 865 200
866 865 200
200 867 866
867 868 200
869 868 200
200 870 869
870 871 200
872 871 200
200 873 872
873 874 200
875 874 200
200 876 875
876 877 200
878 877 200
200 879 878
879 880 200
881 880 200
200 882 881
882 883 200
884 883 200
200 885 884
885 886 200
887 886 200
200 888 887
888 889 200
890 889 200
200 891 890
891 892 200
893 892 200
200 894 893
894 895 200
896 895 200
200 897 896
897 898 200
899 898 200
200 900 899
900 901 200
902 901 200
200 903 902
903 904 200
905 904 200
200 906 905
906 907 200
908 907 200
200 909 908
909 910 200
911 910 200
200 912 911
912 913 200
914 913 200
200 915 914
915 916 200
917 916 200
200 918 917
918 919 200
920 919 200
200 921 920
921 922 200
923 922 200
200 924 923
924 925 200
926 925 200
200 927 926
927 928 200
929 928 200
200 930 929
930 931 200
932 931 200
200 933 932
933 934 200
935 934 200
200 936 935
936 937 200
938 937 200
200 939 938
939 940 200
941 940 200
200 942 941
942 943 200
944 943 200
200 945 944
945 946 200
947 946 200
200 948 947
948 949 200
950 949 200
200 951 950
951 952 200
953 952 200
200 954 953
954 955 200
956 955 200
200 957 956
957 958 200
959 958 200
200 960 959
960 961 200
962 961 200
200 963 962
963 964 200
965 964 200
200 966 965
966 967 200
968 967 200
200 969 968
969 970 200
971 970 200
200 972 971
972 973 200
974 973 200
200 975 974
975 976 200
977 976 200
200 978 977
978 979 200
980 979 200
200 981 980
981 982 200
983 982 200
200 984 983
984 985 200
986 985 200
200 987 986
987 988 200
989 988 200
200 990 989
990 991 200
992 991 200
200 993 992
993 994 200
995 994 200
200 996 995
996 997 200
998 997 200
200 999 998
999 1000 200
1001 1000 200
200 1002 1001
1002 1003 200
1004 1003 200
200 1005 1004
1005 1006 200
1007 1006 200
200 1008 1007
1008 1009 200
1010 1009 200
200 1011 1010
1011 1012 200
1013 1012 200
200 1014 1013
1014 1015 200
1016 1015 200
200 1017 1016
1017 1018 200
1019 1018 200
200 1020 1019
1020 1021 200
1022 1021 200
200 1023 1022
1023 1024 200
1025 1024 200
200 1026 1025
1026 1027 200
1028 1027 200
200 1029 1028
1029 1030 200
1031 1030 200
200 1032 1031
1032 1033 200
1034 1033 200
200 1035 1034
1035 1036 200
1037 1036 200
200 1038 1037
1038 1039 200
1040 1039 200
200 1041 1040
1041 1042 200
1043 1042 200
200 1044 1043
1044 1045 200
1046 1045 200
200 1047 1046
1047 1048 200
1049 1048 200
200 1050 1049
1050 1051 200
1052 1051 200
200 1053 1052
1053 1054 200
1055 1054 200
200 1056 1055
1056 1057 200
1058 1057 200
200 1059 1058
1059 1060 200
1061 1060 200
200 1062 1061
1062 1063 200
1064 1063 200
200 1065 1064
1065 1066 200
1067 1066 200
200 1068 1067
1068 1069 200
1070 1069 200
200 1071 1070
1071 1072 200
1073 1072 200
200 1074 1073
1074 1075 200
1076 1075 200
200 1077 1076
1077 1078 200
1079 1078 200
200 1080 1079
1080 1081 200
1082 1081 200
200 1083 1082
1083 1084 200
1085 1084 200
200 1086 1085
1086 1087 200
1088 1087 200
200 1089 1088
1089 1090 200
1091 1090 200
200 1092 1091
1092 1093 200
1094 1093 200
200 1095 1094
1095 1096 200
1097 1096 200
200 1098 1097
1098 1099 200
1100 1099 200
200 1101 1100
1101 1102 200
1103 1102 200
200 1104 1103
1104 1105 200
1106 1105 200
200 1107 1106
1107 1108 200
1109 1108 200
200 1110 1109
1110 1111 200
1112 1111 200
200 1113 1112
1113 1114 200
1115 1114 200
200 1116 1115
1116 1117 200
1118 1117 200
200 1119 1118
1119 1120 200
1121 1120 200
200 1122 1121
1122 1123 200
1124 1123 200
200 1125 1124
1125 1126 200
1127 1126 200
200 1128 1127
1128 1129 200
1130 1129 200
200 1131 1130
1131 1132 200
1133 1132 200
200 1134 1133
1134 1135 200
1136 1135 200
200 1137 1136
1137 1138 200
1139 1138 200
200 1140 1139
1140 1141 200
1142 1141 200
200 1143 1142
1143 1144 200
1145 1144 200
200 1146 1145
1146 1147 200
1148 1147 200
200 1149 1148
1149 1150 200
1151 1150 200
200 1152 1151
1152 1153 200
1154 1153 200
200 1155 1154
1155 1156 200
1157 1156 200
200 1158 1157
1158 1159 200
1160 1159 200
200 1161 1160
1161 1162 200
1163 1162 200
200 1164 1163
1164 1165 200
1166 1165 200
200 1167 1166
1167 1168 200
1169 1168 200
200 1170 1169
1170 1171 200
1172 1171 200
200 1173 1172
1173 1174 200
1175 1174 200
200 1176 1175
1176 1177 200
1178 1177 200
200 1179 1178
1179 1180 200
1181 1180 200
200 1182 1181
1182 1183 200
1184 1183 200
200 1185 1184
1185 1186 200
1187 1186 200
200 1188 1187
1188 1189 200
1190 1189 200
200 1191 1190
1191 1192 200
1193 1192 200
200 1194 1193
1194 1195 200
1196 1195 200
200 1197 1196
1197 1198 200
1199 1198 200
200 1200 1199
1200 1201 200
1202 1201 200
200 1203 1202
1203 1204 200
1205 1204 200
200 1206 1205
1206 1207 200
1208 1207 200
200 1209 1208
1209 1210 200
1211 1210 200
200 1212 1211
1212 1213 200
1214 1213 200
200 1215 1214
1215 1216 200
1217 1216 200
200 1218 1217
1218 1219 200
1220 1219 200
200 1221 1220
1221 1222 200
1223 1222 200
200 1224 1223
1224 1225 200
1226 1225 200
200 1227 1226
1227 1228 200
1229 1228 200
200 1230 1229
1230 1231 200
1232 1231 200
200 1233 1232
1233 1234 200
1235 1234 200
200 1236 1235
1236 1237 200
1238 1237 200
200 1239 1238
1239 1240 200
1241 1240 200
200 1242 1241
1242 1243 200
1244 1243 200
200 1245 1244
1245 1246 200
1247 1246 200
200 1248 1247
1248 1249 200
1250 1249 200
200 1251 1250
1251 1252 200
1253 1252 200
200 1254 1253
1254 1255 200
1256 1255 200
200 1257 1256
1257 1258 200
1259 1258 200
200 1260 1259
1260 1261 200
1262 1261 200
200 1263 1262
1263 1264 200
1265 1264 200
200 1266 1265
1266 1267 200
1268 1267 200
200 1269 1268
1269 1270 200
1271 1270 200
200 1272 1271
1272 1273 200
1274 1273 200
200 1275 1274
1275 1276 200
1277 1276 200
200 1278 1277
1278 1279 200
1280 1279 200
200 1281 1280
1281 1282 200
1283 1282 200
200 1284 1283
1284 1285 200
1286 1285 200
200 1287 1286
1287 1288 200
1289 1288 200
200 1290 1289
1290 1291 200
1292 1291 200
200 1293 1292
1293 1294 200
1295 1294 200
200 1296 1295
1296 1297 200
1298 1297 200
200 1299 1298
1299 1300 200
1301 1300 200
200 1302 1301
1302 1303 200
1304 1303 200
200 1305 1304
1305 1306 200
1307 1306 200
200 1308 1307
1308 1309 200
1310 1309 200
200 1311 1310
1311 1312 200
1313 1312 200
200 1314 1313
1314 1315 200
1316 1315 200
200 1317 1316
1317 1318 200
1319 1318 200
200 1320 1319
1320 1321 200
1322 1321 200
200 1323 1322
1323 1324 200
1325 1324 200
200 1326 1325
1326 1327 200
1328 1327 200
200 1329 1328
1329 1330 200
1331 1330 200
200 1332 1331
1332 1333 200
1334 1333 200
200 1335 1334
1335 1336 200
1337 1336 200
200 1338 1337
1338 1339 200
1340 1339 200
200 1341 1340
1341 1342 200
1343 1342 200
200 1344 1343
1344 1345 200
1346 1345 200
200 1347 1346
1347 1348 200
1349 1348 200
200 1350 1349
1350 1351 200
1352 1351 200
200 1353 1352
1353 1354 200
1355 1354 200
200 1356 1355
1356 1357 200
1358 1357 200
200 1359 1358
1359 1360 200
1361 1360 200
200 1362 1361
1362 1363 200
1364 1363 200
200 1365 1364
1365 1366 200
1367 1366 200
200 1368 1367
1368 1369 200
1370 1369 200
200 1371 1370
1371 1372 200
1373 1372 200
200 1374 1373
1374 1375 200
1376 1375 200
200 1377 1376
1377 1378 200
1379 1378 200
200 1380 1379
1380 1381 200
1382 1381 200
200 1383 1382
1383 1384 200
1385 1384 200
200 1386 1385
1386 1387 200
1388 1387 200
200 1389 1388
1389 1390 200
1391 1390 200
200 1392 1391
1392 1393 200
1394 1393 200
200 1395 1394
1395 1396 200
1397 1396 200
200 1398 1397
1398 1399 200
1400 1399 200
200 1401 1400
1401 1402 200
1403 1402 200
200 1404 1403
1404 1405 200
1406 1405 200
200 1407 1406
1407 1408 200
1409 1408 200
200 1410 1409
1410 1411 200
1412 1411 200
200 1413 1412
1413 1414 200
1415 1414 200
200 1416 1415
1416 1417 200
1418 1417 200
200 1419 1418
1419 1420 200
1421 1420 200
200 1422 1421
1422 1423 200
1424 1423 200
200 1425 1424
1425 1426 200
1427 1426 200
200 1428 1427
1428 1429 200
1430 1429 200
200 1431 1430
1431 1432 200
1433 1432 200
200 1434 1433
1434 1435 200
1436 1435 200
200 1437 1436
1437 1438 200
1439 1438 200
200 1440 1439
1440 1441 200
1442 1441 200
200 1443 1442
1443 1444 200
1445 1444 200
200 1446 1445
1446 1447 200
1448 1447 200
200 1449 1448
1449 1450 200
1451 1450 200
200 1452 1451
1452 1453 200
1454 1453 200
200 1455 1454
1455 1456 200
1457 1456 200
200 1458 1457
1458 1459 200
1460 1459 200
200 1461 1460
1461 1462 200
1463 1462 200
200 1464 1463
1464 1465 200
1466 1465 200
200 1467 1466
1467 1468 200
1469 1468 200
200 1470 1469
1470 1471 200
1472 1471 200
200 1473 1472
1473 1474 200
1475 1474 200
200 1476 1475
1476 1477 200
1478 1477 200
200 1479 1478
1479 1480 200
1481 1480 200
200 1482 1481
1482 1483 200
1484 1483 200
200 1485 1484
1485 1486 200
1487 1486 200
200 1488 1487
1488 1489 200
1490 1489 200
200 1491 1490
1491 1492 200
1493 1492 200
200 1494 1493
1494 1495 200
1496 1495 200
200 1497 1496
1497 1498 200
1499 1498 200
200 1500 1499
1500 1501 200
1502 1501 200
200 1503 1502
1503 1504 200
1505 1504 200
200 1506 1505
1506 1507 200
1508 1507 200
200 1509 1508
1509 1510 200
1511 1510 200
200 1512 1511
1512 1513 200
1514 1513 200
200 1515 1514
1515 1516 200
1517 1516 200
200 1518 1517
1518 1519 200
1520 1519 200
200 1521 1520
1521 1522 200
1523 1522 200
200 1524 1523
1524 1525 200
1526 1525 200
200 1527 1526
1527 1528 200
1529 1528 200
200 1530 1529
1530 1531 200
1532 1531 200
200 1533 1532
1533 1534 200
1535 1534 200
200 1536 1535
1536 1537 200
1538 1537 200
200 1539 1538
1539 1540 200
1541 1540 200
200 1542 1541
1542 1543 200
1544 1543 200
200 1545 1544
1545 1546 200
1547 1546 200
200 1548 1547
1548 1549 200
1550 1549 200
200 1551 1550
1551 1552 200
1553 1552 200
200 1554 1553
1554 1555 200
1556 1555 200
200 1557 1556
1557 1558 200
1559 1558 200
200 1560 1559
1560 1561 200
1562 1561 200
200 1563 1562
1563 1564 200
1565 1564 200
200 1566 1565
1566 1567 200
1568 1567 200
200 1569 1568
1569 1570 200
1571 1570 200
200 1572 1571
1572 1573 200
1574 1573 200
200 1575 1574
1575 1576 200
1577 1576 200
200 1578 1577
1578 1579 200
1580 1579 200
200 1581 1580
1581 1582 200
1583 1582 200
200 1584 1583
1584 1585 200
1586 1585 200
200 1587 1586
1587 1588 200
1589 1588 200
200 1590 1589
1590 1591 200
1592 1591 200
200 1593 1592
1593 1594 200
1595 1594 200
200 1596 1595
1596 1597 200
1598 1597 200
200 1599 1598
1599 1600 200
1601 1600 200
200 1602 1601
1602 1603 200
1604 1603 200
200 1605 1604
1605 1606 200
1607 1606 200
200 1608 1607
1608 1609 200
1610 1609 200
200 1611 1610
1611 1612 200
1613 1612 200
200 1614 1613
1614 1615 200
1616 1615 200
200 1617 1616
1617 1618 200
1619 1618 200
200 1620 1619
1620 1621 200
1622 1621 200
200 1623 1622
1623 1624 200
1625 1624 200
200 1626 1625
1626 1627 200
1628 1627 200
200 1629 1628
1629 1630 200
1631 1630 200
200 1632 1631
1632 1633 200
1634 1633 200
200 1635 1634
1635 1636 200
1637 1636 200
200 1638 1637
1638 1639 200
1640 1639 200
200 1641 1640
1641 1642 200
1643 1642 200
200 1644 1643
1644 1645 200
1646 1645 200
200 1647 1646
1647 1648 200
1649 1648 200
200 1650 1649
1650 1651 200
1652 1651 200
200 1653 1652
1653 1654 200
1655 1654 200
200 1656 1655
1656 1657 200
1658 1657 200
200 1659 1658
1659 1660 200
1661 1660 200
200 1662 1661
1662 1663 200
1664 1663 200
200 1665 1664
1665 1666 200
1667 1666 200
200 1668 1667
1668 1669 200
1670 1669 200
200 1671 1670
1671 1672 200
1673 1672 200
200 1674 1673
1674 1675 200
1676 1675 200
200 1677 1676
1677 1678 200
1679 1678 200
200 1680 1679
1680 1681 200
1682 1681 200
200 1683 1682
1683 1684 200
1685 1684 200
200 1686 1685
1686 1687 200
1688 1687 200
200 1689 1688
1689 1690 200
1691 1690 200
200 1692 1691
1692 1693 200
1694 1693 200
200 1695 1694
1695 1696 200
1697 1696 200
200 1698 1697
1698 1699 200
1700 1699 200
200 1701 1700
1701 1702 200
1703 1702 200
200 1704 1703
1704 1705 200
1706 1705 200
200 1707 1706
1707 1708 200
1709 1708 200
200 1710 1709
1710 1711 200
1712 1711 200
200 1713 1712
1713 1714 200
1715 1714 200
200 1716 1715
1716 1717 200
1718 1717 200
200 1719 1718
1719 1720 200
1721 1720 200
200 1722 1721
1722 1723 200
1724 1723 200
200 1725 1724
1725 1726 200
1727 1726 200
200 1728 1727
1728 1729 200
1730 1729 200
200 1731 1730
1731 1732 200
1733 1732 200
200 1734 1733
1734 1735 200
1736 1735 200
200 1737 1736
1737 1738 200
1739 1738 200
200 1740 1739
1740 1741 200
1742 1741 200
200 1743 1742
1743 1744 200
1745 1744 200
200 1746 1745
1746 1747 200
1748 1747 200
200 1749 1748
1749 1750 200
1751 1750 200
200 1752 1751
1752 1753 200
1754 1753 200
200 1755 1754
1755 1756 200
1757 1756 200
200 1758 1757
1758 1759 200
1760 1759 200
200 1761 1760
1761 1762 200
1763 1762 200
200 1764 1763
1764 1765 200
1766 1765 200
200 1767 1766
1767 1768 200
1769 1768 200
200 1770 1769
1770 1771 200
1772 1771 200
200 1773 1772
1773 1774 200
1775 1774 200
200 1776 1775
1776 1777 200
1778 1777 200
200 1779 1778
1779 1780 200
1781 1780 200
200 1782 1781
1782 1783 200
1784 1783 200
200 1785 1784
1785 1786 200
1787 1786 200
200 1788 1787
1788 1789 200
1790 1789 200
200 1791 1790
1791 1792 200
1793 1792 200
200 1794 1793
1794 1795 200
1796 1795 200
200 1797 1796
1797 1798 200
1799 1798 200
200 1800 1799
1800 1801 200
1802 1801 200
200 1803 1802
1803 1804 200
1805 1804 200
200 1806 1805
1806 1807 200
1808 1807 200
200 1809 1808
1809 1810 200
1811 1810 200
200 1812 1811
1812 1813 200
1814 1813 200
200 1815 1814
1815 1816 200
1817 1816 200
200 1818 1817
1818 1819 200
1820 1819 200
200 1821 1820
1821 1822 200
1823 1822 200
200 1824 1823
1824 1825 200
1826 1825 200
200 1827 1826
1827 1828 200
1829 1828 200
200 1830 1829
1830 1831 200
1832 1831 200
200 1833 1832
1833 1834 200
1835 1834 200
200 1836 1835
1836 1837 200
1838 1837 200
200 1839 1838
1839 1840 200
1841 1840 200
200 1842 1841
1842 1843 200
1844 1843 200
200 1845 1844
1845 1846 200
1847 1846 200
200 1848 1847
1848 1849 200
1850 1849 200
200 1851 1850
1851 1852 200
1853 1852 200
200 1854 1853
1854 1855 200
1856 1855 200
200 1857 1856
1857 1858 200
1859 1858 200
200 1860 1859
1860 1861 200
1862 1861 200
200 1863 1862
1863 1864 200
1865 1864 200
200 1866 1865
1866 1867 200
1868 1867 200
200 1869 1868
1869 1870 200
1871 1870 200
200 1872 1871
1872 1873 200
1874 1873 200
200 1875 1874
1875 1876 200
1877 1876 200
200 1878 1877
1878 1879 200
1880 1879 200
200 1881 1880
1881 1882 200
1883 1882 200
200 1884 1883
1884 1885 200
1886 1885 200
200 1887 1886
1887 1888 200
1889 1888 200
200 1890 1889
1890 1891 200
1892 1891 200
200 1893 1892
1893 1894 200
1895 1894 200
200 1896 1895
1896 1897 200
1898 1897 200
200 1899 1898
1899 1900 200
1901 1900 200
200 1902 1901
1902 1903 200
1904 1903 200
200 1905 1904
1905 1906 200
1907 1906 200
200 1908 1907
1908 1909 200
1910 1909 200
200 1911 1910
1911 1912 200
1913 1912 200
200 1914 1913
1914 1915 200
1916 1915 200
200 1917 1916
1917 1918 200
1919 1918 200
200 1920 1919
1920 1921 200
1922 1921 200
200 1923 1922
1923 1924 200
1925 1924 200
200 1926 1925
1926 1927 200
1928 1927 200
200 1929 1928
1929 1930 200
1931 1930 200
200 1932 1931
1932 1933 200
1934 1933 200
200 1935 1934
1935 1936 200
1937 1936 200
200 1938 1937
1938 1939 200
1940 1939 200
200 1941 1940
1941 1942 200
1943 1942 200
200 1944 1943
1944 1945 200
1946 1945 200
200 1947 1946
1947 1948 200
1949 1948 200
200 1950 1949
1950 1951 200
1952 1951 200
200 1953 1952
1953 1954 200
1955 1954 200
200 1956 1955
1956 1957 200
1958 1957 200
200 1959 1958
1959 1960 200
1961 1960 200
200 1962 1961
1962 1963 200
1964 1963 200
200 1965 1964
1965 1966 200
1967 1966 200
200 1968 1967
1968 1969 200
1970 1969 200
200 1971 1970
1971 1972 200
1973 1972 200
200 1974 1973
1974 1975 200
1976 1975 200
200 1977 1976
1977 1978 200
1979 1978 200
200 1980 1979
1980 1981 200
1982 1981 200
200 1983 1982
1983 1984 200
1985 1984 200
200 1986 1985
1986 1987 200
1988 1987 200
200 1989 1988
1989 1990 200
1991 1990 200
200 1992 1991
1992 1993 200
1994 1993 200
200 1995 1994
1995 1996 200
1997 1996 200
200 1998 1997
1998 1999 200
2000 1999 200
0 2001 2000
0 1 2000
2 1 2000
2000 3 2
3 4 2000
5 4 2000
2000 6 5
6 7 2000
8 7 2000
2000 9 8
9 10 2000
11 10 2000
2000 12 11
12 13 2000
14 13 2000
2000 15 14
15 16 2000
17 16 2000
2000 18 17
18 19 2000
20 19 2000
