499
200 20 400
20 200 21
21 199 200
22 21 199
199 198 22
23 198 22
198 23 197
197 23 24
196 197 24
196 25 24
195 25 196
25 26 195
26 195 194
26 194 27
27 193 194
28 27 193
193 192 28
29 192 28
192 29 191
191 29 30
190 191 30
190 31 30
189 31 190
31 32 189
32 189 188
32 188 33
33 187 188
34 33 187
187 186 34
35 186 34
186 35 185
185 35 36
184 185 36
184 37 36
183 37 184
37 38 183
38 183 182
38 182 39
39 181 182
40 39 181
181 180 40
41 180 40
180 41 179
179 41 42
178 179 42
178 43 42
177 43 178
43 44 177
44 177 176
44 176 45
45 175 176
46 45 175
175 174 46
47 174 46
174 47 173
173 47 48
172 173 48
172 49 48
171 49 172
49 50 171
50 171 170
50 170 51
51 169 170
52 51 169
169 168 52
53 168 52
168 53 167
167 53 54
166 167 54
166 55 54
165 55 166
55 56 165
56 165 164
56 164 57
57 163 164
58 57 163
163 162 58
59 162 58
162 59 161
161 59 60
160 161 60
160 61 60
159 61 160
61 62 159
62 159 158
62 158 63
63 157 158
64 63 157
157 156 64
65 156 64
156 65 155
155 65 66
154 155 66
154 67 66
153 67 154
67 68 153
68 153 152
68 152 69
69 151 152
70 69 151
151 150 70
71 150 70
150 71 149
149 71 72
148 149 72
148 73 72
147 73 148
73 74 147
74 147 146
74 146 75
75 145 146
76 75 145
145 144 76
77 144 76
144 77 143
143 77 78
142 143 78
142 79 78
141 79 142
79 80 141
80 141 140
80 140 81
81 139 140
82 81 139
139 138 82
83 138 82
138 83 137
137 83 84
136 137 84
136 85 84
135 85 136
85 86 135
86 135 134
86 134 87
87 133 134
88 87 133
133 132 88
89 132 88
132 89 131
131 89 90
130 131 90
130 91 90
129 91 130
91 92 129
92 129 128
92 128 93
93 127 128
94 93 127
127 126 94
95 126 94
126 95 125
125 95 96
124 125 96
124 97 96
123 97 124
97 98 123
98 123 122
98 122 99
99 121 122
100 99 121
121 120 100
101 120 100
120 101 119
119 101 102
118 119 102
118 103 102
117 103 118
103 104 117
104 117 116
104 116 105
105 115 116
106 105 115
115 114 106
107 114 106
114 107 113
113 107 108
112 113 108
112 109 108
111 109 112
109 110 111
201 400 200
400 201 399
399 201 202
398 399 202
398 203 202
397 203 398
203 204 397
204 397 396
204 396 205
205 395 396
206 205 395
395 394 206
207 394 206
394 207 393
393 207 208
392 393 208
392 209 208
391 209 392
209 210 391
210 391 390
210 390 211
211 389 390
212 211 389
389 388 212
213 388 212
388 213 387
387 213 214
386 387 214
386 215 214
385 215 386
215 216 385
216 385 384
216 384 217
217 383 384
218 217 383
383 382 218
219 382 218
382 219 381
381 219 220
380 381 220
380 221 220
379 221 380
221 222 379
222 379 378
222 378 223
223 377 378
224 223 377
377 376 224
225 376 224
376 225 375
375 225 226
374 375 226
374 227 226
373 227 374
227 228 373
228 373 372
228 372 229
229 371 372
230 229 371
371 370 230
231 370 230
370 231 369
369 231 232
368 369 232
368 233 232
367 233 368
233 234 367
234 367 366
234 366 235
235 365 366
236 235 365
365 364 236
237 364 236
364 237 363
363 237 238
362 363 238
362 239 238
361 239 362
239 240 361
240 361 360
240 360 241
241 359 360
242 241 359
359 358 242
243 358 242
358 243 357
357 243 244
356 357 244
356 245 244
355 245 356
245 246 355
246 355 354
246 354 247
247 353 354
248 247 353
353 352 248
249 352 248
352 249 351
351 249 250
350 351 250
350 251 250
349 251 350
251 252 349
252 349 348
252 348 253
253 347 348
254 253 347
347 346 254
255 346 254
346 255 345
345 255 256
344 345 256
344 257 256
343 257 344
257 258 343
258 343 342
258 342 259
259 341 342
260 259 341
341 340 260
261 340 260
340 261 339
339 261 262
338 339 262
338 263 262
337 263 338
263 264 337
264 337 336
264 336 265
265 335 336
266 265 335
335 334 266
267 334 266
334 267 333
333 267 268
332 333 268
332 269 268
331 269 332
269 270 331
270 331 330
270 330 271
271 329 330
272 271 329
329 328 272
273 328 272
328 273 327
327 273 274
326 327 274
326 275 274
325 275 326
275 276 325
276 325 324
276 324 277
277 323 324
278 277 323
323 322 278
279 322 278
322 279 321
321 279 280
320 321 280
320 281 280
319 281 320
281 282 319
282 319 318
282 318 283
283 317 318
284 283 317
317 316 284
285 316 284
316 285 315
315 285 286
314 315 286
314 287 286
313 287 314
287 288 313
288 313 312
288 312 289
289 311 312
290 289 311
311 310 290
291 310 290
310 291 309
309 291 292
308 309 292
308 293 292
307 293 308
293 294 307
294 307 306
294 306 295
295 305 306
296 295 305
305 304 296
297 304 296
304 297 303
303 297 298
302 303 298
302 299 298
301 299 302
299 300 301
20 401 400
19 401 20
401 402 19
402 19 18
402 18 403
403 17 18
404 403 17
17 16 404
405 16 404
16 405 15
15 405 406
14 15 406
14 407 406
13 407 14
407 408 13
408 13 12
408 12 409
409 11 12
410 409 11
11 10 410
411 10 410
10 411 9
9 411 412
8 9 412
8 413 412
7 413 8
413 414 7
414 7 6
414 6 415
415 5 6
416 415 5
5 4 416
417 4 416
4 417 3
3 417 418
2 3 418
2 419 418
1 419 2
419 420 1
420 1 0
420 0 421
421 0 498
422 498 421
422 498 497
497 422 423
423 496 497
496 424 423
496 495 424
424 425 495
495 425 494
425 494 426
493 494 426
427 426 493
492 427 493
428 492 427
428 492 491
491 428 429
429 490 491
490 430 429
490 489 430
430 431 489
489 431 488
431 488 432
487 488 432
433 432 487
486 433 487
434 486 433
434 486 485
485 434 435
435 484 485
484 436 435
484 483 436
436 437 483
483 437 482
437 482 438
481 482 438
439 438 481
480 439 481
440 480 439
440 480 479
479 440 441
441 478 479
478 442 441
478 477 442
442 443 477
477 443 476
443 476 444
475 476 444
445 444 475
474 445 475
446 474 445
446 474 473
473 446 447
447 472 473
472 448 447
472 471 448
448 449 471
471 449 470
449 470 450
469 470 450
451 450 469
468 451 469
452 468 451
452 468 467
467 452 453
453 466 467
466 454 453
466 465 454
454 455 465
465 455 464
455 464 456
463 464 456
457 456 463
462 457 463
458 462 457
458 462 461
461 458 459
459 460 461
